GREEDY;40;4;7675;6.0;1;"Maquina 1: [7 (5), 27 (16), 0 (3), 23 (29), 21 (51), 26 (18), 16 (40), 10 (65), 20 (55), 11 (90)]";1715;"Maquina 2: [8 (3), 19 (14), 1 (22), 13 (5), 24 (29), 22 (60), 36 (54), 33 (45), 2 (71), 34 (95)]";1917;"Maquina 3: [35 (6), 12 (3), 30 (15), 3 (52), 9 (29), 29 (19), 17 (90), 28 (55), 4 (42), 31 (69)]";1839;"Maquina 4: [25 (10), 37 (4), 38 (16), 6 (31), 5 (49), 39 (27), 14 (55), 15 (81), 18 (61), 32 (99)]";2204
GRASP;40;4;7065;203.0;50;"Maquina 1: [26 (18), 8 (3), 35 (6), 25 (10), 16 (40), 4 (42), 33 (45), 20 (55), 31 (69), 11 (90)]";1693;"Maquina 2: [19 (14), 0 (3), 38 (16), 6 (31), 9 (29), 14 (55), 5 (49), 36 (54), 15 (81), 32 (99)]";1850;"Maquina 3: [7 (5), 27 (16), 12 (3), 23 (29), 29 (19), 22 (60), 21 (51), 10 (65), 17 (90)]";1329;"Maquina 4: [13 (5), 30 (15), 39 (27), 24 (29), 37 (4), 1 (22), 3 (52), 18 (61), 2 (71), 28 (55), 34 (95)]";2193
LNS;40;4;7675;10.0;50;"Maquina 1: [7 (5), 27 (16), 0 (3), 23 (29), 21 (51), 26 (18), 16 (40), 10 (65), 20 (55), 11 (90)]";1715;"Maquina 2: [8 (3), 19 (14), 1 (22), 13 (5), 24 (29), 22 (60), 36 (54), 33 (45), 2 (71), 34 (95)]";1917;"Maquina 3: [35 (6), 12 (3), 30 (15), 3 (52), 9 (29), 29 (19), 17 (90), 28 (55), 4 (42), 31 (69)]";1839;"Maquina 4: [25 (10), 37 (4), 38 (16), 6 (31), 5 (49), 39 (27), 14 (55), 15 (81), 18 (61), 32 (99)]";2204
TABÚ;40;4;7199;31.0;50;"Maquina 1: [13 (5), 25 (10), 39 (27), 29 (19), 33 (45), 24 (29), 22 (60), 21 (51), 36 (54), 15 (81)]";1893;"Maquina 2: [0 (3), 19 (14), 1 (22), 37 (4), 3 (52), 9 (29), 30 (15), 4 (42), 2 (71), 34 (95)]";1489;"Maquina 3: [26 (18), 7 (5), 27 (16), 38 (16), 20 (55), 18 (61), 16 (40), 10 (65), 32 (99)]";1559;"Maquina 4: [8 (3), 35 (6), 12 (3), 23 (29), 6 (31), 28 (55), 14 (55), 5 (49), 31 (69), 11 (90), 17 (90)]";2258
VNS;40;4;7258;2076.0;50;"Maquina 1: [38 (16), 7 (5), 27 (16), 0 (3), 23 (29), 21 (51), 26 (18), 16 (40), 10 (65), 20 (55), 18 (61)]";1912;"Maquina 2: [8 (3), 19 (14), 1 (22), 37 (4), 24 (29), 22 (60), 5 (49), 36 (54), 4 (42), 2 (71), 34 (95)]";2239;"Maquina 3: [35 (6), 12 (3), 30 (15), 3 (52), 29 (19), 33 (45), 28 (55), 17 (90), 31 (69)]";1463;"Maquina 4: [13 (5), 25 (10), 6 (31), 39 (27), 9 (29), 14 (55), 15 (81), 11 (90), 32 (99)]";1644
Multiarranque;40;4;7383;118.0;50;"Maquina 1: [8 (3), 13 (5), 30 (15), 24 (29), 26 (18), 33 (45), 17 (90), 21 (51), 22 (60), 15 (81)]";1882;"Maquina 2: [7 (5), 25 (10), 0 (3), 23 (29), 29 (19), 3 (52), 31 (69), 28 (55), 4 (42), 2 (71)]";1752;"Maquina 3: [35 (6), 12 (3), 27 (16), 38 (16), 20 (55), 9 (29), 14 (55), 5 (49), 18 (61), 34 (95)]";1803;"Maquina 4: [39 (27), 19 (14), 1 (22), 37 (4), 36 (54), 16 (40), 6 (31), 10 (65), 32 (99), 11 (90)]";1946
GREEDY;40;4;9548;0.0;1;"Maquina 1: [19 (2), 4 (30), 35 (9), 6 (29), 5 (54), 24 (41), 37 (44), 2 (80), 38 (67), 20 (92)]";2350;"Maquina 2: [7 (10), 8 (3), 28 (29), 23 (25), 17 (36), 33 (44), 25 (48), 29 (73), 0 (64), 32 (85), 9 (98)]";2649;"Maquina 3: [1 (4), 10 (25), 16 (44), 3 (35), 21 (28), 11 (58), 26 (45), 36 (72), 39 (90)]";2040;"Maquina 4: [15 (4), 34 (41), 27 (28), 18 (25), 14 (46), 13 (72), 31 (35), 22 (55), 12 (97), 30 (84)]";2509
GRASP;40;4;8946;67.0;50;"Maquina 1: [35 (9), 21 (28), 6 (29), 1 (4), 24 (41), 26 (45), 16 (44), 38 (67), 12 (97), 9 (98)]";2114;"Maquina 2: [7 (10), 27 (28), 19 (2), 34 (41), 14 (46), 10 (25), 22 (55), 36 (72), 11 (58), 32 (85)]";2013;"Maquina 3: [15 (4), 4 (30), 23 (25), 18 (25), 39 (90), 31 (35), 33 (44), 13 (72), 2 (80), 30 (84)]";2401;"Maquina 4: [17 (36), 3 (35), 28 (29), 25 (48), 8 (3), 5 (54), 37 (44), 0 (64), 29 (73), 20 (92)]";2418
LNS;40;4;9548;4.0;50;"Maquina 1: [19 (2), 4 (30), 35 (9), 6 (29), 5 (54), 24 (41), 37 (44), 2 (80), 38 (67), 20 (92)]";2350;"Maquina 2: [7 (10), 8 (3), 28 (29), 23 (25), 17 (36), 33 (44), 25 (48), 29 (73), 0 (64), 32 (85), 9 (98)]";2649;"Maquina 3: [1 (4), 10 (25), 16 (44), 3 (35), 21 (28), 11 (58), 26 (45), 36 (72), 39 (90)]";2040;"Maquina 4: [15 (4), 34 (41), 27 (28), 18 (25), 14 (46), 13 (72), 31 (35), 22 (55), 12 (97), 30 (84)]";2509
TABÚ;40;4;8582;26.0;50;"Maquina 1: [1 (4), 10 (25), 17 (36), 33 (44), 18 (25), 28 (29), 25 (48), 30 (84), 9 (98), 20 (92)]";2095;"Maquina 2: [35 (9), 21 (28), 6 (29), 3 (35), 22 (55), 24 (41), 37 (44), 0 (64), 32 (85), 39 (90)]";2379;"Maquina 3: [23 (25), 4 (30), 19 (2), 34 (41), 11 (58), 26 (45), 5 (54), 36 (72), 38 (67), 12 (97)]";2330;"Maquina 4: [15 (4), 7 (10), 8 (3), 27 (28), 31 (35), 14 (46), 16 (44), 29 (73), 13 (72), 2 (80)]";1778
VNS;40;4;9123;1731.0;50;"Maquina 1: [19 (2), 3 (35), 4 (30), 35 (9), 6 (29), 5 (54), 24 (41), 39 (90), 29 (73), 20 (92)]";2305;"Maquina 2: [7 (10), 8 (3), 28 (29), 23 (25), 17 (36), 33 (44), 25 (48), 37 (44), 0 (64), 32 (85), 9 (98)]";2495;"Maquina 3: [1 (4), 10 (25), 22 (55), 21 (28), 11 (58), 26 (45), 36 (72), 38 (67), 2 (80)]";1918;"Maquina 4: [15 (4), 34 (41), 27 (28), 18 (25), 14 (46), 13 (72), 31 (35), 16 (44), 30 (84), 12 (97)]";2405
Multiarranque;40;4;9043;110.0;50;"Maquina 1: [8 (3), 27 (28), 21 (28), 4 (30), 13 (72), 31 (35), 26 (45), 14 (46), 20 (92), 22 (55)]";2194;"Maquina 2: [1 (4), 10 (25), 16 (44), 28 (29), 25 (48), 24 (41), 9 (98), 30 (84), 29 (73)]";2062;"Maquina 3: [19 (2), 18 (25), 7 (10), 23 (25), 17 (36), 33 (44), 36 (72), 38 (67), 0 (64), 2 (80), 39 (90)]";2548;"Maquina 4: [35 (9), 37 (44), 15 (4), 3 (35), 6 (29), 11 (58), 5 (54), 34 (41), 32 (85), 12 (97)]";2239
GREEDY;40;4;12835;0.0;1;"Maquina 1: [28 (34), 18 (18), 8 (51), 23 (62), 34 (46), 38 (5), 36 (43), 30 (70), 35 (86), 19 (96)]";3221;"Maquina 2: [37 (13), 26 (31), 9 (22), 7 (93), 32 (34), 20 (44), 21 (48), 1 (82), 0 (70), 24 (55)]";2976;"Maquina 3: [4 (23), 22 (17), 33 (59), 29 (25), 27 (70), 11 (41), 13 (50), 16 (82), 12 (46), 31 (94)]";3182;"Maquina 4: [17 (25), 25 (17), 3 (44), 6 (55), 15 (47), 10 (76), 5 (33), 39 (90), 14 (98), 2 (68)]";3456
GRASP;40;4;11496;115.0;50;"Maquina 1: [22 (17), 28 (34), 37 (13), 12 (46), 24 (55), 34 (46), 19 (96), 33 (59), 2 (68), 15 (47)]";2456;"Maquina 2: [4 (23), 38 (5), 35 (86), 30 (70), 5 (33), 20 (44), 3 (44), 39 (90), 27 (70), 10 (76)]";2952;"Maquina 3: [6 (55), 17 (25), 29 (25), 23 (62), 21 (48), 11 (41), 13 (50), 26 (31), 16 (82), 14 (98)]";3172;"Maquina 4: [25 (17), 9 (22), 8 (51), 32 (34), 7 (93), 36 (43), 18 (18), 1 (82), 0 (70), 31 (94)]";2916
LNS;40;4;12752;5.0;50;"Maquina 1: [28 (34), 18 (18), 8 (51), 23 (62), 34 (46), 36 (43), 38 (5), 30 (70), 35 (86), 19 (96)]";3200;"Maquina 2: [37 (13), 26 (31), 9 (22), 7 (93), 32 (34), 0 (70), 21 (48), 1 (82), 20 (44), 24 (55)]";2914;"Maquina 3: [4 (23), 22 (17), 33 (59), 29 (25), 27 (70), 11 (41), 13 (50), 16 (82), 12 (46), 31 (94)]";3182;"Maquina 4: [17 (25), 25 (17), 3 (44), 6 (55), 15 (47), 10 (76), 5 (33), 39 (90), 14 (98), 2 (68)]";3456
TABÚ;40;4;11539;24.0;50;"Maquina 1: [28 (34), 37 (13), 12 (46), 21 (48), 11 (41), 13 (50), 30 (70), 27 (70), 7 (93), 39 (90)]";2837;"Maquina 2: [5 (33), 38 (5), 10 (76), 22 (17), 29 (25), 8 (51), 23 (62), 15 (47), 35 (86), 14 (98)]";2927;"Maquina 3: [18 (18), 4 (23), 17 (25), 25 (17), 33 (59), 20 (44), 34 (46), 19 (96), 2 (68), 1 (82)]";2529;"Maquina 4: [3 (44), 26 (31), 9 (22), 32 (34), 0 (70), 36 (43), 6 (55), 16 (82), 24 (55), 31 (94)]";3246
VNS;40;4;12348;1570.0;50;"Maquina 1: [28 (34), 18 (18), 23 (62), 34 (46), 38 (5), 36 (43), 30 (70), 35 (86), 19 (96)]";2562;"Maquina 2: [37 (13), 26 (31), 9 (22), 7 (93), 32 (34), 20 (44), 2 (68), 1 (82), 0 (70), 14 (98)]";2997;"Maquina 3: [4 (23), 22 (17), 33 (59), 29 (25), 24 (55), 27 (70), 8 (51), 11 (41), 13 (50), 12 (46), 31 (94)]";3334;"Maquina 4: [17 (25), 25 (17), 3 (44), 6 (55), 15 (47), 10 (76), 5 (33), 39 (90), 16 (82), 21 (48)]";3455
Multiarranque;40;4;11710;82.0;50;"Maquina 1: [17 (25), 29 (25), 24 (55), 38 (5), 0 (70), 33 (59), 21 (48), 32 (34), 16 (82), 19 (96)]";2814;"Maquina 2: [22 (17), 28 (34), 5 (33), 13 (50), 20 (44), 3 (44), 30 (70), 35 (86), 36 (43)]";2311;"Maquina 3: [18 (18), 6 (55), 9 (22), 8 (51), 2 (68), 1 (82), 11 (41), 7 (93), 39 (90), 14 (98)]";3259;"Maquina 4: [25 (17), 37 (13), 12 (46), 4 (23), 15 (47), 23 (62), 34 (46), 26 (31), 10 (76), 31 (94), 27 (70)]";3326
GREEDY;40;4;10904;0.0;1;"Maquina 1: [31 (31), 28 (5), 30 (25), 14 (19), 2 (2), 33 (56), 21 (40), 7 (58), 29 (75), 12 (94)]";2775;"Maquina 2: [4 (6), 16 (55), 6 (27), 23 (3), 10 (35), 35 (20), 36 (46), 8 (63), 27 (73), 26 (86)]";2567;"Maquina 3: [15 (25), 39 (13), 22 (38), 19 (29), 11 (80), 13 (48), 24 (3), 1 (67), 0 (58), 17 (91)]";2555;"Maquina 4: [34 (49), 38 (3), 9 (31), 32 (22), 3 (63), 25 (14), 37 (69), 5 (97), 18 (35), 20 (84)]";3007
GRASP;40;4;9231;73.0;50;"Maquina 1: [15 (25), 39 (13), 9 (31), 13 (48), 24 (3), 29 (75), 33 (56), 34 (49), 11 (80)]";1820;"Maquina 2: [2 (2), 16 (55), 25 (14), 4 (6), 21 (40), 36 (46), 31 (31), 7 (58), 3 (63), 26 (86)]";2125;"Maquina 3: [35 (20), 28 (5), 23 (3), 19 (29), 10 (35), 18 (35), 22 (38), 17 (91), 27 (73), 8 (63), 12 (94)]";2832;"Maquina 4: [38 (3), 6 (27), 14 (19), 32 (22), 20 (84), 30 (25), 1 (67), 0 (58), 5 (97), 37 (69)]";2454
LNS;40;4;10663;4.0;50;"Maquina 1: [31 (31), 28 (5), 30 (25), 21 (40), 2 (2), 33 (56), 7 (58), 14 (19), 29 (75), 12 (94)]";2549;"Maquina 2: [4 (6), 16 (55), 6 (27), 23 (3), 10 (35), 8 (63), 36 (46), 35 (20), 27 (73), 26 (86)]";2552;"Maquina 3: [15 (25), 39 (13), 22 (38), 19 (29), 11 (80), 13 (48), 24 (3), 1 (67), 0 (58), 17 (91)]";2555;"Maquina 4: [34 (49), 38 (3), 9 (31), 32 (22), 3 (63), 25 (14), 37 (69), 5 (97), 18 (35), 20 (84)]";3007
TABÚ;40;4;9218;23.0;50;"Maquina 1: [39 (13), 13 (48), 24 (3), 16 (55), 30 (25), 3 (63), 18 (35), 9 (31), 37 (69), 17 (91)]";2445;"Maquina 2: [15 (25), 2 (2), 19 (29), 4 (6), 22 (38), 32 (22), 29 (75), 27 (73), 12 (94), 11 (80)]";2176;"Maquina 3: [35 (20), 28 (5), 25 (14), 8 (63), 31 (31), 36 (46), 21 (40), 1 (67), 7 (58), 5 (97)]";2396;"Maquina 4: [38 (3), 6 (27), 23 (3), 10 (35), 33 (56), 0 (58), 14 (19), 34 (49), 20 (84), 26 (86)]";2201
VNS;40;4;10206;1382.0;50;"Maquina 1: [2 (2), 18 (35), 28 (5), 30 (25), 15 (25), 21 (40), 33 (56), 27 (73), 12 (94), 29 (75)]";2294;"Maquina 2: [4 (6), 16 (55), 6 (27), 23 (3), 10 (35), 35 (20), 36 (46), 31 (31), 26 (86), 25 (14), 8 (63)]";2748;"Maquina 3: [14 (19), 39 (13), 22 (38), 19 (29), 11 (80), 13 (48), 24 (3), 1 (67), 0 (58), 17 (91)]";2504;"Maquina 4: [34 (49), 38 (3), 9 (31), 7 (58), 3 (63), 20 (84), 37 (69), 5 (97), 32 (22)]";2660
Multiarranque;40;4;9260;103.0;50;"Maquina 1: [39 (13), 9 (31), 31 (31), 36 (46), 21 (40), 22 (38), 27 (73), 12 (94), 11 (80), 1 (67)]";2513;"Maquina 2: [25 (14), 7 (58), 14 (19), 24 (3), 16 (55), 8 (63), 10 (35), 33 (56), 37 (69)]";2187;"Maquina 3: [6 (27), 19 (29), 35 (20), 18 (35), 13 (48), 32 (22), 29 (75), 5 (97), 26 (86)]";2140;"Maquina 4: [4 (6), 28 (5), 30 (25), 15 (25), 23 (3), 34 (49), 38 (3), 2 (2), 17 (91), 3 (63), 20 (84), 0 (58)]";2420
GREEDY;40;4;10541;0.0;1;"Maquina 1: [31 (5), 19 (31), 7 (17), 10 (27), 15 (49), 37 (51), 17 (62), 24 (69), 14 (88), 25 (74)]";2389;"Maquina 2: [20 (20), 0 (10), 6 (28), 11 (53), 12 (50), 29 (38), 34 (63), 30 (74), 23 (70), 21 (95)]";2630;"Maquina 3: [4 (29), 2 (14), 18 (50), 39 (24), 22 (39), 9 (64), 8 (59), 26 (77), 13 (71), 36 (98)]";2769;"Maquina 4: [35 (25), 5 (61), 38 (16), 16 (29), 27 (50), 32 (65), 33 (46), 1 (74), 3 (75), 28 (99)]";2753
GRASP;40;4;10301;90.0;50;"Maquina 1: [39 (24), 18 (50), 6 (28), 33 (46), 0 (10), 32 (65), 17 (62), 12 (50), 36 (98), 26 (77)]";2693;"Maquina 2: [38 (16), 16 (29), 8 (59), 7 (17), 10 (27), 3 (75), 25 (74), 5 (61), 13 (71), 14 (88)]";2587;"Maquina 3: [2 (14), 31 (5), 19 (31), 37 (51), 29 (38), 22 (39), 9 (64), 23 (70), 11 (53), 21 (95)]";2286;"Maquina 4: [20 (20), 15 (49), 34 (63), 35 (25), 4 (29), 24 (69), 27 (50), 30 (74), 1 (74), 28 (99)]";2735
LNS;40;4;10541;4.0;50;"Maquina 1: [31 (5), 19 (31), 7 (17), 10 (27), 15 (49), 37 (51), 17 (62), 24 (69), 14 (88), 25 (74)]";2389;"Maquina 2: [20 (20), 0 (10), 6 (28), 11 (53), 12 (50), 29 (38), 34 (63), 30 (74), 23 (70), 21 (95)]";2630;"Maquina 3: [4 (29), 2 (14), 18 (50), 39 (24), 22 (39), 9 (64), 8 (59), 26 (77), 13 (71), 36 (98)]";2769;"Maquina 4: [35 (25), 5 (61), 38 (16), 16 (29), 27 (50), 32 (65), 33 (46), 1 (74), 3 (75), 28 (99)]";2753
TABÚ;40;4;9975;23.0;50;"Maquina 1: [2 (14), 10 (27), 4 (29), 11 (53), 17 (62), 20 (20), 27 (50), 30 (74), 24 (69), 21 (95)]";2428;"Maquina 2: [31 (5), 8 (59), 7 (17), 29 (38), 35 (25), 22 (39), 37 (51), 14 (88), 25 (74), 36 (98)]";2358;"Maquina 3: [16 (29), 0 (10), 6 (28), 33 (46), 9 (64), 23 (70), 15 (49), 26 (77), 13 (71), 1 (74)]";2567;"Maquina 4: [39 (24), 38 (16), 12 (50), 19 (31), 18 (50), 5 (61), 32 (65), 34 (63), 3 (75), 28 (99)]";2622
VNS;40;4;10288;1550.0;50;"Maquina 1: [31 (5), 19 (31), 7 (17), 10 (27), 15 (49), 37 (51), 17 (62), 24 (69), 21 (95), 25 (74)]";2340;"Maquina 2: [20 (20), 0 (10), 6 (28), 12 (50), 11 (53), 39 (24), 34 (63), 30 (74), 36 (98), 14 (88)]";2607;"Maquina 3: [4 (29), 2 (14), 18 (50), 29 (38), 22 (39), 9 (64), 8 (59), 26 (77), 13 (71), 23 (70)]";2588;"Maquina 4: [35 (25), 5 (61), 38 (16), 16 (29), 27 (50), 32 (65), 33 (46), 1 (74), 3 (75), 28 (99)]";2753
Multiarranque;40;4;10203;110.0;50;"Maquina 1: [31 (5), 19 (31), 7 (17), 10 (27), 15 (49), 37 (51), 17 (62), 24 (69), 14 (88), 25 (74)]";2389;"Maquina 2: [20 (20), 39 (24), 0 (10), 6 (28), 12 (50), 11 (53), 34 (63), 30 (74), 23 (70), 21 (95)]";2423;"Maquina 3: [4 (29), 2 (14), 18 (50), 29 (38), 22 (39), 9 (64), 8 (59), 26 (77), 13 (71), 36 (98)]";2638;"Maquina 4: [35 (25), 5 (61), 38 (16), 16 (29), 27 (50), 32 (65), 33 (46), 1 (74), 3 (75), 28 (99)]";2753
GREEDY;40;4;9049;0.0;1;"Maquina 1: [26 (2), 9 (12), 34 (32), 25 (19), 28 (25), 8 (51), 31 (86), 10 (36), 29 (66), 6 (94), 30 (99)]";2515;"Maquina 2: [35 (6), 17 (13), 32 (21), 38 (34), 23 (32), 21 (63), 13 (44), 20 (92), 33 (98), 12 (83)]";2313;"Maquina 3: [37 (15), 36 (6), 16 (23), 22 (33), 18 (30), 19 (43), 3 (61), 14 (79), 7 (94), 24 (89)]";2054;"Maquina 4: [11 (7), 2 (34), 4 (19), 5 (29), 15 (43), 1 (58), 27 (74), 0 (97), 39 (91)]";2167
GRASP;40;4;8660;84.0;50;"Maquina 1: [36 (6), 5 (29), 17 (13), 8 (51), 3 (61), 15 (43), 29 (66), 21 (63), 6 (94), 31 (86)]";2425;"Maquina 2: [11 (7), 35 (6), 16 (23), 22 (33), 18 (30), 38 (34), 9 (12), 33 (98), 27 (74), 7 (94), 12 (83)]";2348;"Maquina 3: [25 (19), 37 (15), 26 (2), 10 (36), 23 (32), 19 (43), 39 (91), 24 (89), 0 (97), 30 (99)]";2083;"Maquina 4: [28 (25), 2 (34), 4 (19), 34 (32), 1 (58), 13 (44), 32 (21), 20 (92), 14 (79)]";1804
LNS;40;4;9029;3.0;50;"Maquina 1: [26 (2), 9 (12), 34 (32), 25 (19), 28 (25), 8 (51), 31 (86), 10 (36), 29 (66), 6 (94), 30 (99)]";2515;"Maquina 2: [35 (6), 17 (13), 32 (21), 38 (34), 23 (32), 21 (63), 13 (44), 20 (92), 33 (98), 12 (83)]";2313;"Maquina 3: [37 (15), 36 (6), 16 (23), 22 (33), 18 (30), 19 (43), 3 (61), 14 (79), 7 (94), 24 (89)]";2054;"Maquina 4: [1 (58), 2 (34), 4 (19), 5 (29), 15 (43), 11 (7), 27 (74), 0 (97), 39 (91)]";2147
TABÚ;40;4;8850;21.0;50;"Maquina 1: [17 (13), 8 (51), 3 (61), 34 (32), 23 (32), 21 (63), 12 (83), 20 (92), 14 (79), 39 (91)]";2868;"Maquina 2: [11 (7), 36 (6), 16 (23), 22 (33), 13 (44), 10 (36), 25 (19), 1 (58), 24 (89), 7 (94)]";1948;"Maquina 3: [35 (6), 2 (34), 38 (34), 5 (29), 18 (30), 19 (43), 27 (74), 31 (86), 0 (97), 30 (99)]";2478;"Maquina 4: [32 (21), 4 (19), 37 (15), 26 (2), 9 (12), 28 (25), 15 (43), 29 (66), 6 (94), 33 (98)]";1556
VNS;40;4;8720;1581.0;50;"Maquina 1: [26 (2), 9 (12), 34 (32), 25 (19), 28 (25), 8 (51), 31 (86), 38 (34), 1 (58), 6 (94), 30 (99)]";2363;"Maquina 2: [35 (6), 17 (13), 32 (21), 10 (36), 23 (32), 21 (63), 13 (44), 20 (92), 33 (98), 12 (83)]";2329;"Maquina 3: [37 (15), 36 (6), 16 (23), 22 (33), 18 (30), 19 (43), 3 (61), 14 (79), 7 (94), 24 (89)]";2054;"Maquina 4: [11 (7), 2 (34), 4 (19), 5 (29), 15 (43), 29 (66), 27 (74), 0 (97), 39 (91)]";1974
Multiarranque;40;4;8810;77.0;50;"Maquina 1: [26 (2), 9 (12), 34 (32), 25 (19), 28 (25), 8 (51), 31 (86), 10 (36), 1 (58), 6 (94), 30 (99)]";2469;"Maquina 2: [35 (6), 17 (13), 32 (21), 38 (34), 23 (32), 21 (63), 13 (44), 20 (92), 33 (98), 12 (83)]";2313;"Maquina 3: [37 (15), 36 (6), 16 (23), 22 (33), 18 (30), 19 (43), 3 (61), 14 (79), 7 (94), 24 (89)]";2054;"Maquina 4: [11 (7), 2 (34), 4 (19), 5 (29), 15 (43), 29 (66), 27 (74), 0 (97), 39 (91)]";1974
GREEDY;40;4;8373;0.0;1;"Maquina 1: [10 (13), 12 (5), 9 (2), 0 (34), 4 (23), 13 (52), 27 (74), 22 (98), 1 (66), 5 (85)]";2381;"Maquina 2: [30 (2), 20 (20), 17 (6), 31 (10), 18 (29), 16 (67), 15 (56), 6 (43), 29 (89), 37 (77)]";1790;"Maquina 3: [3 (4), 23 (7), 33 (20), 19 (9), 35 (31), 32 (80), 25 (56), 28 (46), 34 (67), 24 (90)]";1996;"Maquina 4: [7 (4), 2 (27), 38 (18), 8 (8), 14 (67), 11 (48), 21 (76), 26 (33), 36 (82), 39 (96)]";2206
GRASP;40;4;7571;77.0;50;"Maquina 1: [30 (2), 18 (29), 3 (4), 7 (4), 14 (67), 35 (31), 13 (52), 24 (90), 29 (89), 37 (77)]";1900;"Maquina 2: [12 (5), 23 (7), 10 (13), 33 (20), 2 (27), 26 (33), 16 (67), 15 (56), 27 (74), 36 (82)]";1745;"Maquina 3: [17 (6), 9 (2), 38 (18), 19 (9), 20 (20), 6 (43), 25 (56), 28 (46), 1 (66), 32 (80), 22 (98)]";2110;"Maquina 4: [8 (8), 31 (10), 11 (48), 0 (34), 4 (23), 39 (96), 34 (67), 21 (76), 5 (85)]";1816
LNS;40;4;8284;4.0;50;"Maquina 1: [10 (13), 12 (5), 9 (2), 0 (34), 27 (74), 13 (52), 4 (23), 22 (98), 1 (66), 5 (85)]";2361;"Maquina 2: [30 (2), 20 (20), 17 (6), 31 (10), 18 (29), 16 (67), 15 (56), 6 (43), 29 (89), 37 (77)]";1790;"Maquina 3: [3 (4), 23 (7), 33 (20), 19 (9), 35 (31), 34 (67), 28 (46), 25 (56), 32 (80), 24 (90)]";1927;"Maquina 4: [7 (4), 2 (27), 38 (18), 8 (8), 14 (67), 11 (48), 21 (76), 26 (33), 36 (82), 39 (96)]";2206
TABÚ;40;4;7616;22.0;50;"Maquina 1: [0 (34), 30 (2), 23 (7), 13 (52), 20 (20), 6 (43), 16 (67), 15 (56), 5 (85), 24 (90)]";2018;"Maquina 2: [3 (4), 7 (4), 2 (27), 31 (10), 18 (29), 32 (80), 34 (67), 21 (76), 28 (46), 27 (74)]";1907;"Maquina 3: [33 (20), 19 (9), 9 (2), 38 (18), 4 (23), 26 (33), 25 (56), 29 (89), 37 (77), 22 (98)]";1830;"Maquina 4: [17 (6), 12 (5), 8 (8), 10 (13), 11 (48), 35 (31), 1 (66), 36 (82), 14 (67), 39 (96)]";1861
VNS;40;4;7838;1396.0;50;"Maquina 1: [10 (13), 3 (4), 9 (2), 0 (34), 4 (23), 13 (52), 27 (74), 32 (80), 34 (67), 5 (85)]";2064;"Maquina 2: [30 (2), 20 (20), 17 (6), 31 (10), 18 (29), 14 (67), 1 (66), 15 (56), 29 (89), 37 (77)]";1832;"Maquina 3: [12 (5), 23 (7), 33 (20), 19 (9), 35 (31), 8 (8), 16 (67), 28 (46), 6 (43), 22 (98), 24 (90)]";2068;"Maquina 4: [7 (4), 2 (27), 38 (18), 25 (56), 11 (48), 21 (76), 26 (33), 36 (82), 39 (96)]";1874
Multiarranque;40;4;7994;84.0;50;"Maquina 1: [3 (4), 9 (2), 38 (18), 14 (67), 2 (27), 13 (52), 11 (48), 21 (76), 16 (67), 37 (77)]";2044;"Maquina 2: [23 (7), 26 (33), 12 (5), 20 (20), 34 (67), 0 (34), 39 (96), 22 (98), 32 (80)]";1796;"Maquina 3: [4 (23), 35 (31), 17 (6), 7 (4), 31 (10), 18 (29), 8 (8), 1 (66), 15 (56), 28 (46), 36 (82)]";2016;"Maquina 4: [10 (13), 30 (2), 33 (20), 19 (9), 6 (43), 27 (74), 25 (56), 29 (89), 24 (90), 5 (85)]";2138
GREEDY;40;4;12039;0.0;1;"Maquina 1: [18 (1), 6 (16), 32 (17), 22 (34), 35 (38), 25 (67), 38 (23), 0 (59), 39 (93), 28 (76), 1 (86)]";3078;"Maquina 2: [34 (40), 9 (9), 3 (24), 26 (36), 17 (63), 30 (16), 20 (78), 13 (88), 23 (70)]";2779;"Maquina 3: [8 (36), 21 (17), 10 (10), 31 (39), 7 (18), 4 (66), 29 (84), 19 (45), 37 (72), 2 (86), 11 (97)]";3403;"Maquina 4: [33 (31), 24 (17), 16 (37), 12 (56), 27 (70), 15 (13), 14 (64), 5 (87), 36 (83)]";2779
GRASP;40;4;11208;74.0;50;"Maquina 1: [8 (36), 15 (13), 19 (45), 18 (1), 4 (66), 35 (38), 17 (63), 29 (84), 2 (86), 1 (86)]";2768;"Maquina 2: [16 (37), 3 (24), 24 (17), 9 (9), 38 (23), 36 (83), 33 (31), 0 (59), 23 (70), 20 (78)]";2448;"Maquina 3: [21 (17), 10 (10), 30 (16), 32 (17), 22 (34), 25 (67), 13 (88), 31 (39), 27 (70), 28 (76)]";2480;"Maquina 4: [12 (56), 6 (16), 7 (18), 26 (36), 5 (87), 34 (40), 14 (64), 11 (97), 39 (93), 37 (72)]";3512
LNS;40;4;12039;4.0;50;"Maquina 1: [18 (1), 6 (16), 32 (17), 22 (34), 35 (38), 25 (67), 38 (23), 0 (59), 39 (93), 28 (76), 1 (86)]";3078;"Maquina 2: [34 (40), 9 (9), 3 (24), 26 (36), 17 (63), 30 (16), 20 (78), 13 (88), 23 (70)]";2779;"Maquina 3: [8 (36), 21 (17), 10 (10), 31 (39), 7 (18), 4 (66), 29 (84), 19 (45), 37 (72), 2 (86), 11 (97)]";3403;"Maquina 4: [33 (31), 24 (17), 16 (37), 12 (56), 27 (70), 15 (13), 14 (64), 5 (87), 36 (83)]";2779
TABÚ;40;4;11220;22.0;50;"Maquina 1: [19 (45), 18 (1), 16 (37), 3 (24), 15 (13), 29 (84), 31 (39), 27 (70), 2 (86), 39 (93)]";2640;"Maquina 2: [21 (17), 10 (10), 35 (38), 30 (16), 22 (34), 23 (70), 0 (59), 36 (83), 11 (97), 5 (87)]";2859;"Maquina 3: [32 (17), 33 (31), 7 (18), 17 (63), 34 (40), 14 (64), 20 (78), 28 (76), 1 (86)]";2723;"Maquina 4: [6 (16), 24 (17), 9 (9), 38 (23), 26 (36), 4 (66), 12 (56), 8 (36), 37 (72), 13 (88), 25 (67)]";2998
VNS;40;4;11846;1601.0;50;"Maquina 1: [18 (1), 6 (16), 32 (17), 22 (34), 25 (67), 38 (23), 0 (59), 39 (93), 28 (76), 1 (86)]";2433;"Maquina 2: [34 (40), 9 (9), 3 (24), 26 (36), 17 (63), 29 (84), 20 (78), 13 (88), 23 (70)]";2763;"Maquina 3: [8 (36), 21 (17), 35 (38), 10 (10), 31 (39), 7 (18), 4 (66), 30 (16), 19 (45), 37 (72), 2 (86), 11 (97)]";3871;"Maquina 4: [33 (31), 24 (17), 16 (37), 12 (56), 27 (70), 15 (13), 14 (64), 5 (87), 36 (83)]";2779
Multiarranque;40;4;11310;81.0;50;"Maquina 1: [24 (17), 9 (9), 10 (10), 26 (36), 4 (66), 32 (17), 33 (31), 12 (56), 23 (70), 5 (87), 20 (78)]";2636;"Maquina 2: [8 (36), 15 (13), 6 (16), 35 (38), 16 (37), 1 (86), 0 (59), 27 (70), 28 (76), 2 (86)]";2886;"Maquina 3: [7 (18), 17 (63), 19 (45), 3 (24), 38 (23), 36 (83), 21 (17), 14 (64), 11 (97), 39 (93)]";2997;"Maquina 4: [30 (16), 34 (40), 22 (34), 25 (67), 13 (88), 18 (1), 37 (72), 31 (39), 29 (84)]";2791
GREEDY;40;4;13604;0.0;1;"Maquina 1: [19 (10), 7 (2), 18 (55), 4 (41), 16 (19), 39 (32), 15 (69), 1 (94), 14 (87), 27 (74)]";3376;"Maquina 2: [3 (31), 25 (25), 22 (8), 28 (16), 23 (39), 8 (85), 9 (54), 11 (74), 24 (63), 35 (96), 6 (91)]";3701;"Maquina 3: [29 (16), 13 (29), 30 (8), 34 (33), 20 (59), 26 (45), 37 (79), 33 (91), 38 (69)]";2959;"Maquina 4: [17 (10), 32 (18), 12 (27), 31 (49), 2 (74), 0 (79), 10 (39), 21 (56), 36 (94), 5 (88)]";3568
GRASP;40;4;11326;78.0;50;"Maquina 1: [32 (18), 30 (8), 23 (39), 18 (55), 25 (25), 9 (54), 2 (74), 21 (56), 14 (87), 8 (85)]";2780;"Maquina 2: [39 (32), 22 (8), 13 (29), 3 (31), 7 (2), 38 (69), 20 (59), 6 (91), 11 (74), 1 (94)]";2716;"Maquina 3: [10 (39), 16 (19), 19 (10), 12 (27), 15 (69), 33 (91), 4 (41), 26 (45), 24 (63), 36 (94)]";2946;"Maquina 4: [29 (16), 28 (16), 31 (49), 37 (79), 34 (33), 17 (10), 35 (96), 0 (79), 5 (88), 27 (74)]";2884
LNS;40;4;13056;3.0;50;"Maquina 1: [19 (10), 7 (2), 18 (55), 4 (41), 16 (19), 39 (32), 15 (69), 1 (94), 14 (87), 27 (74)]";3376;"Maquina 2: [3 (31), 25 (25), 22 (8), 28 (16), 23 (39), 8 (85), 9 (54), 11 (74), 24 (63), 35 (96), 6 (91)]";3701;"Maquina 3: [29 (16), 13 (29), 20 (59), 34 (33), 30 (8), 26 (45), 37 (79), 33 (91), 38 (69)]";2412;"Maquina 4: [21 (56), 32 (18), 12 (27), 31 (49), 2 (74), 0 (79), 10 (39), 17 (10), 36 (94), 5 (88)]";3567
TABÚ;40;4;11669;21.0;50;"Maquina 1: [26 (45), 12 (27), 22 (8), 28 (16), 11 (74), 10 (39), 38 (69), 27 (74), 33 (91), 1 (94)]";3099;"Maquina 2: [13 (29), 32 (18), 0 (79), 30 (8), 39 (32), 34 (33), 31 (49), 2 (74), 21 (56), 35 (96), 15 (69)]";3018;"Maquina 3: [24 (63), 17 (10), 25 (25), 19 (10), 16 (19), 6 (91), 23 (39), 8 (85), 9 (54), 36 (94)]";3144;"Maquina 4: [29 (16), 18 (55), 3 (31), 7 (2), 37 (79), 4 (41), 20 (59), 5 (88), 14 (87)]";2408
VNS;40;4;12546;1144.0;50;"Maquina 1: [10 (39), 20 (59), 18 (55), 4 (41), 27 (74), 39 (32), 15 (69), 1 (94)]";2511;"Maquina 2: [3 (31), 25 (25), 22 (8), 28 (16), 23 (39), 8 (85), 9 (54), 11 (74), 35 (96), 6 (91)]";2882;"Maquina 3: [29 (16), 13 (29), 7 (2), 34 (33), 30 (8), 26 (45), 24 (63), 37 (79), 33 (91), 14 (87), 38 (69)]";3218;"Maquina 4: [17 (10), 32 (18), 12 (27), 31 (49), 2 (74), 0 (79), 16 (19), 19 (10), 21 (56), 36 (94), 5 (88)]";3935
Multiarranque;40;4;11765;83.0;50;"Maquina 1: [7 (2), 38 (69), 31 (49), 39 (32), 4 (41), 23 (39), 28 (16), 27 (74), 1 (94), 20 (59)]";2645;"Maquina 2: [29 (16), 12 (27), 16 (19), 6 (91), 11 (74), 9 (54), 26 (45), 15 (69), 35 (96), 36 (94)]";3235;"Maquina 3: [25 (25), 22 (8), 13 (29), 19 (10), 2 (74), 0 (79), 3 (31), 17 (10), 10 (39), 37 (79), 33 (91)]";3114;"Maquina 4: [21 (56), 32 (18), 30 (8), 8 (85), 34 (33), 5 (88), 14 (87), 24 (63), 18 (55)]";2771
GREEDY;40;4;12217;0.0;1;"Maquina 1: [24 (3), 35 (25), 18 (22), 17 (19), 36 (43), 8 (50), 34 (89), 30 (27), 20 (67), 14 (71)]";3002;"Maquina 2: [3 (5), 2 (72), 22 (26), 1 (48), 27 (59), 6 (20), 25 (63), 38 (31), 9 (80)]";2773;"Maquina 3: [21 (21), 13 (26), 39 (73), 16 (11), 19 (37), 37 (66), 10 (71), 26 (92), 4 (56), 29 (26)]";3260;"Maquina 4: [5 (22), 7 (24), 0 (27), 32 (11), 15 (94), 12 (34), 11 (44), 31 (64), 33 (69), 28 (58), 23 (72)]";3182
GRASP;40;4;9882;74.0;50;"Maquina 1: [28 (58), 35 (25), 5 (22), 36 (43), 4 (56), 7 (24), 39 (73), 26 (92), 37 (66), 14 (71)]";2872;"Maquina 2: [13 (26), 21 (21), 3 (5), 0 (27), 22 (26), 1 (48), 27 (59), 30 (27), 23 (72), 25 (63)]";2308;"Maquina 3: [32 (11), 8 (50), 17 (19), 18 (22), 16 (11), 31 (64), 19 (37), 9 (80), 33 (69), 34 (89)]";2181;"Maquina 4: [6 (20), 12 (34), 24 (3), 38 (31), 29 (26), 20 (67), 10 (71), 2 (72), 15 (94), 11 (44)]";2521
LNS;40;4;12210;5.0;50;"Maquina 1: [24 (3), 35 (25), 18 (22), 17 (19), 36 (43), 8 (50), 34 (89), 30 (27), 20 (67), 14 (71)]";3002;"Maquina 2: [3 (5), 2 (72), 22 (26), 1 (48), 27 (59), 25 (63), 6 (20), 38 (31), 9 (80)]";2766;"Maquina 3: [21 (21), 13 (26), 39 (73), 16 (11), 19 (37), 37 (66), 10 (71), 26 (92), 4 (56), 29 (26)]";3260;"Maquina 4: [5 (22), 7 (24), 0 (27), 32 (11), 15 (94), 12 (34), 11 (44), 31 (64), 33 (69), 28 (58), 23 (72)]";3182
TABÚ;40;4;10759;21.0;50;"Maquina 1: [8 (50), 22 (26), 24 (3), 21 (21), 14 (71), 30 (27), 32 (11), 33 (69), 10 (71), 26 (92)]";2625;"Maquina 2: [29 (26), 20 (67), 5 (22), 6 (20), 12 (34), 11 (44), 28 (58), 23 (72), 2 (72), 15 (94)]";2683;"Maquina 3: [17 (19), 18 (22), 13 (26), 0 (27), 31 (64), 19 (37), 37 (66), 35 (25), 36 (43), 34 (89)]";2449;"Maquina 4: [3 (5), 16 (11), 4 (56), 7 (24), 1 (48), 27 (59), 25 (63), 38 (31), 9 (80), 39 (73)]";3002
VNS;40;4;11684;1606.0;50;"Maquina 1: [24 (3), 35 (25), 18 (22), 17 (19), 36 (43), 38 (31), 29 (26), 6 (20), 30 (27), 20 (67), 14 (71)]";3061;"Maquina 2: [3 (5), 2 (72), 22 (26), 1 (48), 27 (59), 34 (89), 25 (63), 9 (80)]";2195;"Maquina 3: [21 (21), 13 (26), 39 (73), 16 (11), 19 (37), 37 (66), 10 (71), 26 (92), 4 (56), 8 (50)]";3246;"Maquina 4: [5 (22), 7 (24), 0 (27), 32 (11), 15 (94), 12 (34), 11 (44), 31 (64), 33 (69), 28 (58), 23 (72)]";3182
Multiarranque;40;4;11308;81.0;50;"Maquina 1: [36 (43), 28 (58), 18 (22), 27 (59), 11 (44), 9 (80), 4 (56), 39 (73), 0 (27), 33 (69)]";3284;"Maquina 2: [38 (31), 29 (26), 13 (26), 6 (20), 17 (19), 14 (71), 1 (48), 15 (94), 31 (64), 2 (72)]";3026;"Maquina 3: [24 (3), 35 (25), 21 (21), 32 (11), 8 (50), 22 (26), 30 (27), 25 (63), 26 (92), 23 (72)]";2364;"Maquina 4: [16 (11), 12 (34), 3 (5), 5 (22), 34 (89), 19 (37), 37 (66), 7 (24), 20 (67), 10 (71)]";2634
GREEDY;40;4;14097;0.0;1;"Maquina 1: [10 (4), 29 (17), 14 (70), 8 (44), 30 (59), 28 (30), 7 (77), 26 (91), 5 (88), 21 (97)]";3716;"Maquina 2: [17 (5), 9 (81), 2 (49), 22 (20), 13 (35), 16 (61), 3 (90), 31 (71), 37 (99), 24 (92)]";3841;"Maquina 3: [35 (8), 1 (30), 36 (83), 33 (20), 34 (37), 19 (72), 18 (97), 11 (54), 12 (90), 27 (61)]";3382;"Maquina 4: [23 (55), 0 (38), 38 (12), 39 (30), 6 (75), 32 (68), 15 (25), 20 (83), 25 (95), 4 (90)]";3158
GRASP;40;4;12672;74.0;50;"Maquina 1: [17 (5), 13 (35), 11 (54), 34 (37), 19 (72), 27 (61), 23 (55), 3 (90), 21 (97)]";2721;"Maquina 2: [39 (30), 33 (20), 35 (8), 1 (30), 15 (25), 30 (59), 14 (70), 36 (83), 20 (83), 26 (91), 9 (81)]";3217;"Maquina 3: [0 (38), 38 (12), 12 (90), 22 (20), 31 (71), 8 (44), 32 (68), 5 (88), 37 (99), 18 (97)]";3574;"Maquina 4: [10 (4), 29 (17), 2 (49), 16 (61), 28 (30), 7 (77), 25 (95), 24 (92), 6 (75), 4 (90)]";3160
LNS;40;4;14097;4.0;50;"Maquina 1: [10 (4), 29 (17), 14 (70), 8 (44), 30 (59), 28 (30), 7 (77), 26 (91), 5 (88), 21 (97)]";3716;"Maquina 2: [17 (5), 9 (81), 2 (49), 22 (20), 13 (35), 16 (61), 3 (90), 31 (71), 37 (99), 24 (92)]";3841;"Maquina 3: [35 (8), 1 (30), 36 (83), 33 (20), 34 (37), 19 (72), 18 (97), 11 (54), 12 (90), 27 (61)]";3382;"Maquina 4: [23 (55), 0 (38), 38 (12), 39 (30), 6 (75), 32 (68), 15 (25), 20 (83), 25 (95), 4 (90)]";3158
TABÚ;40;4;12403;21.0;50;"Maquina 1: [29 (17), 35 (8), 0 (38), 9 (81), 28 (30), 7 (77), 23 (55), 3 (90), 16 (61), 4 (90), 26 (91)]";3775;"Maquina 2: [34 (37), 10 (4), 1 (30), 15 (25), 22 (20), 31 (71), 20 (83), 21 (97), 5 (88), 24 (92)]";2651;"Maquina 3: [39 (30), 33 (20), 27 (61), 17 (5), 30 (59), 19 (72), 18 (97), 14 (70), 36 (83), 25 (95)]";3210;"Maquina 4: [8 (44), 38 (12), 12 (90), 13 (35), 11 (54), 32 (68), 2 (49), 37 (99), 6 (75)]";2767
VNS;40;4;13346;1443.0;50;"Maquina 1: [10 (4), 29 (17), 14 (70), 15 (25), 30 (59), 3 (90), 7 (77), 37 (99), 5 (88), 21 (97)]";3714;"Maquina 2: [17 (5), 18 (97), 2 (49), 22 (20), 13 (35), 16 (61), 28 (30), 31 (71), 26 (91), 24 (92)]";3100;"Maquina 3: [35 (8), 1 (30), 36 (83), 33 (20), 34 (37), 19 (72), 27 (61), 11 (54), 12 (90), 9 (81)]";3323;"Maquina 4: [23 (55), 0 (38), 38 (12), 39 (30), 6 (75), 32 (68), 8 (44), 20 (83), 25 (95), 4 (90)]";3209
Multiarranque;40;4;13295;84.0;50;"Maquina 1: [10 (4), 16 (61), 28 (30), 1 (30), 34 (37), 22 (20), 27 (61), 24 (92), 6 (75), 21 (97), 36 (83)]";3427;"Maquina 2: [33 (20), 0 (38), 20 (83), 13 (35), 17 (5), 4 (90), 31 (71), 18 (97), 14 (70), 25 (95)]";3626;"Maquina 3: [29 (17), 2 (49), 39 (30), 3 (90), 35 (8), 11 (54), 7 (77), 32 (68), 5 (88), 19 (72)]";3467;"Maquina 4: [38 (12), 8 (44), 37 (99), 15 (25), 30 (59), 26 (91), 9 (81), 23 (55), 12 (90)]";2775
GREEDY;40;4;11756;1.0;1;"Maquina 1: [0 (3), 20 (7), 28 (19), 11 (78), 32 (28), 17 (83), 22 (46), 23 (60), 25 (80), 16 (91)]";2718;"Maquina 2: [6 (10), 35 (5), 18 (21), 29 (46), 9 (60), 27 (31), 19 (82), 21 (68), 13 (78), 34 (93), 37 (87)]";3284;"Maquina 3: [3 (6), 26 (15), 39 (82), 1 (50), 15 (20), 8 (40), 36 (61), 38 (89), 14 (79)]";2763;"Maquina 4: [10 (17), 4 (6), 24 (41), 31 (26), 12 (48), 5 (61), 2 (76), 33 (80), 30 (91), 7 (86)]";2991
GRASP;40;4;10724;70.0;50;"Maquina 1: [3 (6), 10 (17), 18 (21), 29 (46), 1 (50), 22 (46), 38 (89), 39 (82), 13 (78), 34 (93)]";2802;"Maquina 2: [4 (6), 27 (31), 0 (3), 9 (60), 6 (10), 2 (76), 36 (61), 14 (79), 30 (91), 7 (86)]";2427;"Maquina 3: [26 (15), 17 (83), 32 (28), 31 (26), 24 (41), 12 (48), 25 (80), 8 (40), 19 (82), 21 (68)]";2903;"Maquina 4: [35 (5), 20 (7), 28 (19), 15 (20), 37 (87), 23 (60), 5 (61), 11 (78), 33 (80), 16 (91)]";2592
LNS;40;4;11683;4.0;50;"Maquina 1: [0 (3), 20 (7), 28 (19), 11 (78), 32 (28), 17 (83), 22 (46), 23 (60), 25 (80), 16 (91)]";2718;"Maquina 2: [6 (10), 35 (5), 18 (21), 29 (46), 9 (60), 27 (31), 19 (82), 21 (68), 13 (78), 34 (93), 37 (87)]";3284;"Maquina 3: [3 (6), 26 (15), 39 (82), 36 (61), 15 (20), 8 (40), 1 (50), 38 (89), 14 (79)]";2690;"Maquina 4: [10 (17), 4 (6), 24 (41), 31 (26), 12 (48), 5 (61), 2 (76), 33 (80), 30 (91), 7 (86)]";2991
TABÚ;40;4;10985;24.0;50;"Maquina 1: [3 (6), 10 (17), 26 (15), 5 (61), 13 (78), 31 (26), 27 (31), 19 (82), 39 (82), 17 (83)]";2419;"Maquina 2: [29 (46), 28 (19), 0 (3), 24 (41), 6 (10), 33 (80), 37 (87), 1 (50), 11 (78)]";2271;"Maquina 3: [35 (5), 4 (6), 32 (28), 18 (21), 23 (60), 25 (80), 2 (76), 36 (61), 14 (79), 7 (86), 34 (93)]";3188;"Maquina 4: [20 (7), 9 (60), 15 (20), 8 (40), 16 (91), 12 (48), 22 (46), 21 (68), 30 (91), 38 (89)]";3107
VNS;40;4;11279;1682.0;50;"Maquina 1: [0 (3), 20 (7), 28 (19), 11 (78), 32 (28), 17 (83), 22 (46), 23 (60), 25 (80), 16 (91)]";2718;"Maquina 2: [6 (10), 35 (5), 18 (21), 29 (46), 9 (60), 27 (31), 19 (82), 21 (68), 13 (78), 34 (93), 37 (87)]";3284;"Maquina 3: [3 (6), 26 (15), 39 (82), 1 (50), 4 (6), 8 (40), 36 (61), 38 (89), 14 (79)]";2318;"Maquina 4: [10 (17), 15 (20), 24 (41), 31 (26), 12 (48), 5 (61), 2 (76), 33 (80), 30 (91), 7 (86)]";2959
Multiarranque;40;4;11008;80.0;50;"Maquina 1: [0 (3), 9 (60), 22 (46), 5 (61), 11 (78), 31 (26), 25 (80), 30 (91), 7 (86)]";2553;"Maquina 2: [32 (28), 35 (5), 20 (7), 15 (20), 24 (41), 8 (40), 37 (87), 23 (60), 33 (80), 13 (78), 34 (93)]";2872;"Maquina 3: [4 (6), 21 (68), 26 (15), 12 (48), 18 (21), 6 (10), 2 (76), 19 (82), 39 (82), 16 (91)]";2826;"Maquina 4: [28 (19), 3 (6), 10 (17), 27 (31), 38 (89), 29 (46), 36 (61), 14 (79), 17 (83), 1 (50)]";2757
GREEDY;40;4;11970;1.0;1;"Maquina 1: [9 (1), 2 (7), 11 (33), 29 (53), 18 (37), 20 (28), 5 (91), 39 (79), 7 (60), 8 (68)]";3017;"Maquina 2: [4 (34), 24 (11), 35 (79), 23 (2), 25 (28), 34 (42), 0 (61), 22 (59), 6 (71), 32 (88)]";2754;"Maquina 3: [3 (20), 28 (2), 33 (74), 37 (34), 17 (30), 26 (46), 15 (63), 1 (98), 38 (59), 14 (81)]";3086;"Maquina 4: [31 (4), 27 (32), 19 (23), 21 (34), 30 (85), 36 (59), 10 (38), 16 (73), 13 (98), 12 (63)]";3113
GRASP;40;4;10722;74.0;50;"Maquina 1: [18 (37), 4 (34), 38 (59), 34 (42), 23 (2), 29 (53), 22 (59), 39 (79), 15 (63), 32 (88)]";2828;"Maquina 2: [24 (11), 3 (20), 19 (23), 10 (38), 28 (2), 11 (33), 36 (59), 30 (85), 1 (98), 13 (98)]";2716;"Maquina 3: [9 (1), 2 (7), 31 (4), 6 (71), 8 (68), 33 (74), 17 (30), 0 (61), 35 (79), 16 (73)]";2378;"Maquina 4: [37 (34), 20 (28), 25 (28), 27 (32), 26 (46), 21 (34), 14 (81), 7 (60), 12 (63), 5 (91)]";2800
LNS;40;4;11650;4.0;50;"Maquina 1: [9 (1), 2 (7), 11 (33), 7 (60), 18 (37), 20 (28), 5 (91), 29 (53), 39 (79), 8 (68)]";2882;"Maquina 2: [4 (34), 24 (11), 35 (79), 23 (2), 25 (28), 34 (42), 0 (61), 22 (59), 6 (71), 32 (88)]";2754;"Maquina 3: [3 (20), 28 (2), 33 (74), 37 (34), 17 (30), 26 (46), 15 (63), 1 (98), 38 (59), 14 (81)]";3086;"Maquina 4: [31 (4), 27 (32), 19 (23), 21 (34), 30 (85), 10 (38), 16 (73), 36 (59), 13 (98), 12 (63)]";2928
TABÚ;40;4;10781;21.0;50;"Maquina 1: [28 (2), 10 (38), 4 (34), 38 (59), 24 (11), 39 (79), 36 (59), 21 (34), 6 (71), 16 (73)]";2563;"Maquina 2: [11 (33), 9 (1), 23 (2), 26 (46), 12 (63), 33 (74), 17 (30), 35 (79), 19 (23), 5 (91), 13 (98)]";3060;"Maquina 3: [3 (20), 2 (7), 34 (42), 29 (53), 25 (28), 8 (68), 22 (59), 20 (28), 30 (85), 1 (98)]";2741;"Maquina 4: [37 (34), 31 (4), 27 (32), 14 (81), 7 (60), 18 (37), 0 (61), 15 (63), 32 (88)]";2417
VNS;40;4;11297;1358.0;50;"Maquina 1: [9 (1), 2 (7), 11 (33), 29 (53), 18 (37), 5 (91), 39 (79), 7 (60), 8 (68)]";2536;"Maquina 2: [20 (28), 4 (34), 24 (11), 35 (79), 23 (2), 34 (42), 0 (61), 22 (59), 6 (71), 30 (85)]";2600;"Maquina 3: [3 (20), 28 (2), 33 (74), 37 (34), 17 (30), 26 (46), 15 (63), 1 (98), 38 (59), 13 (98)]";3046;"Maquina 4: [25 (28), 31 (4), 27 (32), 19 (23), 21 (34), 32 (88), 36 (59), 10 (38), 16 (73), 14 (81), 12 (63)]";3115
Multiarranque;40;4;11068;78.0;50;"Maquina 1: [2 (7), 23 (2), 26 (46), 15 (63), 12 (63), 7 (60), 6 (71), 35 (79), 29 (53), 13 (98)]";2963;"Maquina 2: [11 (33), 36 (59), 21 (34), 8 (68), 22 (59), 20 (28), 30 (85), 37 (34), 38 (59)]";2534;"Maquina 3: [31 (4), 4 (34), 32 (88), 5 (91), 33 (74), 3 (20), 10 (38), 1 (98), 39 (79)]";2768;"Maquina 4: [9 (1), 28 (2), 25 (28), 27 (32), 19 (23), 24 (11), 16 (73), 0 (61), 18 (37), 34 (42), 17 (30), 14 (81)]";2803
GREEDY;40;4;13101;0.0;1;"Maquina 1: [12 (16), 1 (2), 18 (68), 3 (29), 34 (34), 11 (91), 13 (57), 19 (52), 17 (83), 14 (77)]";2990;"Maquina 2: [21 (18), 8 (44), 25 (2), 26 (32), 10 (53), 16 (68), 32 (57), 31 (78), 24 (83), 23 (91)]";3269;"Maquina 3: [35 (53), 29 (32), 5 (11), 33 (89), 30 (71), 4 (23), 39 (57), 7 (99), 38 (50), 9 (83)]";3489;"Maquina 4: [27 (15), 28 (25), 0 (61), 15 (53), 22 (29), 37 (84), 2 (50), 36 (68), 6 (81), 20 (92)]";3353
GRASP;40;4;11187;80.0;50;"Maquina 1: [28 (25), 29 (32), 35 (53), 5 (11), 31 (78), 18 (68), 36 (68), 2 (50), 20 (92), 23 (91)]";3121;"Maquina 2: [25 (2), 26 (32), 10 (53), 38 (50), 30 (71), 4 (23), 13 (57), 11 (91), 17 (83), 9 (83)]";2788;"Maquina 3: [1 (2), 27 (15), 34 (34), 22 (29), 3 (29), 15 (53), 37 (84), 14 (77), 24 (83), 7 (99)]";2325;"Maquina 4: [12 (16), 8 (44), 21 (18), 19 (52), 39 (57), 0 (61), 6 (81), 16 (68), 32 (57), 33 (89)]";2953
LNS;40;4;13041;5.0;50;"Maquina 1: [12 (16), 1 (2), 18 (68), 3 (29), 34 (34), 11 (91), 13 (57), 19 (52), 17 (83), 14 (77)]";2990;"Maquina 2: [25 (2), 8 (44), 21 (18), 26 (32), 10 (53), 16 (68), 32 (57), 31 (78), 24 (83), 23 (91)]";3209;"Maquina 3: [35 (53), 29 (32), 5 (11), 33 (89), 30 (71), 4 (23), 39 (57), 7 (99), 38 (50), 9 (83)]";3489;"Maquina 4: [27 (15), 28 (25), 0 (61), 15 (53), 22 (29), 37 (84), 2 (50), 36 (68), 6 (81), 20 (92)]";3353
TABÚ;40;4;11644;21.0;50;"Maquina 1: [22 (29), 1 (2), 30 (71), 4 (23), 2 (50), 15 (53), 6 (81), 9 (83), 0 (61), 24 (83)]";3003;"Maquina 2: [35 (53), 5 (11), 3 (29), 31 (78), 10 (53), 16 (68), 32 (57), 18 (68), 11 (91), 20 (92)]";3141;"Maquina 3: [25 (2), 12 (16), 27 (15), 34 (34), 26 (32), 19 (52), 17 (83), 39 (57), 36 (68), 33 (89), 14 (77)]";2828;"Maquina 4: [8 (44), 21 (18), 28 (25), 29 (32), 13 (57), 38 (50), 37 (84), 7 (99), 23 (91)]";2672
VNS;40;4;12693;1411.0;50;"Maquina 1: [12 (16), 1 (2), 18 (68), 3 (29), 34 (34), 11 (91), 13 (57), 19 (52), 17 (83), 14 (77)]";2990;"Maquina 2: [25 (2), 8 (44), 21 (18), 26 (32), 10 (53), 16 (68), 32 (57), 9 (83), 24 (83), 20 (92)]";2959;"Maquina 3: [35 (53), 29 (32), 5 (11), 31 (78), 30 (71), 4 (23), 38 (50), 7 (99), 39 (57), 33 (89)]";3395;"Maquina 4: [27 (15), 28 (25), 0 (61), 15 (53), 22 (29), 37 (84), 2 (50), 36 (68), 6 (81), 23 (91)]";3349
Multiarranque;40;4;11587;81.0;50;"Maquina 1: [12 (16), 0 (61), 15 (53), 6 (81), 28 (25), 18 (68), 23 (91), 37 (84), 31 (78)]";2790;"Maquina 2: [21 (18), 13 (57), 5 (11), 3 (29), 4 (23), 39 (57), 10 (53), 16 (68), 32 (57), 20 (92)]";2552;"Maquina 3: [1 (2), 8 (44), 26 (32), 27 (15), 35 (53), 38 (50), 30 (71), 34 (34), 7 (99), 33 (89), 14 (77)]";3113;"Maquina 4: [22 (29), 29 (32), 25 (2), 2 (50), 11 (91), 36 (68), 19 (52), 17 (83), 9 (83), 24 (83)]";3132
GREEDY;40;4;12877;0.0;1;"Maquina 1: [26 (3), 39 (10), 1 (58), 17 (42), 28 (40), 16 (71), 10 (23), 29 (70), 36 (80), 15 (91)]";2923;"Maquina 2: [31 (24), 8 (5), 13 (41), 20 (12), 7 (34), 12 (75), 34 (63), 14 (84), 27 (99), 30 (49), 11 (90)]";3727;"Maquina 3: [21 (23), 25 (12), 22 (5), 35 (58), 18 (43), 24 (89), 5 (71), 38 (79), 2 (37), 3 (99)]";3178;"Maquina 4: [4 (32), 9 (17), 33 (54), 6 (7), 37 (40), 32 (98), 23 (68), 19 (76), 0 (85)]";3049
GRASP;40;4;11365;78.0;50;"Maquina 1: [26 (3), 22 (5), 4 (32), 13 (41), 12 (75), 21 (23), 27 (99), 19 (76), 23 (68), 11 (90)]";2775;"Maquina 2: [25 (12), 6 (7), 18 (43), 38 (79), 16 (71), 33 (54), 39 (10), 34 (63), 0 (85), 15 (91)]";2696;"Maquina 3: [31 (24), 8 (5), 35 (58), 9 (17), 20 (12), 24 (89), 5 (71), 36 (80), 29 (70), 32 (98)]";2742;"Maquina 4: [7 (34), 1 (58), 17 (42), 37 (40), 28 (40), 2 (37), 10 (23), 14 (84), 30 (49), 3 (99)]";3152
LNS;40;4;12877;5.0;50;"Maquina 1: [26 (3), 39 (10), 1 (58), 17 (42), 28 (40), 16 (71), 10 (23), 29 (70), 36 (80), 15 (91)]";2923;"Maquina 2: [31 (24), 8 (5), 13 (41), 20 (12), 7 (34), 12 (75), 34 (63), 14 (84), 27 (99), 30 (49), 11 (90)]";3727;"Maquina 3: [21 (23), 25 (12), 22 (5), 35 (58), 18 (43), 24 (89), 5 (71), 38 (79), 2 (37), 3 (99)]";3178;"Maquina 4: [4 (32), 9 (17), 33 (54), 6 (7), 37 (40), 32 (98), 23 (68), 19 (76), 0 (85)]";3049
TABÚ;40;4;11375;21.0;50;"Maquina 1: [22 (5), 5 (71), 20 (12), 28 (40), 2 (37), 10 (23), 29 (70), 32 (98), 0 (85), 15 (91)]";2904;"Maquina 2: [25 (12), 6 (7), 37 (40), 35 (58), 34 (63), 19 (76), 21 (23), 9 (17), 3 (99), 23 (68)]";2877;"Maquina 3: [7 (34), 4 (32), 13 (41), 33 (54), 16 (71), 12 (75), 38 (79), 24 (89), 11 (90)]";2819;"Maquina 4: [8 (5), 26 (3), 17 (42), 1 (58), 39 (10), 18 (43), 31 (24), 14 (84), 30 (49), 27 (99), 36 (80)]";2775
VNS;40;4;11980;1446.0;50;"Maquina 1: [7 (34), 39 (10), 1 (58), 17 (42), 28 (40), 16 (71), 10 (23), 29 (70), 36 (80), 15 (91)]";3044;"Maquina 2: [31 (24), 8 (5), 13 (41), 20 (12), 26 (3), 12 (75), 19 (76), 34 (63), 14 (84), 27 (99), 30 (49), 11 (90)]";4047;"Maquina 3: [21 (23), 25 (12), 6 (7), 18 (43), 24 (89), 5 (71), 38 (79), 2 (37), 3 (99)]";2257;"Maquina 4: [22 (5), 4 (32), 9 (17), 33 (54), 35 (58), 37 (40), 32 (98), 23 (68), 0 (85)]";2632
Multiarranque;40;4;11969;86.0;50;"Maquina 1: [31 (24), 8 (5), 26 (3), 18 (43), 1 (58), 24 (89), 5 (71), 23 (68), 29 (70), 32 (98)]";2892;"Maquina 2: [22 (5), 4 (32), 9 (17), 28 (40), 25 (12), 39 (10), 37 (40), 35 (58), 15 (91), 17 (42), 0 (85)]";2898;"Maquina 3: [30 (49), 19 (76), 10 (23), 34 (63), 7 (34), 12 (75), 27 (99), 36 (80), 3 (99)]";3277;"Maquina 4: [6 (7), 2 (37), 20 (12), 21 (23), 16 (71), 13 (41), 33 (54), 14 (84), 11 (90), 38 (79)]";2902
