GREEDY;60;2;33203;0.0;1;"Maquina 1: [57 (4), 24 (4), 33 (6), 46 (31), 32 (10), 18 (8), 48 (19), 56 (13), 40 (34), 45 (6), 13 (13), 49 (33), 15 (30), 8 (24), 34 (52), 21 (41), 47 (73), 31 (36), 23 (45), 17 (42), 59 (58), 54 (54), 53 (59), 11 (63), 41 (64), 37 (84), 30 (76), 51 (87), 39 (96), 20 (89)]";16073;"Maquina 2: [22 (5), 35 (6), 52 (24), 16 (18), 50 (11), 26 (9), 55 (4), 27 (33), 4 (8), 43 (13), 42 (56), 1 (43), 9 (34), 29 (22), 2 (42), 28 (35), 44 (31), 58 (39), 12 (54), 7 (63), 3 (71), 14 (51), 25 (74), 19 (64), 10 (79), 0 (86), 5 (98), 36 (59), 6 (89), 38 (89)]";17130
GRASP;60;2;32787;180.0;50;"Maquina 1: [57 (4), 24 (4), 15 (30), 33 (6), 26 (9), 4 (8), 8 (24), 22 (5), 43 (13), 48 (19), 52 (24), 21 (41), 42 (56), 31 (36), 23 (45), 14 (51), 40 (34), 7 (63), 46 (31), 1 (43), 19 (64), 17 (42), 3 (71), 59 (58), 47 (73), 38 (89), 37 (84), 39 (96), 51 (87), 5 (98)]";16427;"Maquina 2: [49 (33), 35 (6), 45 (6), 50 (11), 55 (4), 56 (13), 13 (13), 32 (10), 18 (8), 53 (59), 27 (33), 28 (35), 44 (31), 29 (22), 34 (52), 9 (34), 16 (18), 54 (54), 41 (64), 2 (42), 58 (39), 12 (54), 6 (89), 36 (59), 25 (74), 11 (63), 10 (79), 0 (86), 30 (76), 20 (89)]";16360
LNS;60;2;33203;29.0;50;"Maquina 1: [57 (4), 24 (4), 33 (6), 46 (31), 32 (10), 18 (8), 48 (19), 56 (13), 40 (34), 45 (6), 13 (13), 49 (33), 15 (30), 8 (24), 34 (52), 21 (41), 47 (73), 31 (36), 23 (45), 17 (42), 59 (58), 54 (54), 53 (59), 11 (63), 41 (64), 37 (84), 30 (76), 51 (87), 39 (96), 20 (89)]";16073;"Maquina 2: [22 (5), 35 (6), 52 (24), 16 (18), 50 (11), 26 (9), 55 (4), 27 (33), 4 (8), 43 (13), 42 (56), 1 (43), 9 (34), 29 (22), 2 (42), 28 (35), 44 (31), 58 (39), 12 (54), 7 (63), 3 (71), 14 (51), 25 (74), 19 (64), 10 (79), 0 (86), 5 (98), 36 (59), 6 (89), 38 (89)]";17130
TABÚ;60;2;32252;52.0;50;"Maquina 1: [57 (4), 22 (5), 35 (6), 45 (6), 50 (11), 40 (34), 18 (8), 56 (13), 13 (13), 46 (31), 15 (30), 8 (24), 31 (36), 23 (45), 44 (31), 58 (39), 52 (24), 17 (42), 14 (51), 53 (59), 2 (42), 36 (59), 11 (63), 39 (96), 34 (52), 25 (74), 30 (76), 38 (89), 37 (84), 5 (98)]";15322;"Maquina 2: [55 (4), 24 (4), 33 (6), 4 (8), 32 (10), 26 (9), 9 (34), 43 (13), 16 (18), 48 (19), 42 (56), 29 (22), 27 (33), 28 (35), 7 (63), 49 (33), 41 (64), 47 (73), 59 (58), 21 (41), 1 (43), 54 (54), 0 (86), 12 (54), 6 (89), 3 (71), 51 (87), 19 (64), 10 (79), 20 (89)]";16930
VNS;60;2;33093;4055.0;50;"Maquina 1: [57 (4), 24 (4), 33 (6), 46 (31), 32 (10), 18 (8), 48 (19), 56 (13), 40 (34), 45 (6), 13 (13), 49 (33), 15 (30), 8 (24), 34 (52), 21 (41), 47 (73), 31 (36), 16 (18), 17 (42), 59 (58), 54 (54), 53 (59), 11 (63), 41 (64), 37 (84), 30 (76), 51 (87), 39 (96), 20 (89)]";15749;"Maquina 2: [22 (5), 35 (6), 52 (24), 23 (45), 50 (11), 26 (9), 55 (4), 27 (33), 4 (8), 43 (13), 42 (56), 1 (43), 9 (34), 29 (22), 2 (42), 28 (35), 44 (31), 58 (39), 12 (54), 7 (63), 3 (71), 14 (51), 25 (74), 19 (64), 10 (79), 0 (86), 5 (98), 36 (59), 6 (89), 38 (89)]";17344
Multiarranque;60;2;31891;321.0;50;"Maquina 1: [57 (4), 26 (9), 45 (6), 24 (4), 18 (8), 48 (19), 4 (8), 14 (51), 13 (13), 46 (31), 29 (22), 27 (33), 31 (36), 16 (18), 54 (54), 53 (59), 2 (42), 40 (34), 21 (41), 28 (35), 47 (73), 59 (58), 1 (43), 38 (89), 3 (71), 19 (64), 10 (79), 0 (86), 6 (89), 30 (76)]";15973;"Maquina 2: [22 (5), 35 (6), 56 (13), 43 (13), 32 (10), 55 (4), 15 (30), 33 (6), 8 (24), 50 (11), 52 (24), 34 (52), 44 (31), 58 (39), 36 (59), 9 (34), 49 (33), 12 (54), 25 (74), 11 (63), 23 (45), 17 (42), 41 (64), 42 (56), 7 (63), 20 (89), 37 (84), 39 (96), 51 (87), 5 (98)]";15918
GREEDY;60;2;39849;1.0;1;"Maquina 1: [36 (7), 27 (19), 4 (17), 39 (19), 16 (30), 25 (40), 43 (11), 17 (27), 42 (42), 21 (48), 23 (33), 34 (26), 5 (27), 54 (32), 58 (45), 30 (44), 32 (35), 18 (52), 14 (56), 50 (64), 12 (68), 52 (49), 41 (57), 13 (71), 29 (75), 6 (80), 0 (73), 20 (93), 9 (95), 11 (99), 55 (88)]";20107;"Maquina 2: [49 (14), 53 (24), 26 (15), 40 (48), 24 (8), 8 (18), 57 (34), 31 (44), 46 (26), 15 (36), 7 (27), 45 (31), 38 (27), 28 (46), 1 (51), 48 (42), 3 (41), 35 (57), 22 (53), 2 (62), 47 (72), 59 (64), 37 (68), 51 (73), 56 (77), 10 (94), 33 (95), 19 (93), 44 (87)]";19742
GRASP;60;2;39550;200.0;50;"Maquina 1: [39 (19), 53 (24), 34 (26), 36 (7), 5 (27), 8 (18), 27 (19), 7 (27), 45 (31), 38 (27), 21 (48), 30 (44), 16 (30), 25 (40), 48 (42), 41 (57), 50 (64), 31 (44), 13 (71), 12 (68), 40 (48), 18 (52), 29 (75), 6 (80), 0 (73), 58 (45), 59 (64), 20 (93), 11 (99), 9 (95)]";19822;"Maquina 2: [24 (8), 43 (11), 3 (41), 4 (17), 26 (15), 17 (27), 42 (42), 49 (14), 54 (32), 46 (26), 32 (35), 15 (36), 28 (46), 23 (33), 1 (51), 52 (49), 37 (68), 57 (34), 35 (57), 22 (53), 2 (62), 56 (77), 14 (56), 51 (73), 47 (72), 55 (88), 19 (93), 44 (87), 33 (95), 10 (94)]";19728
LNS;60;2;39788;30.0;50;"Maquina 1: [36 (7), 27 (19), 4 (17), 39 (19), 16 (30), 25 (40), 43 (11), 17 (27), 42 (42), 21 (48), 23 (33), 34 (26), 5 (27), 54 (32), 58 (45), 30 (44), 32 (35), 18 (52), 14 (56), 50 (64), 12 (68), 52 (49), 41 (57), 13 (71), 29 (75), 6 (80), 0 (73), 20 (93), 9 (95), 11 (99), 55 (88)]";20107;"Maquina 2: [49 (14), 53 (24), 26 (15), 40 (48), 24 (8), 8 (18), 57 (34), 31 (44), 46 (26), 15 (36), 7 (27), 45 (31), 38 (27), 28 (46), 1 (51), 48 (42), 3 (41), 35 (57), 22 (53), 2 (62), 51 (73), 59 (64), 37 (68), 47 (72), 56 (77), 10 (94), 33 (95), 19 (93), 44 (87)]";19681
TABÚ;60;2;39162;51.0;50;"Maquina 1: [4 (17), 39 (19), 24 (8), 16 (30), 26 (15), 38 (27), 17 (27), 43 (11), 53 (24), 34 (26), 57 (34), 35 (57), 32 (35), 3 (41), 58 (45), 30 (44), 25 (40), 18 (52), 14 (56), 50 (64), 21 (48), 48 (42), 2 (62), 56 (77), 12 (68), 19 (93), 13 (71), 10 (94), 6 (80), 33 (95), 55 (88)]";19993;"Maquina 2: [36 (7), 27 (19), 49 (14), 8 (18), 23 (33), 54 (32), 46 (26), 5 (27), 7 (27), 45 (31), 31 (44), 42 (42), 15 (36), 28 (46), 1 (51), 52 (49), 59 (64), 37 (68), 22 (53), 51 (73), 40 (48), 0 (73), 47 (72), 41 (57), 29 (75), 20 (93), 9 (95), 11 (99), 44 (87)]";19169
VNS;60;2;39544;3598.0;50;"Maquina 1: [36 (7), 27 (19), 4 (17), 39 (19), 16 (30), 25 (40), 43 (11), 17 (27), 42 (42), 21 (48), 23 (33), 34 (26), 15 (36), 54 (32), 58 (45), 30 (44), 32 (35), 18 (52), 14 (56), 50 (64), 12 (68), 52 (49), 41 (57), 13 (71), 29 (75), 6 (80), 0 (73), 20 (93), 9 (95), 11 (99), 19 (93)]";20478;"Maquina 2: [49 (14), 53 (24), 26 (15), 40 (48), 24 (8), 8 (18), 57 (34), 31 (44), 46 (26), 5 (27), 7 (27), 45 (31), 38 (27), 28 (46), 1 (51), 48 (42), 3 (41), 35 (57), 22 (53), 2 (62), 47 (72), 59 (64), 37 (68), 51 (73), 56 (77), 10 (94), 33 (95), 55 (88), 44 (87)]";19066
Multiarranque;60;2;38630;269.0;50;"Maquina 1: [4 (17), 49 (14), 26 (15), 38 (27), 54 (32), 46 (26), 39 (19), 24 (8), 16 (30), 48 (42), 43 (11), 17 (27), 58 (45), 32 (35), 18 (52), 40 (48), 23 (33), 1 (51), 3 (41), 35 (57), 12 (68), 31 (44), 56 (77), 55 (88), 19 (93), 41 (57), 44 (87), 29 (75), 20 (93), 6 (80), 10 (94)]";19396;"Maquina 2: [53 (24), 34 (26), 57 (34), 36 (7), 28 (46), 8 (18), 27 (19), 52 (49), 5 (27), 7 (27), 45 (31), 25 (40), 15 (36), 21 (48), 42 (42), 47 (72), 30 (44), 14 (56), 51 (73), 59 (64), 37 (68), 22 (53), 2 (62), 50 (64), 13 (71), 0 (73), 9 (95), 11 (99), 33 (95)]";19234
GREEDY;60;2;47729;1.0;1;"Maquina 1: [42 (25), 32 (3), 28 (9), 57 (16), 49 (23), 30 (14), 4 (20), 14 (25), 23 (27), 40 (36), 9 (29), 7 (64), 58 (38), 56 (82), 6 (46), 36 (43), 18 (57), 41 (52), 54 (76), 3 (48), 31 (55), 47 (57), 37 (66), 52 (75), 29 (78), 2 (71), 34 (74), 59 (84), 22 (79), 5 (97), 26 (97)]";24888;"Maquina 2: [45 (25), 10 (19), 44 (47), 0 (42), 51 (10), 12 (8), 19 (28), 53 (37), 33 (55), 35 (25), 25 (76), 1 (54), 48 (14), 16 (23), 17 (59), 8 (79), 13 (36), 39 (44), 21 (49), 38 (75), 46 (65), 50 (90), 27 (57), 55 (69), 11 (71), 24 (78), 15 (83), 43 (82), 20 (97)]";22841
GRASP;60;2;47011;178.0;50;"Maquina 1: [10 (19), 32 (3), 28 (9), 57 (16), 49 (23), 30 (14), 42 (25), 33 (55), 48 (14), 23 (27), 40 (36), 4 (20), 53 (37), 47 (57), 19 (28), 44 (47), 1 (54), 3 (48), 2 (71), 56 (82), 6 (46), 7 (64), 17 (59), 34 (74), 15 (83), 46 (65), 50 (90), 25 (76), 8 (79), 5 (97), 20 (97)]";22490;"Maquina 2: [16 (23), 45 (25), 51 (10), 13 (36), 12 (8), 9 (29), 36 (43), 37 (66), 35 (25), 14 (25), 31 (55), 0 (42), 39 (44), 21 (49), 58 (38), 27 (57), 18 (57), 41 (52), 55 (69), 54 (76), 59 (84), 22 (79), 11 (71), 38 (75), 43 (82), 52 (75), 26 (97), 24 (78), 29 (78)]";24521
LNS;60;2;47296;28.0;50;"Maquina 1: [42 (25), 32 (3), 28 (9), 41 (52), 49 (23), 30 (14), 4 (20), 14 (25), 23 (27), 40 (36), 9 (29), 7 (64), 58 (38), 56 (82), 36 (43), 6 (46), 18 (57), 57 (16), 54 (76), 3 (48), 31 (55), 47 (57), 37 (66), 52 (75), 29 (78), 2 (71), 34 (74), 59 (84), 22 (79), 5 (97), 26 (97)]";24455;"Maquina 2: [45 (25), 10 (19), 44 (47), 0 (42), 51 (10), 12 (8), 19 (28), 53 (37), 33 (55), 35 (25), 25 (76), 1 (54), 48 (14), 16 (23), 17 (59), 8 (79), 13 (36), 39 (44), 21 (49), 38 (75), 46 (65), 50 (90), 27 (57), 55 (69), 11 (71), 24 (78), 15 (83), 43 (82), 20 (97)]";22841
TABÚ;60;2;46868;52.0;50;"Maquina 1: [42 (25), 49 (23), 57 (16), 14 (25), 9 (29), 18 (57), 32 (3), 28 (9), 0 (42), 6 (46), 16 (23), 39 (44), 56 (82), 31 (55), 59 (84), 4 (20), 53 (37), 5 (97), 3 (48), 25 (76), 20 (97), 19 (28), 37 (66), 47 (57), 41 (52), 43 (82), 7 (64), 29 (78), 26 (97), 24 (78)]";24001;"Maquina 2: [30 (14), 35 (25), 23 (27), 40 (36), 12 (8), 51 (10), 45 (25), 10 (19), 36 (43), 1 (54), 48 (14), 58 (38), 33 (55), 21 (49), 2 (71), 44 (47), 27 (57), 52 (75), 46 (65), 17 (59), 8 (79), 55 (69), 54 (76), 50 (90), 22 (79), 11 (71), 38 (75), 13 (36), 34 (74), 15 (83)]";22867
VNS;60;2;47212;3975.0;50;"Maquina 1: [42 (25), 32 (3), 28 (9), 57 (16), 49 (23), 30 (14), 4 (20), 14 (25), 23 (27), 40 (36), 9 (29), 7 (64), 58 (38), 56 (82), 6 (46), 36 (43), 18 (57), 41 (52), 54 (76), 3 (48), 31 (55), 47 (57), 37 (66), 55 (69), 29 (78), 2 (71), 34 (74), 59 (84), 22 (79), 20 (97), 26 (97)]";24324;"Maquina 2: [45 (25), 10 (19), 44 (47), 0 (42), 51 (10), 12 (8), 19 (28), 53 (37), 33 (55), 35 (25), 25 (76), 1 (54), 48 (14), 16 (23), 17 (59), 8 (79), 13 (36), 39 (44), 21 (49), 38 (75), 46 (65), 50 (90), 27 (57), 52 (75), 11 (71), 24 (78), 15 (83), 43 (82), 5 (97)]";22888
Multiarranque;60;2;46409;297.0;50;"Maquina 1: [28 (9), 40 (36), 13 (36), 45 (25), 4 (20), 42 (25), 49 (23), 30 (14), 35 (25), 19 (28), 53 (37), 6 (46), 47 (57), 37 (66), 39 (44), 7 (64), 11 (71), 20 (97), 36 (43), 38 (75), 46 (65), 1 (54), 34 (74), 24 (78), 25 (76), 8 (79), 50 (90), 5 (97), 15 (83)]";22895;"Maquina 2: [57 (16), 51 (10), 12 (8), 32 (3), 48 (14), 0 (42), 14 (25), 23 (27), 9 (29), 10 (19), 44 (47), 16 (23), 58 (38), 33 (55), 21 (49), 2 (71), 3 (48), 18 (57), 41 (52), 55 (69), 54 (76), 17 (59), 27 (57), 56 (82), 31 (55), 59 (84), 43 (82), 22 (79), 52 (75), 29 (78), 26 (97)]";23514
GREEDY;60;2;48278;1.0;1;"Maquina 1: [16 (41), 9 (14), 8 (62), 31 (1), 52 (49), 18 (18), 49 (21), 47 (29), 57 (29), 46 (33), 20 (5), 48 (28), 43 (42), 21 (43), 32 (86), 50 (57), 11 (57), 33 (78), 54 (23), 53 (64), 42 (46), 4 (64), 5 (74), 28 (66), 19 (85), 24 (81), 51 (74), 23 (88), 14 (93)]";23337;"Maquina 2: [0 (20), 2 (18), 25 (3), 3 (31), 17 (43), 41 (10), 12 (45), 38 (14), 45 (48), 37 (5), 22 (16), 27 (76), 59 (23), 10 (27), 6 (70), 40 (64), 58 (35), 15 (74), 26 (29), 36 (58), 7 (52), 55 (65), 13 (57), 39 (62), 35 (41), 1 (83), 29 (86), 34 (94), 30 (80), 44 (87), 56 (89)]";24941
GRASP;60;2;47756;173.0;50;"Maquina 1: [48 (28), 0 (20), 9 (14), 8 (62), 31 (1), 10 (27), 47 (29), 16 (41), 46 (33), 20 (5), 27 (76), 59 (23), 18 (18), 7 (52), 21 (43), 4 (64), 33 (78), 45 (48), 3 (31), 13 (57), 30 (80), 40 (64), 5 (74), 11 (57), 56 (89), 19 (85), 34 (94), 53 (64), 35 (41)]";23068;"Maquina 2: [2 (18), 25 (3), 41 (10), 49 (21), 38 (14), 50 (57), 37 (5), 22 (16), 17 (43), 57 (29), 54 (23), 52 (49), 58 (35), 43 (42), 39 (62), 26 (29), 42 (46), 55 (65), 28 (66), 32 (86), 36 (58), 15 (74), 6 (70), 1 (83), 29 (86), 24 (81), 23 (88), 12 (45), 44 (87), 14 (93), 51 (74)]";24688
LNS;60;2;47813;36.0;50;"Maquina 1: [16 (41), 9 (14), 8 (62), 31 (1), 52 (49), 18 (18), 49 (21), 47 (29), 57 (29), 46 (33), 20 (5), 48 (28), 43 (42), 21 (43), 32 (86), 23 (88), 11 (57), 33 (78), 54 (23), 53 (64), 50 (57), 4 (64), 5 (74), 28 (66), 19 (85), 24 (81), 51 (74), 42 (46), 14 (93)]";22872;"Maquina 2: [0 (20), 2 (18), 25 (3), 3 (31), 17 (43), 41 (10), 12 (45), 38 (14), 45 (48), 37 (5), 22 (16), 27 (76), 59 (23), 10 (27), 6 (70), 40 (64), 58 (35), 15 (74), 26 (29), 36 (58), 7 (52), 55 (65), 13 (57), 39 (62), 35 (41), 1 (83), 29 (86), 34 (94), 30 (80), 44 (87), 56 (89)]";24941
TABÚ;60;2;45723;55.0;50;"Maquina 1: [18 (18), 2 (18), 25 (3), 3 (31), 41 (10), 43 (42), 38 (14), 45 (48), 37 (5), 22 (16), 17 (43), 57 (29), 54 (23), 10 (27), 42 (46), 5 (74), 58 (35), 19 (85), 7 (52), 16 (41), 8 (62), 36 (58), 28 (66), 39 (62), 32 (86), 34 (94), 51 (74), 4 (64), 55 (65), 53 (64), 30 (80)]";23032;"Maquina 2: [21 (43), 26 (29), 48 (28), 0 (20), 9 (14), 12 (45), 23 (88), 31 (1), 47 (29), 46 (33), 20 (5), 52 (49), 15 (74), 49 (21), 59 (23), 24 (81), 50 (57), 13 (57), 40 (64), 11 (57), 35 (41), 27 (76), 44 (87), 33 (78), 29 (86), 6 (70), 1 (83), 56 (89), 14 (93)]";22691
VNS;60;2;47823;3273.0;50;"Maquina 1: [16 (41), 9 (14), 8 (62), 31 (1), 52 (49), 18 (18), 49 (21), 47 (29), 57 (29), 10 (27), 20 (5), 48 (28), 43 (42), 21 (43), 32 (86), 50 (57), 11 (57), 33 (78), 54 (23), 53 (64), 42 (46), 4 (64), 5 (74), 28 (66), 19 (85), 34 (94), 51 (74), 23 (88), 14 (93)]";23228;"Maquina 2: [0 (20), 2 (18), 25 (3), 3 (31), 17 (43), 41 (10), 12 (45), 38 (14), 45 (48), 37 (5), 22 (16), 27 (76), 59 (23), 46 (33), 6 (70), 40 (64), 58 (35), 15 (74), 26 (29), 36 (58), 7 (52), 55 (65), 13 (57), 39 (62), 35 (41), 1 (83), 29 (86), 24 (81), 30 (80), 44 (87), 56 (89)]";24595
Multiarranque;60;2;46431;307.0;50;"Maquina 1: [22 (16), 17 (43), 2 (18), 25 (3), 10 (27), 31 (1), 47 (29), 16 (41), 46 (33), 7 (52), 20 (5), 48 (28), 43 (42), 40 (64), 12 (45), 59 (23), 32 (86), 36 (58), 14 (93), 35 (41), 39 (62), 11 (57), 23 (88), 15 (74), 8 (62), 19 (85), 30 (80), 28 (66), 24 (81), 5 (74)]";22927;"Maquina 2: [0 (20), 37 (5), 41 (10), 21 (43), 26 (29), 18 (18), 49 (21), 38 (14), 57 (29), 54 (23), 52 (49), 45 (48), 3 (31), 13 (57), 58 (35), 9 (14), 29 (86), 6 (70), 55 (65), 53 (64), 42 (46), 4 (64), 27 (76), 50 (57), 44 (87), 33 (78), 51 (74), 1 (83), 56 (89), 34 (94)]";23504
GREEDY;60;2;54953;1.0;1;"Maquina 1: [30 (21), 9 (6), 50 (16), 35 (33), 8 (44), 18 (20), 55 (52), 3 (48), 34 (30), 42 (56), 40 (9), 51 (38), 7 (76), 20 (50), 25 (61), 37 (54), 14 (53), 13 (67), 52 (66), 28 (64), 36 (63), 57 (70), 27 (78), 4 (90), 45 (68), 2 (93), 1 (87), 22 (64), 29 (81), 41 (91)]";27117;"Maquina 2: [10 (13), 15 (22), 32 (15), 31 (22), 49 (32), 12 (38), 56 (7), 44 (45), 38 (43), 39 (17), 48 (51), 58 (52), 54 (53), 16 (56), 21 (75), 17 (57), 6 (50), 43 (69), 46 (75), 59 (63), 26 (90), 23 (64), 24 (88), 53 (64), 19 (79), 11 (67), 47 (61), 33 (98), 0 (92), 5 (82)]";27836
GRASP;60;2;53283;174.0;50;"Maquina 1: [8 (44), 39 (17), 40 (9), 20 (50), 15 (22), 44 (45), 18 (20), 49 (32), 6 (50), 50 (16), 3 (48), 35 (33), 23 (64), 37 (54), 14 (53), 45 (68), 19 (79), 28 (64), 12 (38), 24 (88), 53 (64), 54 (53), 57 (70), 43 (69), 2 (93), 27 (78), 7 (76), 33 (98), 41 (91), 11 (67)]";27049;"Maquina 2: [30 (21), 10 (13), 32 (15), 51 (38), 38 (43), 31 (22), 48 (51), 9 (6), 13 (67), 55 (52), 22 (64), 56 (7), 47 (61), 34 (30), 42 (56), 36 (63), 29 (81), 58 (52), 21 (75), 17 (57), 52 (66), 16 (56), 25 (61), 59 (63), 26 (90), 46 (75), 4 (90), 5 (82), 0 (92), 1 (87)]";26234
LNS;60;2;53947;29.0;50;"Maquina 1: [30 (21), 9 (6), 50 (16), 35 (33), 8 (44), 18 (20), 55 (52), 37 (54), 34 (30), 42 (56), 40 (9), 51 (38), 7 (76), 20 (50), 25 (61), 3 (48), 14 (53), 13 (67), 52 (66), 28 (64), 36 (63), 57 (70), 27 (78), 4 (90), 45 (68), 2 (93), 1 (87), 22 (64), 29 (81), 41 (91)]";26111;"Maquina 2: [10 (13), 15 (22), 32 (15), 31 (22), 49 (32), 12 (38), 56 (7), 44 (45), 38 (43), 39 (17), 48 (51), 58 (52), 54 (53), 16 (56), 21 (75), 17 (57), 6 (50), 43 (69), 46 (75), 59 (63), 26 (90), 23 (64), 24 (88), 53 (64), 19 (79), 11 (67), 47 (61), 33 (98), 0 (92), 5 (82)]";27836
TABÚ;60;2;52307;54.0;50;"Maquina 1: [30 (21), 10 (13), 56 (7), 44 (45), 40 (9), 20 (50), 15 (22), 18 (20), 58 (52), 31 (22), 49 (32), 12 (38), 17 (57), 45 (68), 47 (61), 53 (64), 54 (53), 57 (70), 27 (78), 41 (91), 11 (67), 42 (56), 59 (63), 52 (66), 46 (75), 3 (48), 29 (81), 5 (82), 33 (98), 26 (90)]";25727;"Maquina 2: [34 (30), 50 (16), 32 (15), 51 (38), 38 (43), 48 (51), 9 (6), 35 (33), 14 (53), 7 (76), 8 (44), 39 (17), 23 (64), 37 (54), 25 (61), 2 (93), 6 (50), 36 (63), 55 (52), 22 (64), 24 (88), 28 (64), 16 (56), 21 (75), 1 (87), 19 (79), 43 (69), 13 (67), 4 (90), 0 (92)]";26580
VNS;60;2;53591;2293.0;50;"Maquina 1: [30 (21), 9 (6), 50 (16), 32 (15), 35 (33), 8 (44), 18 (20), 55 (52), 37 (54), 34 (30), 42 (56), 40 (9), 51 (38), 7 (76), 20 (50), 25 (61), 3 (48), 14 (53), 13 (67), 52 (66), 28 (64), 36 (63), 57 (70), 27 (78), 4 (90), 45 (68), 2 (93), 1 (87), 19 (79), 22 (64), 29 (81), 41 (91)]";29266;"Maquina 2: [10 (13), 15 (22), 31 (22), 49 (32), 12 (38), 56 (7), 44 (45), 38 (43), 39 (17), 48 (51), 58 (52), 54 (53), 16 (56), 21 (75), 17 (57), 6 (50), 43 (69), 46 (75), 59 (63), 26 (90), 23 (64), 24 (88), 53 (64), 11 (67), 47 (61), 33 (98), 0 (92), 5 (82)]";24325
Multiarranque;60;2;52342;308.0;50;"Maquina 1: [37 (54), 34 (30), 39 (17), 48 (51), 9 (6), 50 (16), 35 (33), 31 (22), 38 (43), 51 (38), 22 (64), 15 (22), 17 (57), 46 (75), 14 (53), 42 (56), 25 (61), 52 (66), 23 (64), 6 (50), 58 (52), 54 (53), 11 (67), 29 (81), 5 (82), 2 (93), 19 (79), 24 (88), 0 (92), 41 (91), 45 (68)]";27341;"Maquina 2: [18 (20), 49 (32), 36 (63), 32 (15), 28 (64), 56 (7), 53 (64), 12 (38), 40 (9), 44 (45), 10 (13), 13 (67), 55 (52), 30 (21), 7 (76), 3 (48), 47 (61), 4 (90), 8 (44), 20 (50), 43 (69), 16 (56), 21 (75), 1 (87), 57 (70), 27 (78), 59 (63), 33 (98), 26 (90)]";25001
GREEDY;60;2;45956;0.0;1;"Maquina 1: [10 (6), 48 (2), 40 (13), 30 (28), 9 (16), 4 (40), 56 (36), 43 (44), 34 (50), 31 (39), 15 (51), 41 (35), 28 (49), 5 (52), 33 (69), 7 (38), 55 (59), 46 (58), 35 (77), 27 (56), 50 (64), 52 (80), 36 (61), 47 (83), 29 (86), 59 (81), 26 (96), 42 (94), 44 (93), 32 (98)]";22714;"Maquina 2: [39 (26), 12 (5), 13 (34), 54 (13), 49 (10), 38 (37), 22 (40), 6 (36), 45 (39), 3 (63), 25 (51), 51 (38), 0 (51), 18 (54), 14 (57), 16 (50), 17 (46), 53 (58), 58 (80), 1 (68), 23 (60), 19 (80), 11 (82), 24 (76), 2 (84), 57 (93), 37 (97), 8 (95), 21 (93), 20 (99)]";23242
GRASP;60;2;44812;173.0;50;"Maquina 1: [10 (6), 40 (13), 12 (5), 30 (28), 9 (16), 56 (36), 18 (54), 38 (37), 7 (38), 45 (39), 51 (38), 0 (51), 28 (49), 14 (57), 16 (50), 17 (46), 36 (61), 33 (69), 37 (97), 52 (80), 3 (63), 55 (59), 21 (93), 58 (80), 1 (68), 42 (94), 59 (81), 8 (95), 29 (86), 44 (93)]";22276;"Maquina 2: [48 (2), 54 (13), 49 (10), 4 (40), 23 (60), 13 (34), 39 (26), 41 (35), 31 (39), 15 (51), 6 (36), 5 (52), 43 (44), 22 (40), 46 (58), 25 (51), 34 (50), 27 (56), 50 (64), 24 (76), 35 (77), 11 (82), 47 (83), 53 (58), 57 (93), 19 (80), 26 (96), 20 (99), 32 (98), 2 (84)]";22536
LNS;60;2;45919;29.0;50;"Maquina 1: [10 (6), 48 (2), 40 (13), 30 (28), 9 (16), 4 (40), 56 (36), 43 (44), 34 (50), 31 (39), 15 (51), 41 (35), 28 (49), 5 (52), 33 (69), 7 (38), 55 (59), 46 (58), 35 (77), 27 (56), 50 (64), 52 (80), 36 (61), 47 (83), 29 (86), 59 (81), 26 (96), 42 (94), 44 (93), 32 (98)]";22714;"Maquina 2: [39 (26), 12 (5), 13 (34), 54 (13), 49 (10), 38 (37), 22 (40), 6 (36), 45 (39), 3 (63), 25 (51), 51 (38), 0 (51), 18 (54), 14 (57), 16 (50), 17 (46), 53 (58), 58 (80), 1 (68), 23 (60), 19 (80), 11 (82), 57 (93), 2 (84), 24 (76), 37 (97), 8 (95), 21 (93), 20 (99)]";23205
TABÚ;60;2;45471;55.0;50;"Maquina 1: [12 (5), 10 (6), 6 (36), 23 (60), 13 (34), 30 (28), 22 (40), 18 (54), 38 (37), 9 (16), 45 (39), 51 (38), 25 (51), 34 (50), 17 (46), 55 (59), 16 (50), 28 (49), 14 (57), 59 (81), 2 (84), 24 (76), 33 (69), 37 (97), 52 (80), 57 (93), 19 (80), 26 (96), 42 (94), 21 (93), 20 (99)]";24589;"Maquina 2: [54 (13), 49 (10), 48 (2), 41 (35), 56 (36), 39 (26), 4 (40), 0 (51), 40 (13), 7 (38), 5 (52), 43 (44), 31 (39), 15 (51), 27 (56), 50 (64), 35 (77), 11 (82), 53 (58), 46 (58), 36 (61), 3 (63), 58 (80), 1 (68), 47 (83), 29 (86), 32 (98), 44 (93), 8 (95)]";20882
VNS;60;2;45426;4488.0;50;"Maquina 1: [10 (6), 48 (2), 40 (13), 30 (28), 9 (16), 4 (40), 56 (36), 43 (44), 34 (50), 31 (39), 15 (51), 41 (35), 28 (49), 5 (52), 33 (69), 7 (38), 13 (34), 46 (58), 35 (77), 27 (56), 50 (64), 52 (80), 36 (61), 47 (83), 29 (86), 59 (81), 26 (96), 42 (94), 44 (93), 32 (98)]";22076;"Maquina 2: [39 (26), 12 (5), 55 (59), 54 (13), 49 (10), 38 (37), 22 (40), 6 (36), 45 (39), 3 (63), 25 (51), 51 (38), 0 (51), 18 (54), 14 (57), 16 (50), 17 (46), 53 (58), 58 (80), 1 (68), 23 (60), 19 (80), 11 (82), 24 (76), 2 (84), 57 (93), 37 (97), 8 (95), 21 (93), 20 (99)]";23350
Multiarranque;60;2;44883;298.0;50;"Maquina 1: [12 (5), 10 (6), 48 (2), 54 (13), 17 (46), 13 (34), 30 (28), 43 (44), 36 (61), 41 (35), 38 (37), 34 (50), 15 (51), 27 (56), 45 (39), 55 (59), 16 (50), 50 (64), 2 (84), 24 (76), 52 (80), 53 (58), 1 (68), 32 (98), 19 (80), 11 (82), 26 (96), 20 (99), 42 (94), 29 (86)]";21968;"Maquina 2: [49 (10), 22 (40), 9 (16), 56 (36), 31 (39), 40 (13), 7 (38), 6 (36), 5 (52), 51 (38), 0 (51), 39 (26), 4 (40), 28 (49), 25 (51), 58 (80), 46 (58), 23 (60), 18 (54), 47 (83), 14 (57), 59 (81), 3 (63), 33 (69), 37 (97), 35 (77), 44 (93), 57 (93), 8 (95), 21 (93)]";22915
GREEDY;60;2;38842;0.0;1;"Maquina 1: [50 (19), 34 (15), 38 (12), 17 (3), 39 (29), 10 (10), 40 (1), 7 (27), 47 (17), 23 (29), 9 (33), 3 (40), 4 (41), 27 (39), 14 (66), 21 (53), 11 (73), 2 (51), 58 (74), 29 (70), 25 (58), 15 (72), 13 (82), 57 (67), 42 (77), 44 (98), 16 (94), 36 (85), 54 (87), 0 (98)]";19774;"Maquina 2: [45 (7), 1 (6), 52 (1), 12 (19), 5 (22), 35 (38), 56 (10), 53 (13), 19 (17), 20 (30), 8 (53), 43 (28), 31 (39), 6 (40), 22 (57), 24 (29), 37 (44), 26 (72), 59 (90), 18 (59), 28 (66), 32 (70), 48 (68), 41 (98), 33 (78), 30 (73), 49 (84), 51 (76), 55 (97), 46 (85)]";19068
GRASP;60;2;38204;173.0;50;"Maquina 1: [43 (28), 52 (1), 38 (12), 12 (19), 20 (30), 50 (19), 47 (17), 35 (38), 34 (15), 9 (33), 7 (27), 31 (39), 6 (40), 25 (58), 22 (57), 3 (40), 33 (78), 42 (77), 21 (53), 11 (73), 58 (74), 29 (70), 51 (76), 54 (87), 32 (70), 49 (84), 16 (94), 55 (97), 30 (73), 44 (98)]";20541;"Maquina 2: [45 (7), 1 (6), 17 (3), 19 (17), 53 (13), 5 (22), 10 (10), 56 (10), 39 (29), 27 (39), 40 (1), 23 (29), 13 (82), 2 (51), 24 (29), 37 (44), 4 (41), 18 (59), 8 (53), 48 (68), 26 (72), 14 (66), 15 (72), 57 (67), 46 (85), 28 (66), 41 (98), 59 (90), 36 (85), 0 (98)]";17663
LNS;60;2;38842;31.0;50;"Maquina 1: [50 (19), 34 (15), 38 (12), 17 (3), 39 (29), 10 (10), 40 (1), 7 (27), 47 (17), 23 (29), 9 (33), 3 (40), 4 (41), 27 (39), 14 (66), 21 (53), 11 (73), 2 (51), 58 (74), 29 (70), 25 (58), 15 (72), 13 (82), 57 (67), 42 (77), 44 (98), 16 (94), 36 (85), 54 (87), 0 (98)]";19774;"Maquina 2: [45 (7), 1 (6), 52 (1), 12 (19), 5 (22), 35 (38), 56 (10), 53 (13), 19 (17), 20 (30), 8 (53), 43 (28), 31 (39), 6 (40), 22 (57), 24 (29), 37 (44), 26 (72), 59 (90), 18 (59), 28 (66), 32 (70), 48 (68), 41 (98), 33 (78), 30 (73), 49 (84), 51 (76), 55 (97), 46 (85)]";19068
TABÚ;60;2;39260;58.0;50;"Maquina 1: [56 (10), 45 (7), 52 (1), 10 (10), 23 (29), 12 (19), 50 (19), 43 (28), 20 (30), 53 (13), 24 (29), 37 (44), 4 (41), 27 (39), 14 (66), 0 (98), 25 (58), 18 (59), 8 (53), 29 (70), 2 (51), 30 (73), 32 (70), 51 (76), 54 (87), 36 (85), 26 (72), 59 (90), 33 (78), 44 (98)]";20413;"Maquina 2: [1 (6), 17 (3), 19 (17), 7 (27), 47 (17), 35 (38), 34 (15), 9 (33), 5 (22), 40 (1), 42 (77), 38 (12), 39 (29), 31 (39), 6 (40), 21 (53), 48 (68), 3 (40), 22 (57), 28 (66), 55 (97), 11 (73), 58 (74), 15 (72), 13 (82), 57 (67), 46 (85), 49 (84), 16 (94), 41 (98)]";18847
VNS;60;2;38223;3419.0;50;"Maquina 1: [50 (19), 34 (15), 45 (7), 39 (29), 10 (10), 40 (1), 7 (27), 47 (17), 23 (29), 9 (33), 3 (40), 4 (41), 27 (39), 14 (66), 21 (53), 11 (73), 2 (51), 51 (76), 29 (70), 25 (58), 15 (72), 13 (82), 57 (67), 42 (77), 44 (98), 16 (94), 36 (85), 54 (87), 0 (98)]";18731;"Maquina 2: [17 (3), 1 (6), 52 (1), 38 (12), 12 (19), 5 (22), 35 (38), 56 (10), 53 (13), 19 (17), 20 (30), 8 (53), 43 (28), 31 (39), 6 (40), 22 (57), 24 (29), 37 (44), 26 (72), 59 (90), 18 (59), 28 (66), 32 (70), 48 (68), 41 (98), 33 (78), 30 (73), 49 (84), 58 (74), 55 (97), 46 (85)]";19492
Multiarranque;60;2;38101;300.0;50;"Maquina 1: [43 (28), 34 (15), 45 (7), 1 (6), 5 (22), 10 (10), 47 (17), 53 (13), 19 (17), 12 (19), 42 (77), 24 (29), 50 (19), 22 (57), 6 (40), 25 (58), 3 (40), 8 (53), 15 (72), 57 (67), 54 (87), 32 (70), 48 (68), 58 (74), 30 (73), 49 (84), 44 (98), 46 (85), 0 (98), 36 (85)]";18475;"Maquina 2: [52 (1), 38 (12), 31 (39), 17 (3), 56 (10), 39 (29), 40 (1), 20 (30), 23 (29), 9 (33), 4 (41), 7 (27), 27 (39), 14 (66), 35 (38), 37 (44), 2 (51), 51 (76), 21 (53), 26 (72), 29 (70), 18 (59), 28 (66), 33 (78), 13 (82), 55 (97), 11 (73), 41 (98), 59 (90), 16 (94)]";19626
GREEDY;60;2;51312;1.0;1;"Maquina 1: [17 (35), 57 (15), 3 (15), 50 (1), 30 (69), 47 (51), 5 (5), 26 (40), 18 (27), 29 (32), 51 (49), 16 (18), 21 (50), 20 (21), 13 (39), 34 (70), 44 (50), 56 (53), 46 (61), 14 (94), 28 (81), 24 (78), 10 (72), 27 (83), 42 (80), 40 (55), 33 (89), 7 (92), 23 (88), 22 (99)]";26511;"Maquina 2: [43 (28), 58 (25), 59 (4), 9 (15), 2 (42), 19 (17), 53 (10), 36 (51), 12 (25), 35 (36), 0 (19), 49 (32), 6 (61), 32 (44), 54 (54), 25 (82), 15 (89), 55 (39), 31 (66), 39 (59), 41 (50), 38 (91), 48 (72), 37 (53), 4 (72), 45 (80), 1 (84), 52 (79), 11 (94), 8 (98)]";24801
GRASP;60;2;47748;170.0;50;"Maquina 1: [19 (17), 3 (15), 5 (5), 18 (27), 29 (32), 51 (49), 16 (18), 47 (51), 40 (55), 0 (19), 26 (40), 54 (54), 17 (35), 10 (72), 13 (39), 39 (59), 41 (50), 11 (94), 36 (51), 15 (89), 8 (98), 21 (50), 30 (69), 25 (82), 48 (72), 23 (88), 42 (80), 7 (92), 14 (94), 27 (83)]";25523;"Maquina 2: [20 (21), 50 (1), 58 (25), 53 (10), 12 (25), 59 (4), 49 (32), 44 (50), 57 (15), 43 (28), 37 (53), 46 (61), 32 (44), 9 (15), 2 (42), 6 (61), 55 (39), 35 (36), 28 (81), 1 (84), 45 (80), 52 (79), 33 (89), 4 (72), 56 (53), 24 (78), 31 (66), 34 (70), 38 (91), 22 (99)]";22225
LNS;60;2;50569;29.0;50;"Maquina 1: [17 (35), 57 (15), 3 (15), 50 (1), 30 (69), 47 (51), 5 (5), 26 (40), 18 (27), 29 (32), 51 (49), 16 (18), 21 (50), 10 (72), 13 (39), 20 (21), 44 (50), 56 (53), 46 (61), 14 (94), 28 (81), 24 (78), 34 (70), 27 (83), 42 (80), 40 (55), 33 (89), 7 (92), 23 (88), 22 (99)]";25856;"Maquina 2: [43 (28), 58 (25), 59 (4), 9 (15), 2 (42), 19 (17), 53 (10), 36 (51), 12 (25), 35 (36), 0 (19), 49 (32), 6 (61), 32 (44), 54 (54), 25 (82), 15 (89), 55 (39), 31 (66), 39 (59), 41 (50), 1 (84), 11 (94), 37 (53), 4 (72), 45 (80), 38 (91), 52 (79), 48 (72), 8 (98)]";24713
TABÚ;60;2;49884;57.0;50;"Maquina 1: [3 (15), 0 (19), 18 (27), 29 (32), 12 (25), 9 (15), 57 (15), 49 (32), 42 (80), 26 (40), 39 (59), 48 (72), 55 (39), 51 (49), 6 (61), 20 (21), 13 (39), 31 (66), 4 (72), 56 (53), 10 (72), 28 (81), 36 (51), 23 (88), 25 (82), 15 (89), 8 (98), 24 (78), 1 (84), 22 (99)]";26234;"Maquina 2: [59 (4), 34 (70), 16 (18), 19 (17), 50 (1), 32 (44), 17 (35), 58 (25), 53 (10), 35 (36), 5 (5), 30 (69), 43 (28), 37 (53), 52 (79), 54 (54), 47 (51), 44 (50), 2 (42), 41 (50), 38 (91), 40 (55), 21 (50), 45 (80), 46 (61), 14 (94), 33 (89), 11 (94), 27 (83), 7 (92)]";23650
VNS;60;2;50311;2412.0;50;"Maquina 1: [17 (35), 57 (15), 19 (17), 50 (1), 30 (69), 47 (51), 5 (5), 18 (27), 29 (32), 51 (49), 16 (18), 21 (50), 20 (21), 13 (39), 34 (70), 44 (50), 56 (53), 46 (61), 14 (94), 28 (81), 24 (78), 10 (72), 26 (40), 27 (83), 42 (80), 40 (55), 33 (89), 7 (92), 23 (88), 52 (79)]";26301;"Maquina 2: [43 (28), 58 (25), 59 (4), 9 (15), 2 (42), 3 (15), 53 (10), 36 (51), 12 (25), 35 (36), 0 (19), 49 (32), 6 (61), 32 (44), 54 (54), 25 (82), 15 (89), 55 (39), 31 (66), 39 (59), 41 (50), 38 (91), 48 (72), 37 (53), 4 (72), 45 (80), 1 (84), 22 (99), 11 (94), 8 (98)]";24010
Multiarranque;60;2;48199;321.0;50;"Maquina 1: [50 (1), 58 (25), 26 (40), 54 (54), 59 (4), 9 (15), 20 (21), 0 (19), 10 (72), 21 (50), 53 (10), 35 (36), 16 (18), 39 (59), 41 (50), 42 (80), 30 (69), 47 (51), 32 (44), 14 (94), 13 (39), 34 (70), 23 (88), 4 (72), 28 (81), 45 (80), 11 (94), 22 (99), 15 (89)]";23345;"Maquina 2: [55 (39), 17 (35), 57 (15), 19 (17), 3 (15), 5 (5), 18 (27), 43 (28), 29 (32), 12 (25), 51 (49), 44 (50), 2 (42), 6 (61), 49 (32), 56 (53), 36 (51), 48 (72), 27 (83), 37 (53), 46 (61), 24 (78), 31 (66), 7 (92), 40 (55), 25 (82), 52 (79), 33 (89), 8 (98), 38 (91), 1 (84)]";24854
GREEDY;60;2;36029;0.0;1;"Maquina 1: [55 (14), 29 (3), 23 (8), 4 (1), 21 (12), 1 (23), 19 (10), 54 (38), 5 (22), 16 (28), 48 (29), 2 (36), 13 (41), 58 (21), 26 (42), 33 (37), 12 (47), 35 (43), 28 (55), 30 (64), 22 (73), 47 (66), 49 (78), 17 (65), 41 (68), 10 (98), 20 (70), 27 (81), 43 (87), 14 (93)]";17356;"Maquina 2: [38 (7), 24 (3), 6 (15), 57 (7), 3 (16), 59 (21), 11 (25), 7 (11), 25 (30), 39 (36), 42 (22), 31 (52), 53 (37), 46 (41), 50 (44), 44 (29), 52 (67), 56 (38), 18 (76), 45 (69), 8 (43), 9 (65), 0 (84), 37 (79), 40 (63), 32 (72), 36 (92), 34 (65), 51 (99), 15 (97)]";18673
GRASP;60;2;34292;180.0;50;"Maquina 1: [58 (21), 4 (1), 38 (7), 19 (10), 54 (38), 59 (21), 29 (3), 3 (16), 48 (29), 1 (23), 8 (43), 56 (38), 44 (29), 13 (41), 33 (37), 42 (22), 35 (43), 26 (42), 45 (69), 34 (65), 31 (52), 9 (65), 17 (65), 30 (64), 22 (73), 41 (68), 37 (79), 10 (98), 15 (97), 0 (84)]";17147;"Maquina 2: [7 (11), 25 (30), 24 (3), 23 (8), 57 (7), 55 (14), 6 (15), 11 (25), 5 (22), 16 (28), 21 (12), 39 (36), 2 (36), 53 (37), 46 (41), 47 (66), 50 (44), 28 (55), 52 (67), 40 (63), 32 (72), 20 (70), 12 (47), 27 (81), 43 (87), 49 (78), 14 (93), 36 (92), 51 (99), 18 (76)]";17145
LNS;60;2;35921;33.0;50;"Maquina 1: [55 (14), 29 (3), 23 (8), 4 (1), 48 (29), 1 (23), 19 (10), 2 (36), 5 (22), 16 (28), 21 (12), 54 (38), 13 (41), 58 (21), 26 (42), 33 (37), 12 (47), 35 (43), 28 (55), 30 (64), 22 (73), 47 (66), 49 (78), 17 (65), 41 (68), 10 (98), 20 (70), 27 (81), 43 (87), 14 (93)]";17248;"Maquina 2: [38 (7), 24 (3), 6 (15), 57 (7), 3 (16), 59 (21), 11 (25), 7 (11), 25 (30), 39 (36), 42 (22), 31 (52), 53 (37), 46 (41), 50 (44), 44 (29), 52 (67), 56 (38), 18 (76), 45 (69), 8 (43), 9 (65), 0 (84), 37 (79), 40 (63), 32 (72), 36 (92), 34 (65), 51 (99), 15 (97)]";18673
TABÚ;60;2;35193;50.0;50;"Maquina 1: [55 (14), 38 (7), 29 (3), 23 (8), 3 (16), 59 (21), 7 (11), 56 (38), 5 (22), 16 (28), 35 (43), 26 (42), 39 (36), 44 (29), 41 (68), 46 (41), 47 (66), 50 (44), 53 (37), 54 (38), 37 (79), 40 (63), 36 (92), 34 (65), 31 (52), 43 (87), 49 (78), 14 (93), 18 (76), 51 (99)]";17823;"Maquina 2: [57 (7), 4 (1), 21 (12), 6 (15), 19 (10), 24 (3), 1 (23), 48 (29), 13 (41), 11 (25), 33 (37), 42 (22), 58 (21), 2 (36), 25 (30), 8 (43), 9 (65), 12 (47), 27 (81), 28 (55), 30 (64), 52 (67), 17 (65), 22 (73), 32 (72), 20 (70), 45 (69), 10 (98), 0 (84), 15 (97)]";17370
VNS;60;2;35660;2458.0;50;"Maquina 1: [55 (14), 29 (3), 23 (8), 4 (1), 24 (3), 1 (23), 19 (10), 54 (38), 5 (22), 16 (28), 48 (29), 2 (36), 13 (41), 58 (21), 26 (42), 33 (37), 42 (22), 35 (43), 28 (55), 30 (64), 22 (73), 47 (66), 49 (78), 17 (65), 41 (68), 10 (98), 20 (70), 27 (81), 43 (87), 15 (97)]";16822;"Maquina 2: [38 (7), 21 (12), 6 (15), 57 (7), 3 (16), 59 (21), 11 (25), 7 (11), 25 (30), 39 (36), 31 (52), 53 (37), 46 (41), 50 (44), 44 (29), 52 (67), 56 (38), 18 (76), 45 (69), 8 (43), 9 (65), 12 (47), 0 (84), 37 (79), 40 (63), 32 (72), 36 (92), 34 (65), 51 (99), 14 (93)]";18838
Multiarranque;60;2;34680;301.0;50;"Maquina 1: [38 (7), 21 (12), 3 (16), 6 (15), 57 (7), 55 (14), 54 (38), 5 (22), 16 (28), 30 (64), 48 (29), 59 (21), 11 (25), 46 (41), 2 (36), 45 (69), 8 (43), 56 (38), 34 (65), 50 (44), 40 (63), 31 (52), 32 (72), 0 (84), 9 (65), 18 (76), 27 (81), 10 (98), 36 (92)]";16744;"Maquina 2: [58 (21), 7 (11), 29 (3), 23 (8), 4 (1), 25 (30), 24 (3), 1 (23), 19 (10), 42 (22), 13 (41), 39 (36), 44 (29), 33 (37), 26 (42), 53 (37), 12 (47), 35 (43), 52 (67), 28 (55), 20 (70), 47 (66), 17 (65), 41 (68), 22 (73), 37 (79), 43 (87), 49 (78), 14 (93), 51 (99), 15 (97)]";17936
GREEDY;60;2;49793;1.0;1;"Maquina 1: [40 (2), 35 (24), 29 (10), 55 (23), 39 (19), 34 (7), 20 (62), 58 (30), 14 (22), 12 (48), 0 (42), 4 (34), 50 (24), 56 (39), 47 (40), 9 (50), 27 (52), 11 (67), 57 (68), 52 (63), 23 (94), 54 (54), 6 (65), 16 (69), 48 (89), 21 (90), 59 (76), 15 (85), 24 (91), 8 (74), 31 (98)]";25830;"Maquina 2: [13 (25), 41 (6), 7 (69), 5 (31), 3 (17), 25 (10), 22 (63), 42 (21), 18 (27), 33 (68), 49 (23), 38 (40), 30 (54), 37 (41), 1 (90), 51 (51), 2 (38), 10 (84), 44 (85), 28 (43), 43 (94), 19 (24), 32 (70), 45 (93), 17 (75), 53 (64), 26 (90), 36 (59), 46 (65)]";23963
GRASP;60;2;49602;175.0;50;"Maquina 1: [40 (2), 34 (7), 13 (25), 3 (17), 10 (84), 42 (21), 14 (22), 18 (27), 55 (23), 37 (41), 8 (74), 50 (24), 47 (40), 27 (52), 0 (42), 30 (54), 38 (40), 11 (67), 59 (76), 26 (90), 51 (51), 7 (69), 5 (31), 1 (90), 22 (63), 33 (68), 17 (75), 23 (94), 44 (85), 32 (70)]";24825;"Maquina 2: [41 (6), 4 (34), 2 (38), 12 (48), 25 (10), 35 (24), 29 (10), 56 (39), 39 (19), 43 (94), 19 (24), 57 (68), 36 (59), 58 (30), 20 (62), 49 (23), 52 (63), 6 (65), 9 (50), 53 (64), 45 (93), 31 (98), 15 (85), 28 (43), 54 (54), 46 (65), 16 (69), 48 (89), 21 (90), 24 (91)]";24777
LNS;60;2;49496;30.0;50;"Maquina 1: [40 (2), 35 (24), 29 (10), 55 (23), 39 (19), 34 (7), 20 (62), 58 (30), 14 (22), 12 (48), 0 (42), 4 (34), 50 (24), 56 (39), 47 (40), 9 (50), 27 (52), 11 (67), 57 (68), 52 (63), 23 (94), 54 (54), 6 (65), 16 (69), 48 (89), 21 (90), 59 (76), 15 (85), 24 (91), 8 (74), 31 (98)]";25830;"Maquina 2: [13 (25), 41 (6), 7 (69), 5 (31), 3 (17), 25 (10), 22 (63), 42 (21), 18 (27), 33 (68), 49 (23), 38 (40), 10 (84), 37 (41), 1 (90), 51 (51), 2 (38), 30 (54), 44 (85), 28 (43), 43 (94), 19 (24), 32 (70), 36 (59), 17 (75), 53 (64), 26 (90), 45 (93), 46 (65)]";23666
TABÚ;60;2;48295;51.0;50;"Maquina 1: [19 (24), 29 (10), 30 (54), 34 (7), 18 (27), 55 (23), 28 (43), 41 (6), 4 (34), 59 (76), 47 (40), 9 (50), 51 (51), 58 (30), 20 (62), 57 (68), 38 (40), 16 (69), 1 (90), 52 (63), 7 (69), 21 (90), 22 (63), 11 (67), 43 (94), 46 (65), 8 (74), 45 (93), 31 (98), 23 (94)]";24891;"Maquina 2: [3 (17), 25 (10), 39 (19), 50 (24), 40 (2), 35 (24), 14 (22), 49 (23), 5 (31), 54 (54), 13 (25), 2 (38), 56 (39), 32 (70), 37 (41), 27 (52), 36 (59), 12 (48), 0 (42), 17 (75), 6 (65), 24 (91), 53 (64), 33 (68), 42 (21), 15 (85), 10 (84), 44 (85), 26 (90), 48 (89)]";23404
VNS;60;2;48672;3435.0;50;"Maquina 1: [40 (2), 35 (24), 29 (10), 30 (54), 39 (19), 34 (7), 20 (62), 58 (30), 14 (22), 12 (48), 0 (42), 4 (34), 50 (24), 56 (39), 47 (40), 9 (50), 27 (52), 11 (67), 57 (68), 52 (63), 23 (94), 54 (54), 6 (65), 16 (69), 48 (89), 21 (90), 59 (76), 15 (85), 24 (91), 45 (93), 31 (98)]";26025;"Maquina 2: [13 (25), 41 (6), 7 (69), 5 (31), 3 (17), 25 (10), 22 (63), 42 (21), 18 (27), 33 (68), 49 (23), 38 (40), 55 (23), 37 (41), 1 (90), 51 (51), 2 (38), 10 (84), 44 (85), 28 (43), 43 (94), 19 (24), 32 (70), 8 (74), 17 (75), 53 (64), 26 (90), 36 (59), 46 (65)]";22647
Multiarranque;60;2;47827;298.0;50;"Maquina 1: [25 (10), 29 (10), 30 (54), 34 (7), 41 (6), 4 (34), 40 (2), 0 (42), 50 (24), 39 (19), 55 (23), 37 (41), 36 (59), 47 (40), 58 (30), 20 (62), 49 (23), 38 (40), 11 (67), 32 (70), 31 (98), 51 (51), 17 (75), 46 (65), 12 (48), 1 (90), 48 (89), 21 (90), 44 (85), 10 (84), 24 (91)]";23421;"Maquina 2: [5 (31), 13 (25), 3 (17), 22 (63), 42 (21), 14 (22), 9 (50), 18 (27), 7 (69), 2 (38), 56 (39), 28 (43), 43 (94), 19 (24), 57 (68), 27 (52), 59 (76), 35 (24), 54 (54), 6 (65), 16 (69), 53 (64), 15 (85), 33 (68), 8 (74), 23 (94), 52 (63), 26 (90), 45 (93)]";24406
GREEDY;60;2;48423;1.0;1;"Maquina 1: [48 (15), 13 (1), 24 (20), 14 (15), 1 (37), 16 (34), 53 (14), 15 (30), 23 (9), 59 (39), 7 (18), 29 (29), 27 (81), 40 (55), 36 (44), 20 (41), 30 (68), 17 (46), 52 (71), 32 (57), 51 (75), 5 (52), 44 (89), 6 (59), 9 (80), 49 (86), 3 (77), 43 (92), 37 (98), 28 (95)]";24407;"Maquina 2: [45 (33), 38 (15), 12 (4), 4 (12), 8 (20), 22 (42), 31 (12), 18 (32), 41 (52), 19 (17), 35 (34), 33 (38), 0 (41), 56 (24), 39 (51), 46 (45), 55 (53), 25 (76), 42 (69), 26 (56), 54 (58), 50 (80), 58 (66), 47 (92), 11 (88), 21 (77), 34 (85), 2 (74), 10 (91), 57 (95)]";24016
GRASP;60;2;44276;178.0;50;"Maquina 1: [19 (17), 15 (30), 38 (15), 22 (42), 31 (12), 48 (15), 56 (24), 13 (1), 36 (44), 29 (29), 39 (51), 46 (45), 33 (38), 45 (33), 32 (57), 59 (39), 5 (52), 26 (56), 9 (80), 47 (92), 7 (18), 2 (74), 51 (75), 55 (53), 10 (91), 44 (89), 34 (85), 11 (88), 42 (69), 28 (95)]";21431;"Maquina 2: [24 (20), 12 (4), 23 (9), 35 (34), 1 (37), 16 (34), 14 (15), 53 (14), 8 (20), 20 (41), 17 (46), 41 (52), 4 (12), 21 (77), 18 (32), 52 (71), 0 (41), 25 (76), 58 (66), 30 (68), 49 (86), 6 (59), 54 (58), 50 (80), 27 (81), 40 (55), 57 (95), 3 (77), 43 (92), 37 (98)]";22845
LNS;60;2;46917;27.0;50;"Maquina 1: [48 (15), 13 (1), 24 (20), 5 (52), 1 (37), 16 (34), 53 (14), 23 (9), 15 (30), 59 (39), 7 (18), 29 (29), 27 (81), 40 (55), 36 (44), 20 (41), 30 (68), 17 (46), 52 (71), 32 (57), 51 (75), 14 (15), 44 (89), 6 (59), 9 (80), 49 (86), 3 (77), 43 (92), 37 (98), 28 (95)]";23922;"Maquina 2: [45 (33), 38 (15), 22 (42), 4 (12), 8 (20), 12 (4), 31 (12), 18 (32), 41 (52), 19 (17), 35 (34), 33 (38), 0 (41), 56 (24), 39 (51), 46 (45), 55 (53), 25 (76), 42 (69), 26 (56), 54 (58), 11 (88), 58 (66), 47 (92), 50 (80), 21 (77), 34 (85), 2 (74), 10 (91), 57 (95)]";22995
TABÚ;60;2;44243;52.0;50;"Maquina 1: [45 (33), 38 (15), 48 (15), 56 (24), 13 (1), 8 (20), 16 (34), 26 (56), 19 (17), 46 (45), 20 (41), 12 (4), 42 (69), 14 (15), 9 (80), 59 (39), 5 (52), 52 (71), 22 (42), 50 (80), 27 (81), 30 (68), 43 (92), 54 (58), 55 (53), 17 (46), 21 (77), 37 (98), 34 (85), 57 (95)]";22047;"Maquina 2: [7 (18), 53 (14), 39 (51), 31 (12), 33 (38), 24 (20), 23 (9), 36 (44), 15 (30), 18 (32), 29 (29), 4 (12), 0 (41), 35 (34), 32 (57), 1 (37), 25 (76), 40 (55), 58 (66), 49 (86), 6 (59), 3 (77), 41 (52), 2 (74), 44 (89), 47 (92), 11 (88), 51 (75), 28 (95), 10 (91)]";22196
VNS;60;2;47238;3568.0;50;"Maquina 1: [48 (15), 13 (1), 24 (20), 14 (15), 1 (37), 16 (34), 53 (14), 15 (30), 23 (9), 59 (39), 7 (18), 29 (29), 27 (81), 40 (55), 36 (44), 20 (41), 30 (68), 54 (58), 52 (71), 22 (42), 51 (75), 5 (52), 44 (89), 6 (59), 9 (80), 49 (86), 3 (77), 43 (92), 37 (98), 28 (95)]";23933;"Maquina 2: [45 (33), 38 (15), 12 (4), 4 (12), 8 (20), 32 (57), 31 (12), 18 (32), 41 (52), 19 (17), 35 (34), 33 (38), 0 (41), 56 (24), 39 (51), 46 (45), 55 (53), 25 (76), 42 (69), 26 (56), 17 (46), 50 (80), 58 (66), 47 (92), 11 (88), 21 (77), 34 (85), 2 (74), 10 (91), 57 (95)]";23305
Multiarranque;60;2;44076;304.0;50;"Maquina 1: [12 (4), 23 (9), 31 (12), 48 (15), 33 (38), 7 (18), 53 (14), 18 (32), 6 (59), 19 (17), 24 (20), 22 (42), 4 (12), 8 (20), 20 (41), 30 (68), 56 (24), 0 (41), 50 (80), 55 (53), 42 (69), 54 (58), 26 (56), 9 (80), 34 (85), 10 (91), 11 (88), 3 (77), 58 (66), 49 (86), 25 (76), 47 (92)]";22740;"Maquina 2: [15 (30), 38 (15), 32 (57), 13 (1), 14 (15), 16 (34), 5 (52), 35 (34), 45 (33), 59 (39), 36 (44), 29 (29), 41 (52), 1 (37), 40 (55), 17 (46), 28 (95), 46 (45), 21 (77), 39 (51), 27 (81), 51 (75), 52 (71), 44 (89), 43 (92), 2 (74), 37 (98), 57 (95)]";21336
GREEDY;60;2;42741;0.0;1;"Maquina 1: [42 (11), 57 (7), 28 (15), 22 (32), 37 (6), 55 (3), 10 (36), 36 (9), 2 (17), 51 (58), 6 (39), 56 (21), 18 (42), 27 (37), 0 (34), 46 (64), 34 (77), 26 (44), 19 (49), 25 (62), 3 (48), 49 (66), 47 (94), 43 (62), 33 (69), 48 (82), 52 (91), 41 (97), 9 (90), 5 (79)]";20420;"Maquina 2: [24 (8), 32 (21), 53 (11), 39 (5), 14 (29), 45 (7), 4 (16), 54 (48), 58 (33), 29 (39), 15 (38), 30 (10), 23 (36), 8 (43), 12 (65), 20 (60), 35 (34), 7 (47), 50 (62), 13 (94), 44 (55), 40 (77), 31 (62), 21 (73), 59 (67), 11 (81), 17 (89), 16 (96), 1 (91), 38 (98)]";22321
GRASP;60;2;42413;175.0;50;"Maquina 1: [42 (11), 24 (8), 32 (21), 53 (11), 39 (5), 36 (9), 45 (7), 3 (48), 58 (33), 54 (48), 22 (32), 2 (17), 23 (36), 8 (43), 18 (42), 46 (64), 26 (44), 20 (60), 15 (38), 43 (62), 51 (58), 17 (89), 34 (77), 12 (65), 16 (96), 48 (82), 40 (77), 9 (90), 11 (81), 41 (97)]";20247;"Maquina 2: [56 (21), 30 (10), 28 (15), 37 (6), 55 (3), 4 (16), 57 (7), 35 (34), 14 (29), 29 (39), 44 (55), 7 (47), 47 (94), 10 (36), 19 (49), 27 (37), 6 (39), 33 (69), 31 (62), 50 (62), 0 (34), 25 (62), 5 (79), 1 (91), 21 (73), 52 (91), 49 (66), 38 (98), 59 (67), 13 (94)]";22166
LNS;60;2;42564;28.0;50;"Maquina 1: [42 (11), 57 (7), 28 (15), 22 (32), 37 (6), 55 (3), 10 (36), 36 (9), 2 (17), 51 (58), 6 (39), 56 (21), 18 (42), 27 (37), 0 (34), 46 (64), 34 (77), 26 (44), 19 (49), 25 (62), 3 (48), 49 (66), 47 (94), 43 (62), 33 (69), 48 (82), 52 (91), 41 (97), 9 (90), 5 (79)]";20420;"Maquina 2: [24 (8), 32 (21), 53 (11), 39 (5), 14 (29), 45 (7), 4 (16), 54 (48), 58 (33), 29 (39), 15 (38), 30 (10), 7 (47), 8 (43), 12 (65), 20 (60), 35 (34), 23 (36), 50 (62), 13 (94), 44 (55), 40 (77), 59 (67), 21 (73), 17 (89), 11 (81), 31 (62), 16 (96), 1 (91), 38 (98)]";22144
TABÚ;60;2;41484;48.0;50;"Maquina 1: [56 (21), 28 (15), 39 (5), 36 (9), 42 (11), 57 (7), 35 (34), 8 (43), 4 (16), 18 (42), 24 (8), 6 (39), 3 (48), 22 (32), 54 (48), 50 (62), 19 (49), 27 (37), 0 (34), 20 (60), 46 (64), 33 (69), 17 (89), 47 (94), 38 (98), 5 (79), 11 (81), 41 (97), 43 (62), 1 (91), 9 (90)]";21219;"Maquina 2: [37 (6), 55 (3), 45 (7), 32 (21), 30 (10), 14 (29), 34 (77), 10 (36), 53 (11), 29 (39), 2 (17), 23 (36), 26 (44), 15 (38), 31 (62), 7 (47), 51 (58), 59 (67), 25 (62), 21 (73), 58 (33), 48 (82), 12 (65), 52 (91), 49 (66), 13 (94), 44 (55), 40 (77), 16 (96)]";20265
VNS;60;2;42114;3494.0;50;"Maquina 1: [42 (11), 57 (7), 28 (15), 22 (32), 37 (6), 55 (3), 10 (36), 36 (9), 2 (17), 51 (58), 6 (39), 56 (21), 18 (42), 27 (37), 0 (34), 46 (64), 34 (77), 26 (44), 19 (49), 25 (62), 40 (77), 49 (66), 47 (94), 43 (62), 33 (69), 17 (89), 52 (91), 41 (97), 9 (90), 5 (79), 48 (82)]";22414;"Maquina 2: [24 (8), 32 (21), 53 (11), 39 (5), 14 (29), 45 (7), 4 (16), 54 (48), 58 (33), 29 (39), 15 (38), 30 (10), 23 (36), 8 (43), 12 (65), 20 (60), 35 (34), 7 (47), 50 (62), 13 (94), 44 (55), 3 (48), 31 (62), 21 (73), 59 (67), 11 (81), 16 (96), 1 (91), 38 (98)]";19700
Multiarranque;60;2;40145;291.0;50;"Maquina 1: [27 (37), 22 (32), 37 (6), 10 (36), 57 (7), 58 (33), 28 (15), 50 (62), 0 (34), 25 (62), 45 (7), 3 (48), 53 (11), 35 (34), 7 (47), 43 (62), 14 (29), 29 (39), 48 (82), 17 (89), 34 (77), 12 (65), 47 (94), 21 (73), 41 (97), 33 (69), 18 (42), 38 (98), 52 (91)]";20300;"Maquina 2: [42 (11), 24 (8), 32 (21), 2 (17), 39 (5), 36 (9), 56 (21), 30 (10), 4 (16), 55 (3), 19 (49), 44 (55), 15 (38), 8 (43), 26 (44), 20 (60), 6 (39), 51 (58), 23 (36), 1 (91), 46 (64), 54 (48), 40 (77), 49 (66), 13 (94), 5 (79), 31 (62), 16 (96), 59 (67), 11 (81), 9 (90)]";19845
GREEDY;60;2;47595;1.0;1;"Maquina 1: [0 (3), 20 (23), 59 (15), 41 (46), 14 (37), 31 (22), 36 (33), 32 (51), 18 (28), 7 (35), 5 (40), 3 (31), 34 (7), 2 (43), 17 (64), 25 (42), 8 (60), 29 (65), 9 (50), 23 (69), 33 (66), 4 (65), 44 (77), 38 (70), 21 (56), 58 (93), 52 (67), 28 (83), 26 (72), 11 (96)]";23372;"Maquina 2: [1 (41), 10 (33), 24 (6), 40 (53), 55 (14), 13 (18), 15 (23), 45 (35), 6 (11), 12 (70), 37 (29), 49 (33), 56 (37), 22 (51), 48 (38), 46 (58), 27 (61), 42 (65), 57 (81), 50 (44), 35 (64), 51 (47), 53 (70), 47 (66), 19 (65), 54 (68), 39 (77), 16 (85), 43 (94), 30 (99)]";24223
GRASP;60;2;46111;170.0;50;"Maquina 1: [13 (18), 0 (3), 20 (23), 37 (29), 18 (28), 15 (23), 8 (60), 7 (35), 41 (46), 34 (7), 45 (35), 32 (51), 14 (37), 47 (66), 46 (58), 26 (72), 31 (22), 22 (51), 48 (38), 12 (70), 57 (81), 35 (64), 4 (65), 16 (85), 11 (96), 23 (69), 33 (66), 58 (93), 42 (65), 38 (70)]";23004;"Maquina 2: [1 (41), 55 (14), 59 (15), 10 (33), 24 (6), 50 (44), 36 (33), 6 (11), 40 (53), 2 (43), 49 (33), 56 (37), 3 (31), 19 (65), 5 (40), 29 (65), 9 (50), 51 (47), 25 (42), 27 (61), 17 (64), 54 (68), 21 (56), 52 (67), 39 (77), 53 (70), 28 (83), 43 (94), 44 (77), 30 (99)]";23107
LNS;60;2;46206;30.0;50;"Maquina 1: [0 (3), 20 (23), 59 (15), 41 (46), 14 (37), 31 (22), 36 (33), 32 (51), 18 (28), 7 (35), 5 (40), 3 (31), 34 (7), 2 (43), 17 (64), 25 (42), 8 (60), 29 (65), 9 (50), 23 (69), 33 (66), 4 (65), 44 (77), 38 (70), 21 (56), 58 (93), 52 (67), 28 (83), 26 (72), 11 (96)]";23372;"Maquina 2: [50 (44), 10 (33), 24 (6), 40 (53), 55 (14), 13 (18), 47 (66), 45 (35), 6 (11), 12 (70), 37 (29), 49 (33), 56 (37), 22 (51), 48 (38), 46 (58), 27 (61), 42 (65), 15 (23), 1 (41), 19 (65), 51 (47), 53 (70), 57 (81), 35 (64), 54 (68), 39 (77), 43 (94), 16 (85), 30 (99)]";22834
TABÚ;60;2;47919;52.0;50;"Maquina 1: [37 (29), 18 (28), 48 (38), 0 (3), 50 (44), 59 (15), 24 (6), 45 (35), 32 (51), 3 (31), 10 (33), 14 (37), 1 (41), 9 (50), 15 (23), 19 (65), 2 (43), 4 (65), 38 (70), 27 (61), 42 (65), 8 (60), 53 (70), 5 (40), 39 (77), 54 (68), 23 (69), 43 (94), 16 (85), 11 (96)]";22594;"Maquina 2: [56 (37), 6 (11), 7 (35), 34 (7), 51 (47), 55 (14), 40 (53), 21 (56), 49 (33), 41 (46), 26 (72), 13 (18), 12 (70), 31 (22), 35 (64), 36 (33), 44 (77), 46 (58), 33 (66), 17 (64), 52 (67), 20 (23), 28 (83), 29 (65), 25 (42), 47 (66), 22 (51), 30 (99), 58 (93), 57 (81)]";25325
VNS;60;2;46153;2495.0;50;"Maquina 1: [20 (23), 15 (23), 59 (15), 41 (46), 14 (37), 31 (22), 36 (33), 32 (51), 18 (28), 7 (35), 5 (40), 3 (31), 34 (7), 2 (43), 17 (64), 25 (42), 8 (60), 29 (65), 9 (50), 33 (66), 4 (65), 38 (70), 21 (56), 58 (93), 52 (67), 28 (83), 26 (72), 30 (99), 11 (96)]";22150;"Maquina 2: [1 (41), 10 (33), 24 (6), 40 (53), 55 (14), 13 (18), 0 (3), 45 (35), 6 (11), 12 (70), 37 (29), 49 (33), 56 (37), 22 (51), 48 (38), 46 (58), 27 (61), 42 (65), 43 (94), 50 (44), 23 (69), 35 (64), 51 (47), 53 (70), 47 (66), 19 (65), 54 (68), 39 (77), 16 (85), 57 (81), 44 (77)]";24003
Multiarranque;60;2;46531;284.0;50;"Maquina 1: [59 (15), 13 (18), 0 (3), 41 (46), 14 (37), 1 (41), 10 (33), 34 (7), 15 (23), 11 (96), 45 (35), 32 (51), 8 (60), 18 (28), 48 (38), 46 (58), 2 (43), 49 (33), 19 (65), 38 (70), 27 (61), 42 (65), 17 (64), 54 (68), 57 (81), 12 (70), 47 (66), 39 (77), 28 (83), 58 (93)]";23093;"Maquina 2: [24 (6), 40 (53), 55 (14), 3 (31), 31 (22), 36 (33), 20 (23), 6 (11), 7 (35), 56 (37), 22 (51), 5 (40), 29 (65), 9 (50), 51 (47), 25 (42), 37 (29), 52 (67), 53 (70), 44 (77), 4 (65), 21 (56), 50 (44), 23 (69), 35 (64), 33 (66), 26 (72), 30 (99), 16 (85), 43 (94)]";23438
GREEDY;60;2;44151;0.0;1;"Maquina 1: [30 (3), 15 (27), 4 (2), 24 (5), 20 (17), 49 (33), 52 (23), 25 (12), 56 (19), 11 (38), 27 (8), 57 (56), 26 (27), 3 (66), 35 (10), 55 (43), 22 (42), 12 (79), 38 (44), 39 (73), 33 (49), 51 (68), 58 (64), 8 (67), 32 (86), 14 (74), 16 (87), 45 (98), 34 (76), 31 (91), 44 (94)]";22730;"Maquina 2: [28 (4), 47 (18), 6 (27), 21 (27), 19 (3), 2 (6), 0 (12), 46 (8), 41 (23), 43 (16), 23 (29), 1 (74), 53 (33), 37 (49), 36 (39), 59 (75), 40 (45), 7 (51), 10 (65), 17 (71), 9 (89), 5 (98), 18 (78), 54 (67), 50 (81), 13 (66), 29 (94), 48 (43), 42 (86)]";21421
GRASP;60;2;40625;171.0;50;"Maquina 1: [20 (17), 35 (10), 19 (3), 25 (12), 56 (19), 43 (16), 41 (23), 24 (5), 47 (18), 23 (29), 21 (27), 27 (8), 40 (45), 55 (43), 58 (64), 50 (81), 7 (51), 38 (44), 54 (67), 57 (56), 17 (71), 18 (78), 39 (73), 33 (49), 51 (68), 3 (66), 44 (94), 42 (86), 8 (67), 5 (98)]";19615;"Maquina 2: [2 (6), 22 (42), 15 (27), 4 (2), 6 (27), 52 (23), 28 (4), 36 (39), 53 (33), 30 (3), 26 (27), 46 (8), 48 (43), 0 (12), 31 (91), 11 (38), 32 (86), 59 (75), 37 (49), 10 (65), 14 (74), 12 (79), 13 (66), 29 (94), 49 (33), 1 (74), 34 (76), 9 (89), 45 (98), 16 (87)]";21010
LNS;60;2;43901;29.0;50;"Maquina 1: [30 (3), 15 (27), 4 (2), 24 (5), 20 (17), 49 (33), 52 (23), 25 (12), 56 (19), 11 (38), 27 (8), 57 (56), 26 (27), 3 (66), 35 (10), 55 (43), 22 (42), 12 (79), 38 (44), 39 (73), 33 (49), 51 (68), 58 (64), 8 (67), 32 (86), 14 (74), 16 (87), 45 (98), 34 (76), 31 (91), 44 (94)]";22730;"Maquina 2: [28 (4), 47 (18), 6 (27), 21 (27), 7 (51), 2 (6), 0 (12), 46 (8), 41 (23), 43 (16), 23 (29), 1 (74), 53 (33), 37 (49), 36 (39), 59 (75), 40 (45), 19 (3), 10 (65), 17 (71), 9 (89), 5 (98), 18 (78), 54 (67), 50 (81), 13 (66), 29 (94), 48 (43), 42 (86)]";21171
TABÚ;60;2;40944;58.0;50;"Maquina 1: [19 (3), 30 (3), 40 (45), 56 (19), 36 (39), 27 (8), 26 (27), 55 (43), 6 (27), 43 (16), 25 (12), 15 (27), 16 (87), 22 (42), 51 (68), 7 (51), 38 (44), 49 (33), 37 (49), 10 (65), 17 (71), 14 (74), 34 (76), 39 (73), 48 (43), 31 (91), 44 (94), 42 (86), 45 (98), 3 (66)]";21776;"Maquina 2: [4 (2), 28 (4), 24 (5), 20 (17), 47 (18), 2 (6), 0 (12), 46 (8), 35 (10), 52 (23), 23 (29), 21 (27), 12 (79), 11 (38), 41 (23), 53 (33), 58 (64), 18 (78), 33 (49), 13 (66), 5 (98), 57 (56), 32 (86), 8 (67), 54 (67), 59 (75), 9 (89), 50 (81), 1 (74), 29 (94)]";19168
VNS;60;2;42458;2843.0;50;"Maquina 1: [30 (3), 15 (27), 4 (2), 24 (5), 20 (17), 49 (33), 52 (23), 56 (19), 11 (38), 27 (8), 57 (56), 26 (27), 3 (66), 35 (10), 55 (43), 22 (42), 12 (79), 18 (78), 39 (73), 33 (49), 51 (68), 58 (64), 8 (67), 32 (86), 14 (74), 16 (87), 45 (98), 34 (76), 31 (91), 44 (94)]";21479;"Maquina 2: [28 (4), 47 (18), 6 (27), 21 (27), 7 (51), 2 (6), 0 (12), 46 (8), 41 (23), 43 (16), 23 (29), 1 (74), 53 (33), 37 (49), 36 (39), 59 (75), 40 (45), 19 (3), 25 (12), 10 (65), 17 (71), 9 (89), 5 (98), 38 (44), 54 (67), 50 (81), 13 (66), 29 (94), 48 (43), 42 (86)]";20979
Multiarranque;60;2;40977;296.0;50;"Maquina 1: [41 (23), 35 (10), 56 (19), 53 (33), 30 (3), 36 (39), 25 (12), 33 (49), 46 (8), 48 (43), 0 (12), 20 (17), 3 (66), 26 (27), 52 (23), 21 (27), 27 (8), 9 (89), 50 (81), 22 (42), 54 (67), 59 (75), 37 (49), 10 (65), 57 (56), 12 (79), 29 (94), 1 (74), 16 (87), 18 (78)]";19497;"Maquina 2: [23 (29), 49 (33), 24 (5), 15 (27), 55 (43), 19 (3), 4 (2), 2 (6), 43 (16), 40 (45), 28 (4), 7 (51), 47 (18), 6 (27), 34 (76), 11 (38), 58 (64), 8 (67), 13 (66), 5 (98), 38 (44), 42 (86), 39 (73), 51 (68), 17 (71), 14 (74), 45 (98), 32 (86), 31 (91), 44 (94)]";21480
GREEDY;60;2;51391;1.0;1;"Maquina 1: [51 (11), 9 (51), 18 (43), 13 (7), 52 (22), 6 (35), 41 (42), 26 (44), 11 (50), 33 (2), 21 (29), 58 (48), 2 (52), 47 (52), 17 (61), 53 (45), 39 (62), 32 (40), 14 (70), 10 (65), 8 (90), 3 (83), 19 (56), 46 (78), 44 (90), 55 (83), 56 (75), 42 (74), 12 (92), 37 (98)]";25358;"Maquina 2: [49 (4), 23 (33), 29 (53), 22 (10), 4 (13), 50 (50), 15 (37), 20 (43), 48 (51), 16 (43), 1 (45), 31 (48), 43 (98), 38 (49), 25 (41), 36 (62), 27 (24), 57 (60), 7 (52), 40 (77), 24 (68), 28 (90), 34 (93), 30 (83), 45 (74), 35 (71), 5 (82), 54 (62), 0 (91), 59 (83)]";26033
GRASP;60;2;50689;172.0;50;"Maquina 1: [53 (45), 51 (11), 25 (41), 13 (7), 16 (43), 32 (40), 3 (83), 18 (43), 49 (4), 1 (45), 47 (52), 50 (50), 21 (29), 59 (83), 2 (52), 20 (43), 48 (51), 36 (62), 58 (48), 7 (52), 40 (77), 35 (71), 5 (82), 46 (78), 54 (62), 0 (91), 56 (75), 12 (92), 45 (74)]";24532;"Maquina 2: [22 (10), 4 (13), 52 (22), 26 (44), 11 (50), 33 (2), 6 (35), 15 (37), 10 (65), 41 (42), 27 (24), 24 (68), 23 (33), 29 (53), 31 (48), 57 (60), 19 (56), 38 (49), 14 (70), 39 (62), 28 (90), 9 (51), 17 (61), 42 (74), 8 (90), 55 (83), 37 (98), 30 (83), 34 (93), 44 (90), 43 (98)]";26157
LNS;60;2;51391;28.0;50;"Maquina 1: [51 (11), 9 (51), 18 (43), 13 (7), 52 (22), 6 (35), 41 (42), 26 (44), 11 (50), 33 (2), 21 (29), 58 (48), 2 (52), 47 (52), 17 (61), 53 (45), 39 (62), 32 (40), 14 (70), 10 (65), 8 (90), 3 (83), 19 (56), 46 (78), 44 (90), 55 (83), 56 (75), 42 (74), 12 (92), 37 (98)]";25358;"Maquina 2: [49 (4), 23 (33), 29 (53), 22 (10), 4 (13), 50 (50), 15 (37), 20 (43), 48 (51), 16 (43), 1 (45), 31 (48), 43 (98), 38 (49), 25 (41), 36 (62), 27 (24), 57 (60), 7 (52), 40 (77), 24 (68), 28 (90), 34 (93), 30 (83), 45 (74), 35 (71), 5 (82), 54 (62), 0 (91), 59 (83)]";26033
TABÚ;60;2;50654;50.0;50;"Maquina 1: [18 (43), 13 (7), 16 (43), 23 (33), 41 (42), 49 (4), 58 (48), 6 (35), 57 (60), 15 (37), 11 (50), 50 (50), 21 (29), 26 (44), 0 (91), 29 (53), 19 (56), 47 (52), 56 (75), 42 (74), 12 (92), 45 (74), 14 (70), 7 (52), 24 (68), 28 (90), 55 (83), 59 (83), 43 (98), 8 (90)]";27713;"Maquina 2: [22 (10), 4 (13), 52 (22), 53 (45), 51 (11), 9 (51), 27 (24), 33 (2), 31 (48), 32 (40), 38 (49), 39 (62), 36 (62), 25 (41), 10 (65), 20 (43), 30 (83), 2 (52), 1 (45), 48 (51), 17 (61), 3 (83), 54 (62), 37 (98), 40 (77), 35 (71), 5 (82), 46 (78), 44 (90), 34 (93)]";22941
VNS;60;2;50535;4233.0;50;"Maquina 1: [51 (11), 9 (51), 18 (43), 13 (7), 52 (22), 6 (35), 41 (42), 26 (44), 11 (50), 33 (2), 21 (29), 58 (48), 2 (52), 1 (45), 47 (52), 17 (61), 53 (45), 39 (62), 32 (40), 14 (70), 10 (65), 8 (90), 57 (60), 19 (56), 46 (78), 44 (90), 55 (83), 56 (75), 42 (74), 12 (92), 37 (98)]";26071;"Maquina 2: [49 (4), 23 (33), 29 (53), 22 (10), 4 (13), 50 (50), 15 (37), 20 (43), 48 (51), 16 (43), 31 (48), 43 (98), 38 (49), 25 (41), 36 (62), 27 (24), 3 (83), 7 (52), 40 (77), 24 (68), 28 (90), 34 (93), 30 (83), 45 (74), 35 (71), 5 (82), 54 (62), 0 (91), 59 (83)]";24464
Multiarranque;60;2;50445;279.0;50;"Maquina 1: [49 (4), 58 (48), 19 (56), 22 (10), 26 (44), 4 (13), 16 (43), 41 (42), 32 (40), 15 (37), 20 (43), 6 (35), 1 (45), 47 (52), 27 (24), 57 (60), 5 (82), 17 (61), 42 (74), 8 (90), 7 (52), 10 (65), 40 (77), 46 (78), 44 (90), 39 (62), 55 (83), 37 (98), 30 (83), 0 (91)]";25371;"Maquina 2: [13 (7), 52 (22), 53 (45), 51 (11), 9 (51), 33 (2), 11 (50), 50 (50), 25 (41), 3 (83), 18 (43), 38 (49), 24 (68), 23 (33), 21 (29), 29 (53), 54 (62), 31 (48), 56 (75), 48 (51), 36 (62), 14 (70), 2 (52), 43 (98), 28 (90), 35 (71), 12 (92), 45 (74), 34 (93), 59 (83)]";25074
