GREEDY;50;4;15051;0.0;1;"Maquina 1: [38 (6), 16 (1), 24 (9), 19 (44), 18 (32), 45 (48), 25 (20), 5 (59), 36 (70), 21 (64), 31 (94), 40 (79), 2 (99)]";3622;"Maquina 2: [49 (6), 26 (2), 28 (80), 48 (9), 29 (42), 9 (28), 33 (61), 10 (71), 3 (48), 17 (65), 20 (95), 30 (99)]";3858;"Maquina 3: [35 (2), 1 (21), 15 (11), 6 (9), 27 (32), 14 (74), 41 (61), 13 (46), 44 (68), 34 (99), 47 (53), 37 (96), 12 (84)]";4155;"Maquina 4: [8 (3), 43 (28), 22 (9), 7 (54), 4 (15), 0 (70), 32 (33), 42 (62), 23 (47), 39 (76), 11 (90), 46 (97)]";3416
GRASP;50;4;13610;135.0;50;"Maquina 1: [4 (15), 25 (20), 6 (9), 18 (32), 47 (53), 7 (54), 45 (48), 35 (2), 36 (70), 42 (62), 33 (61), 39 (76), 31 (94)]";3670;"Maquina 2: [8 (3), 38 (6), 27 (32), 49 (6), 32 (33), 23 (47), 19 (44), 3 (48), 12 (84), 11 (90), 14 (74), 37 (96), 20 (95)]";3576;"Maquina 3: [22 (9), 43 (28), 1 (21), 9 (28), 16 (1), 41 (61), 5 (59), 10 (71), 13 (46), 40 (79), 46 (97), 30 (99)]";3096;"Maquina 4: [26 (2), 24 (9), 15 (11), 48 (9), 29 (42), 21 (64), 44 (68), 28 (80), 0 (70), 17 (65), 2 (99), 34 (99)]";3268
LNS;50;4;14957;7.0;50;"Maquina 1: [38 (6), 16 (1), 24 (9), 19 (44), 18 (32), 45 (48), 25 (20), 5 (59), 36 (70), 21 (64), 31 (94), 40 (79), 2 (99)]";3622;"Maquina 2: [49 (6), 26 (2), 28 (80), 48 (9), 29 (42), 9 (28), 33 (61), 10 (71), 3 (48), 17 (65), 20 (95), 30 (99)]";3858;"Maquina 3: [35 (2), 1 (21), 15 (11), 6 (9), 27 (32), 14 (74), 41 (61), 13 (46), 44 (68), 34 (99), 47 (53), 37 (96), 12 (84)]";4155;"Maquina 4: [22 (9), 43 (28), 8 (3), 7 (54), 4 (15), 0 (70), 32 (33), 42 (62), 23 (47), 39 (76), 11 (90), 46 (97)]";3322
TABÚ;50;4;14069;41.0;50;"Maquina 1: [15 (11), 25 (20), 16 (1), 44 (68), 1 (21), 36 (70), 42 (62), 3 (48), 0 (70), 12 (84), 34 (99), 46 (97)]";3549;"Maquina 2: [35 (2), 19 (44), 8 (3), 6 (9), 18 (32), 47 (53), 5 (59), 14 (74), 10 (71), 13 (46), 31 (94), 40 (79)]";3126;"Maquina 3: [49 (6), 26 (2), 24 (9), 9 (28), 33 (61), 22 (9), 27 (32), 23 (47), 45 (48), 39 (76), 37 (96), 41 (61), 20 (95), 30 (99)]";3984;"Maquina 4: [38 (6), 32 (33), 48 (9), 4 (15), 43 (28), 7 (54), 29 (42), 11 (90), 21 (64), 28 (80), 2 (99), 17 (65)]";3410
VNS;50;4;14496;3089.0;50;"Maquina 1: [38 (6), 16 (1), 24 (9), 19 (44), 18 (32), 45 (48), 25 (20), 5 (59), 36 (70), 21 (64), 31 (94), 40 (79), 2 (99)]";3622;"Maquina 2: [49 (6), 26 (2), 28 (80), 48 (9), 29 (42), 47 (53), 9 (28), 33 (61), 32 (33), 3 (48), 11 (90), 20 (95), 30 (99)]";4112;"Maquina 3: [35 (2), 1 (21), 15 (11), 6 (9), 27 (32), 14 (74), 41 (61), 13 (46), 44 (68), 17 (65), 37 (96), 12 (84)]";3318;"Maquina 4: [22 (9), 43 (28), 8 (3), 7 (54), 4 (15), 0 (70), 10 (71), 42 (62), 23 (47), 39 (76), 34 (99), 46 (97)]";3444
Multiarranque;50;4;14043;191.0;50;"Maquina 1: [26 (2), 4 (15), 25 (20), 38 (6), 33 (61), 29 (42), 40 (79), 45 (48), 44 (68), 30 (99), 2 (99), 31 (94)]";3499;"Maquina 2: [49 (6), 32 (33), 9 (28), 1 (21), 18 (32), 47 (53), 43 (28), 21 (64), 13 (46), 14 (74), 11 (90), 28 (80)]";3093;"Maquina 3: [22 (9), 7 (54), 27 (32), 35 (2), 5 (59), 36 (70), 42 (62), 3 (48), 17 (65), 37 (96), 20 (95), 46 (97)]";4030;"Maquina 4: [15 (11), 8 (3), 6 (9), 16 (1), 48 (9), 24 (9), 19 (44), 23 (47), 41 (61), 39 (76), 12 (84), 0 (70), 34 (99), 10 (71)]";3421
GREEDY;50;4;22287;0.0;1;"Maquina 1: [48 (54), 10 (39), 3 (4), 35 (51), 41 (30), 20 (44), 11 (21), 13 (58), 39 (76), 24 (92), 26 (84), 27 (63), 0 (98)]";5977;"Maquina 2: [8 (41), 7 (30), 45 (22), 4 (45), 30 (11), 29 (55), 18 (77), 44 (84), 37 (51), 15 (58), 47 (65), 25 (93)]";5334;"Maquina 3: [28 (58), 43 (23), 23 (17), 5 (43), 38 (67), 40 (35), 6 (55), 21 (25), 19 (79), 1 (85), 9 (51), 33 (92)]";5292;"Maquina 4: [2 (43), 31 (19), 14 (60), 32 (24), 49 (50), 46 (51), 36 (62), 22 (34), 17 (56), 16 (73), 42 (80), 34 (93), 12 (86)]";5684
GRASP;50;4;18366;141.0;50;"Maquina 1: [32 (24), 43 (23), 23 (17), 35 (51), 5 (43), 42 (80), 15 (58), 37 (51), 49 (50), 14 (60), 34 (93), 0 (98)]";4275;"Maquina 2: [41 (30), 30 (11), 11 (21), 46 (51), 4 (45), 22 (34), 17 (56), 28 (58), 16 (73), 38 (67), 47 (65), 39 (76), 25 (93)]";4549;"Maquina 3: [45 (22), 3 (4), 21 (25), 12 (86), 40 (35), 10 (39), 26 (84), 27 (63), 48 (54), 6 (55), 18 (77), 44 (84)]";4239;"Maquina 4: [31 (19), 8 (41), 7 (30), 20 (44), 19 (79), 13 (58), 36 (62), 29 (55), 9 (51), 2 (43), 1 (85), 24 (92), 33 (92)]";5303
LNS;50;4;21841;9.0;50;"Maquina 1: [48 (54), 10 (39), 3 (4), 35 (51), 13 (58), 20 (44), 11 (21), 41 (30), 39 (76), 24 (92), 26 (84), 27 (63), 0 (98)]";5930;"Maquina 2: [8 (41), 7 (30), 45 (22), 37 (51), 30 (11), 29 (55), 18 (77), 15 (58), 4 (45), 44 (84), 47 (65), 25 (93)]";4935;"Maquina 3: [28 (58), 43 (23), 23 (17), 5 (43), 38 (67), 40 (35), 6 (55), 21 (25), 19 (79), 1 (85), 9 (51), 33 (92)]";5292;"Maquina 4: [2 (43), 31 (19), 14 (60), 32 (24), 49 (50), 46 (51), 36 (62), 22 (34), 17 (56), 16 (73), 42 (80), 34 (93), 12 (86)]";5684
TABÚ;50;4;19097;44.0;50;"Maquina 1: [41 (30), 30 (11), 2 (43), 31 (19), 40 (35), 6 (55), 14 (60), 20 (44), 5 (43), 16 (73), 42 (80), 38 (67), 12 (86)]";4504;"Maquina 2: [45 (22), 3 (4), 21 (25), 35 (51), 13 (58), 19 (79), 44 (84), 4 (45), 11 (21), 43 (23), 27 (63), 0 (98), 25 (93)]";5090;"Maquina 3: [10 (39), 32 (24), 36 (62), 15 (58), 9 (51), 29 (55), 17 (56), 48 (54), 18 (77), 24 (92), 1 (85), 26 (84)]";5213;"Maquina 4: [22 (34), 28 (58), 8 (41), 7 (30), 23 (17), 37 (51), 49 (50), 46 (51), 47 (65), 39 (76), 33 (92), 34 (93)]";4290
VNS;50;4;21430;2798.0;50;"Maquina 1: [37 (51), 10 (39), 35 (51), 41 (30), 29 (55), 11 (21), 13 (58), 39 (76), 24 (92), 26 (84), 27 (63), 0 (98)]";5508;"Maquina 2: [8 (41), 7 (30), 3 (4), 45 (22), 4 (45), 30 (11), 20 (44), 18 (77), 44 (84), 48 (54), 15 (58), 47 (65), 25 (93)]";4946;"Maquina 3: [28 (58), 43 (23), 23 (17), 5 (43), 38 (67), 40 (35), 6 (55), 21 (25), 19 (79), 1 (85), 9 (51), 33 (92)]";5292;"Maquina 4: [2 (43), 31 (19), 14 (60), 32 (24), 49 (50), 46 (51), 36 (62), 22 (34), 17 (56), 16 (73), 42 (80), 34 (93), 12 (86)]";5684
Multiarranque;50;4;19623;165.0;50;"Maquina 1: [23 (17), 17 (56), 45 (22), 22 (34), 13 (58), 36 (62), 15 (58), 29 (55), 14 (60), 38 (67), 16 (73), 25 (93)]";4736;"Maquina 2: [32 (24), 49 (50), 7 (30), 8 (41), 21 (25), 30 (11), 2 (43), 18 (77), 12 (86), 42 (80), 34 (93), 33 (92)]";4303;"Maquina 3: [41 (30), 28 (58), 43 (23), 5 (43), 27 (63), 11 (21), 6 (55), 47 (65), 39 (76), 44 (84), 0 (98), 1 (85)]";4998;"Maquina 4: [3 (4), 4 (45), 9 (51), 46 (51), 31 (19), 48 (54), 40 (35), 20 (44), 37 (51), 10 (39), 35 (51), 19 (79), 24 (92), 26 (84)]";5586
GREEDY;50;4;16984;0.0;1;"Maquina 1: [15 (43), 2 (4), 16 (17), 24 (12), 46 (53), 39 (28), 18 (48), 29 (21), 35 (51), 25 (64), 13 (78), 28 (94), 47 (86)]";4486;"Maquina 2: [40 (14), 17 (50), 11 (10), 30 (13), 37 (27), 6 (44), 43 (31), 12 (42), 1 (53), 41 (78), 32 (55), 20 (65), 5 (91)]";4036;"Maquina 3: [23 (10), 19 (28), 10 (53), 38 (18), 34 (34), 0 (14), 48 (45), 3 (74), 22 (42), 21 (51), 44 (92), 31 (58), 4 (81)]";4347;"Maquina 4: [14 (12), 26 (37), 36 (49), 7 (14), 27 (92), 8 (23), 49 (56), 33 (52), 42 (69), 45 (43), 9 (79)]";4115
GRASP;50;4;15184;141.0;50;"Maquina 1: [23 (10), 7 (14), 11 (10), 30 (13), 48 (45), 29 (21), 35 (51), 12 (42), 1 (53), 15 (43), 18 (48), 4 (81), 44 (92), 47 (86)]";4406;"Maquina 2: [22 (42), 8 (23), 49 (56), 2 (4), 39 (28), 37 (27), 38 (18), 33 (52), 9 (79), 32 (55), 36 (49), 27 (92)]";3329;"Maquina 3: [40 (14), 17 (50), 46 (53), 34 (34), 24 (12), 6 (44), 10 (53), 20 (65), 31 (58), 42 (69), 45 (43), 5 (91)]";3815;"Maquina 4: [16 (17), 43 (31), 19 (28), 41 (78), 14 (12), 0 (14), 21 (51), 26 (37), 13 (78), 3 (74), 25 (64), 28 (94)]";3634
LNS;50;4;16960;7.0;50;"Maquina 1: [15 (43), 2 (4), 24 (12), 16 (17), 46 (53), 39 (28), 18 (48), 29 (21), 35 (51), 25 (64), 13 (78), 28 (94), 47 (86)]";4483;"Maquina 2: [40 (14), 17 (50), 11 (10), 30 (13), 37 (27), 6 (44), 43 (31), 12 (42), 1 (53), 41 (78), 20 (65), 32 (55), 5 (91)]";4015;"Maquina 3: [23 (10), 19 (28), 10 (53), 38 (18), 34 (34), 0 (14), 48 (45), 3 (74), 22 (42), 21 (51), 44 (92), 31 (58), 4 (81)]";4347;"Maquina 4: [14 (12), 26 (37), 36 (49), 7 (14), 27 (92), 8 (23), 49 (56), 33 (52), 42 (69), 45 (43), 9 (79)]";4115
TABÚ;50;4;15653;39.0;50;"Maquina 1: [34 (34), 21 (51), 14 (12), 32 (55), 18 (48), 0 (14), 29 (21), 35 (51), 25 (64), 20 (65), 28 (94), 27 (92)]";3872;"Maquina 2: [23 (10), 46 (53), 38 (18), 8 (23), 12 (42), 45 (43), 40 (14), 17 (50), 2 (4), 4 (81), 22 (42), 47 (86), 5 (91)]";3810;"Maquina 3: [16 (17), 7 (14), 19 (28), 24 (12), 43 (31), 6 (44), 15 (43), 1 (53), 3 (74), 31 (58), 42 (69), 9 (79), 44 (92)]";4413;"Maquina 4: [11 (10), 30 (13), 26 (37), 37 (27), 33 (52), 39 (28), 48 (45), 49 (56), 36 (49), 10 (53), 41 (78), 13 (78)]";3558
VNS;50;4;16485;3037.0;50;"Maquina 1: [15 (43), 2 (4), 16 (17), 24 (12), 33 (52), 39 (28), 18 (48), 29 (21), 35 (51), 25 (64), 13 (78), 32 (55), 45 (43)]";4047;"Maquina 2: [40 (14), 17 (50), 11 (10), 30 (13), 37 (27), 6 (44), 43 (31), 12 (42), 1 (53), 41 (78), 28 (94), 20 (65), 5 (91)]";4044;"Maquina 3: [23 (10), 19 (28), 10 (53), 38 (18), 34 (34), 0 (14), 48 (45), 3 (74), 22 (42), 21 (51), 44 (92), 31 (58), 4 (81)]";4347;"Maquina 4: [14 (12), 26 (37), 36 (49), 7 (14), 27 (92), 8 (23), 49 (56), 46 (53), 42 (69), 47 (86), 9 (79)]";4047
Multiarranque;50;4;16020;170.0;50;"Maquina 1: [24 (12), 8 (23), 32 (55), 18 (48), 35 (51), 12 (42), 9 (79), 40 (14), 36 (49), 6 (44), 19 (28), 41 (78), 5 (91)]";4536;"Maquina 2: [34 (34), 21 (51), 23 (10), 7 (14), 11 (10), 26 (37), 20 (65), 22 (42), 33 (52), 27 (92), 47 (86), 44 (92)]";3973;"Maquina 3: [37 (27), 43 (31), 14 (12), 0 (14), 29 (21), 17 (50), 28 (94), 42 (69), 1 (53), 15 (43), 25 (64), 4 (81)]";3661;"Maquina 4: [2 (4), 16 (17), 49 (56), 46 (53), 38 (18), 39 (28), 48 (45), 30 (13), 45 (43), 31 (58), 10 (53), 3 (74), 13 (78)]";3850
GREEDY;50;4;18145;0.0;1;"Maquina 1: [39 (10), 18 (19), 1 (5), 0 (14), 24 (40), 19 (33), 37 (61), 14 (49), 35 (51), 29 (45), 31 (66), 17 (77), 36 (82), 25 (98)]";4905;"Maquina 2: [12 (7), 49 (18), 15 (48), 4 (12), 33 (59), 41 (49), 28 (33), 8 (64), 40 (44), 6 (88), 11 (71), 43 (81)]";4500;"Maquina 3: [9 (51), 27 (15), 13 (10), 30 (48), 3 (36), 32 (12), 47 (66), 20 (24), 7 (45), 48 (77), 34 (84), 10 (62)]";4179;"Maquina 4: [42 (60), 23 (10), 38 (13), 16 (15), 2 (66), 22 (36), 44 (28), 46 (46), 5 (73), 26 (82), 21 (50), 45 (89)]";4561
GRASP;50;4;15517;146.0;50;"Maquina 1: [28 (33), 32 (12), 27 (15), 9 (51), 30 (48), 2 (66), 14 (49), 22 (36), 37 (61), 11 (71), 17 (77), 48 (77)]";3958;"Maquina 2: [3 (36), 38 (13), 13 (10), 44 (28), 24 (40), 40 (44), 19 (33), 35 (51), 7 (45), 36 (82), 42 (60), 34 (84), 6 (88)]";4041;"Maquina 3: [39 (10), 46 (46), 49 (18), 16 (15), 20 (24), 23 (10), 29 (45), 8 (64), 12 (7), 15 (48), 5 (73), 43 (81), 33 (59)]";3870;"Maquina 4: [1 (5), 0 (14), 21 (50), 4 (12), 47 (66), 18 (19), 31 (66), 10 (62), 45 (89), 26 (82), 41 (49), 25 (98)]";3648
LNS;50;4;17919;7.0;50;"Maquina 1: [39 (10), 18 (19), 1 (5), 0 (14), 24 (40), 19 (33), 37 (61), 14 (49), 35 (51), 29 (45), 31 (66), 17 (77), 36 (82), 25 (98)]";4905;"Maquina 2: [49 (18), 12 (7), 15 (48), 4 (12), 33 (59), 41 (49), 28 (33), 8 (64), 40 (44), 6 (88), 11 (71), 43 (81)]";4481;"Maquina 3: [13 (10), 27 (15), 9 (51), 30 (48), 7 (45), 32 (12), 47 (66), 20 (24), 3 (36), 48 (77), 34 (84), 10 (62)]";3972;"Maquina 4: [42 (60), 23 (10), 38 (13), 16 (15), 2 (66), 22 (36), 44 (28), 46 (46), 5 (73), 26 (82), 21 (50), 45 (89)]";4561
TABÚ;50;4;16454;43.0;50;"Maquina 1: [27 (15), 4 (12), 1 (5), 49 (18), 38 (13), 13 (10), 35 (51), 22 (36), 14 (49), 45 (89), 8 (64), 43 (81), 47 (66)]";3142;"Maquina 2: [28 (33), 0 (14), 37 (61), 44 (28), 41 (49), 25 (98), 31 (66), 21 (50), 10 (62), 33 (59), 36 (82), 34 (84)]";4661;"Maquina 3: [23 (10), 16 (15), 2 (66), 20 (24), 29 (45), 24 (40), 11 (71), 39 (10), 46 (46), 40 (44), 42 (60), 26 (82)]";4206;"Maquina 4: [12 (7), 18 (19), 3 (36), 32 (12), 19 (33), 48 (77), 15 (48), 5 (73), 9 (51), 7 (45), 17 (77), 6 (88), 30 (48)]";4445
VNS;50;4;17524;3109.0;50;"Maquina 1: [39 (10), 18 (19), 1 (5), 0 (14), 24 (40), 19 (33), 37 (61), 46 (46), 35 (51), 29 (45), 31 (66), 17 (77), 36 (82), 25 (98)]";4613;"Maquina 2: [49 (18), 12 (7), 15 (48), 4 (12), 33 (59), 41 (49), 28 (33), 8 (64), 40 (44), 11 (71), 43 (81)]";3607;"Maquina 3: [9 (51), 27 (15), 13 (10), 30 (48), 3 (36), 32 (12), 47 (66), 22 (36), 48 (77), 34 (84), 10 (62), 6 (88)]";4317;"Maquina 4: [42 (60), 23 (10), 38 (13), 7 (45), 16 (15), 2 (66), 20 (24), 44 (28), 14 (49), 5 (73), 26 (82), 21 (50), 45 (89)]";4987
Multiarranque;50;4;16714;168.0;50;"Maquina 1: [19 (33), 35 (51), 5 (73), 23 (10), 6 (88), 26 (82), 25 (98), 31 (66), 45 (89), 44 (28), 47 (66)]";4546;"Maquina 2: [14 (49), 7 (45), 21 (50), 40 (44), 18 (19), 29 (45), 3 (36), 22 (36), 36 (82), 42 (60), 10 (62), 43 (81)]";4607;"Maquina 3: [0 (14), 12 (7), 1 (5), 4 (12), 39 (10), 33 (59), 9 (51), 30 (48), 41 (49), 46 (46), 32 (12), 48 (77), 49 (18), 11 (71)]";3844;"Maquina 4: [38 (13), 13 (10), 27 (15), 16 (15), 20 (24), 2 (66), 28 (33), 24 (40), 8 (64), 37 (61), 17 (77), 15 (48), 34 (84)]";3717
GREEDY;50;4;15947;0.0;1;"Maquina 1: [36 (8), 48 (2), 45 (22), 7 (34), 43 (38), 5 (49), 18 (57), 27 (82), 9 (55), 16 (64), 0 (97), 30 (89), 4 (92)]";4229;"Maquina 2: [20 (9), 13 (3), 15 (36), 34 (50), 42 (24), 1 (59), 49 (55), 22 (68), 24 (42), 32 (84), 8 (90), 35 (92)]";3707;"Maquina 3: [47 (5), 29 (13), 25 (57), 31 (42), 40 (34), 41 (22), 37 (49), 19 (55), 39 (65), 46 (79), 26 (94), 11 (90), 3 (87)]";4151;"Maquina 4: [44 (7), 6 (43), 21 (27), 2 (19), 14 (53), 33 (37), 10 (90), 38 (56), 17 (61), 28 (73), 23 (93), 12 (85)]";3860
GRASP;50;4;14911;138.0;50;"Maquina 1: [15 (36), 34 (50), 2 (19), 7 (34), 43 (38), 24 (42), 28 (73), 38 (56), 17 (61), 16 (64), 12 (85), 4 (92)]";3821;"Maquina 2: [48 (2), 20 (9), 36 (8), 6 (43), 29 (13), 37 (49), 18 (57), 32 (84), 31 (42), 8 (90), 23 (93), 10 (90), 26 (94)]";3526;"Maquina 3: [47 (5), 40 (34), 41 (22), 25 (57), 45 (22), 19 (55), 9 (55), 3 (87), 14 (53), 39 (65), 46 (79), 0 (97)]";3563;"Maquina 4: [13 (3), 44 (7), 21 (27), 5 (49), 42 (24), 49 (55), 33 (37), 27 (82), 22 (68), 30 (89), 1 (59), 11 (90), 35 (92)]";4001
LNS;50;4;15947;7.0;50;"Maquina 1: [36 (8), 48 (2), 45 (22), 7 (34), 43 (38), 5 (49), 18 (57), 27 (82), 9 (55), 16 (64), 0 (97), 30 (89), 4 (92)]";4229;"Maquina 2: [20 (9), 13 (3), 15 (36), 34 (50), 42 (24), 1 (59), 49 (55), 22 (68), 24 (42), 32 (84), 8 (90), 35 (92)]";3707;"Maquina 3: [47 (5), 29 (13), 25 (57), 31 (42), 40 (34), 41 (22), 37 (49), 19 (55), 39 (65), 46 (79), 26 (94), 11 (90), 3 (87)]";4151;"Maquina 4: [44 (7), 6 (43), 21 (27), 2 (19), 14 (53), 33 (37), 10 (90), 38 (56), 17 (61), 28 (73), 23 (93), 12 (85)]";3860
TABÚ;50;4;15648;43.0;50;"Maquina 1: [20 (9), 13 (3), 15 (36), 45 (22), 18 (57), 39 (65), 25 (57), 31 (42), 8 (90), 23 (93), 12 (85), 0 (97)]";3723;"Maquina 2: [44 (7), 6 (43), 36 (8), 34 (50), 21 (27), 40 (34), 9 (55), 49 (55), 5 (49), 27 (82), 11 (90), 30 (89), 26 (94)]";4061;"Maquina 3: [47 (5), 42 (24), 41 (22), 2 (19), 14 (53), 33 (37), 24 (42), 46 (79), 38 (56), 10 (90), 19 (55), 1 (59), 4 (92)]";4111;"Maquina 4: [29 (13), 7 (34), 43 (38), 28 (73), 37 (49), 48 (2), 17 (61), 16 (64), 35 (92), 22 (68), 3 (87), 32 (84)]";3753
VNS;50;4;15709;2975.0;50;"Maquina 1: [36 (8), 48 (2), 31 (42), 7 (34), 43 (38), 5 (49), 18 (57), 27 (82), 9 (55), 16 (64), 0 (97), 30 (89), 4 (92)]";4159;"Maquina 2: [20 (9), 13 (3), 15 (36), 34 (50), 42 (24), 1 (59), 49 (55), 22 (68), 24 (42), 32 (84), 8 (90), 35 (92)]";3707;"Maquina 3: [2 (19), 29 (13), 44 (7), 25 (57), 45 (22), 41 (22), 37 (49), 19 (55), 39 (65), 46 (79), 26 (94), 11 (90), 3 (87)]";3781;"Maquina 4: [6 (43), 21 (27), 47 (5), 14 (53), 33 (37), 10 (90), 38 (56), 17 (61), 40 (34), 28 (73), 23 (93), 12 (85)]";4062
Multiarranque;50;4;15555;161.0;50;"Maquina 1: [21 (27), 47 (5), 37 (49), 18 (57), 39 (65), 2 (19), 49 (55), 14 (53), 8 (90), 27 (82), 25 (57), 0 (97)]";3929;"Maquina 2: [29 (13), 13 (3), 44 (7), 9 (55), 42 (24), 19 (55), 31 (42), 34 (50), 10 (90), 16 (64), 12 (85), 26 (94), 30 (89)]";4049;"Maquina 3: [36 (8), 20 (9), 15 (36), 41 (22), 5 (49), 24 (42), 40 (34), 22 (68), 33 (37), 46 (79), 23 (93), 3 (87), 35 (92)]";3702;"Maquina 4: [48 (2), 45 (22), 1 (59), 7 (34), 43 (38), 28 (73), 38 (56), 17 (61), 6 (43), 11 (90), 32 (84), 4 (92)]";3875
GREEDY;50;4;20401;1.0;1;"Maquina 1: [34 (17), 16 (47), 19 (2), 1 (24), 31 (70), 44 (33), 13 (43), 37 (92), 27 (68), 10 (56), 46 (75), 49 (60), 23 (96)]";4921;"Maquina 2: [43 (17), 15 (40), 36 (44), 14 (97), 26 (28), 7 (10), 20 (60), 35 (88), 18 (54), 24 (94), 28 (64), 45 (69)]";5033;"Maquina 3: [48 (19), 2 (30), 6 (45), 33 (63), 0 (40), 12 (85), 39 (14), 41 (89), 8 (52), 17 (69), 30 (95), 22 (59)]";4809;"Maquina 4: [9 (37), 5 (15), 38 (21), 47 (27), 25 (43), 11 (62), 29 (47), 3 (58), 32 (73), 40 (89), 4 (69), 21 (95), 42 (97)]";5638
GRASP;50;4;18575;141.0;50;"Maquina 1: [43 (17), 10 (56), 38 (21), 7 (10), 40 (89), 44 (33), 8 (52), 49 (60), 11 (62), 14 (97), 29 (47), 35 (88)]";4262;"Maquina 2: [34 (17), 39 (14), 22 (59), 15 (40), 45 (69), 26 (28), 13 (43), 4 (69), 32 (73), 33 (63), 17 (69), 23 (96), 24 (94)]";4805;"Maquina 3: [19 (2), 25 (43), 16 (47), 1 (24), 31 (70), 3 (58), 20 (60), 47 (27), 27 (68), 48 (19), 12 (85), 37 (92), 42 (97)]";4789;"Maquina 4: [9 (37), 46 (75), 2 (30), 6 (45), 0 (40), 5 (15), 18 (54), 36 (44), 21 (95), 30 (95), 41 (89), 28 (64)]";4719
LNS;50;4;20401;7.0;50;"Maquina 1: [34 (17), 16 (47), 19 (2), 1 (24), 31 (70), 44 (33), 13 (43), 37 (92), 27 (68), 10 (56), 46 (75), 49 (60), 23 (96)]";4921;"Maquina 2: [43 (17), 15 (40), 36 (44), 14 (97), 26 (28), 7 (10), 20 (60), 35 (88), 18 (54), 24 (94), 28 (64), 45 (69)]";5033;"Maquina 3: [48 (19), 2 (30), 6 (45), 33 (63), 0 (40), 12 (85), 39 (14), 41 (89), 8 (52), 17 (69), 30 (95), 22 (59)]";4809;"Maquina 4: [9 (37), 5 (15), 38 (21), 47 (27), 25 (43), 11 (62), 29 (47), 3 (58), 32 (73), 40 (89), 4 (69), 21 (95), 42 (97)]";5638
TABÚ;50;4;18321;41.0;50;"Maquina 1: [19 (2), 43 (17), 10 (56), 36 (44), 9 (37), 35 (88), 7 (10), 40 (89), 44 (33), 31 (70), 21 (95), 46 (75)]";3966;"Maquina 2: [38 (21), 48 (19), 1 (24), 15 (40), 13 (43), 8 (52), 49 (60), 33 (63), 17 (69), 45 (69), 30 (95), 14 (97), 41 (89)]";5169;"Maquina 3: [34 (17), 39 (14), 22 (59), 26 (28), 5 (15), 16 (47), 18 (54), 32 (73), 29 (47), 42 (97), 27 (68), 4 (69), 37 (92)]";4532;"Maquina 4: [3 (58), 2 (30), 6 (45), 47 (27), 25 (43), 11 (62), 12 (85), 0 (40), 20 (60), 28 (64), 23 (96), 24 (94)]";4654
VNS;50;4;19666;2380.0;50;"Maquina 1: [34 (17), 16 (47), 19 (2), 1 (24), 31 (70), 44 (33), 13 (43), 37 (92), 27 (68), 15 (40), 46 (75), 22 (59), 49 (60), 23 (96)]";5580;"Maquina 2: [43 (17), 10 (56), 36 (44), 4 (69), 26 (28), 7 (10), 20 (60), 35 (88), 18 (54), 24 (94), 28 (64), 45 (69)]";4796;"Maquina 3: [48 (19), 2 (30), 6 (45), 33 (63), 0 (40), 12 (85), 39 (14), 41 (89), 8 (52), 17 (69), 42 (97), 14 (97)]";4812;"Maquina 4: [9 (37), 5 (15), 38 (21), 47 (27), 25 (43), 11 (62), 29 (47), 3 (58), 32 (73), 40 (89), 30 (95), 21 (95)]";4478
Multiarranque;50;4;19650;183.0;50;"Maquina 1: [1 (24), 28 (64), 2 (30), 6 (45), 7 (10), 38 (21), 39 (14), 23 (96), 3 (58), 35 (88), 40 (89), 30 (95), 14 (97)]";4915;"Maquina 2: [29 (47), 8 (52), 49 (60), 16 (47), 44 (33), 11 (62), 12 (85), 48 (19), 4 (69), 37 (92), 41 (89)]";4768;"Maquina 3: [18 (54), 47 (27), 27 (68), 43 (17), 15 (40), 13 (43), 0 (40), 20 (60), 46 (75), 32 (73), 33 (63), 17 (69), 45 (69)]";5248;"Maquina 4: [34 (17), 25 (43), 19 (2), 9 (37), 26 (28), 5 (15), 21 (95), 10 (56), 36 (44), 31 (70), 42 (97), 22 (59), 24 (94)]";4719
GREEDY;50;4;16135;0.0;1;"Maquina 1: [33 (1), 3 (28), 8 (14), 48 (32), 11 (45), 10 (40), 35 (54), 24 (51), 45 (72), 34 (59), 25 (64), 16 (81), 47 (92)]";3911;"Maquina 2: [31 (7), 21 (19), 36 (40), 43 (52), 17 (35), 38 (67), 1 (29), 28 (49), 42 (60), 32 (90), 7 (56), 4 (79), 18 (99)]";4246;"Maquina 3: [40 (12), 9 (20), 13 (46), 26 (37), 27 (76), 15 (29), 29 (51), 14 (66), 5 (56), 41 (60), 19 (88), 0 (97)]";4067;"Maquina 4: [46 (30), 30 (22), 49 (13), 2 (36), 12 (44), 37 (49), 39 (53), 44 (60), 22 (72), 23 (57), 6 (81), 20 (91)]";3911
GRASP;50;4;15310;155.0;50;"Maquina 1: [9 (20), 2 (36), 11 (45), 7 (56), 3 (28), 25 (64), 41 (60), 35 (54), 19 (88), 24 (51), 45 (72), 16 (81)]";3960;"Maquina 2: [31 (7), 40 (12), 8 (14), 48 (32), 21 (19), 43 (52), 5 (56), 38 (67), 44 (60), 18 (99), 42 (60), 14 (66), 4 (79)]";3570;"Maquina 3: [46 (30), 30 (22), 12 (44), 39 (53), 36 (40), 28 (49), 26 (37), 37 (49), 27 (76), 22 (72), 23 (57), 47 (92)]";3789;"Maquina 4: [33 (1), 1 (29), 15 (29), 29 (51), 34 (59), 10 (40), 49 (13), 13 (46), 17 (35), 6 (81), 0 (97), 32 (90), 20 (91)]";3991
LNS;50;4;16050;8.0;50;"Maquina 1: [33 (1), 3 (28), 8 (14), 48 (32), 11 (45), 10 (40), 35 (54), 24 (51), 45 (72), 34 (59), 25 (64), 16 (81), 47 (92)]";3911;"Maquina 2: [31 (7), 21 (19), 36 (40), 43 (52), 17 (35), 38 (67), 1 (29), 28 (49), 42 (60), 32 (90), 4 (79), 7 (56), 18 (99)]";4244;"Maquina 3: [40 (12), 9 (20), 13 (46), 26 (37), 27 (76), 15 (29), 29 (51), 14 (66), 5 (56), 41 (60), 19 (88), 0 (97)]";4067;"Maquina 4: [2 (36), 30 (22), 49 (13), 46 (30), 12 (44), 37 (49), 39 (53), 44 (60), 22 (72), 23 (57), 6 (81), 20 (91)]";3828
TABÚ;50;4;15395;47.0;50;"Maquina 1: [40 (12), 8 (14), 36 (40), 1 (29), 15 (29), 23 (57), 17 (35), 24 (51), 16 (81), 37 (49), 5 (56), 22 (72), 18 (99)]";3916;"Maquina 2: [49 (13), 9 (20), 48 (32), 2 (36), 11 (45), 29 (51), 34 (59), 25 (64), 41 (60), 45 (72), 19 (88), 47 (92)]";3538;"Maquina 3: [13 (46), 30 (22), 31 (7), 33 (1), 7 (56), 42 (60), 46 (30), 10 (40), 44 (60), 20 (91), 35 (54), 27 (76), 32 (90)]";3980;"Maquina 4: [3 (28), 21 (19), 43 (52), 12 (44), 14 (66), 28 (49), 26 (37), 4 (79), 39 (53), 38 (67), 6 (81), 0 (97)]";3961
VNS;50;4;15729;3511.0;50;"Maquina 1: [33 (1), 3 (28), 8 (14), 48 (32), 11 (45), 10 (40), 35 (54), 24 (51), 45 (72), 34 (59), 25 (64), 16 (81), 47 (92)]";3911;"Maquina 2: [31 (7), 9 (20), 36 (40), 43 (52), 17 (35), 38 (67), 7 (56), 42 (60), 32 (90), 4 (79), 28 (49), 18 (99)]";3918;"Maquina 3: [40 (12), 49 (13), 1 (29), 13 (46), 26 (37), 27 (76), 15 (29), 29 (51), 14 (66), 5 (56), 41 (60), 6 (81), 0 (97)]";4098;"Maquina 4: [46 (30), 30 (22), 21 (19), 2 (36), 12 (44), 37 (49), 39 (53), 44 (60), 22 (72), 23 (57), 19 (88), 20 (91)]";3802
Multiarranque;50;4;15780;162.0;50;"Maquina 1: [31 (7), 40 (12), 33 (1), 21 (19), 36 (40), 1 (29), 15 (29), 23 (57), 29 (51), 45 (72), 14 (66), 4 (79), 32 (90), 20 (91)]";4095;"Maquina 2: [3 (28), 30 (22), 12 (44), 26 (37), 37 (49), 9 (20), 42 (60), 25 (64), 44 (60), 22 (72), 18 (99), 0 (97)]";3844;"Maquina 3: [13 (46), 48 (32), 2 (36), 7 (56), 39 (53), 46 (30), 43 (52), 10 (40), 35 (54), 19 (88), 47 (92), 6 (81)]";4210;"Maquina 4: [8 (14), 28 (49), 41 (60), 49 (13), 17 (35), 11 (45), 5 (56), 38 (67), 24 (51), 34 (59), 27 (76), 16 (81)]";3631
GREEDY;50;4;18125;0.0;1;"Maquina 1: [17 (1), 42 (3), 7 (42), 46 (34), 29 (12), 11 (36), 32 (53), 19 (73), 45 (62), 9 (87), 37 (91), 27 (79), 1 (97)]";4989;"Maquina 2: [13 (5), 21 (2), 48 (41), 8 (56), 2 (29), 40 (18), 30 (48), 49 (58), 15 (72), 0 (86), 22 (79), 44 (96), 31 (90)]";4661;"Maquina 3: [34 (41), 5 (3), 16 (12), 26 (24), 12 (35), 36 (46), 6 (56), 23 (76), 25 (70), 20 (80), 33 (88), 38 (91)]";4117;"Maquina 4: [39 (3), 3 (39), 18 (12), 4 (61), 10 (25), 28 (50), 47 (43), 41 (76), 24 (71), 35 (89), 14 (95), 43 (80)]";4358
GRASP;50;4;17019;143.0;50;"Maquina 1: [42 (3), 12 (35), 47 (43), 16 (12), 2 (29), 40 (18), 32 (53), 18 (12), 4 (61), 0 (86), 22 (79), 37 (91)]";3280;"Maquina 2: [17 (1), 26 (24), 24 (71), 7 (42), 46 (34), 30 (48), 3 (39), 15 (72), 19 (73), 31 (90), 33 (88), 27 (79), 38 (91)]";4893;"Maquina 3: [13 (5), 21 (2), 8 (56), 48 (41), 11 (36), 41 (76), 39 (3), 28 (50), 14 (95), 9 (87), 23 (76), 43 (80), 1 (97)]";4650;"Maquina 4: [29 (12), 34 (41), 5 (3), 36 (46), 6 (56), 44 (96), 10 (25), 49 (58), 20 (80), 25 (70), 35 (89), 45 (62)]";4196
LNS;50;4;18023;7.0;50;"Maquina 1: [29 (12), 42 (3), 7 (42), 46 (34), 17 (1), 11 (36), 32 (53), 19 (73), 45 (62), 9 (87), 37 (91), 27 (79), 1 (97)]";4895;"Maquina 2: [13 (5), 21 (2), 48 (41), 8 (56), 2 (29), 40 (18), 30 (48), 49 (58), 15 (72), 22 (79), 0 (86), 44 (96), 31 (90)]";4653;"Maquina 3: [34 (41), 5 (3), 16 (12), 26 (24), 12 (35), 36 (46), 6 (56), 23 (76), 25 (70), 20 (80), 33 (88), 38 (91)]";4117;"Maquina 4: [39 (3), 3 (39), 18 (12), 4 (61), 10 (25), 28 (50), 47 (43), 41 (76), 24 (71), 35 (89), 14 (95), 43 (80)]";4358
TABÚ;50;4;16587;42.0;50;"Maquina 1: [17 (1), 26 (24), 2 (29), 47 (43), 27 (79), 21 (2), 11 (36), 43 (80), 35 (89), 14 (95), 32 (53), 4 (61), 41 (76)]";4661;"Maquina 2: [39 (3), 30 (48), 28 (50), 18 (12), 36 (46), 24 (71), 20 (80), 49 (58), 9 (87), 38 (91), 23 (76), 1 (97)]";4519;"Maquina 3: [13 (5), 16 (12), 29 (12), 34 (41), 45 (62), 48 (41), 40 (18), 8 (56), 31 (90), 15 (72), 19 (73), 6 (56), 44 (96)]";3949;"Maquina 4: [42 (3), 12 (35), 5 (3), 7 (42), 46 (34), 10 (25), 25 (70), 22 (79), 3 (39), 0 (86), 37 (91), 33 (88)]";3458
VNS;50;4;17090;3084.0;50;"Maquina 1: [17 (1), 42 (3), 7 (42), 46 (34), 11 (36), 32 (53), 3 (39), 19 (73), 45 (62), 9 (87), 37 (91), 27 (79)]";3813;"Maquina 2: [13 (5), 21 (2), 48 (41), 8 (56), 2 (29), 40 (18), 30 (48), 49 (58), 15 (72), 0 (86), 22 (79), 44 (96), 20 (80)]";4648;"Maquina 3: [29 (12), 34 (41), 5 (3), 16 (12), 26 (24), 12 (35), 36 (46), 39 (3), 6 (56), 23 (76), 25 (70), 31 (90), 38 (91), 33 (88)]";4715;"Maquina 4: [18 (12), 4 (61), 10 (25), 28 (50), 47 (43), 41 (76), 24 (71), 35 (89), 14 (95), 43 (80), 1 (97)]";3914
Multiarranque;50;4;16891;171.0;50;"Maquina 1: [18 (12), 4 (61), 10 (25), 26 (24), 2 (29), 0 (86), 37 (91), 7 (42), 24 (71), 38 (91), 41 (76), 22 (79)]";4093;"Maquina 2: [39 (3), 42 (3), 46 (34), 34 (41), 28 (50), 8 (56), 31 (90), 36 (46), 43 (80), 19 (73), 25 (70), 33 (88)]";4055;"Maquina 3: [13 (5), 32 (53), 29 (12), 11 (36), 3 (39), 23 (76), 47 (43), 45 (62), 35 (89), 14 (95), 9 (87), 20 (80)]";4739;"Maquina 4: [17 (1), 16 (12), 21 (2), 12 (35), 40 (18), 30 (48), 5 (3), 49 (58), 6 (56), 48 (41), 27 (79), 1 (97), 15 (72), 44 (96)]";4004
GREEDY;50;4;19859;0.0;1;"Maquina 1: [3 (6), 6 (59), 40 (21), 22 (29), 46 (42), 49 (16), 23 (46), 20 (73), 27 (87), 14 (54), 18 (64), 5 (82), 21 (94)]";5146;"Maquina 2: [26 (25), 8 (17), 19 (29), 15 (39), 41 (57), 9 (62), 37 (8), 0 (92), 42 (71), 36 (47), 35 (83), 47 (94), 4 (80)]";5472;"Maquina 3: [29 (17), 44 (10), 24 (47), 28 (36), 34 (24), 12 (28), 33 (59), 25 (57), 17 (67), 13 (75), 2 (83), 39 (91)]";4479;"Maquina 4: [11 (25), 48 (17), 10 (29), 45 (39), 1 (14), 38 (61), 30 (93), 32 (57), 7 (81), 43 (46), 31 (70), 16 (85)]";4762
GRASP;50;4;16848;154.0;50;"Maquina 1: [48 (17), 12 (28), 26 (25), 44 (10), 25 (57), 23 (46), 17 (67), 4 (80), 30 (93), 32 (57), 39 (91), 27 (87)]";3824;"Maquina 2: [37 (8), 43 (46), 3 (6), 8 (17), 28 (36), 14 (54), 18 (64), 11 (25), 33 (59), 9 (62), 31 (70), 16 (85)]";3339;"Maquina 3: [36 (47), 49 (16), 34 (24), 7 (81), 10 (29), 15 (39), 29 (17), 6 (59), 20 (73), 13 (75), 2 (83), 38 (61), 47 (94)]";4715;"Maquina 4: [19 (29), 1 (14), 42 (71), 40 (21), 22 (29), 0 (92), 45 (39), 46 (42), 35 (83), 24 (47), 41 (57), 5 (82), 21 (94)]";4970
LNS;50;4;19795;8.0;50;"Maquina 1: [3 (6), 6 (59), 40 (21), 22 (29), 46 (42), 49 (16), 23 (46), 20 (73), 27 (87), 14 (54), 18 (64), 5 (82), 21 (94)]";5146;"Maquina 2: [26 (25), 8 (17), 19 (29), 15 (39), 41 (57), 9 (62), 37 (8), 0 (92), 42 (71), 36 (47), 35 (83), 47 (94), 4 (80)]";5472;"Maquina 3: [29 (17), 33 (59), 24 (47), 28 (36), 34 (24), 12 (28), 44 (10), 25 (57), 17 (67), 13 (75), 2 (83), 39 (91)]";4415;"Maquina 4: [11 (25), 48 (17), 10 (29), 45 (39), 1 (14), 38 (61), 30 (93), 32 (57), 7 (81), 43 (46), 31 (70), 16 (85)]";4762
TABÚ;50;4;17290;39.0;50;"Maquina 1: [37 (8), 44 (10), 49 (16), 16 (85), 20 (73), 26 (25), 45 (39), 33 (59), 6 (59), 24 (47), 5 (82), 21 (94)]";3558;"Maquina 2: [3 (6), 8 (17), 23 (46), 12 (28), 0 (92), 29 (17), 11 (25), 13 (75), 25 (57), 36 (47), 39 (91), 9 (62), 27 (87)]";4248;"Maquina 3: [22 (29), 10 (29), 31 (70), 46 (42), 14 (54), 28 (36), 18 (64), 43 (46), 4 (80), 30 (93), 42 (71), 47 (94)]";4558;"Maquina 4: [15 (39), 40 (21), 48 (17), 1 (14), 17 (67), 41 (57), 19 (29), 34 (24), 2 (83), 7 (81), 32 (57), 35 (83), 38 (61)]";4926
VNS;50;4;18819;2971.0;50;"Maquina 1: [3 (6), 38 (61), 40 (21), 22 (29), 46 (42), 49 (16), 23 (46), 20 (73), 27 (87), 14 (54), 18 (64), 5 (82), 21 (94)]";4994;"Maquina 2: [29 (17), 8 (17), 19 (29), 15 (39), 41 (57), 9 (62), 37 (8), 0 (92), 42 (71), 36 (47), 35 (83), 47 (94), 31 (70)]";5112;"Maquina 3: [26 (25), 44 (10), 24 (47), 28 (36), 34 (24), 12 (28), 6 (59), 33 (59), 25 (57), 17 (67), 13 (75), 2 (83), 39 (91)]";4951;"Maquina 4: [11 (25), 48 (17), 10 (29), 45 (39), 1 (14), 30 (93), 32 (57), 7 (81), 43 (46), 4 (80), 16 (85)]";3762
Multiarranque;50;4;17773;168.0;50;"Maquina 1: [1 (14), 8 (17), 23 (46), 28 (36), 18 (64), 34 (24), 2 (83), 38 (61), 25 (57), 9 (62), 4 (80), 30 (93)]";4422;"Maquina 2: [37 (8), 43 (46), 3 (6), 6 (59), 11 (25), 42 (71), 22 (29), 0 (92), 13 (75), 7 (81), 32 (57), 41 (57), 21 (94)]";4919;"Maquina 3: [49 (16), 48 (17), 36 (47), 12 (28), 26 (25), 45 (39), 46 (42), 47 (94), 17 (67), 39 (91), 15 (39), 31 (70), 16 (85)]";4423;"Maquina 4: [10 (29), 19 (29), 29 (17), 33 (59), 24 (47), 44 (10), 40 (21), 14 (54), 5 (82), 20 (73), 27 (87), 35 (83)]";4009
GREEDY;50;4;18855;0.0;1;"Maquina 1: [4 (28), 36 (13), 25 (54), 32 (1), 20 (95), 33 (38), 14 (56), 42 (47), 23 (30), 46 (77), 37 (67), 43 (85)]";4459;"Maquina 2: [15 (48), 31 (37), 18 (4), 21 (29), 2 (47), 35 (24), 1 (18), 39 (58), 40 (64), 45 (75), 19 (85), 30 (91)]";4378;"Maquina 3: [34 (20), 28 (31), 26 (4), 49 (32), 10 (29), 6 (83), 17 (43), 8 (55), 3 (60), 44 (74), 29 (99), 11 (48), 27 (91)]";5168;"Maquina 4: [5 (44), 24 (22), 7 (5), 12 (62), 48 (24), 13 (30), 16 (70), 41 (34), 9 (59), 38 (52), 22 (79), 47 (96), 0 (89)]";4850
GRASP;50;4;17570;147.0;50;"Maquina 1: [15 (48), 13 (30), 21 (29), 36 (13), 25 (54), 32 (1), 2 (47), 8 (55), 9 (59), 45 (75), 5 (44), 0 (89), 46 (77)]";4967;"Maquina 2: [7 (5), 1 (18), 48 (24), 31 (37), 37 (67), 49 (32), 39 (58), 11 (48), 43 (85), 3 (60), 20 (95), 19 (85)]";4163;"Maquina 3: [26 (4), 18 (4), 24 (22), 35 (24), 12 (62), 16 (70), 17 (43), 38 (52), 44 (74), 42 (47), 28 (31), 6 (83), 47 (96)]";4471;"Maquina 4: [34 (20), 33 (38), 10 (29), 41 (34), 4 (28), 23 (30), 40 (64), 14 (56), 27 (91), 22 (79), 30 (91), 29 (99)]";3969
LNS;50;4;18607;8.0;50;"Maquina 1: [4 (28), 36 (13), 25 (54), 32 (1), 20 (95), 33 (38), 14 (56), 42 (47), 23 (30), 46 (77), 37 (67), 43 (85)]";4459;"Maquina 2: [15 (48), 31 (37), 18 (4), 1 (18), 2 (47), 35 (24), 21 (29), 45 (75), 40 (64), 39 (58), 19 (85), 30 (91)]";4130;"Maquina 3: [34 (20), 28 (31), 26 (4), 49 (32), 10 (29), 6 (83), 17 (43), 8 (55), 3 (60), 44 (74), 29 (99), 11 (48), 27 (91)]";5168;"Maquina 4: [5 (44), 24 (22), 7 (5), 12 (62), 48 (24), 13 (30), 16 (70), 41 (34), 9 (59), 38 (52), 22 (79), 47 (96), 0 (89)]";4850
TABÚ;50;4;17213;42.0;50;"Maquina 1: [34 (20), 18 (4), 1 (18), 2 (47), 33 (38), 10 (29), 17 (43), 39 (58), 35 (24), 15 (48), 44 (74), 29 (99), 19 (85)]";3988;"Maquina 2: [14 (56), 23 (30), 13 (30), 7 (5), 45 (75), 12 (62), 48 (24), 31 (37), 6 (83), 16 (70), 42 (47), 27 (91), 30 (91)]";4778;"Maquina 3: [49 (32), 38 (52), 8 (55), 36 (13), 25 (54), 32 (1), 40 (64), 5 (44), 3 (60), 43 (85), 0 (89), 20 (95)]";4176;"Maquina 4: [11 (48), 26 (4), 24 (22), 9 (59), 37 (67), 46 (77), 21 (29), 41 (34), 4 (28), 22 (79), 28 (31), 47 (96)]";4271
VNS;50;4;17971;2093.0;50;"Maquina 1: [4 (28), 36 (13), 25 (54), 21 (29), 20 (95), 33 (38), 41 (34), 42 (47), 23 (30), 46 (77), 37 (67), 39 (58)]";4453;"Maquina 2: [15 (48), 31 (37), 18 (4), 32 (1), 2 (47), 35 (24), 12 (62), 43 (85), 11 (48), 40 (64), 45 (75), 47 (96), 30 (91)]";4552;"Maquina 3: [34 (20), 28 (31), 26 (4), 49 (32), 10 (29), 6 (83), 17 (43), 8 (55), 3 (60), 44 (74), 29 (99), 27 (91)]";4371;"Maquina 4: [5 (44), 24 (22), 7 (5), 1 (18), 48 (24), 13 (30), 16 (70), 14 (56), 9 (59), 38 (52), 22 (79), 19 (85), 0 (89)]";4595
Multiarranque;50;4;17807;167.0;50;"Maquina 1: [32 (1), 35 (24), 49 (32), 39 (58), 11 (48), 48 (24), 38 (52), 2 (47), 33 (38), 19 (85), 47 (96), 43 (85)]";4440;"Maquina 2: [41 (34), 4 (28), 7 (5), 21 (29), 17 (43), 16 (70), 42 (47), 3 (60), 45 (75), 9 (59), 29 (99), 0 (89)]";4344;"Maquina 3: [36 (13), 26 (4), 18 (4), 1 (18), 14 (56), 10 (29), 5 (44), 37 (67), 44 (74), 8 (55), 20 (95), 6 (83), 12 (62)]";4250;"Maquina 4: [34 (20), 13 (30), 40 (64), 24 (22), 28 (31), 31 (37), 15 (48), 25 (54), 23 (30), 46 (77), 27 (91), 22 (79), 30 (91)]";4773
GREEDY;50;4;13432;0.0;1;"Maquina 1: [11 (1), 28 (16), 42 (8), 31 (17), 32 (58), 20 (29), 7 (33), 21 (25), 15 (77), 25 (72), 0 (69), 5 (48), 23 (84)]";3199;"Maquina 2: [47 (8), 6 (2), 35 (12), 36 (26), 14 (23), 24 (31), 44 (43), 12 (54), 29 (70), 18 (82), 8 (68), 26 (97), 9 (77)]";3502;"Maquina 3: [30 (9), 45 (6), 1 (17), 33 (25), 41 (39), 19 (62), 10 (30), 46 (69), 38 (53), 17 (97), 43 (75), 22 (79)]";3371;"Maquina 4: [48 (9), 2 (7), 3 (14), 49 (30), 16 (24), 34 (32), 13 (50), 4 (74), 40 (60), 27 (77), 39 (90), 37 (69)]";3360
GRASP;50;4;12622;137.0;50;"Maquina 1: [11 (1), 20 (29), 24 (31), 6 (2), 10 (30), 30 (9), 40 (60), 5 (48), 19 (62), 37 (69), 39 (90), 32 (58), 9 (77)]";3419;"Maquina 2: [2 (7), 35 (12), 33 (25), 41 (39), 45 (6), 13 (50), 14 (23), 0 (69), 4 (74), 38 (53), 23 (84), 26 (97), 17 (97)]";3637;"Maquina 3: [47 (8), 31 (17), 28 (16), 42 (8), 34 (32), 3 (14), 1 (17), 44 (43), 27 (77), 29 (70), 18 (82), 15 (77)]";2114;"Maquina 4: [48 (9), 49 (30), 36 (26), 21 (25), 25 (72), 16 (24), 7 (33), 8 (68), 12 (54), 43 (75), 46 (69), 22 (79)]";3452
LNS;50;4;13155;7.0;50;"Maquina 1: [11 (1), 28 (16), 42 (8), 31 (17), 32 (58), 20 (29), 7 (33), 21 (25), 15 (77), 25 (72), 5 (48), 0 (69), 23 (84)]";3180;"Maquina 2: [47 (8), 6 (2), 35 (12), 36 (26), 14 (23), 24 (31), 44 (43), 12 (54), 29 (70), 18 (82), 8 (68), 26 (97), 9 (77)]";3502;"Maquina 3: [10 (30), 45 (6), 41 (39), 1 (17), 30 (9), 19 (62), 33 (25), 46 (69), 38 (53), 17 (97), 43 (75), 22 (79)]";3256;"Maquina 4: [16 (24), 2 (7), 48 (9), 34 (32), 3 (14), 49 (30), 13 (50), 4 (74), 40 (60), 27 (77), 39 (90), 37 (69)]";3217
TABÚ;50;4;12776;43.0;50;"Maquina 1: [45 (6), 24 (31), 48 (9), 16 (24), 35 (12), 7 (33), 12 (54), 38 (53), 25 (72), 20 (29), 39 (90), 9 (77), 26 (97)]";3591;"Maquina 2: [3 (14), 47 (8), 6 (2), 36 (26), 21 (25), 49 (30), 41 (39), 27 (77), 22 (79), 5 (48), 19 (62), 18 (82)]";3023;"Maquina 3: [11 (1), 31 (17), 42 (8), 34 (32), 13 (50), 14 (23), 0 (69), 32 (58), 4 (74), 15 (77), 29 (70), 17 (97)]";2943;"Maquina 4: [33 (25), 28 (16), 2 (7), 1 (17), 44 (43), 10 (30), 30 (9), 40 (60), 43 (75), 46 (69), 8 (68), 37 (69), 23 (84)]";3219
VNS;50;4;12963;3263.0;50;"Maquina 1: [11 (1), 28 (16), 42 (8), 31 (17), 32 (58), 20 (29), 7 (33), 21 (25), 15 (77), 25 (72), 0 (69), 37 (69), 23 (84)]";3224;"Maquina 2: [47 (8), 45 (6), 6 (2), 36 (26), 14 (23), 24 (31), 44 (43), 12 (54), 29 (70), 18 (82), 8 (68), 26 (97), 9 (77)]";3299;"Maquina 3: [30 (9), 1 (17), 33 (25), 41 (39), 19 (62), 10 (30), 46 (69), 38 (53), 17 (97), 43 (75), 22 (79)]";2966;"Maquina 4: [48 (9), 2 (7), 35 (12), 3 (14), 34 (32), 16 (24), 49 (30), 13 (50), 4 (74), 40 (60), 27 (77), 39 (90), 5 (48)]";3474
Multiarranque;50;4;13084;176.0;50;"Maquina 1: [41 (39), 1 (17), 14 (23), 38 (53), 33 (25), 7 (33), 12 (54), 31 (17), 4 (74), 46 (69), 26 (97), 43 (75)]";3686;"Maquina 2: [47 (8), 45 (6), 6 (2), 28 (16), 11 (1), 20 (29), 34 (32), 25 (72), 5 (48), 37 (69), 18 (82), 9 (77), 22 (79)]";2937;"Maquina 3: [16 (24), 2 (7), 10 (30), 30 (9), 19 (62), 21 (25), 23 (84), 40 (60), 0 (69), 8 (68), 39 (90), 15 (77)]";3328;"Maquina 4: [42 (8), 35 (12), 48 (9), 49 (30), 3 (14), 36 (26), 24 (31), 44 (43), 13 (50), 29 (70), 32 (58), 17 (97), 27 (77)]";3133
GREEDY;50;4;20048;0.0;1;"Maquina 1: [6 (2), 15 (43), 38 (42), 9 (24), 21 (45), 44 (61), 30 (33), 1 (72), 35 (48), 25 (93), 3 (57), 16 (68), 24 (80)]";4658;"Maquina 2: [41 (32), 22 (2), 33 (76), 14 (25), 20 (51), 13 (43), 27 (38), 37 (56), 0 (72), 29 (60), 23 (67), 47 (88), 17 (96)]";5247;"Maquina 3: [32 (7), 4 (41), 46 (61), 36 (80), 42 (33), 48 (49), 2 (28), 12 (44), 40 (70), 5 (58), 45 (73), 11 (95)]";4736;"Maquina 4: [8 (43), 10 (31), 7 (48), 28 (16), 34 (59), 31 (36), 19 (71), 39 (96), 43 (90), 49 (62), 18 (55), 26 (76)]";5407
GRASP;50;4;19046;167.0;50;"Maquina 1: [32 (7), 0 (72), 31 (36), 2 (28), 29 (60), 1 (72), 45 (73), 3 (57), 8 (43), 11 (95), 37 (56), 5 (58), 24 (80)]";5396;"Maquina 2: [27 (38), 7 (48), 10 (31), 38 (42), 9 (24), 13 (43), 12 (44), 34 (59), 48 (49), 33 (76), 40 (70), 43 (90)]";4551;"Maquina 3: [22 (2), 42 (33), 6 (2), 15 (43), 49 (62), 14 (25), 18 (55), 20 (51), 23 (67), 36 (80), 26 (76), 16 (68), 25 (93)]";4403;"Maquina 4: [21 (45), 44 (61), 30 (33), 28 (16), 4 (41), 41 (32), 35 (48), 47 (88), 17 (96), 46 (61), 19 (71), 39 (96)]";4696
LNS;50;4;20027;8.0;50;"Maquina 1: [6 (2), 15 (43), 38 (42), 9 (24), 21 (45), 44 (61), 30 (33), 1 (72), 35 (48), 25 (93), 3 (57), 16 (68), 24 (80)]";4658;"Maquina 2: [41 (32), 22 (2), 33 (76), 14 (25), 20 (51), 13 (43), 27 (38), 37 (56), 0 (72), 29 (60), 23 (67), 47 (88), 17 (96)]";5247;"Maquina 3: [32 (7), 4 (41), 46 (61), 36 (80), 42 (33), 48 (49), 2 (28), 12 (44), 40 (70), 5 (58), 45 (73), 11 (95)]";4736;"Maquina 4: [8 (43), 10 (31), 7 (48), 28 (16), 34 (59), 31 (36), 19 (71), 39 (96), 18 (55), 49 (62), 43 (90), 26 (76)]";5386
TABÚ;50;4;19712;40.0;50;"Maquina 1: [22 (2), 3 (57), 31 (36), 14 (25), 2 (28), 29 (60), 15 (43), 24 (80), 7 (48), 21 (45), 44 (61), 40 (70), 43 (90)]";4679;"Maquina 2: [12 (44), 32 (7), 37 (56), 28 (16), 42 (33), 35 (48), 8 (43), 25 (93), 34 (59), 16 (68), 1 (72), 39 (96)]";4656;"Maquina 3: [10 (31), 30 (33), 5 (58), 48 (49), 6 (2), 26 (76), 38 (42), 19 (71), 23 (67), 0 (72), 36 (80), 17 (96)]";4812;"Maquina 4: [13 (43), 9 (24), 18 (55), 20 (51), 27 (38), 4 (41), 41 (32), 45 (73), 11 (95), 49 (62), 33 (76), 47 (88), 46 (61)]";5565
VNS;50;4;19225;3883.0;50;"Maquina 1: [6 (2), 15 (43), 38 (42), 9 (24), 21 (45), 44 (61), 30 (33), 1 (72), 35 (48), 25 (93), 3 (57), 16 (68), 24 (80)]";4658;"Maquina 2: [32 (7), 33 (76), 14 (25), 20 (51), 13 (43), 27 (38), 37 (56), 0 (72), 29 (60), 18 (55), 47 (88), 17 (96)]";4507;"Maquina 3: [22 (2), 41 (32), 4 (41), 46 (61), 36 (80), 42 (33), 48 (49), 2 (28), 12 (44), 40 (70), 26 (76), 45 (73), 11 (95)]";4814;"Maquina 4: [8 (43), 10 (31), 7 (48), 28 (16), 34 (59), 31 (36), 19 (71), 39 (96), 43 (90), 49 (62), 23 (67), 5 (58)]";5246
Multiarranque;50;4;19449;185.0;50;"Maquina 1: [31 (36), 15 (43), 48 (49), 46 (61), 18 (55), 27 (38), 25 (93), 8 (43), 49 (62), 12 (44), 26 (76), 45 (73)]";4964;"Maquina 2: [2 (28), 6 (2), 28 (16), 34 (59), 38 (42), 9 (24), 21 (45), 22 (2), 16 (68), 23 (67), 36 (80), 11 (95), 5 (58), 24 (80)]";4798;"Maquina 3: [4 (41), 14 (25), 32 (7), 41 (32), 20 (51), 13 (43), 17 (96), 37 (56), 1 (72), 33 (76), 40 (70), 7 (48), 43 (90)]";5236;"Maquina 4: [3 (57), 10 (31), 30 (33), 19 (71), 29 (60), 0 (72), 42 (33), 35 (48), 39 (96), 47 (88), 44 (61)]";4451
GREEDY;50;4;17968;1.0;1;"Maquina 1: [47 (2), 7 (15), 1 (38), 20 (24), 11 (70), 41 (49), 27 (81), 34 (61), 22 (58), 21 (74), 14 (88), 30 (91), 46 (97)]";4876;"Maquina 2: [25 (4), 38 (15), 23 (51), 28 (75), 39 (21), 13 (59), 42 (62), 37 (72), 16 (41), 3 (92), 12 (84), 8 (89)]";4249;"Maquina 3: [17 (17), 10 (7), 15 (30), 48 (60), 29 (24), 26 (94), 5 (44), 32 (57), 2 (73), 4 (68), 18 (87), 19 (80), 24 (91)]";4438;"Maquina 4: [45 (8), 43 (17), 33 (42), 9 (53), 6 (74), 44 (76), 0 (27), 31 (59), 35 (84), 36 (65), 49 (92), 40 (90)]";4405
GRASP;50;4;16467;152.0;50;"Maquina 1: [47 (2), 15 (30), 41 (49), 36 (65), 21 (74), 43 (17), 28 (75), 37 (72), 22 (58), 6 (74), 44 (76), 26 (94)]";3975;"Maquina 2: [10 (7), 38 (15), 1 (38), 4 (68), 0 (27), 34 (61), 32 (57), 40 (90), 2 (73), 35 (84), 49 (92), 14 (88)]";3946;"Maquina 3: [29 (24), 25 (4), 17 (17), 7 (15), 33 (42), 9 (53), 13 (59), 31 (59), 19 (80), 12 (84), 18 (87), 8 (89), 24 (91)]";4134;"Maquina 4: [5 (44), 45 (8), 39 (21), 20 (24), 11 (70), 16 (41), 48 (60), 3 (92), 23 (51), 27 (81), 42 (62), 30 (91), 46 (97)]";4412
LNS;50;4;17968;8.0;50;"Maquina 1: [47 (2), 7 (15), 1 (38), 20 (24), 11 (70), 41 (49), 27 (81), 34 (61), 22 (58), 21 (74), 14 (88), 30 (91), 46 (97)]";4876;"Maquina 2: [25 (4), 38 (15), 23 (51), 28 (75), 39 (21), 13 (59), 42 (62), 37 (72), 16 (41), 3 (92), 12 (84), 8 (89)]";4249;"Maquina 3: [17 (17), 10 (7), 15 (30), 48 (60), 29 (24), 26 (94), 5 (44), 32 (57), 2 (73), 4 (68), 18 (87), 19 (80), 24 (91)]";4438;"Maquina 4: [45 (8), 43 (17), 33 (42), 9 (53), 6 (74), 44 (76), 0 (27), 31 (59), 35 (84), 36 (65), 49 (92), 40 (90)]";4405
TABÚ;50;4;16310;38.0;50;"Maquina 1: [39 (21), 29 (24), 25 (4), 15 (30), 9 (53), 41 (49), 2 (73), 36 (65), 6 (74), 12 (84), 18 (87), 40 (90)]";3558;"Maquina 2: [47 (2), 17 (17), 1 (38), 20 (24), 48 (60), 44 (76), 5 (44), 8 (89), 42 (62), 3 (92), 11 (70), 19 (80), 24 (91)]";4489;"Maquina 3: [45 (8), 10 (7), 16 (41), 0 (27), 34 (61), 22 (58), 32 (57), 27 (81), 28 (75), 26 (94), 21 (74), 14 (88)]";3694;"Maquina 4: [38 (15), 43 (17), 33 (42), 23 (51), 7 (15), 13 (59), 31 (59), 37 (72), 4 (68), 35 (84), 49 (92), 30 (91), 46 (97)]";4569
VNS;50;4;17471;3306.0;50;"Maquina 1: [45 (8), 0 (27), 7 (15), 1 (38), 20 (24), 11 (70), 41 (49), 27 (81), 34 (61), 22 (58), 14 (88), 30 (91), 46 (97)]";4639;"Maquina 2: [25 (4), 23 (51), 28 (75), 39 (21), 13 (59), 42 (62), 37 (72), 16 (41), 3 (92), 8 (89), 12 (84)]";3775;"Maquina 3: [17 (17), 10 (7), 15 (30), 48 (60), 29 (24), 26 (94), 5 (44), 32 (57), 2 (73), 4 (68), 18 (87), 19 (80), 24 (91)]";4438;"Maquina 4: [47 (2), 43 (17), 31 (59), 9 (53), 6 (74), 44 (76), 38 (15), 33 (42), 35 (84), 36 (65), 21 (74), 49 (92), 40 (90)]";4619
Multiarranque;50;4;16796;189.0;50;"Maquina 1: [0 (27), 16 (41), 32 (57), 43 (17), 31 (59), 19 (80), 27 (81), 28 (75), 37 (72), 18 (87), 6 (74), 24 (91)]";4578;"Maquina 2: [10 (7), 15 (30), 38 (15), 42 (62), 14 (88), 33 (42), 9 (53), 44 (76), 46 (97), 35 (84), 49 (92), 30 (91)]";4388;"Maquina 3: [45 (8), 47 (2), 5 (44), 7 (15), 39 (21), 13 (59), 29 (24), 11 (70), 34 (61), 22 (58), 3 (92), 48 (60), 40 (90), 12 (84)]";4223;"Maquina 4: [25 (4), 17 (17), 1 (38), 20 (24), 23 (51), 41 (49), 36 (65), 8 (89), 4 (68), 2 (73), 21 (74), 26 (94)]";3607
GREEDY;50;4;20734;0.0;1;"Maquina 1: [3 (2), 29 (48), 47 (57), 43 (28), 39 (19), 11 (39), 33 (65), 5 (71), 48 (52), 15 (91), 44 (80), 17 (93)]";4802;"Maquina 2: [34 (9), 6 (21), 36 (35), 2 (32), 9 (87), 46 (44), 30 (54), 19 (52), 38 (69), 24 (64), 4 (75), 26 (97), 42 (91)]";5397;"Maquina 3: [40 (36), 7 (21), 49 (11), 21 (32), 45 (91), 22 (47), 35 (50), 41 (53), 14 (89), 20 (99), 31 (60), 37 (67), 28 (75)]";5413;"Maquina 4: [8 (26), 1 (35), 32 (14), 0 (96), 25 (50), 18 (60), 12 (41), 16 (66), 23 (53), 13 (71), 10 (85), 27 (91)]";5122
GRASP;50;4;18995;154.0;50;"Maquina 1: [21 (32), 7 (21), 48 (52), 46 (44), 27 (91), 1 (35), 9 (87), 19 (52), 23 (53), 42 (91), 16 (66), 17 (93)]";4678;"Maquina 2: [32 (14), 3 (2), 29 (48), 11 (39), 33 (65), 35 (50), 38 (69), 13 (71), 2 (32), 26 (97), 24 (64), 15 (91), 0 (96)]";4975;"Maquina 3: [34 (9), 22 (47), 8 (26), 39 (19), 41 (53), 30 (54), 47 (57), 12 (41), 20 (99), 14 (89), 25 (50), 4 (75), 45 (91)]";4968;"Maquina 4: [6 (21), 43 (28), 36 (35), 18 (60), 31 (60), 37 (67), 5 (71), 10 (85), 40 (36), 49 (11), 28 (75), 44 (80)]";4374
LNS;50;4;20584;8.0;50;"Maquina 1: [3 (2), 29 (48), 47 (57), 43 (28), 39 (19), 11 (39), 33 (65), 44 (80), 48 (52), 15 (91), 5 (71), 17 (93)]";4756;"Maquina 2: [34 (9), 6 (21), 36 (35), 2 (32), 9 (87), 46 (44), 30 (54), 19 (52), 38 (69), 24 (64), 4 (75), 26 (97), 42 (91)]";5397;"Maquina 3: [40 (36), 7 (21), 49 (11), 21 (32), 45 (91), 22 (47), 35 (50), 41 (53), 14 (89), 37 (67), 31 (60), 20 (99), 28 (75)]";5309;"Maquina 4: [8 (26), 1 (35), 32 (14), 0 (96), 25 (50), 18 (60), 12 (41), 16 (66), 23 (53), 13 (71), 10 (85), 27 (91)]";5122
TABÚ;50;4;18098;49.0;50;"Maquina 1: [39 (19), 41 (53), 49 (11), 1 (35), 22 (47), 35 (50), 23 (53), 9 (87), 4 (75), 45 (91), 0 (96), 44 (80)]";4494;"Maquina 2: [21 (32), 7 (21), 3 (2), 8 (26), 19 (52), 40 (36), 24 (64), 16 (66), 25 (50), 37 (67), 42 (91), 14 (89), 17 (93)]";4451;"Maquina 3: [34 (9), 47 (57), 43 (28), 36 (35), 48 (52), 18 (60), 46 (44), 29 (48), 28 (75), 30 (54), 10 (85), 5 (71), 26 (97)]";4760;"Maquina 4: [32 (14), 2 (32), 12 (41), 6 (21), 11 (39), 33 (65), 38 (69), 13 (71), 20 (99), 31 (60), 15 (91), 27 (91)]";4393
VNS;50;4;19440;2755.0;50;"Maquina 1: [7 (21), 47 (57), 43 (28), 39 (19), 11 (39), 33 (65), 20 (99), 10 (85), 15 (91), 44 (80), 17 (93)]";4158;"Maquina 2: [34 (9), 6 (21), 36 (35), 2 (32), 23 (53), 46 (44), 30 (54), 19 (52), 38 (69), 24 (64), 4 (75), 26 (97), 42 (91)]";5053;"Maquina 3: [40 (36), 3 (2), 29 (48), 49 (11), 21 (32), 45 (91), 22 (47), 35 (50), 41 (53), 14 (89), 5 (71), 28 (75), 31 (60), 37 (67)]";5404;"Maquina 4: [8 (26), 1 (35), 32 (14), 48 (52), 25 (50), 18 (60), 12 (41), 0 (96), 9 (87), 13 (71), 16 (66), 27 (91)]";4825
Multiarranque;50;4;18589;171.0;50;"Maquina 1: [43 (28), 39 (19), 41 (53), 11 (39), 26 (97), 47 (57), 25 (50), 44 (80), 9 (87), 19 (52), 5 (71), 0 (96)]";4999;"Maquina 2: [6 (21), 40 (36), 49 (11), 34 (9), 7 (21), 29 (48), 48 (52), 38 (69), 28 (75), 18 (60), 46 (44), 17 (93), 27 (91)]";4187;"Maquina 3: [32 (14), 3 (2), 8 (26), 1 (35), 10 (85), 35 (50), 12 (41), 24 (64), 16 (66), 45 (91), 15 (91), 13 (71), 4 (75)]";4765;"Maquina 4: [30 (54), 21 (32), 36 (35), 2 (32), 23 (53), 31 (60), 33 (65), 37 (67), 22 (47), 42 (91), 20 (99), 14 (89)]";4638
GREEDY;50;4;20339;0.0;1;"Maquina 1: [5 (7), 12 (13), 47 (45), 31 (20), 14 (49), 17 (57), 36 (33), 4 (83), 25 (61), 24 (71), 15 (87), 38 (93)]";4633;"Maquina 2: [43 (13), 10 (9), 29 (62), 39 (33), 3 (27), 35 (38), 1 (64), 20 (89), 2 (56), 34 (47), 23 (83), 42 (94), 22 (77)]";5300;"Maquina 3: [44 (13), 21 (44), 33 (11), 27 (34), 8 (31), 28 (48), 46 (87), 13 (83), 41 (63), 49 (56), 19 (77), 11 (94)]";4874;"Maquina 4: [16 (47), 30 (31), 45 (12), 9 (58), 0 (14), 7 (81), 6 (34), 37 (50), 32 (75), 48 (60), 40 (92), 26 (96), 18 (85)]";5532
GRASP;50;4;17595;141.0;50;"Maquina 1: [10 (9), 30 (31), 8 (31), 43 (13), 21 (44), 34 (47), 11 (94), 17 (57), 41 (63), 46 (87), 18 (85), 20 (89)]";3868;"Maquina 2: [44 (13), 45 (12), 36 (33), 27 (34), 5 (7), 9 (58), 22 (77), 47 (45), 29 (62), 19 (77), 40 (92), 38 (93), 26 (96)]";4351;"Maquina 3: [0 (14), 1 (64), 33 (11), 6 (34), 31 (20), 25 (61), 2 (56), 28 (48), 24 (71), 35 (38), 4 (83), 49 (56), 23 (83)]";4671;"Maquina 4: [3 (27), 39 (33), 12 (13), 14 (49), 15 (87), 16 (47), 13 (83), 37 (50), 42 (94), 48 (60), 32 (75), 7 (81)]";4705
LNS;50;4;20000;7.0;50;"Maquina 1: [5 (7), 12 (13), 47 (45), 31 (20), 14 (49), 17 (57), 36 (33), 4 (83), 25 (61), 24 (71), 15 (87), 38 (93)]";4633;"Maquina 2: [34 (47), 10 (9), 29 (62), 39 (33), 3 (27), 35 (38), 1 (64), 20 (89), 2 (56), 43 (13), 23 (83), 42 (94), 22 (77)]";5126;"Maquina 3: [13 (83), 21 (44), 44 (13), 27 (34), 8 (31), 28 (48), 46 (87), 33 (11), 41 (63), 49 (56), 19 (77), 11 (94)]";4739;"Maquina 4: [16 (47), 30 (31), 45 (12), 9 (58), 0 (14), 7 (81), 6 (34), 37 (50), 40 (92), 48 (60), 32 (75), 26 (96), 18 (85)]";5502
TABÚ;50;4;18068;42.0;50;"Maquina 1: [9 (58), 5 (7), 44 (13), 47 (45), 49 (56), 37 (50), 0 (14), 29 (62), 4 (83), 41 (63), 46 (87), 2 (56), 23 (83)]";4701;"Maquina 2: [8 (31), 43 (13), 19 (77), 33 (11), 27 (34), 17 (57), 48 (60), 39 (33), 28 (48), 13 (83), 1 (64), 42 (94)]";4060;"Maquina 3: [10 (9), 30 (31), 21 (44), 45 (12), 14 (49), 15 (87), 16 (47), 7 (81), 26 (96), 25 (61), 18 (85), 11 (94), 22 (77)]";5097;"Maquina 4: [3 (27), 35 (38), 36 (33), 12 (13), 31 (20), 34 (47), 24 (71), 6 (34), 20 (89), 32 (75), 40 (92), 38 (93)]";4210
VNS;50;4;19226;2474.0;50;"Maquina 1: [5 (7), 9 (58), 47 (45), 31 (20), 14 (49), 17 (57), 36 (33), 4 (83), 25 (61), 24 (71), 15 (87), 38 (93)]";4660;"Maquina 2: [10 (9), 29 (62), 39 (33), 3 (27), 35 (38), 1 (64), 20 (89), 2 (56), 34 (47), 23 (83), 42 (94), 26 (96)]";4689;"Maquina 3: [44 (13), 21 (44), 45 (12), 27 (34), 8 (31), 28 (48), 46 (87), 13 (83), 41 (63), 49 (56), 19 (77), 11 (94)]";4592;"Maquina 4: [16 (47), 30 (31), 33 (11), 12 (13), 0 (14), 43 (13), 7 (81), 6 (34), 37 (50), 32 (75), 48 (60), 40 (92), 22 (77), 18 (85)]";5285
Multiarranque;50;4;18128;162.0;50;"Maquina 1: [8 (31), 43 (13), 16 (47), 30 (31), 21 (44), 14 (49), 39 (33), 40 (92), 2 (56), 18 (85), 11 (94), 46 (87)]";4145;"Maquina 2: [0 (14), 28 (48), 3 (27), 45 (12), 47 (45), 9 (58), 22 (77), 23 (83), 17 (57), 1 (64), 42 (94), 26 (96), 15 (87)]";5135;"Maquina 3: [33 (11), 41 (63), 12 (13), 10 (9), 35 (38), 37 (50), 32 (75), 29 (62), 49 (56), 6 (34), 20 (89), 4 (83), 13 (83)]";4697;"Maquina 4: [31 (20), 34 (47), 24 (71), 5 (7), 44 (13), 48 (60), 25 (61), 36 (33), 27 (34), 38 (93), 7 (81), 19 (77)]";4151
