GREEDY;50;6;14472;0.0;1;"Maquina 1: [5 (7), 44 (13), 49 (56), 36 (33), 15 (87), 16 (47), 29 (62), 42 (94), 22 (77)]";2578;"Maquina 2: [21 (44), 37 (50), 0 (14), 19 (77), 10 (9), 25 (61), 18 (85), 11 (94)]";2530;"Maquina 3: [31 (20), 39 (33), 28 (48), 24 (71), 33 (11), 17 (57), 46 (87), 13 (83), 26 (96)]";2786;"Maquina 4: [45 (12), 27 (34), 47 (45), 4 (83), 3 (27), 20 (89), 2 (56), 1 (64)]";2088;"Maquina 5: [12 (13), 8 (31), 48 (60), 32 (75), 35 (38), 23 (83), 14 (49), 38 (93)]";2388;"Maquina 6: [43 (13), 30 (31), 6 (34), 9 (58), 34 (47), 40 (92), 41 (63), 7 (81)]";2102
GRASP;50;6;12504;158.0;50;"Maquina 1: [31 (20), 5 (7), 39 (33), 40 (92), 48 (60), 9 (58), 23 (83), 22 (77)]";2061;"Maquina 2: [33 (11), 34 (47), 10 (9), 30 (31), 8 (31), 37 (50), 19 (77), 20 (89)]";1495;"Maquina 3: [45 (12), 27 (34), 21 (44), 0 (14), 46 (87), 2 (56), 26 (96), 41 (63), 38 (93)]";2365;"Maquina 4: [43 (13), 7 (81), 47 (45), 49 (56), 15 (87), 3 (27), 24 (71), 13 (83)]";2178;"Maquina 5: [35 (38), 36 (33), 12 (13), 28 (48), 32 (75), 6 (34), 17 (57), 1 (64), 11 (94)]";2220;"Maquina 6: [44 (13), 14 (49), 29 (62), 25 (61), 18 (85), 16 (47), 4 (83), 42 (94)]";2185
LNS;50;6;14147;4.0;50;"Maquina 1: [5 (7), 44 (13), 49 (56), 36 (33), 15 (87), 16 (47), 29 (62), 42 (94), 22 (77)]";2578;"Maquina 2: [21 (44), 0 (14), 37 (50), 19 (77), 10 (9), 25 (61), 18 (85), 11 (94)]";2497;"Maquina 3: [31 (20), 39 (33), 28 (48), 24 (71), 33 (11), 17 (57), 46 (87), 13 (83), 26 (96)]";2786;"Maquina 4: [3 (27), 27 (34), 47 (45), 2 (56), 45 (12), 20 (89), 4 (83), 1 (64)]";1934;"Maquina 5: [12 (13), 8 (31), 48 (60), 32 (75), 35 (38), 23 (83), 14 (49), 38 (93)]";2388;"Maquina 6: [30 (31), 43 (13), 6 (34), 9 (58), 34 (47), 40 (92), 41 (63), 7 (81)]";1964
TABÚ;50;6;12084;44.0;50;"Maquina 1: [0 (14), 28 (48), 3 (27), 2 (56), 49 (56), 15 (87), 48 (60), 20 (89)]";1898;"Maquina 2: [34 (47), 8 (31), 7 (81), 16 (47), 19 (77), 40 (92), 14 (49), 29 (62)]";2338;"Maquina 3: [10 (9), 31 (20), 33 (11), 9 (58), 23 (83), 12 (13), 46 (87), 18 (85)]";1427;"Maquina 4: [5 (7), 39 (33), 30 (31), 17 (57), 47 (45), 24 (71), 13 (83), 4 (83)]";1633;"Maquina 5: [44 (13), 27 (34), 32 (75), 35 (38), 37 (50), 42 (94), 1 (64), 11 (94), 25 (61)]";2556;"Maquina 6: [6 (34), 36 (33), 43 (13), 21 (44), 45 (12), 22 (77), 41 (63), 38 (93), 26 (96)]";2232
VNS;50;6;12695;2401.0;50;"Maquina 1: [5 (7), 44 (13), 37 (50), 49 (56), 8 (31), 36 (33), 15 (87), 16 (47), 19 (77), 42 (94), 22 (77)]";3148;"Maquina 2: [21 (44), 0 (14), 29 (62), 39 (33), 10 (9), 35 (38), 24 (71), 18 (85), 11 (94)]";2358;"Maquina 3: [31 (20), 25 (61), 33 (11), 17 (57), 46 (87), 13 (83), 26 (96)]";1622;"Maquina 4: [3 (27), 27 (34), 47 (45), 2 (56), 45 (12), 20 (89), 4 (83), 40 (92)]";1948;"Maquina 5: [12 (13), 28 (48), 32 (75), 41 (63), 14 (49), 23 (83), 38 (93)]";1668;"Maquina 6: [43 (13), 30 (31), 48 (60), 6 (34), 9 (58), 34 (47), 1 (64), 7 (81)]";1951
Multiarranque;50;6;12832;188.0;50;"Maquina 1: [33 (11), 27 (34), 8 (31), 30 (31), 39 (33), 38 (93), 7 (81), 24 (71), 13 (83)]";2263;"Maquina 2: [45 (12), 36 (33), 16 (47), 21 (44), 25 (61), 28 (48), 18 (85), 20 (89)]";1844;"Maquina 3: [29 (62), 10 (9), 44 (13), 6 (34), 17 (57), 41 (63), 1 (64), 40 (92), 26 (96)]";2657;"Maquina 4: [43 (13), 47 (45), 46 (87), 31 (20), 34 (47), 23 (83), 22 (77), 32 (75)]";2266;"Maquina 5: [5 (7), 48 (60), 35 (38), 0 (14), 49 (56), 19 (77), 11 (94), 15 (87)]";1788;"Maquina 6: [12 (13), 14 (49), 3 (27), 2 (56), 37 (50), 42 (94), 9 (58), 4 (83)]";2014
GREEDY;50;6;15050;0.0;1;"Maquina 1: [7 (21), 41 (53), 3 (2), 29 (48), 33 (65), 4 (75), 36 (35), 15 (91), 26 (97)]";2717;"Maquina 2: [34 (9), 40 (36), 8 (26), 30 (54), 16 (66), 25 (50), 28 (75), 27 (91)]";2198;"Maquina 3: [24 (64), 49 (11), 13 (71), 46 (44), 43 (28), 14 (89), 48 (52), 0 (96)]";2666;"Maquina 4: [32 (14), 2 (32), 11 (39), 18 (60), 35 (50), 38 (69), 44 (80), 42 (91), 20 (99)]";2832;"Maquina 5: [21 (32), 39 (19), 45 (91), 19 (52), 12 (41), 47 (57), 10 (85), 37 (67)]";2198;"Maquina 6: [6 (21), 5 (71), 1 (35), 9 (87), 23 (53), 22 (47), 31 (60), 17 (93)]";2439
GRASP;50;6;12633;157.0;50;"Maquina 1: [49 (11), 34 (9), 22 (47), 5 (71), 43 (28), 28 (75), 19 (52), 0 (96)]";1613;"Maquina 2: [2 (32), 3 (2), 8 (26), 30 (54), 13 (71), 16 (66), 35 (50), 41 (53), 14 (89)]";2306;"Maquina 3: [36 (35), 39 (19), 11 (39), 18 (60), 12 (41), 20 (99), 33 (65), 44 (80), 27 (91)]";2638;"Maquina 4: [1 (35), 21 (32), 45 (91), 23 (53), 4 (75), 17 (93), 10 (85)]";1712;"Maquina 5: [6 (21), 40 (36), 7 (21), 47 (57), 25 (50), 37 (67), 38 (69), 31 (60), 42 (91)]";2216;"Maquina 6: [46 (44), 29 (48), 32 (14), 15 (91), 9 (87), 48 (52), 24 (64), 26 (97)]";2148
LNS;50;6;14749;4.0;50;"Maquina 1: [7 (21), 41 (53), 3 (2), 29 (48), 33 (65), 4 (75), 36 (35), 15 (91), 26 (97)]";2717;"Maquina 2: [34 (9), 25 (50), 8 (26), 30 (54), 40 (36), 16 (66), 28 (75), 27 (91)]";2047;"Maquina 3: [24 (64), 49 (11), 13 (71), 43 (28), 46 (44), 14 (89), 48 (52), 0 (96)]";2516;"Maquina 4: [32 (14), 2 (32), 11 (39), 18 (60), 35 (50), 38 (69), 44 (80), 42 (91), 20 (99)]";2832;"Maquina 5: [21 (32), 39 (19), 45 (91), 19 (52), 12 (41), 47 (57), 10 (85), 37 (67)]";2198;"Maquina 6: [6 (21), 5 (71), 1 (35), 9 (87), 23 (53), 22 (47), 31 (60), 17 (93)]";2439
TABÚ;50;6;13103;43.0;50;"Maquina 1: [21 (32), 34 (9), 48 (52), 25 (50), 37 (67), 42 (91), 44 (80), 26 (97)]";1989;"Maquina 2: [19 (52), 3 (2), 1 (35), 43 (28), 47 (57), 20 (99), 14 (89), 13 (71)]";1994;"Maquina 3: [36 (35), 39 (19), 2 (32), 18 (60), 35 (50), 15 (91), 9 (87), 17 (93)]";2118;"Maquina 4: [46 (44), 29 (48), 32 (14), 7 (21), 38 (69), 31 (60), 27 (91), 22 (47), 45 (91)]";2454;"Maquina 5: [6 (21), 11 (39), 33 (65), 23 (53), 4 (75), 30 (54), 5 (71), 28 (75)]";2213;"Maquina 6: [49 (11), 8 (26), 12 (41), 40 (36), 24 (64), 16 (66), 0 (96), 41 (53), 10 (85)]";2335
VNS;50;6;14274;3015.0;50;"Maquina 1: [7 (21), 41 (53), 3 (2), 29 (48), 48 (52), 15 (91), 31 (60), 37 (67), 26 (97)]";2637;"Maquina 2: [34 (9), 25 (50), 8 (26), 30 (54), 16 (66), 40 (36), 0 (96), 27 (91)]";2119;"Maquina 3: [24 (64), 49 (11), 13 (71), 43 (28), 36 (35), 14 (89), 4 (75), 10 (85)]";2292;"Maquina 4: [32 (14), 2 (32), 46 (44), 11 (39), 18 (60), 35 (50), 38 (69), 44 (80), 42 (91), 20 (99)]";3195;"Maquina 5: [21 (32), 39 (19), 45 (91), 19 (52), 12 (41), 47 (57), 28 (75), 33 (65)]";2136;"Maquina 6: [6 (21), 5 (71), 1 (35), 9 (87), 23 (53), 22 (47), 17 (93)]";1895
Multiarranque;50;6;13486;161.0;50;"Maquina 1: [29 (48), 49 (11), 13 (71), 39 (19), 11 (39), 22 (47), 35 (50), 12 (41), 9 (87)]";2363;"Maquina 2: [8 (26), 23 (53), 36 (35), 7 (21), 48 (52), 18 (60), 38 (69), 19 (52), 14 (89)]";2331;"Maquina 3: [32 (14), 3 (2), 1 (35), 31 (60), 15 (91), 44 (80), 45 (91), 27 (91)]";2057;"Maquina 4: [43 (28), 6 (21), 40 (36), 16 (66), 2 (32), 30 (54), 17 (93), 10 (85), 0 (96)]";2448;"Maquina 5: [46 (44), 25 (50), 37 (67), 5 (71), 28 (75), 26 (97), 24 (64)]";2042;"Maquina 6: [34 (9), 21 (32), 4 (75), 47 (57), 41 (53), 33 (65), 20 (99), 42 (91)]";2245
GREEDY;50;6;14130;0.0;1;"Maquina 1: [32 (1), 34 (20), 33 (38), 14 (56), 42 (47), 21 (29), 20 (95), 37 (67), 6 (83)]";2488;"Maquina 2: [13 (30), 24 (22), 18 (4), 31 (37), 11 (48), 16 (70), 39 (58), 22 (79), 30 (91)]";2303;"Maquina 3: [41 (34), 26 (4), 9 (59), 15 (48), 44 (74), 29 (99), 35 (24), 43 (85)]";2580;"Maquina 4: [28 (31), 7 (5), 45 (75), 17 (43), 48 (24), 38 (52), 3 (60), 0 (89)]";1980;"Maquina 5: [4 (28), 36 (13), 8 (55), 5 (44), 23 (30), 46 (77), 27 (91), 12 (62)]";2247;"Maquina 6: [10 (29), 49 (32), 1 (18), 19 (85), 2 (47), 47 (96), 25 (54), 40 (64)]";2532
GRASP;50;6;11740;157.0;50;"Maquina 1: [15 (48), 31 (37), 17 (43), 1 (18), 12 (62), 39 (58), 4 (28), 38 (52), 47 (96)]";2321;"Maquina 2: [26 (4), 49 (32), 24 (22), 7 (5), 42 (47), 3 (60), 22 (79), 20 (95)]";1362;"Maquina 3: [36 (13), 6 (83), 34 (20), 5 (44), 37 (67), 25 (54), 29 (99), 19 (85)]";2119;"Maquina 4: [32 (1), 18 (4), 11 (48), 16 (70), 35 (24), 28 (31), 0 (89), 27 (91), 30 (91)]";2108;"Maquina 5: [33 (38), 10 (29), 23 (30), 13 (30), 46 (77), 40 (64), 14 (56), 45 (75)]";1785;"Maquina 6: [21 (29), 2 (47), 8 (55), 44 (74), 48 (24), 41 (34), 9 (59), 43 (85)]";2045
LNS;50;6;14118;6.0;50;"Maquina 1: [32 (1), 34 (20), 33 (38), 14 (56), 42 (47), 21 (29), 20 (95), 37 (67), 6 (83)]";2488;"Maquina 2: [13 (30), 24 (22), 18 (4), 31 (37), 11 (48), 16 (70), 39 (58), 22 (79), 30 (91)]";2303;"Maquina 3: [41 (34), 26 (4), 9 (59), 15 (48), 44 (74), 29 (99), 35 (24), 43 (85)]";2580;"Maquina 4: [28 (31), 7 (5), 45 (75), 17 (43), 48 (24), 38 (52), 3 (60), 0 (89)]";1980;"Maquina 5: [8 (55), 36 (13), 4 (28), 5 (44), 23 (30), 46 (77), 27 (91), 12 (62)]";2235;"Maquina 6: [10 (29), 49 (32), 1 (18), 19 (85), 2 (47), 47 (96), 25 (54), 40 (64)]";2532
TABÚ;50;6;12123;44.0;50;"Maquina 1: [49 (32), 24 (22), 18 (4), 32 (1), 20 (95), 17 (43), 39 (58), 22 (79)]";1528;"Maquina 2: [13 (30), 7 (5), 21 (29), 40 (64), 14 (56), 10 (29), 38 (52), 47 (96), 43 (85)]";2137;"Maquina 3: [8 (55), 36 (13), 48 (24), 34 (20), 5 (44), 0 (89), 45 (75), 19 (85)]";2018;"Maquina 4: [1 (18), 2 (47), 30 (91), 35 (24), 28 (31), 16 (70), 44 (74), 29 (99)]";2104;"Maquina 5: [33 (38), 41 (34), 42 (47), 11 (48), 12 (62), 9 (59), 37 (67), 46 (77)]";2178;"Maquina 6: [26 (4), 4 (28), 31 (37), 15 (48), 25 (54), 23 (30), 27 (91), 6 (83), 3 (60)]";2158
VNS;50;6;12792;2737.0;50;"Maquina 1: [32 (1), 34 (20), 33 (38), 14 (56), 21 (29), 25 (54), 37 (67), 6 (83)]";1619;"Maquina 2: [13 (30), 24 (22), 18 (4), 11 (48), 16 (70), 39 (58), 22 (79), 30 (91)]";1784;"Maquina 3: [41 (34), 12 (62), 9 (59), 15 (48), 44 (74), 29 (99), 35 (24), 43 (85)]";2383;"Maquina 4: [28 (31), 7 (5), 45 (75), 17 (43), 48 (24), 38 (52), 3 (60), 20 (95)]";1953;"Maquina 5: [26 (4), 4 (28), 31 (37), 36 (13), 47 (96), 5 (44), 23 (30), 46 (77), 42 (47)]";2166;"Maquina 6: [10 (29), 49 (32), 27 (91), 1 (18), 19 (85), 2 (47), 8 (55), 0 (89), 40 (64)]";2887
Multiarranque;50;6;12738;161.0;50;"Maquina 1: [4 (28), 49 (32), 7 (5), 3 (60), 43 (85), 19 (85), 30 (91), 46 (77)]";2182;"Maquina 2: [34 (20), 33 (38), 10 (29), 5 (44), 37 (67), 29 (99), 35 (24), 39 (58)]";1896;"Maquina 3: [24 (22), 31 (37), 36 (13), 8 (55), 23 (30), 13 (30), 44 (74), 27 (91), 22 (79)]";2410;"Maquina 4: [42 (47), 11 (48), 26 (4), 12 (62), 9 (59), 45 (75), 48 (24), 38 (52)]";1992;"Maquina 5: [41 (34), 21 (29), 17 (43), 40 (64), 14 (56), 0 (89), 16 (70), 47 (96)]";2272;"Maquina 6: [18 (4), 1 (18), 28 (31), 32 (1), 2 (47), 20 (95), 6 (83), 15 (48), 25 (54)]";1986
GREEDY;50;6;14348;0.0;1;"Maquina 1: [2 (28), 6 (2), 47 (88), 18 (55), 20 (51), 49 (62), 0 (72), 4 (41)]";1926;"Maquina 2: [22 (2), 3 (57), 10 (31), 38 (42), 19 (71), 21 (45), 44 (61), 24 (80), 39 (96)]";2646;"Maquina 3: [32 (7), 41 (32), 36 (80), 12 (44), 27 (38), 37 (56), 1 (72), 46 (61), 17 (96)]";2517;"Maquina 4: [28 (16), 34 (59), 48 (49), 30 (33), 8 (43), 45 (73), 16 (68), 25 (93)]";2397;"Maquina 5: [9 (24), 42 (33), 13 (43), 33 (76), 29 (60), 7 (48), 11 (95), 40 (70)]";2447;"Maquina 6: [14 (25), 31 (36), 15 (43), 26 (76), 35 (48), 5 (58), 43 (90), 23 (67)]";2415
GRASP;50;6;12881;146.0;50;"Maquina 1: [32 (7), 33 (76), 49 (62), 30 (33), 12 (44), 45 (73), 3 (57), 47 (88)]";2047;"Maquina 2: [46 (61), 22 (2), 5 (58), 18 (55), 20 (51), 16 (68), 1 (72), 26 (76), 25 (93)]";2680;"Maquina 3: [42 (33), 6 (2), 11 (95), 41 (32), 29 (60), 7 (48), 17 (96), 39 (96)]";2117;"Maquina 4: [15 (43), 10 (31), 35 (48), 38 (42), 19 (71), 23 (67), 0 (72), 43 (90)]";2125;"Maquina 5: [37 (56), 28 (16), 48 (49), 13 (43), 27 (38), 31 (36), 14 (25), 24 (80), 40 (70)]";2093;"Maquina 6: [2 (28), 9 (24), 34 (59), 21 (45), 44 (61), 8 (43), 4 (41), 36 (80)]";1819
LNS;50;6;14348;4.0;50;"Maquina 1: [2 (28), 6 (2), 47 (88), 18 (55), 20 (51), 49 (62), 0 (72), 4 (41)]";1926;"Maquina 2: [22 (2), 3 (57), 10 (31), 38 (42), 19 (71), 21 (45), 44 (61), 24 (80), 39 (96)]";2646;"Maquina 3: [32 (7), 41 (32), 36 (80), 12 (44), 27 (38), 37 (56), 1 (72), 46 (61), 17 (96)]";2517;"Maquina 4: [28 (16), 34 (59), 48 (49), 30 (33), 8 (43), 45 (73), 16 (68), 25 (93)]";2397;"Maquina 5: [9 (24), 42 (33), 13 (43), 33 (76), 29 (60), 7 (48), 11 (95), 40 (70)]";2447;"Maquina 6: [14 (25), 31 (36), 15 (43), 26 (76), 35 (48), 5 (58), 43 (90), 23 (67)]";2415
TABÚ;50;6;12671;43.0;50;"Maquina 1: [34 (59), 22 (2), 3 (57), 49 (62), 0 (72), 8 (43), 26 (76), 25 (93)]";2061;"Maquina 2: [32 (7), 41 (32), 15 (43), 48 (49), 47 (88), 38 (42), 37 (56), 39 (96), 40 (70)]";2280;"Maquina 3: [6 (2), 19 (71), 12 (44), 10 (31), 30 (33), 20 (51), 24 (80), 17 (96), 11 (95)]";2286;"Maquina 4: [7 (48), 28 (16), 31 (36), 14 (25), 18 (55), 21 (45), 46 (61), 43 (90)]";1766;"Maquina 5: [27 (38), 4 (41), 13 (43), 2 (28), 16 (68), 23 (67), 36 (80), 33 (76)]";2187;"Maquina 6: [44 (61), 9 (24), 42 (33), 35 (48), 5 (58), 1 (72), 29 (60), 45 (73)]";2091
VNS;50;6;13390;3195.0;50;"Maquina 1: [2 (28), 6 (2), 47 (88), 18 (55), 20 (51), 49 (62), 0 (72), 40 (70)]";1875;"Maquina 2: [22 (2), 3 (57), 10 (31), 38 (42), 19 (71), 48 (49), 44 (61), 24 (80), 39 (96)]";2474;"Maquina 3: [32 (7), 41 (32), 36 (80), 33 (76), 27 (38), 37 (56), 1 (72), 46 (61), 17 (96)]";2568;"Maquina 4: [28 (16), 34 (59), 21 (45), 30 (33), 8 (43), 43 (90), 16 (68), 25 (93)]";2232;"Maquina 5: [9 (24), 42 (33), 13 (43), 12 (44), 29 (60), 7 (48), 11 (95), 4 (41)]";1946;"Maquina 6: [14 (25), 31 (36), 15 (43), 26 (76), 35 (48), 5 (58), 45 (73), 23 (67)]";2295
Multiarranque;50;6;13876;208.0;50;"Maquina 1: [2 (28), 6 (2), 47 (88), 18 (55), 20 (51), 49 (62), 0 (72), 4 (41)]";1926;"Maquina 2: [22 (2), 3 (57), 10 (31), 38 (42), 19 (71), 21 (45), 44 (61), 24 (80), 39 (96)]";2646;"Maquina 3: [32 (7), 41 (32), 36 (80), 33 (76), 27 (38), 37 (56), 1 (72), 46 (61), 17 (96)]";2568;"Maquina 4: [28 (16), 34 (59), 48 (49), 30 (33), 8 (43), 45 (73), 16 (68), 25 (93)]";2397;"Maquina 5: [9 (24), 42 (33), 13 (43), 12 (44), 29 (60), 7 (48), 11 (95), 40 (70)]";1924;"Maquina 6: [14 (25), 31 (36), 15 (43), 26 (76), 35 (48), 5 (58), 43 (90), 23 (67)]";2415
GREEDY;50;6;12728;0.0;1;"Maquina 1: [32 (12), 1 (5), 40 (44), 19 (33), 48 (77), 9 (51), 8 (64), 6 (88)]";2096;"Maquina 2: [38 (13), 12 (7), 18 (19), 41 (49), 29 (45), 5 (73), 28 (33), 37 (61), 36 (82)]";1968;"Maquina 3: [22 (36), 0 (14), 31 (66), 13 (10), 30 (48), 45 (89), 33 (59), 17 (77)]";2294;"Maquina 4: [23 (10), 16 (15), 44 (28), 24 (40), 15 (48), 35 (51), 2 (66), 43 (81), 25 (98)]";2530;"Maquina 5: [39 (10), 27 (15), 20 (24), 7 (45), 21 (50), 10 (62), 34 (84), 11 (71)]";2000;"Maquina 6: [4 (12), 3 (36), 46 (46), 49 (18), 14 (49), 42 (60), 26 (82), 47 (66)]";1840
GRASP;50;6;10460;165.0;50;"Maquina 1: [1 (5), 0 (14), 12 (7), 43 (81), 29 (45), 8 (64), 5 (73), 26 (82)]";1408;"Maquina 2: [7 (45), 16 (15), 22 (36), 44 (28), 41 (49), 47 (66), 9 (51), 25 (98)]";1924;"Maquina 3: [19 (33), 49 (18), 23 (10), 28 (33), 24 (40), 31 (66), 14 (49), 37 (61), 11 (71)]";2062;"Maquina 4: [20 (24), 18 (19), 3 (36), 38 (13), 21 (50), 10 (62), 33 (59), 48 (77), 45 (89)]";1974;"Maquina 5: [39 (10), 13 (10), 27 (15), 46 (46), 40 (44), 42 (60), 17 (77), 36 (82)]";1295;"Maquina 6: [4 (12), 15 (48), 30 (48), 2 (66), 32 (12), 35 (51), 34 (84), 6 (88)]";1797
LNS;50;6;12728;5.0;50;"Maquina 1: [32 (12), 1 (5), 40 (44), 19 (33), 48 (77), 9 (51), 8 (64), 6 (88)]";2096;"Maquina 2: [38 (13), 12 (7), 18 (19), 41 (49), 29 (45), 5 (73), 28 (33), 37 (61), 36 (82)]";1968;"Maquina 3: [22 (36), 0 (14), 31 (66), 13 (10), 30 (48), 45 (89), 33 (59), 17 (77)]";2294;"Maquina 4: [23 (10), 16 (15), 44 (28), 24 (40), 15 (48), 35 (51), 2 (66), 43 (81), 25 (98)]";2530;"Maquina 5: [39 (10), 27 (15), 20 (24), 7 (45), 21 (50), 10 (62), 34 (84), 11 (71)]";2000;"Maquina 6: [4 (12), 3 (36), 46 (46), 49 (18), 14 (49), 42 (60), 26 (82), 47 (66)]";1840
TABÚ;50;6;10604;42.0;50;"Maquina 1: [1 (5), 3 (36), 38 (13), 28 (33), 42 (60), 48 (77), 36 (82), 43 (81)]";1605;"Maquina 2: [13 (10), 27 (15), 9 (51), 7 (45), 21 (50), 46 (46), 6 (88), 30 (48)]";1576;"Maquina 3: [49 (18), 23 (10), 29 (45), 8 (64), 5 (73), 33 (59), 44 (28), 11 (71)]";1755;"Maquina 4: [0 (14), 12 (7), 15 (48), 14 (49), 22 (36), 2 (66), 40 (44), 26 (82), 17 (77)]";1857;"Maquina 5: [39 (10), 18 (19), 32 (12), 35 (51), 24 (40), 19 (33), 10 (62), 45 (89), 25 (98)]";1976;"Maquina 6: [4 (12), 37 (61), 41 (49), 47 (66), 16 (15), 20 (24), 31 (66), 34 (84)]";1835
VNS;50;6;12001;3274.0;50;"Maquina 1: [32 (12), 1 (5), 19 (33), 48 (77), 33 (59), 9 (51), 34 (84)]";1531;"Maquina 2: [38 (13), 12 (7), 18 (19), 41 (49), 29 (45), 28 (33), 37 (61), 36 (82)]";1473;"Maquina 3: [14 (49), 22 (36), 40 (44), 0 (14), 31 (66), 13 (10), 30 (48), 45 (89), 8 (64)]";2470;"Maquina 4: [23 (10), 16 (15), 44 (28), 24 (40), 15 (48), 35 (51), 2 (66), 43 (81), 25 (98)]";2530;"Maquina 5: [39 (10), 27 (15), 17 (77), 20 (24), 7 (45), 21 (50), 10 (62), 6 (88), 11 (71)]";2190;"Maquina 6: [4 (12), 3 (36), 46 (46), 49 (18), 42 (60), 5 (73), 26 (82), 47 (66)]";1807
Multiarranque;50;6;12072;166.0;50;"Maquina 1: [38 (13), 39 (10), 13 (10), 32 (12), 49 (18), 42 (60), 41 (49), 7 (45), 45 (89)]";1951;"Maquina 2: [20 (24), 18 (19), 3 (36), 2 (66), 40 (44), 37 (61), 6 (88), 5 (73)]";1839;"Maquina 3: [1 (5), 44 (28), 47 (66), 15 (48), 29 (45), 17 (77), 36 (82)]";1939;"Maquina 4: [4 (12), 22 (36), 46 (46), 0 (14), 21 (50), 10 (62), 8 (64), 43 (81), 26 (82)]";2126;"Maquina 5: [23 (10), 28 (33), 24 (40), 11 (71), 14 (49), 35 (51), 34 (84), 31 (66)]";2055;"Maquina 6: [12 (7), 16 (15), 9 (51), 30 (48), 27 (15), 19 (33), 48 (77), 33 (59), 25 (98)]";2162
GREEDY;50;6;14443;0.0;1;"Maquina 1: [48 (19), 10 (56), 19 (2), 22 (59), 27 (68), 15 (40), 46 (75), 24 (94)]";2218;"Maquina 2: [7 (10), 38 (21), 36 (44), 44 (33), 32 (73), 29 (47), 35 (88), 33 (63), 30 (95)]";2489;"Maquina 3: [13 (43), 1 (24), 8 (52), 39 (14), 20 (60), 12 (85), 4 (69), 21 (95)]";2411;"Maquina 4: [5 (15), 0 (40), 6 (45), 47 (27), 18 (54), 45 (69), 40 (89), 42 (97), 11 (62)]";2510;"Maquina 5: [49 (60), 16 (47), 34 (17), 26 (28), 17 (69), 23 (96), 9 (37), 37 (92)]";2426;"Maquina 6: [3 (58), 2 (30), 28 (64), 41 (89), 25 (43), 43 (17), 14 (97), 31 (70)]";2389
GRASP;50;6;12688;154.0;50;"Maquina 1: [9 (37), 26 (28), 1 (24), 31 (70), 25 (43), 16 (47), 12 (85), 41 (89)]";1927;"Maquina 2: [19 (2), 43 (17), 38 (21), 42 (97), 27 (68), 6 (45), 4 (69), 20 (60), 14 (97)]";2343;"Maquina 3: [18 (54), 47 (27), 7 (10), 0 (40), 40 (89), 29 (47), 3 (58), 23 (96)]";1945;"Maquina 4: [34 (17), 39 (14), 22 (59), 49 (60), 33 (63), 17 (69), 45 (69), 37 (92)]";1832;"Maquina 5: [13 (43), 28 (64), 2 (30), 8 (52), 48 (19), 32 (73), 35 (88), 24 (94)]";2083;"Maquina 6: [15 (40), 5 (15), 10 (56), 36 (44), 44 (33), 11 (62), 46 (75), 21 (95), 30 (95)]";2558
LNS;50;6;14443;5.0;50;"Maquina 1: [48 (19), 10 (56), 19 (2), 22 (59), 27 (68), 15 (40), 46 (75), 24 (94)]";2218;"Maquina 2: [7 (10), 38 (21), 36 (44), 44 (33), 32 (73), 29 (47), 35 (88), 33 (63), 30 (95)]";2489;"Maquina 3: [13 (43), 1 (24), 8 (52), 39 (14), 20 (60), 12 (85), 4 (69), 21 (95)]";2411;"Maquina 4: [5 (15), 0 (40), 6 (45), 47 (27), 18 (54), 45 (69), 40 (89), 42 (97), 11 (62)]";2510;"Maquina 5: [49 (60), 16 (47), 34 (17), 26 (28), 17 (69), 23 (96), 9 (37), 37 (92)]";2426;"Maquina 6: [3 (58), 2 (30), 28 (64), 41 (89), 25 (43), 43 (17), 14 (97), 31 (70)]";2389
TABÚ;50;6;13161;52.0;50;"Maquina 1: [48 (19), 17 (69), 19 (2), 9 (37), 18 (54), 45 (69), 27 (68), 24 (94), 32 (73)]";2423;"Maquina 2: [6 (45), 7 (10), 0 (40), 1 (24), 3 (58), 23 (96), 28 (64), 21 (95)]";1902;"Maquina 3: [47 (27), 34 (17), 25 (43), 13 (43), 37 (92), 41 (89), 22 (59), 46 (75)]";2258;"Maquina 4: [44 (33), 8 (52), 43 (17), 10 (56), 33 (63), 29 (47), 40 (89), 30 (95)]";2132;"Maquina 5: [26 (28), 5 (15), 49 (60), 11 (62), 39 (14), 20 (60), 12 (85), 42 (97), 31 (70)]";2525;"Maquina 6: [2 (30), 15 (40), 36 (44), 4 (69), 38 (21), 35 (88), 16 (47), 14 (97)]";1921
VNS;50;6;13872;3393.0;50;"Maquina 1: [48 (19), 10 (56), 19 (2), 35 (88), 22 (59), 1 (24), 46 (75), 24 (94)]";2248;"Maquina 2: [7 (10), 38 (21), 36 (44), 44 (33), 32 (73), 29 (47), 11 (62), 33 (63), 37 (92)]";2406;"Maquina 3: [26 (28), 13 (43), 8 (52), 39 (14), 20 (60), 12 (85), 4 (69), 21 (95)]";2312;"Maquina 4: [5 (15), 0 (40), 6 (45), 47 (27), 18 (54), 45 (69), 40 (89), 42 (97), 27 (68)]";2486;"Maquina 5: [49 (60), 16 (47), 34 (17), 17 (69), 23 (96), 9 (37), 30 (95)]";1793;"Maquina 6: [3 (58), 2 (30), 28 (64), 15 (40), 41 (89), 25 (43), 43 (17), 14 (97), 31 (70)]";2627
Multiarranque;50;6;13804;165.0;50;"Maquina 1: [1 (24), 31 (70), 19 (2), 6 (45), 47 (27), 28 (64), 23 (96), 37 (92)]";1904;"Maquina 2: [9 (37), 26 (28), 17 (69), 11 (62), 43 (17), 46 (75), 16 (47), 35 (88)]";2451;"Maquina 3: [34 (17), 39 (14), 22 (59), 15 (40), 3 (58), 10 (56), 4 (69), 40 (89), 24 (94)]";2427;"Maquina 4: [45 (69), 44 (33), 25 (43), 13 (43), 12 (85), 2 (30), 33 (63), 21 (95)]";2334;"Maquina 5: [5 (15), 18 (54), 48 (19), 32 (73), 20 (60), 27 (68), 14 (97), 36 (44), 49 (60)]";2554;"Maquina 6: [38 (21), 7 (10), 0 (40), 42 (97), 41 (89), 29 (47), 8 (52), 30 (95)]";2134
GREEDY;50;6;14394;0.0;1;"Maquina 1: [3 (4), 8 (41), 43 (23), 37 (51), 2 (43), 16 (73), 13 (58), 26 (84), 34 (93)]";2402;"Maquina 2: [32 (24), 20 (44), 30 (11), 9 (51), 29 (55), 36 (62), 18 (77), 12 (86)]";2139;"Maquina 3: [23 (17), 46 (51), 47 (65), 21 (25), 19 (79), 15 (58), 10 (39), 33 (92)]";2305;"Maquina 4: [31 (19), 5 (43), 7 (30), 49 (50), 6 (55), 14 (60), 39 (76), 0 (98), 1 (85)]";2792;"Maquina 5: [38 (67), 4 (45), 44 (84), 41 (30), 28 (58), 11 (21), 48 (54), 25 (93)]";2440;"Maquina 6: [45 (22), 22 (34), 17 (56), 27 (63), 40 (35), 35 (51), 42 (80), 24 (92)]";2316
GRASP;50;6;13176;146.0;50;"Maquina 1: [3 (4), 48 (54), 23 (17), 35 (51), 14 (60), 32 (24), 0 (98), 38 (67)]";1626;"Maquina 2: [30 (11), 46 (51), 47 (65), 21 (25), 17 (56), 45 (22), 27 (63), 39 (76), 44 (84)]";2170;"Maquina 3: [31 (19), 41 (30), 40 (35), 6 (55), 12 (86), 20 (44), 19 (79), 13 (58), 18 (77)]";2467;"Maquina 4: [22 (34), 7 (30), 36 (62), 11 (21), 29 (55), 9 (51), 24 (92), 34 (93)]";2089;"Maquina 5: [8 (41), 49 (50), 4 (45), 25 (93), 5 (43), 16 (73), 28 (58), 42 (80)]";2288;"Maquina 6: [43 (23), 33 (92), 15 (58), 37 (51), 10 (39), 26 (84), 2 (43), 1 (85)]";2536
LNS;50;6;14132;4.0;50;"Maquina 1: [3 (4), 8 (41), 43 (23), 37 (51), 2 (43), 16 (73), 13 (58), 26 (84), 34 (93)]";2402;"Maquina 2: [30 (11), 20 (44), 32 (24), 36 (62), 29 (55), 9 (51), 18 (77), 12 (86)]";2069;"Maquina 3: [21 (25), 46 (51), 47 (65), 23 (17), 19 (79), 15 (58), 10 (39), 33 (92)]";2113;"Maquina 4: [31 (19), 5 (43), 7 (30), 49 (50), 6 (55), 14 (60), 39 (76), 0 (98), 1 (85)]";2792;"Maquina 5: [38 (67), 4 (45), 44 (84), 41 (30), 28 (58), 11 (21), 48 (54), 25 (93)]";2440;"Maquina 6: [45 (22), 22 (34), 17 (56), 27 (63), 40 (35), 35 (51), 42 (80), 24 (92)]";2316
TABÚ;50;6;13251;49.0;50;"Maquina 1: [7 (30), 20 (44), 30 (11), 46 (51), 14 (60), 13 (58), 6 (55), 38 (67)]";1754;"Maquina 2: [5 (43), 3 (4), 10 (39), 24 (92), 32 (24), 9 (51), 0 (98), 29 (55), 18 (77)]";2703;"Maquina 3: [31 (19), 41 (30), 28 (58), 11 (21), 37 (51), 49 (50), 12 (86), 42 (80), 39 (76)]";2180;"Maquina 4: [36 (62), 47 (65), 23 (17), 17 (56), 44 (84), 35 (51), 33 (92), 25 (93)]";2455;"Maquina 5: [21 (25), 45 (22), 2 (43), 16 (73), 22 (34), 27 (63), 19 (79), 1 (85)]";2042;"Maquina 6: [8 (41), 43 (23), 48 (54), 15 (58), 4 (45), 40 (35), 26 (84), 34 (93)]";2117
VNS;50;6;13747;2898.0;50;"Maquina 1: [3 (4), 8 (41), 43 (23), 37 (51), 30 (11), 2 (43), 16 (73), 13 (58), 26 (84), 34 (93)]";2596;"Maquina 2: [32 (24), 20 (44), 9 (51), 29 (55), 36 (62), 18 (77), 12 (86)]";1853;"Maquina 3: [21 (25), 46 (51), 47 (65), 23 (17), 19 (79), 48 (54), 10 (39), 33 (92)]";1934;"Maquina 4: [31 (19), 5 (43), 7 (30), 49 (50), 6 (55), 14 (60), 39 (76), 15 (58), 1 (85)]";2643;"Maquina 5: [38 (67), 4 (45), 44 (84), 41 (30), 28 (58), 11 (21), 0 (98), 25 (93)]";2445;"Maquina 6: [45 (22), 22 (34), 17 (56), 24 (92), 40 (35), 35 (51), 42 (80), 27 (63)]";2276
Multiarranque;50;6;13832;175.0;50;"Maquina 1: [17 (56), 4 (45), 30 (11), 34 (93), 13 (58), 6 (55), 19 (79), 33 (92)]";2454;"Maquina 2: [11 (21), 23 (17), 31 (19), 48 (54), 15 (58), 47 (65), 39 (76), 44 (84), 46 (51)]";2357;"Maquina 3: [10 (39), 21 (25), 45 (22), 9 (51), 35 (51), 14 (60), 26 (84), 0 (98)]";2013;"Maquina 4: [2 (43), 22 (34), 28 (58), 42 (80), 27 (63), 49 (50), 24 (92), 25 (93)]";2518;"Maquina 5: [3 (4), 8 (41), 43 (23), 32 (24), 38 (67), 40 (35), 18 (77), 36 (62), 1 (85)]";2551;"Maquina 6: [7 (30), 20 (44), 5 (43), 37 (51), 41 (30), 29 (55), 12 (86), 16 (73)]";1939
GREEDY;50;6;12849;1.0;1;"Maquina 1: [2 (4), 49 (56), 43 (31), 0 (14), 35 (51), 3 (74), 45 (43), 5 (91)]";2174;"Maquina 2: [18 (48), 7 (14), 11 (10), 8 (23), 42 (69), 10 (53), 9 (79), 26 (37), 28 (94)]";2402;"Maquina 3: [23 (10), 6 (44), 39 (28), 40 (14), 33 (52), 36 (49), 31 (58), 41 (78), 27 (92)]";2219;"Maquina 4: [14 (12), 16 (17), 46 (53), 20 (65), 22 (42), 37 (27), 17 (50), 4 (81)]";1867;"Maquina 5: [24 (12), 34 (34), 12 (42), 1 (53), 38 (18), 47 (86), 25 (64), 48 (45)]";1880;"Maquina 6: [29 (21), 19 (28), 15 (43), 21 (51), 13 (78), 32 (55), 30 (13), 44 (92)]";2307
GRASP;50;6;10589;148.0;50;"Maquina 1: [38 (18), 7 (14), 23 (10), 45 (43), 22 (42), 37 (27), 36 (49), 10 (53), 41 (78)]";1723;"Maquina 2: [2 (4), 4 (81), 40 (14), 17 (50), 46 (53), 1 (53), 47 (86), 12 (42), 20 (65)]";2317;"Maquina 3: [39 (28), 18 (48), 16 (17), 33 (52), 42 (69), 35 (51), 25 (64), 5 (91)]";1885;"Maquina 4: [43 (31), 24 (12), 6 (44), 15 (43), 14 (12), 9 (79), 32 (55), 28 (94)]";1469;"Maquina 5: [19 (28), 0 (14), 29 (21), 8 (23), 49 (56), 48 (45), 3 (74), 27 (92)]";1493;"Maquina 6: [11 (10), 30 (13), 31 (58), 34 (34), 21 (51), 26 (37), 13 (78), 44 (92)]";1702
LNS;50;6;12849;5.0;50;"Maquina 1: [2 (4), 49 (56), 43 (31), 0 (14), 35 (51), 3 (74), 45 (43), 5 (91)]";2174;"Maquina 2: [18 (48), 7 (14), 11 (10), 8 (23), 42 (69), 10 (53), 9 (79), 26 (37), 28 (94)]";2402;"Maquina 3: [23 (10), 6 (44), 39 (28), 40 (14), 33 (52), 36 (49), 31 (58), 41 (78), 27 (92)]";2219;"Maquina 4: [14 (12), 16 (17), 46 (53), 20 (65), 22 (42), 37 (27), 17 (50), 4 (81)]";1867;"Maquina 5: [24 (12), 34 (34), 12 (42), 1 (53), 38 (18), 47 (86), 25 (64), 48 (45)]";1880;"Maquina 6: [29 (21), 19 (28), 15 (43), 21 (51), 13 (78), 32 (55), 30 (13), 44 (92)]";2307
TABÚ;50;6;10874;46.0;50;"Maquina 1: [2 (4), 23 (10), 29 (21), 6 (44), 24 (12), 22 (42), 25 (64), 9 (79), 44 (92)]";1683;"Maquina 2: [0 (14), 17 (50), 11 (10), 38 (18), 15 (43), 12 (42), 1 (53), 4 (81)]";1562;"Maquina 3: [30 (13), 14 (12), 34 (34), 19 (28), 33 (52), 42 (69), 35 (51), 47 (86), 5 (91)]";2017;"Maquina 4: [39 (28), 48 (45), 40 (14), 8 (23), 49 (56), 46 (53), 20 (65), 27 (92)]";1693;"Maquina 5: [21 (51), 26 (37), 13 (78), 37 (27), 43 (31), 41 (78), 28 (94), 3 (74)]";2235;"Maquina 6: [45 (43), 16 (17), 7 (14), 10 (53), 32 (55), 18 (48), 36 (49), 31 (58)]";1684
VNS;50;6;12140;3000.0;50;"Maquina 1: [2 (4), 16 (17), 43 (31), 0 (14), 35 (51), 30 (13), 45 (43), 20 (65)]";1279;"Maquina 2: [18 (48), 7 (14), 21 (51), 8 (23), 42 (69), 10 (53), 9 (79), 28 (94)]";2118;"Maquina 3: [23 (10), 6 (44), 39 (28), 40 (14), 33 (52), 26 (37), 31 (58), 41 (78), 27 (92)]";2213;"Maquina 4: [14 (12), 49 (56), 48 (45), 22 (42), 37 (27), 36 (49), 17 (50), 4 (81)]";2081;"Maquina 5: [24 (12), 34 (34), 12 (42), 1 (53), 38 (18), 47 (86), 25 (64), 46 (53), 5 (91)]";2490;"Maquina 6: [29 (21), 19 (28), 15 (43), 11 (10), 13 (78), 3 (74), 32 (55), 44 (92)]";1959
Multiarranque;50;6;11240;169.0;50;"Maquina 1: [23 (10), 19 (28), 41 (78), 16 (17), 33 (52), 36 (49), 6 (44), 5 (91)]";1725;"Maquina 2: [2 (4), 39 (28), 40 (14), 17 (50), 12 (42), 13 (78), 22 (42), 25 (64), 28 (94)]";2130;"Maquina 3: [14 (12), 18 (48), 38 (18), 26 (37), 46 (53), 1 (53), 47 (86), 9 (79)]";1937;"Maquina 4: [7 (14), 11 (10), 15 (43), 21 (51), 37 (27), 35 (51), 32 (55), 4 (81)]";1577;"Maquina 5: [0 (14), 48 (45), 29 (21), 34 (34), 20 (65), 31 (58), 49 (56), 27 (92)]";1832;"Maquina 6: [30 (13), 45 (43), 24 (12), 43 (31), 8 (23), 42 (69), 10 (53), 3 (74), 44 (92)]";2039
GREEDY;50;6;11570;0.0;1;"Maquina 1: [33 (1), 9 (20), 2 (36), 22 (72), 39 (53), 41 (60), 13 (46), 19 (88)]";1789;"Maquina 2: [30 (22), 31 (7), 12 (44), 48 (32), 29 (51), 14 (66), 23 (57), 0 (97), 6 (81)]";2079;"Maquina 3: [40 (12), 24 (51), 7 (56), 36 (40), 3 (28), 25 (64), 4 (79), 47 (92)]";1882;"Maquina 4: [49 (13), 1 (29), 17 (35), 11 (45), 16 (81), 38 (67), 34 (59), 43 (52), 18 (99)]";2233;"Maquina 5: [8 (14), 15 (29), 5 (56), 37 (49), 26 (37), 44 (60), 20 (91), 27 (76)]";1792;"Maquina 6: [46 (30), 21 (19), 10 (40), 35 (54), 28 (49), 42 (60), 32 (90), 45 (72)]";1795
GRASP;50;6;10627;152.0;50;"Maquina 1: [21 (19), 30 (22), 3 (28), 28 (49), 41 (60), 39 (53), 34 (59), 25 (64), 32 (90)]";1947;"Maquina 2: [49 (13), 17 (35), 26 (37), 36 (40), 43 (52), 10 (40), 14 (66), 16 (81)]";1457;"Maquina 3: [8 (14), 12 (44), 23 (57), 46 (30), 6 (81), 29 (51), 18 (99), 0 (97)]";1924;"Maquina 4: [33 (1), 48 (32), 13 (46), 44 (60), 37 (49), 2 (36), 7 (56), 4 (79)]";1580;"Maquina 5: [31 (7), 40 (12), 11 (45), 5 (56), 38 (67), 24 (51), 45 (72), 22 (72), 20 (91)]";1959;"Maquina 6: [9 (20), 42 (60), 1 (29), 15 (29), 35 (54), 19 (88), 47 (92), 27 (76)]";1760
LNS;50;6;11570;4.0;50;"Maquina 1: [33 (1), 9 (20), 2 (36), 22 (72), 39 (53), 41 (60), 13 (46), 19 (88)]";1789;"Maquina 2: [30 (22), 31 (7), 12 (44), 48 (32), 29 (51), 14 (66), 23 (57), 0 (97), 6 (81)]";2079;"Maquina 3: [40 (12), 24 (51), 7 (56), 36 (40), 3 (28), 25 (64), 4 (79), 47 (92)]";1882;"Maquina 4: [49 (13), 1 (29), 17 (35), 11 (45), 16 (81), 38 (67), 34 (59), 43 (52), 18 (99)]";2233;"Maquina 5: [8 (14), 15 (29), 5 (56), 37 (49), 26 (37), 44 (60), 20 (91), 27 (76)]";1792;"Maquina 6: [46 (30), 21 (19), 10 (40), 35 (54), 28 (49), 42 (60), 32 (90), 45 (72)]";1795
TABÚ;50;6;10675;45.0;50;"Maquina 1: [2 (36), 36 (40), 43 (52), 6 (81), 39 (53), 45 (72), 16 (81), 47 (92)]";2109;"Maquina 2: [30 (22), 49 (13), 17 (35), 24 (51), 28 (49), 38 (67), 7 (56), 4 (79), 14 (66)]";1988;"Maquina 3: [35 (54), 48 (32), 46 (30), 12 (44), 37 (49), 44 (60), 20 (91), 18 (99)]";1876;"Maquina 4: [31 (7), 40 (12), 11 (45), 13 (46), 25 (64), 34 (59), 27 (76), 22 (72)]";1441;"Maquina 5: [8 (14), 10 (40), 9 (20), 29 (51), 5 (56), 41 (60), 19 (88), 32 (90)]";1691;"Maquina 6: [33 (1), 3 (28), 21 (19), 42 (60), 1 (29), 15 (29), 23 (57), 26 (37), 0 (97)]";1570
VNS;50;6;11190;3290.0;50;"Maquina 1: [49 (13), 9 (20), 2 (36), 22 (72), 36 (40), 39 (53), 34 (59), 19 (88)]";1589;"Maquina 2: [21 (19), 30 (22), 31 (7), 12 (44), 48 (32), 29 (51), 14 (66), 0 (97), 6 (81)]";1770;"Maquina 3: [40 (12), 24 (51), 33 (1), 7 (56), 3 (28), 25 (64), 23 (57), 47 (92), 18 (99)]";2028;"Maquina 4: [1 (29), 13 (46), 17 (35), 11 (45), 16 (81), 38 (67), 41 (60), 43 (52), 4 (79)]";2462;"Maquina 5: [8 (14), 15 (29), 5 (56), 37 (49), 26 (37), 44 (60), 20 (91), 27 (76)]";1792;"Maquina 6: [46 (30), 10 (40), 35 (54), 28 (49), 42 (60), 32 (90), 45 (72)]";1549
Multiarranque;50;6;11097;193.0;50;"Maquina 1: [35 (54), 17 (35), 26 (37), 4 (79), 44 (60), 25 (64), 41 (60), 42 (60)]";2057;"Maquina 2: [9 (20), 49 (13), 15 (29), 22 (72), 23 (57), 24 (51), 32 (90), 16 (81)]";1739;"Maquina 3: [33 (1), 48 (32), 46 (30), 12 (44), 2 (36), 1 (29), 45 (72), 14 (66), 20 (91)]";1785;"Maquina 4: [31 (7), 37 (49), 5 (56), 28 (49), 13 (46), 3 (28), 27 (76), 0 (97)]";1717;"Maquina 5: [40 (12), 8 (14), 36 (40), 43 (52), 10 (40), 38 (67), 34 (59), 18 (99), 19 (88)]";2048;"Maquina 6: [21 (19), 30 (22), 7 (56), 29 (51), 11 (45), 39 (53), 47 (92), 6 (81)]";1751
GREEDY;50;6;11873;0.0;1;"Maquina 1: [29 (13), 48 (2), 16 (64), 40 (34), 6 (43), 19 (55), 32 (84), 11 (90)]";1771;"Maquina 2: [13 (3), 2 (19), 38 (56), 15 (36), 22 (68), 3 (87), 37 (49), 35 (92)]";1941;"Maquina 3: [47 (5), 14 (53), 41 (22), 25 (57), 43 (38), 39 (65), 12 (85), 4 (92)]";1847;"Maquina 4: [44 (7), 45 (22), 1 (59), 7 (34), 31 (42), 9 (55), 46 (79), 26 (94), 8 (90)]";2095;"Maquina 5: [36 (8), 33 (37), 5 (49), 42 (24), 49 (55), 17 (61), 27 (82), 10 (90), 0 (97)]";2288;"Maquina 6: [34 (50), 21 (27), 20 (9), 18 (57), 30 (89), 24 (42), 28 (73), 23 (93)]";1931
GRASP;50;6;10365;175.0;50;"Maquina 1: [44 (7), 13 (3), 5 (49), 40 (34), 14 (53), 16 (64), 32 (84), 4 (92), 26 (94)]";1816;"Maquina 2: [37 (49), 42 (24), 47 (5), 31 (42), 34 (50), 28 (73), 23 (93), 10 (90)]";1766;"Maquina 3: [48 (2), 20 (9), 2 (19), 7 (34), 43 (38), 18 (57), 27 (82), 22 (68), 3 (87)]";1498;"Maquina 4: [45 (22), 36 (8), 6 (43), 21 (27), 46 (79), 39 (65), 11 (90), 8 (90)]";1630;"Maquina 5: [15 (36), 41 (22), 24 (42), 17 (61), 19 (55), 1 (59), 12 (85), 0 (97)]";1808;"Maquina 6: [29 (13), 38 (56), 25 (57), 9 (55), 49 (55), 33 (37), 35 (92), 30 (89)]";1847
LNS;50;6;11625;5.0;50;"Maquina 1: [29 (13), 48 (2), 16 (64), 6 (43), 40 (34), 19 (55), 32 (84), 11 (90)]";1748;"Maquina 2: [2 (19), 38 (56), 13 (3), 15 (36), 22 (68), 3 (87), 37 (49), 35 (92)]";1734;"Maquina 3: [47 (5), 14 (53), 41 (22), 25 (57), 43 (38), 39 (65), 12 (85), 4 (92)]";1847;"Maquina 4: [44 (7), 45 (22), 1 (59), 7 (34), 31 (42), 9 (55), 46 (79), 26 (94), 8 (90)]";2095;"Maquina 5: [36 (8), 33 (37), 5 (49), 49 (55), 42 (24), 17 (61), 27 (82), 10 (90), 0 (97)]";2270;"Maquina 6: [34 (50), 21 (27), 20 (9), 18 (57), 30 (89), 24 (42), 28 (73), 23 (93)]";1931
TABÚ;50;6;10718;44.0;50;"Maquina 1: [47 (5), 29 (13), 6 (43), 21 (27), 43 (38), 16 (64), 25 (57), 1 (59), 4 (92)]";1608;"Maquina 2: [44 (7), 14 (53), 24 (42), 40 (34), 34 (50), 39 (65), 11 (90), 10 (90), 26 (94)]";2306;"Maquina 3: [45 (22), 36 (8), 19 (55), 5 (49), 22 (68), 33 (37), 27 (82), 23 (93)]";1680;"Maquina 4: [41 (22), 37 (49), 7 (34), 9 (55), 46 (79), 17 (61), 32 (84), 0 (97)]";1984;"Maquina 5: [13 (3), 49 (55), 42 (24), 18 (57), 15 (36), 35 (92), 30 (89), 3 (87)]";1700;"Maquina 6: [48 (2), 20 (9), 31 (42), 2 (19), 12 (85), 28 (73), 38 (56), 8 (90)]";1440
VNS;50;6;11160;3024.0;50;"Maquina 1: [48 (2), 16 (64), 32 (84), 14 (53), 6 (43), 9 (55), 38 (56), 11 (90)]";1944;"Maquina 2: [13 (3), 49 (55), 2 (19), 15 (36), 22 (68), 3 (87), 37 (49), 18 (57), 35 (92)]";2167;"Maquina 3: [47 (5), 40 (34), 41 (22), 25 (57), 43 (38), 39 (65), 12 (85), 4 (92)]";1514;"Maquina 4: [44 (7), 29 (13), 45 (22), 1 (59), 7 (34), 31 (42), 19 (55), 46 (79), 26 (94), 8 (90)]";2400;"Maquina 5: [36 (8), 33 (37), 5 (49), 42 (24), 17 (61), 27 (82), 10 (90), 0 (97)]";1759;"Maquina 6: [34 (50), 21 (27), 20 (9), 30 (89), 24 (42), 28 (73), 23 (93)]";1376
Multiarranque;50;6;11017;170.0;50;"Maquina 1: [47 (5), 37 (49), 7 (34), 33 (37), 18 (57), 28 (73), 26 (94), 11 (90)]";1901;"Maquina 2: [45 (22), 24 (42), 14 (53), 16 (64), 27 (82), 1 (59), 8 (90)]";1649;"Maquina 3: [2 (19), 29 (13), 38 (56), 31 (42), 34 (50), 9 (55), 46 (79), 3 (87)]";1675;"Maquina 4: [48 (2), 13 (3), 6 (43), 21 (27), 5 (49), 30 (89), 17 (61), 4 (92), 0 (97)]";1839;"Maquina 5: [44 (7), 43 (38), 20 (9), 15 (36), 41 (22), 10 (90), 49 (55), 32 (84), 35 (92)]";1830;"Maquina 6: [36 (8), 40 (34), 42 (24), 19 (55), 39 (65), 25 (57), 22 (68), 12 (85), 23 (93)]";2123
GREEDY;50;6;10791;0.0;1;"Maquina 1: [6 (9), 16 (1), 29 (42), 1 (21), 47 (53), 21 (64), 31 (94), 14 (74), 34 (99)]";2032;"Maquina 2: [22 (9), 26 (2), 18 (32), 3 (48), 36 (70), 12 (84), 5 (59), 46 (97)]";1758;"Maquina 3: [24 (9), 35 (2), 19 (44), 9 (28), 7 (54), 17 (65), 20 (95), 39 (76)]";1606;"Maquina 4: [8 (3), 48 (9), 25 (20), 32 (33), 10 (71), 42 (62), 45 (48), 30 (99), 11 (90)]";1976;"Maquina 5: [15 (11), 27 (32), 38 (6), 33 (61), 37 (96), 23 (47), 44 (68), 40 (79)]";1599;"Maquina 6: [4 (15), 49 (6), 41 (61), 43 (28), 0 (70), 13 (46), 28 (80), 2 (99)]";1820
GRASP;50;6;9307;167.0;50;"Maquina 1: [38 (6), 16 (1), 42 (62), 3 (48), 19 (44), 2 (99), 17 (65), 40 (79)]";1453;"Maquina 2: [9 (28), 26 (2), 24 (9), 4 (15), 29 (42), 11 (90), 20 (95), 28 (80), 37 (96)]";1727;"Maquina 3: [49 (6), 15 (11), 25 (20), 47 (53), 7 (54), 45 (48), 44 (68), 39 (76), 31 (94)]";1928;"Maquina 4: [48 (9), 6 (9), 33 (61), 18 (32), 13 (46), 21 (64), 0 (70), 30 (99)]";1449;"Maquina 5: [22 (9), 43 (28), 8 (3), 32 (33), 10 (71), 41 (61), 34 (99), 46 (97)]";1331;"Maquina 6: [35 (2), 1 (21), 27 (32), 23 (47), 5 (59), 36 (70), 14 (74), 12 (84)]";1419
LNS;50;6;10544;4.0;50;"Maquina 1: [6 (9), 16 (1), 29 (42), 1 (21), 47 (53), 21 (64), 31 (94), 14 (74), 34 (99)]";2032;"Maquina 2: [22 (9), 26 (2), 18 (32), 3 (48), 36 (70), 12 (84), 5 (59), 46 (97)]";1758;"Maquina 3: [35 (2), 19 (44), 24 (9), 9 (28), 7 (54), 17 (65), 20 (95), 39 (76)]";1426;"Maquina 4: [25 (20), 48 (9), 8 (3), 32 (33), 10 (71), 30 (99), 45 (48), 42 (62), 11 (90)]";1909;"Maquina 5: [15 (11), 27 (32), 38 (6), 33 (61), 37 (96), 23 (47), 44 (68), 40 (79)]";1599;"Maquina 6: [4 (15), 49 (6), 41 (61), 43 (28), 0 (70), 13 (46), 28 (80), 2 (99)]";1820
TABÚ;50;6;9632;54.0;50;"Maquina 1: [25 (20), 16 (1), 23 (47), 4 (15), 33 (61), 45 (48), 12 (84), 46 (97)]";1434;"Maquina 2: [15 (11), 8 (3), 47 (53), 48 (9), 31 (94), 14 (74), 10 (71), 30 (99)]";1522;"Maquina 3: [26 (2), 24 (9), 29 (42), 43 (28), 7 (54), 40 (79), 5 (59), 36 (70), 34 (99)]";1713;"Maquina 4: [35 (2), 1 (21), 6 (9), 39 (76), 9 (28), 13 (46), 21 (64), 17 (65), 20 (95)]";1749;"Maquina 5: [38 (6), 32 (33), 42 (62), 3 (48), 0 (70), 2 (99), 44 (68), 11 (90)]";1874;"Maquina 6: [49 (6), 22 (9), 27 (32), 41 (61), 19 (44), 18 (32), 28 (80), 37 (96)]";1340
VNS;50;6;10331;3056.0;50;"Maquina 1: [6 (9), 16 (1), 29 (42), 1 (21), 47 (53), 21 (64), 12 (84), 31 (94)]";1486;"Maquina 2: [9 (28), 26 (2), 18 (32), 3 (48), 36 (70), 41 (61), 5 (59), 46 (97)]";1649;"Maquina 3: [24 (9), 35 (2), 19 (44), 34 (99), 7 (54), 17 (65), 40 (79), 0 (70)]";1865;"Maquina 4: [25 (20), 48 (9), 8 (3), 32 (33), 10 (71), 42 (62), 45 (48), 30 (99), 11 (90)]";1925;"Maquina 5: [15 (11), 27 (32), 38 (6), 33 (61), 37 (96), 23 (47), 44 (68), 28 (80)]";1593;"Maquina 6: [4 (15), 49 (6), 22 (9), 43 (28), 39 (76), 13 (46), 14 (74), 20 (95), 2 (99)]";1813
Multiarranque;50;6;9799;180.0;50;"Maquina 1: [24 (9), 22 (9), 43 (28), 3 (48), 12 (84), 45 (48), 39 (76), 30 (99)]";1495;"Maquina 2: [15 (11), 6 (9), 16 (1), 19 (44), 29 (42), 42 (62), 14 (74), 10 (71), 37 (96)]";1727;"Maquina 3: [9 (28), 8 (3), 49 (6), 44 (68), 25 (20), 2 (99), 41 (61), 40 (79)]";1476;"Maquina 4: [26 (2), 4 (15), 33 (61), 32 (33), 0 (70), 5 (59), 36 (70), 46 (97)]";1569;"Maquina 5: [38 (6), 1 (21), 18 (32), 47 (53), 21 (64), 34 (99), 11 (90), 20 (95)]";1665;"Maquina 6: [35 (2), 48 (9), 27 (32), 13 (46), 23 (47), 17 (65), 7 (54), 31 (94), 28 (80)]";1867
GREEDY;50;6;12626;0.0;1;"Maquina 1: [47 (2), 15 (30), 48 (60), 17 (17), 23 (51), 37 (72), 19 (80), 46 (97), 8 (89)]";2404;"Maquina 2: [25 (4), 16 (41), 43 (17), 9 (53), 40 (90), 27 (81), 34 (61), 26 (94), 2 (73)]";2341;"Maquina 3: [10 (7), 39 (21), 1 (38), 32 (57), 42 (62), 24 (91), 6 (74), 12 (84)]";1896;"Maquina 4: [5 (44), 45 (8), 28 (75), 20 (24), 11 (70), 13 (59), 49 (92), 14 (88)]";2071;"Maquina 5: [29 (24), 7 (15), 41 (49), 4 (68), 44 (76), 31 (59), 3 (92), 18 (87)]";1965;"Maquina 6: [0 (27), 38 (15), 33 (42), 35 (84), 36 (65), 21 (74), 30 (91), 22 (58)]";1949
GRASP;50;6;11477;155.0;50;"Maquina 1: [39 (21), 47 (2), 15 (30), 6 (74), 22 (58), 12 (84), 14 (88), 24 (91)]";1700;"Maquina 2: [41 (49), 31 (59), 20 (24), 23 (51), 28 (75), 36 (65), 21 (74), 30 (91)]";2173;"Maquina 3: [25 (4), 45 (8), 32 (57), 43 (17), 33 (42), 37 (72), 11 (70), 35 (84), 49 (92)]";1795;"Maquina 4: [7 (15), 10 (7), 16 (41), 42 (62), 34 (61), 18 (87), 27 (81), 46 (97), 40 (90)]";2225;"Maquina 5: [38 (15), 29 (24), 13 (59), 5 (44), 9 (53), 44 (76), 3 (92), 8 (89)]";1772;"Maquina 6: [17 (17), 1 (38), 4 (68), 0 (27), 48 (60), 19 (80), 2 (73), 26 (94)]";1812
LNS;50;6;12626;5.0;50;"Maquina 1: [47 (2), 15 (30), 48 (60), 17 (17), 23 (51), 37 (72), 19 (80), 46 (97), 8 (89)]";2404;"Maquina 2: [25 (4), 16 (41), 43 (17), 9 (53), 40 (90), 27 (81), 34 (61), 26 (94), 2 (73)]";2341;"Maquina 3: [10 (7), 39 (21), 1 (38), 32 (57), 42 (62), 24 (91), 6 (74), 12 (84)]";1896;"Maquina 4: [5 (44), 45 (8), 28 (75), 20 (24), 11 (70), 13 (59), 49 (92), 14 (88)]";2071;"Maquina 5: [29 (24), 7 (15), 41 (49), 4 (68), 44 (76), 31 (59), 3 (92), 18 (87)]";1965;"Maquina 6: [0 (27), 38 (15), 33 (42), 35 (84), 36 (65), 21 (74), 30 (91), 22 (58)]";1949
TABÚ;50;6;11291;45.0;50;"Maquina 1: [25 (4), 15 (30), 41 (49), 4 (68), 5 (44), 34 (61), 18 (87), 40 (90), 35 (84)]";2196;"Maquina 2: [38 (15), 10 (7), 33 (42), 48 (60), 3 (92), 36 (65), 21 (74), 27 (81)]";1711;"Maquina 3: [45 (8), 47 (2), 43 (17), 31 (59), 9 (53), 13 (59), 44 (76), 14 (88)]";1193;"Maquina 4: [39 (21), 20 (24), 37 (72), 22 (58), 6 (74), 12 (84), 26 (94), 8 (89)]";2011;"Maquina 5: [7 (15), 17 (17), 16 (41), 0 (27), 2 (73), 42 (62), 30 (91), 46 (97), 24 (91)]";2134;"Maquina 6: [29 (24), 11 (70), 1 (38), 32 (57), 23 (51), 28 (75), 19 (80), 49 (92)]";2046
VNS;50;6;12086;3217.0;50;"Maquina 1: [47 (2), 25 (4), 15 (30), 48 (60), 23 (51), 37 (72), 19 (80), 22 (58), 46 (97), 8 (89)]";2623;"Maquina 2: [29 (24), 16 (41), 9 (53), 40 (90), 27 (81), 28 (75), 2 (73)]";1765;"Maquina 3: [10 (7), 39 (21), 1 (38), 32 (57), 42 (62), 34 (61), 24 (91), 6 (74), 49 (92)]";2390;"Maquina 4: [5 (44), 45 (8), 26 (94), 20 (24), 11 (70), 13 (59), 12 (84), 14 (88)]";2039;"Maquina 5: [17 (17), 7 (15), 41 (49), 4 (68), 44 (76), 31 (59), 3 (92), 18 (87)]";1741;"Maquina 6: [0 (27), 38 (15), 43 (17), 33 (42), 35 (84), 36 (65), 21 (74), 30 (91)]";1528
Multiarranque;50;6;11912;185.0;50;"Maquina 1: [7 (15), 39 (21), 1 (38), 37 (72), 4 (68), 12 (84), 48 (60), 19 (80)]";1874;"Maquina 2: [45 (8), 17 (17), 32 (57), 23 (51), 29 (24), 28 (75), 3 (92), 46 (97)]";1697;"Maquina 3: [33 (42), 20 (24), 2 (73), 36 (65), 34 (61), 18 (87), 26 (94), 14 (88)]";2210;"Maquina 4: [38 (15), 43 (17), 11 (70), 16 (41), 22 (58), 6 (74), 49 (92), 24 (91), 21 (74)]";2260;"Maquina 5: [47 (2), 25 (4), 0 (27), 44 (76), 9 (53), 41 (49), 13 (59), 30 (91), 35 (84)]";1994;"Maquina 6: [10 (7), 15 (30), 31 (59), 42 (62), 5 (44), 8 (89), 40 (90), 27 (81)]";1877
GREEDY;50;6;10074;0.0;1;"Maquina 1: [11 (1), 30 (9), 14 (23), 44 (43), 10 (30), 27 (77), 29 (70), 40 (60), 26 (97)]";1903;"Maquina 2: [48 (9), 6 (2), 31 (17), 32 (58), 20 (29), 46 (69), 15 (77), 41 (39), 17 (97)]";1829;"Maquina 3: [35 (12), 45 (6), 36 (26), 7 (33), 12 (54), 37 (69), 39 (90), 9 (77)]";1641;"Maquina 4: [2 (7), 3 (14), 21 (25), 23 (84), 13 (50), 24 (31), 43 (75), 0 (69)]";1621;"Maquina 5: [28 (16), 42 (8), 5 (48), 16 (24), 49 (30), 25 (72), 19 (62), 22 (79)]";1534;"Maquina 6: [47 (8), 1 (17), 33 (25), 34 (32), 38 (53), 18 (82), 8 (68), 4 (74)]";1546
GRASP;50;6;8568;159.0;50;"Maquina 1: [47 (8), 6 (2), 3 (14), 20 (29), 7 (33), 12 (54), 29 (70), 18 (82), 39 (90)]";1407;"Maquina 2: [14 (23), 45 (6), 24 (31), 16 (24), 0 (69), 32 (58), 4 (74), 17 (97)]";1431;"Maquina 3: [42 (8), 35 (12), 38 (53), 19 (62), 34 (32), 13 (50), 25 (72), 22 (79)]";1387;"Maquina 4: [10 (30), 36 (26), 33 (25), 21 (25), 40 (60), 43 (75), 46 (69), 15 (77)]";1624;"Maquina 5: [11 (1), 28 (16), 2 (7), 49 (30), 8 (68), 37 (69), 41 (39), 23 (84), 26 (97)]";1598;"Maquina 6: [31 (17), 30 (9), 48 (9), 1 (17), 44 (43), 27 (77), 5 (48), 9 (77)]";1121
LNS;50;6;10069;4.0;50;"Maquina 1: [11 (1), 30 (9), 40 (60), 44 (43), 10 (30), 27 (77), 29 (70), 14 (23), 26 (97)]";1900;"Maquina 2: [48 (9), 6 (2), 31 (17), 32 (58), 20 (29), 46 (69), 15 (77), 41 (39), 17 (97)]";1829;"Maquina 3: [35 (12), 36 (26), 45 (6), 7 (33), 12 (54), 37 (69), 39 (90), 9 (77)]";1639;"Maquina 4: [2 (7), 3 (14), 21 (25), 23 (84), 13 (50), 24 (31), 43 (75), 0 (69)]";1621;"Maquina 5: [28 (16), 42 (8), 5 (48), 16 (24), 49 (30), 25 (72), 19 (62), 22 (79)]";1534;"Maquina 6: [47 (8), 1 (17), 33 (25), 34 (32), 38 (53), 18 (82), 8 (68), 4 (74)]";1546
TABÚ;50;6;8875;44.0;50;"Maquina 1: [1 (17), 3 (14), 36 (26), 24 (31), 44 (43), 13 (50), 46 (69), 22 (79)]";1267;"Maquina 2: [28 (16), 2 (7), 11 (1), 20 (29), 43 (75), 15 (77), 9 (77), 23 (84)]";1269;"Maquina 3: [45 (6), 48 (9), 6 (2), 32 (58), 14 (23), 0 (69), 7 (33), 8 (68), 26 (97)]";1519;"Maquina 4: [42 (8), 31 (17), 49 (30), 16 (24), 41 (39), 25 (72), 5 (48), 37 (69)]";1139;"Maquina 5: [30 (9), 35 (12), 38 (53), 21 (25), 34 (32), 19 (62), 33 (25), 18 (82), 39 (90)]";1649;"Maquina 6: [10 (30), 4 (74), 47 (8), 40 (60), 27 (77), 12 (54), 29 (70), 17 (97)]";2032
VNS;50;6;8897;1847.0;50;"Maquina 1: [11 (1), 31 (17), 30 (9), 35 (12), 44 (43), 10 (30), 0 (69), 29 (70), 40 (60), 43 (75)]";1593;"Maquina 2: [48 (9), 6 (2), 32 (58), 20 (29), 46 (69), 15 (77), 5 (48), 17 (97)]";1587;"Maquina 3: [14 (23), 47 (8), 45 (6), 13 (50), 12 (54), 37 (69), 39 (90), 9 (77)]";1430;"Maquina 4: [3 (14), 21 (25), 18 (82), 36 (26), 24 (31), 4 (74), 27 (77)]";1159;"Maquina 5: [28 (16), 42 (8), 41 (39), 16 (24), 7 (33), 25 (72), 19 (62), 22 (79)]";1318;"Maquina 6: [2 (7), 1 (17), 33 (25), 34 (32), 38 (53), 49 (30), 23 (84), 8 (68), 26 (97)]";1810
Multiarranque;50;6;9152;168.0;50;"Maquina 1: [11 (1), 20 (29), 16 (24), 35 (12), 38 (53), 15 (77), 22 (79), 26 (97)]";1308;"Maquina 2: [14 (23), 28 (16), 42 (8), 12 (54), 29 (70), 18 (82), 46 (69), 17 (97)]";1573;"Maquina 3: [47 (8), 45 (6), 41 (39), 5 (48), 8 (68), 0 (69), 25 (72), 4 (74)]";1606;"Maquina 4: [2 (7), 1 (17), 3 (14), 27 (77), 34 (32), 7 (33), 37 (69), 40 (60), 39 (90)]";1681;"Maquina 5: [44 (43), 10 (30), 24 (31), 6 (2), 32 (58), 49 (30), 43 (75), 19 (62)]";1487;"Maquina 6: [48 (9), 33 (25), 31 (17), 30 (9), 36 (26), 21 (25), 23 (84), 13 (50), 9 (77)]";1497
GREEDY;50;6;13987;0.0;1;"Maquina 1: [3 (6), 6 (59), 29 (17), 22 (29), 24 (47), 39 (91), 18 (64), 7 (81)]";2022;"Maquina 2: [37 (8), 48 (17), 12 (28), 45 (39), 14 (54), 20 (73), 35 (83), 21 (94), 38 (61)]";2638;"Maquina 3: [44 (10), 23 (46), 28 (36), 40 (21), 32 (57), 31 (70), 5 (82), 0 (92)]";2354;"Maquina 4: [19 (29), 1 (14), 34 (24), 46 (42), 47 (94), 25 (57), 9 (62), 13 (75), 16 (85)]";2605;"Maquina 5: [49 (16), 30 (93), 11 (25), 42 (71), 10 (29), 2 (83), 43 (46), 41 (57)]";2369;"Maquina 6: [26 (25), 15 (39), 33 (59), 8 (17), 17 (67), 4 (80), 36 (47), 27 (87)]";1999
GRASP;50;6;11484;148.0;50;"Maquina 1: [44 (10), 25 (57), 45 (39), 24 (47), 41 (57), 18 (64), 33 (59), 30 (93)]";1966;"Maquina 2: [3 (6), 15 (39), 29 (17), 6 (59), 43 (46), 19 (29), 31 (70), 27 (87), 21 (94)]";1939;"Maquina 3: [26 (25), 28 (36), 36 (47), 22 (29), 23 (46), 17 (67), 39 (91), 47 (94)]";1869;"Maquina 4: [1 (14), 46 (42), 49 (16), 11 (25), 42 (71), 37 (8), 32 (57), 35 (83), 4 (80)]";2031;"Maquina 5: [12 (28), 40 (21), 14 (54), 20 (73), 8 (17), 38 (61), 16 (85), 0 (92)]";1844;"Maquina 6: [48 (17), 34 (24), 7 (81), 10 (29), 13 (75), 2 (83), 5 (82), 9 (62)]";1835
LNS;50;6;13987;4.0;50;"Maquina 1: [3 (6), 6 (59), 29 (17), 22 (29), 24 (47), 39 (91), 18 (64), 7 (81)]";2022;"Maquina 2: [37 (8), 48 (17), 12 (28), 45 (39), 14 (54), 20 (73), 35 (83), 21 (94), 38 (61)]";2638;"Maquina 3: [44 (10), 23 (46), 28 (36), 40 (21), 32 (57), 31 (70), 5 (82), 0 (92)]";2354;"Maquina 4: [19 (29), 1 (14), 34 (24), 46 (42), 47 (94), 25 (57), 9 (62), 13 (75), 16 (85)]";2605;"Maquina 5: [49 (16), 30 (93), 11 (25), 42 (71), 10 (29), 2 (83), 43 (46), 41 (57)]";2369;"Maquina 6: [26 (25), 15 (39), 33 (59), 8 (17), 17 (67), 4 (80), 36 (47), 27 (87)]";1999
TABÚ;50;6;11689;44.0;50;"Maquina 1: [15 (39), 29 (17), 11 (25), 31 (70), 16 (85), 6 (59), 7 (81), 17 (67)]";1966;"Maquina 2: [19 (29), 41 (57), 43 (46), 36 (47), 34 (24), 40 (21), 13 (75), 39 (91), 47 (94)]";2484;"Maquina 3: [26 (25), 48 (17), 10 (29), 45 (39), 46 (42), 35 (83), 4 (80), 20 (73), 27 (87)]";2176;"Maquina 4: [8 (17), 23 (46), 12 (28), 30 (93), 42 (71), 24 (47), 5 (82), 32 (57)]";2074;"Maquina 5: [3 (6), 1 (14), 49 (16), 25 (57), 9 (62), 18 (64), 38 (61), 2 (83)]";1443;"Maquina 6: [37 (8), 44 (10), 28 (36), 14 (54), 22 (29), 0 (92), 33 (59), 21 (94)]";1546
VNS;50;6;13129;3333.0;50;"Maquina 1: [3 (6), 6 (59), 29 (17), 22 (29), 10 (29), 39 (91), 18 (64), 7 (81), 0 (92), 41 (57)]";2856;"Maquina 2: [37 (8), 48 (17), 12 (28), 45 (39), 14 (54), 35 (83), 47 (94), 21 (94)]";2045;"Maquina 3: [44 (10), 23 (46), 28 (36), 40 (21), 13 (75), 43 (46), 31 (70), 5 (82)]";2069;"Maquina 4: [19 (29), 1 (14), 34 (24), 46 (42), 38 (61), 25 (57), 9 (62), 17 (67), 16 (85)]";2503;"Maquina 5: [49 (16), 30 (93), 11 (25), 42 (71), 24 (47), 2 (83), 20 (73)]";1687;"Maquina 6: [26 (25), 15 (39), 33 (59), 8 (17), 32 (57), 4 (80), 36 (47), 27 (87)]";1969
Multiarranque;50;6;12598;175.0;50;"Maquina 1: [48 (17), 36 (47), 25 (57), 23 (46), 3 (6), 35 (83), 32 (57), 47 (94)]";1803;"Maquina 2: [46 (42), 49 (16), 7 (81), 10 (29), 14 (54), 38 (61), 41 (57), 21 (94)]";2023;"Maquina 3: [37 (8), 40 (21), 34 (24), 5 (82), 9 (62), 15 (39), 16 (85), 20 (73), 2 (83)]";2264;"Maquina 4: [26 (25), 45 (39), 28 (36), 44 (10), 17 (67), 29 (17), 39 (91), 18 (64), 27 (87)]";2342;"Maquina 5: [8 (17), 12 (28), 4 (80), 22 (29), 6 (59), 24 (47), 0 (92), 42 (71)]";2157;"Maquina 6: [43 (46), 19 (29), 1 (14), 13 (75), 11 (25), 33 (59), 31 (70), 30 (93)]";2009
GREEDY;50;6;12515;0.0;1;"Maquina 1: [17 (1), 16 (12), 11 (36), 2 (29), 47 (43), 19 (73), 31 (90), 8 (56), 20 (80)]";1884;"Maquina 2: [18 (12), 21 (2), 34 (41), 45 (62), 36 (46), 14 (95), 9 (87), 23 (76)]";2002;"Maquina 3: [5 (3), 29 (12), 46 (34), 7 (42), 6 (56), 24 (71), 35 (89), 27 (79), 1 (97)]";2489;"Maquina 4: [12 (35), 39 (3), 40 (18), 28 (50), 41 (76), 4 (61), 0 (86), 37 (91)]";1916;"Maquina 5: [26 (24), 42 (3), 30 (48), 3 (39), 49 (58), 15 (72), 43 (80), 38 (91)]";2044;"Maquina 6: [48 (41), 13 (5), 32 (53), 10 (25), 25 (70), 22 (79), 44 (96), 33 (88)]";2180
GRASP;50;6;11189;169.0;50;"Maquina 1: [11 (36), 19 (73), 6 (56), 3 (39), 0 (86), 37 (91), 33 (88), 9 (87)]";2320;"Maquina 2: [17 (1), 16 (12), 13 (5), 32 (53), 7 (42), 22 (79), 28 (50), 14 (95), 44 (96)]";1791;"Maquina 3: [29 (12), 42 (3), 39 (3), 21 (2), 8 (56), 45 (62), 35 (89), 23 (76)]";1163;"Maquina 4: [48 (41), 34 (41), 5 (3), 41 (76), 20 (80), 25 (70), 31 (90), 38 (91)]";1995;"Maquina 5: [26 (24), 2 (29), 30 (48), 10 (25), 15 (72), 36 (46), 43 (80), 1 (97)]";1975;"Maquina 6: [40 (18), 18 (12), 4 (61), 46 (34), 24 (71), 12 (35), 49 (58), 47 (43), 27 (79)]";1945
LNS;50;6;12368;5.0;50;"Maquina 1: [17 (1), 16 (12), 11 (36), 2 (29), 47 (43), 19 (73), 31 (90), 8 (56), 20 (80)]";1884;"Maquina 2: [18 (12), 21 (2), 34 (41), 45 (62), 36 (46), 14 (95), 9 (87), 23 (76)]";2002;"Maquina 3: [5 (3), 29 (12), 46 (34), 7 (42), 6 (56), 24 (71), 35 (89), 27 (79), 1 (97)]";2489;"Maquina 4: [12 (35), 40 (18), 39 (3), 28 (50), 41 (76), 4 (61), 0 (86), 37 (91)]";1769;"Maquina 5: [26 (24), 42 (3), 30 (48), 3 (39), 49 (58), 15 (72), 43 (80), 38 (91)]";2044;"Maquina 6: [48 (41), 13 (5), 32 (53), 10 (25), 25 (70), 22 (79), 44 (96), 33 (88)]";2180
TABÚ;50;6;11732;49.0;50;"Maquina 1: [21 (2), 8 (56), 1 (97), 40 (18), 32 (53), 3 (39), 9 (87), 20 (80), 41 (76)]";2413;"Maquina 2: [42 (3), 39 (3), 30 (48), 46 (34), 11 (36), 43 (80), 31 (90), 33 (88)]";1538;"Maquina 3: [18 (12), 29 (12), 34 (41), 5 (3), 7 (42), 45 (62), 14 (95), 22 (79), 23 (76)]";1928;"Maquina 4: [26 (24), 12 (35), 49 (58), 6 (56), 48 (41), 0 (86), 19 (73), 38 (91)]";2107;"Maquina 5: [13 (5), 47 (43), 4 (61), 15 (72), 36 (46), 10 (25), 25 (70), 44 (96)]";2052;"Maquina 6: [17 (1), 16 (12), 2 (29), 28 (50), 37 (91), 24 (71), 35 (89), 27 (79)]";1694
VNS;50;6;11663;3370.0;50;"Maquina 1: [17 (1), 16 (12), 11 (36), 2 (29), 47 (43), 19 (73), 31 (90), 8 (56), 1 (97)]";1867;"Maquina 2: [18 (12), 48 (41), 34 (41), 45 (62), 36 (46), 14 (95), 9 (87), 23 (76)]";1928;"Maquina 3: [26 (24), 29 (12), 46 (34), 7 (42), 6 (56), 24 (71), 35 (89), 27 (79), 20 (80)]";2492;"Maquina 4: [12 (35), 40 (18), 39 (3), 28 (50), 41 (76), 4 (61), 43 (80), 37 (91)]";1866;"Maquina 5: [5 (3), 42 (3), 30 (48), 3 (39), 49 (58), 15 (72), 0 (86), 33 (88)]";1691;"Maquina 6: [21 (2), 13 (5), 32 (53), 10 (25), 25 (70), 22 (79), 44 (96), 38 (91)]";1819
Multiarranque;50;6;11929;179.0;50;"Maquina 1: [48 (41), 34 (41), 40 (18), 24 (71), 47 (43), 14 (95), 20 (80), 37 (91)]";2025;"Maquina 2: [17 (1), 16 (12), 26 (24), 5 (3), 36 (46), 31 (90), 45 (62), 35 (89), 27 (79)]";1990;"Maquina 3: [29 (12), 39 (3), 28 (50), 3 (39), 33 (88), 49 (58), 15 (72), 44 (96)]";2053;"Maquina 4: [13 (5), 21 (2), 7 (42), 6 (56), 11 (36), 4 (61), 23 (76), 1 (97), 9 (87)]";2080;"Maquina 5: [30 (48), 42 (3), 12 (35), 10 (25), 32 (53), 43 (80), 19 (73), 41 (76)]";1853;"Maquina 6: [18 (12), 8 (56), 2 (29), 46 (34), 25 (70), 22 (79), 0 (86), 38 (91)]";1928
