GREEDY;40;6;8797;0.0;1;"Maquina 1: [1 (2), 30 (71), 13 (57), 19 (52), 4 (23), 7 (99), 24 (83)]";1620;"Maquina 2: [25 (2), 28 (25), 34 (34), 15 (53), 17 (83), 16 (68), 11 (91)]";1503;"Maquina 3: [5 (11), 3 (29), 32 (57), 18 (68), 8 (44), 20 (92), 6 (81)]";1470;"Maquina 4: [38 (50), 27 (15), 0 (61), 22 (29), 31 (78), 33 (89)]";1424;"Maquina 5: [12 (16), 39 (57), 26 (32), 10 (53), 37 (84), 14 (77)]";1268;"Maquina 6: [21 (18), 2 (50), 29 (32), 35 (53), 9 (83), 36 (68), 23 (91)]";1512
GRASP;40;6;8068;90.0;50;"Maquina 1: [3 (29), 15 (53), 30 (71), 5 (11), 23 (91), 24 (83)]";1223;"Maquina 2: [39 (57), 12 (16), 14 (77), 32 (57), 9 (83), 36 (68)]";1293;"Maquina 3: [28 (25), 29 (32), 25 (2), 2 (50), 31 (78), 17 (83), 33 (89)]";1225;"Maquina 4: [38 (50), 1 (2), 13 (57), 0 (61), 4 (23), 37 (84), 7 (99)]";1517;"Maquina 5: [21 (18), 34 (34), 26 (32), 19 (52), 10 (53), 18 (68), 11 (91)]";1324;"Maquina 6: [27 (15), 35 (53), 22 (29), 8 (44), 16 (68), 20 (92), 6 (81)]";1486
LNS;40;6;8747;2.0;50;"Maquina 1: [1 (2), 30 (71), 13 (57), 19 (52), 4 (23), 7 (99), 24 (83)]";1620;"Maquina 2: [25 (2), 28 (25), 34 (34), 15 (53), 17 (83), 16 (68), 11 (91)]";1503;"Maquina 3: [5 (11), 3 (29), 32 (57), 18 (68), 8 (44), 20 (92), 6 (81)]";1470;"Maquina 4: [38 (50), 27 (15), 0 (61), 22 (29), 31 (78), 33 (89)]";1424;"Maquina 5: [26 (32), 39 (57), 12 (16), 10 (53), 37 (84), 14 (77)]";1218;"Maquina 6: [21 (18), 2 (50), 29 (32), 35 (53), 9 (83), 36 (68), 23 (91)]";1512
TABÚ;40;6;8382;26.0;50;"Maquina 1: [1 (2), 30 (71), 13 (57), 22 (29), 3 (29), 31 (78), 7 (99)]";1500;"Maquina 2: [8 (44), 21 (18), 5 (11), 32 (57), 18 (68), 14 (77), 17 (83)]";1436;"Maquina 3: [25 (2), 39 (57), 2 (50), 16 (68), 34 (34), 11 (91), 23 (91)]";1514;"Maquina 4: [12 (16), 0 (61), 4 (23), 29 (32), 6 (81), 33 (89)]";1156;"Maquina 5: [27 (15), 28 (25), 38 (50), 19 (52), 15 (53), 37 (84), 36 (68)]";1378;"Maquina 6: [26 (32), 10 (53), 35 (53), 9 (83), 20 (92), 24 (83)]";1398
VNS;40;6;8010;1492.0;50;"Maquina 1: [1 (2), 30 (71), 13 (57), 19 (52), 10 (53), 11 (91), 24 (83)]";1576;"Maquina 2: [28 (25), 38 (50), 0 (61), 15 (53), 17 (83), 16 (68), 7 (99)]";1660;"Maquina 3: [5 (11), 3 (29), 32 (57), 18 (68), 8 (44), 20 (92), 6 (81)]";1470;"Maquina 4: [27 (15), 34 (34), 22 (29), 31 (78), 33 (89)]";737;"Maquina 5: [25 (2), 26 (32), 39 (57), 12 (16), 4 (23), 37 (84), 14 (77)]";1055;"Maquina 6: [21 (18), 2 (50), 29 (32), 35 (53), 9 (83), 36 (68), 23 (91)]";1512
Multiarranque;40;6;8498;86.0;50;"Maquina 1: [21 (18), 5 (11), 31 (78), 10 (53), 18 (68), 23 (91)]";1009;"Maquina 2: [32 (57), 26 (32), 22 (29), 37 (84), 17 (83), 9 (83)]";1404;"Maquina 3: [28 (25), 29 (32), 3 (29), 33 (89), 19 (52), 8 (44), 0 (61)]";1659;"Maquina 4: [12 (16), 39 (57), 2 (50), 15 (53), 6 (81), 7 (99)]";1229;"Maquina 5: [27 (15), 34 (34), 30 (71), 4 (23), 14 (77), 20 (92), 24 (83)]";1625;"Maquina 6: [1 (2), 25 (2), 35 (53), 38 (50), 13 (57), 11 (91), 36 (68), 16 (68)]";1572
GREEDY;40;6;9347;0.0;1;"Maquina 1: [3 (20), 9 (1), 29 (53), 37 (34), 15 (63), 1 (98), 35 (79)]";1757;"Maquina 2: [23 (2), 38 (59), 10 (38), 19 (23), 12 (63), 13 (98), 39 (79)]";1797;"Maquina 3: [28 (2), 20 (28), 4 (34), 7 (60), 34 (42), 32 (88), 16 (73)]";1486;"Maquina 4: [25 (28), 11 (33), 31 (4), 0 (61), 33 (74), 5 (91), 26 (46)]";1641;"Maquina 5: [2 (7), 21 (34), 17 (30), 8 (68), 14 (81), 22 (59)]";1325;"Maquina 6: [27 (32), 24 (11), 36 (59), 6 (71), 18 (37), 30 (85)]";1341
GRASP;40;6;7493;86.0;50;"Maquina 1: [23 (2), 38 (59), 18 (37), 19 (23), 21 (34), 32 (88), 16 (73)]";1337;"Maquina 2: [3 (20), 2 (7), 9 (1), 39 (79), 37 (34), 5 (91), 35 (79)]";1169;"Maquina 3: [25 (28), 31 (4), 15 (63), 12 (63), 29 (53), 0 (61), 1 (98)]";1462;"Maquina 4: [10 (38), 24 (11), 22 (59), 27 (32), 7 (60), 30 (85), 14 (81)]";1587;"Maquina 5: [34 (42), 17 (30), 26 (46), 20 (28), 4 (34), 33 (74)]";918;"Maquina 6: [28 (2), 11 (33), 36 (59), 6 (71), 8 (68), 13 (98)]";1020
LNS;40;6;9283;2.0;50;"Maquina 1: [3 (20), 9 (1), 29 (53), 37 (34), 15 (63), 1 (98), 35 (79)]";1757;"Maquina 2: [23 (2), 38 (59), 10 (38), 19 (23), 12 (63), 13 (98), 39 (79)]";1797;"Maquina 3: [28 (2), 20 (28), 4 (34), 32 (88), 34 (42), 7 (60), 16 (73)]";1422;"Maquina 4: [25 (28), 11 (33), 31 (4), 0 (61), 33 (74), 5 (91), 26 (46)]";1641;"Maquina 5: [2 (7), 21 (34), 17 (30), 8 (68), 14 (81), 22 (59)]";1325;"Maquina 6: [27 (32), 24 (11), 36 (59), 6 (71), 18 (37), 30 (85)]";1341
TABÚ;40;6;7435;24.0;50;"Maquina 1: [37 (34), 31 (4), 12 (63), 29 (53), 21 (34), 6 (71), 32 (88)]";1403;"Maquina 2: [10 (38), 25 (28), 38 (59), 23 (2), 0 (61), 1 (98), 16 (73)]";1451;"Maquina 3: [28 (2), 9 (1), 36 (59), 11 (33), 14 (81), 30 (85)]";767;"Maquina 4: [2 (7), 27 (32), 26 (46), 7 (60), 18 (37), 5 (91), 35 (79)]";1401;"Maquina 5: [20 (28), 4 (34), 33 (74), 3 (20), 8 (68), 13 (98)]";1022;"Maquina 6: [19 (23), 24 (11), 15 (63), 34 (42), 17 (30), 22 (59), 39 (79)]";1391
VNS;40;6;8097;1062.0;50;"Maquina 1: [23 (2), 9 (1), 29 (53), 37 (34), 31 (4), 15 (63), 1 (98)]";1328;"Maquina 2: [3 (20), 38 (59), 10 (38), 19 (23), 5 (91), 13 (98)]";1283;"Maquina 3: [28 (2), 18 (37), 34 (42), 7 (60), 4 (34), 32 (88), 39 (79)]";1490;"Maquina 4: [25 (28), 11 (33), 0 (61), 17 (30), 33 (74), 12 (63), 16 (73)]";1488;"Maquina 5: [2 (7), 26 (46), 21 (34), 8 (68), 20 (28), 14 (81), 22 (59)]";1311;"Maquina 6: [27 (32), 24 (11), 35 (79), 36 (59), 6 (71), 30 (85)]";1197
Multiarranque;40;6;7728;90.0;50;"Maquina 1: [18 (37), 28 (2), 32 (88), 24 (11), 16 (73), 1 (98), 36 (59)]";1527;"Maquina 2: [11 (33), 31 (4), 12 (63), 33 (74), 37 (34), 5 (91)]";1173;"Maquina 3: [20 (28), 23 (2), 29 (53), 21 (34), 8 (68), 13 (98), 14 (81)]";1306;"Maquina 4: [3 (20), 2 (7), 27 (32), 4 (34), 39 (79), 15 (63), 30 (85)]";1310;"Maquina 5: [19 (23), 10 (38), 34 (42), 17 (30), 0 (61), 35 (79), 22 (59)]";1334;"Maquina 6: [9 (1), 26 (46), 7 (60), 25 (28), 38 (59), 6 (71)]";1078
GREEDY;40;6;7905;0.0;1;"Maquina 1: [2 (2), 19 (29), 39 (13), 18 (35), 17 (91), 33 (56), 37 (69)]";1375;"Maquina 2: [25 (14), 23 (3), 30 (25), 3 (63), 10 (35), 12 (94), 34 (49), 11 (80)]";1510;"Maquina 3: [14 (19), 31 (31), 24 (3), 36 (46), 7 (58), 27 (73)]";1048;"Maquina 4: [6 (27), 38 (3), 35 (20), 21 (40), 20 (84), 0 (58)]";1057;"Maquina 5: [28 (5), 16 (55), 1 (67), 26 (86), 32 (22), 9 (31)]";1355;"Maquina 6: [4 (6), 22 (38), 8 (63), 15 (25), 13 (48), 29 (75), 5 (97)]";1560
GRASP;40;6;6230;102.0;50;"Maquina 1: [4 (6), 31 (31), 11 (80), 24 (3), 16 (55), 1 (67)]";772;"Maquina 2: [14 (19), 2 (2), 19 (29), 37 (69), 10 (35), 33 (56), 20 (84)]";1141;"Maquina 3: [38 (3), 22 (38), 18 (35), 13 (48), 17 (91), 29 (75), 27 (73)]";1295;"Maquina 4: [28 (5), 30 (25), 15 (25), 21 (40), 25 (14), 7 (58), 26 (86)]";826;"Maquina 5: [39 (13), 32 (22), 6 (27), 23 (3), 34 (49), 36 (46), 3 (63)]";993;"Maquina 6: [35 (20), 9 (31), 0 (58), 5 (97), 8 (63), 12 (94)]";1203
LNS;40;6;7631;2.0;50;"Maquina 1: [39 (13), 19 (29), 2 (2), 18 (35), 17 (91), 33 (56), 37 (69)]";1287;"Maquina 2: [25 (14), 23 (3), 30 (25), 3 (63), 10 (35), 12 (94), 34 (49), 11 (80)]";1510;"Maquina 3: [24 (3), 36 (46), 14 (19), 31 (31), 7 (58), 27 (73)]";862;"Maquina 4: [6 (27), 38 (3), 35 (20), 21 (40), 20 (84), 0 (58)]";1057;"Maquina 5: [28 (5), 16 (55), 1 (67), 26 (86), 32 (22), 9 (31)]";1355;"Maquina 6: [4 (6), 22 (38), 8 (63), 15 (25), 13 (48), 29 (75), 5 (97)]";1560
TABÚ;40;6;6477;39.0;50;"Maquina 1: [38 (3), 2 (2), 18 (35), 21 (40), 25 (14), 7 (58), 30 (25), 5 (97)]";1188;"Maquina 2: [19 (29), 37 (69), 35 (20), 3 (63), 10 (35), 9 (31), 17 (91)]";1524;"Maquina 3: [24 (3), 16 (55), 13 (48), 32 (22), 20 (84), 1 (67)]";962;"Maquina 4: [6 (27), 14 (19), 31 (31), 28 (5), 0 (58), 8 (63), 12 (94)]";982;"Maquina 5: [4 (6), 23 (3), 34 (49), 33 (56), 36 (46), 26 (86)]";810;"Maquina 6: [15 (25), 39 (13), 22 (38), 27 (73), 29 (75), 11 (80)]";1011
VNS;40;6;7008;1377.0;50;"Maquina 1: [32 (22), 2 (2), 19 (29), 37 (69), 18 (35), 17 (91), 33 (56), 39 (13)]";1586;"Maquina 2: [25 (14), 23 (3), 30 (25), 3 (63), 10 (35), 12 (94), 34 (49), 7 (58)]";1498;"Maquina 3: [14 (19), 31 (31), 28 (5), 36 (46), 29 (75), 27 (73)]";730;"Maquina 4: [4 (6), 6 (27), 38 (3), 35 (20), 1 (67), 20 (84), 11 (80)]";1260;"Maquina 5: [24 (3), 16 (55), 21 (40), 22 (38), 9 (31), 26 (86)]";976;"Maquina 6: [8 (63), 15 (25), 13 (48), 0 (58), 5 (97)]";958
Multiarranque;40;6;6725;88.0;50;"Maquina 1: [16 (55), 6 (27), 19 (29), 29 (75), 33 (56), 20 (84)]";1119;"Maquina 2: [10 (35), 8 (63), 15 (25), 26 (86), 31 (31), 5 (97)]";1327;"Maquina 3: [28 (5), 39 (13), 38 (3), 23 (3), 1 (67), 3 (63), 9 (31), 17 (91)]";1230;"Maquina 4: [25 (14), 4 (6), 14 (19), 18 (35), 13 (48), 30 (25), 7 (58)]";959;"Maquina 5: [21 (40), 22 (38), 27 (73), 12 (94), 0 (58)]";904;"Maquina 6: [24 (3), 32 (22), 2 (2), 37 (69), 35 (20), 36 (46), 34 (49), 11 (80)]";1186
GREEDY;40;6;9632;0.0;1;"Maquina 1: [15 (47), 4 (23), 38 (5), 30 (70), 24 (55), 32 (34), 39 (90)]";1482;"Maquina 2: [37 (13), 17 (25), 11 (41), 31 (94), 10 (76), 33 (59), 34 (46)]";1629;"Maquina 3: [22 (17), 29 (25), 0 (70), 36 (43), 13 (50), 35 (86)]";1326;"Maquina 4: [26 (31), 25 (17), 3 (44), 2 (68), 16 (82), 21 (48), 14 (98)]";1879;"Maquina 5: [12 (46), 5 (33), 18 (18), 6 (55), 27 (70), 7 (93)]";1480;"Maquina 6: [9 (22), 8 (51), 28 (34), 23 (62), 1 (82), 20 (44), 19 (96)]";1836
GRASP;40;6;7557;90.0;50;"Maquina 1: [26 (31), 9 (22), 8 (51), 23 (62), 36 (43), 10 (76), 7 (93)]";1430;"Maquina 2: [25 (17), 37 (13), 12 (46), 21 (48), 11 (41), 20 (44)]";687;"Maquina 3: [5 (33), 34 (46), 38 (5), 13 (50), 3 (44), 30 (70), 31 (94)]";1428;"Maquina 4: [29 (25), 24 (55), 28 (34), 6 (55), 16 (82), 39 (90), 35 (86)]";1547;"Maquina 5: [18 (18), 27 (70), 22 (17), 32 (34), 14 (98), 2 (68)]";993;"Maquina 6: [15 (47), 4 (23), 17 (25), 33 (59), 1 (82), 0 (70), 19 (96)]";1472
LNS;40;6;9534;2.0;50;"Maquina 1: [15 (47), 4 (23), 38 (5), 30 (70), 24 (55), 32 (34), 39 (90)]";1482;"Maquina 2: [37 (13), 17 (25), 11 (41), 31 (94), 10 (76), 33 (59), 34 (46)]";1629;"Maquina 3: [22 (17), 29 (25), 0 (70), 36 (43), 13 (50), 35 (86)]";1326;"Maquina 4: [26 (31), 25 (17), 3 (44), 2 (68), 16 (82), 21 (48), 14 (98)]";1879;"Maquina 5: [12 (46), 18 (18), 6 (55), 5 (33), 27 (70), 7 (93)]";1382;"Maquina 6: [9 (22), 8 (51), 28 (34), 23 (62), 1 (82), 20 (44), 19 (96)]";1836
TABÚ;40;6;8069;24.0;50;"Maquina 1: [21 (48), 37 (13), 26 (31), 28 (34), 6 (55), 16 (82), 14 (98)]";1369;"Maquina 2: [15 (47), 18 (18), 1 (82), 0 (70), 24 (55), 20 (44), 3 (44)]";1658;"Maquina 3: [5 (33), 25 (17), 9 (22), 12 (46), 31 (94), 23 (62)]";810;"Maquina 4: [22 (17), 32 (34), 35 (86), 34 (46), 19 (96), 7 (93)]";1261;"Maquina 5: [4 (23), 11 (41), 30 (70), 27 (70), 8 (51), 36 (43), 39 (90)]";1603;"Maquina 6: [17 (25), 29 (25), 38 (5), 13 (50), 10 (76), 33 (59), 2 (68)]";1368
VNS;40;6;8638;1208.0;50;"Maquina 1: [15 (47), 4 (23), 38 (5), 30 (70), 5 (33), 35 (86), 34 (46)]";1274;"Maquina 2: [37 (13), 17 (25), 11 (41), 31 (94), 10 (76), 36 (43), 39 (90)]";1602;"Maquina 3: [12 (46), 32 (34), 0 (70), 33 (59), 1 (82)]";914;"Maquina 4: [26 (31), 28 (34), 25 (17), 20 (44), 2 (68), 16 (82), 21 (48), 3 (44)]";2016;"Maquina 5: [22 (17), 24 (55), 18 (18), 27 (70), 7 (93), 13 (50)]";1017;"Maquina 6: [9 (22), 8 (51), 23 (62), 29 (25), 14 (98), 6 (55), 19 (96)]";1815
Multiarranque;40;6;8276;90.0;50;"Maquina 1: [5 (33), 25 (17), 36 (43), 17 (25), 8 (51), 23 (62), 39 (90)]";1437;"Maquina 2: [4 (23), 22 (17), 24 (55), 34 (46), 1 (82), 33 (59), 14 (98)]";1372;"Maquina 3: [28 (34), 37 (13), 15 (47), 20 (44), 2 (68), 30 (70), 35 (86)]";1438;"Maquina 4: [11 (41), 18 (18), 21 (48), 29 (25), 7 (93), 19 (96)]";1266;"Maquina 5: [38 (5), 13 (50), 3 (44), 26 (31), 6 (55), 16 (82), 0 (70)]";1492;"Maquina 6: [9 (22), 12 (46), 32 (34), 31 (94), 10 (76), 27 (70)]";1271
GREEDY;40;6;7350;0.0;1;"Maquina 1: [31 (35), 19 (2), 11 (58), 10 (25), 37 (44), 2 (80), 9 (98)]";1449;"Maquina 2: [33 (44), 18 (25), 8 (3), 36 (72), 3 (35), 22 (55), 20 (92)]";1236;"Maquina 3: [1 (4), 23 (25), 4 (30), 34 (41), 25 (48), 13 (72), 39 (90)]";1143;"Maquina 4: [15 (4), 21 (28), 28 (29), 16 (44), 5 (54), 29 (73), 12 (97)]";1406;"Maquina 5: [35 (9), 24 (41), 0 (64), 27 (28), 26 (45), 30 (84)]";1020;"Maquina 6: [7 (10), 14 (46), 6 (29), 17 (36), 32 (85), 38 (67)]";1096
GRASP;40;6;6189;84.0;50;"Maquina 1: [19 (2), 18 (25), 22 (55), 6 (29), 0 (64), 4 (30), 29 (73)]";1026;"Maquina 2: [17 (36), 8 (3), 34 (41), 23 (25), 25 (48), 39 (90), 32 (85)]";1151;"Maquina 3: [15 (4), 35 (9), 21 (28), 37 (44), 33 (44), 13 (72), 2 (80)]";1012;"Maquina 4: [3 (35), 24 (41), 14 (46), 28 (29), 20 (92), 5 (54)]";1013;"Maquina 5: [7 (10), 27 (28), 31 (35), 26 (45), 36 (72), 11 (58), 12 (97)]";1078;"Maquina 6: [1 (4), 10 (25), 16 (44), 38 (67), 30 (84), 9 (98)]";909
LNS;40;6;7278;2.0;50;"Maquina 1: [31 (35), 19 (2), 11 (58), 10 (25), 37 (44), 2 (80), 9 (98)]";1449;"Maquina 2: [33 (44), 18 (25), 8 (3), 36 (72), 3 (35), 22 (55), 20 (92)]";1236;"Maquina 3: [1 (4), 4 (30), 23 (25), 34 (41), 13 (72), 25 (48), 39 (90)]";1115;"Maquina 4: [15 (4), 29 (73), 16 (44), 21 (28), 28 (29), 5 (54), 12 (97)]";1362;"Maquina 5: [35 (9), 24 (41), 0 (64), 27 (28), 26 (45), 30 (84)]";1020;"Maquina 6: [7 (10), 14 (46), 6 (29), 17 (36), 32 (85), 38 (67)]";1096
TABÚ;40;6;6219;24.0;50;"Maquina 1: [7 (10), 28 (29), 23 (25), 5 (54), 24 (41), 26 (45), 20 (92)]";1032;"Maquina 2: [15 (4), 4 (30), 38 (67), 0 (64), 32 (85), 36 (72)]";1031;"Maquina 3: [18 (25), 8 (3), 27 (28), 21 (28), 25 (48), 29 (73), 13 (72)]";954;"Maquina 4: [1 (4), 17 (36), 33 (44), 16 (44), 30 (84), 9 (98)]";894;"Maquina 5: [31 (35), 35 (9), 6 (29), 3 (35), 37 (44), 2 (80), 39 (90)]";1157;"Maquina 6: [10 (25), 22 (55), 19 (2), 34 (41), 14 (46), 11 (58), 12 (97)]";1151
VNS;40;6;6728;1207.0;50;"Maquina 1: [34 (41), 11 (58), 10 (25), 2 (80), 30 (84)]";817;"Maquina 2: [33 (44), 18 (25), 8 (3), 36 (72), 3 (35), 22 (55), 32 (85)]";1251;"Maquina 3: [1 (4), 19 (2), 4 (30), 0 (64), 25 (48), 13 (72), 39 (90)]";1225;"Maquina 4: [15 (4), 21 (28), 6 (29), 5 (54), 29 (73), 20 (92), 9 (98)]";1229;"Maquina 5: [35 (9), 37 (44), 26 (45), 14 (46), 23 (25), 12 (97), 24 (41)]";1273;"Maquina 6: [7 (10), 27 (28), 31 (35), 28 (29), 17 (36), 16 (44), 38 (67)]";933
Multiarranque;40;6;6397;94.0;50;"Maquina 1: [19 (2), 33 (44), 4 (30), 23 (25), 25 (48), 29 (73), 30 (84)]";1066;"Maquina 2: [1 (4), 6 (29), 21 (28), 14 (46), 37 (44), 0 (64), 12 (97)]";1127;"Maquina 3: [35 (9), 24 (41), 18 (25), 34 (41), 13 (72), 36 (72)]";894;"Maquina 4: [7 (10), 27 (28), 31 (35), 26 (45), 5 (54), 2 (80), 9 (98)]";1163;"Maquina 5: [10 (25), 17 (36), 16 (44), 39 (90), 20 (92), 11 (58)]";1174;"Maquina 6: [8 (3), 15 (4), 3 (35), 28 (29), 38 (67), 22 (55), 32 (85)]";973
GREEDY;40;6;5832;0.0;1;"Maquina 1: [35 (6), 0 (3), 5 (49), 39 (27), 14 (55), 10 (65), 32 (99)]";1162;"Maquina 2: [8 (3), 25 (10), 33 (45), 23 (29), 28 (55), 15 (81)]";848;"Maquina 3: [19 (14), 12 (3), 1 (22), 24 (29), 22 (60), 17 (90), 21 (51)]";966;"Maquina 4: [30 (15), 37 (4), 9 (29), 4 (42), 20 (55), 2 (71)]";807;"Maquina 5: [26 (18), 7 (5), 27 (16), 3 (52), 18 (61), 6 (31), 11 (90)]";918;"Maquina 6: [13 (5), 38 (16), 16 (40), 31 (69), 29 (19), 36 (54), 34 (95)]";1131
GRASP;40;6;4999;92.0;50;"Maquina 1: [8 (3), 38 (16), 16 (40), 4 (42), 21 (51), 10 (65), 17 (90)]";1024;"Maquina 2: [24 (29), 26 (18), 39 (27), 19 (14), 36 (54), 11 (90)]";658;"Maquina 3: [37 (4), 7 (5), 33 (45), 9 (29), 28 (55), 14 (55), 2 (71)]";903;"Maquina 4: [29 (19), 27 (16), 0 (3), 22 (60), 15 (81), 32 (99)]";744;"Maquina 5: [23 (29), 30 (15), 35 (6), 6 (31), 5 (49), 34 (95)]";670;"Maquina 6: [25 (10), 13 (5), 12 (3), 1 (22), 3 (52), 31 (69), 20 (55), 18 (61)]";1000
LNS;40;6;5750;2.0;50;"Maquina 1: [35 (6), 0 (3), 5 (49), 39 (27), 14 (55), 10 (65), 32 (99)]";1162;"Maquina 2: [8 (3), 28 (55), 33 (45), 25 (10), 23 (29), 15 (81)]";773;"Maquina 3: [19 (14), 12 (3), 1 (22), 24 (29), 22 (60), 17 (90), 21 (51)]";966;"Maquina 4: [30 (15), 37 (4), 20 (55), 9 (29), 4 (42), 2 (71)]";800;"Maquina 5: [26 (18), 7 (5), 27 (16), 3 (52), 18 (61), 6 (31), 11 (90)]";918;"Maquina 6: [13 (5), 38 (16), 16 (40), 31 (69), 29 (19), 36 (54), 34 (95)]";1131
TABÚ;40;6;5225;24.0;50;"Maquina 1: [7 (5), 0 (3), 2 (71), 16 (40), 4 (42), 31 (69)]";749;"Maquina 2: [37 (4), 12 (3), 30 (15), 36 (54), 10 (65), 22 (60), 34 (95)]";947;"Maquina 3: [8 (3), 39 (27), 19 (14), 25 (10), 14 (55), 5 (49), 11 (90)]";810;"Maquina 4: [13 (5), 38 (16), 6 (31), 23 (29), 29 (19), 1 (22), 32 (99)]";793;"Maquina 5: [9 (29), 35 (6), 27 (16), 28 (55), 33 (45), 20 (55), 15 (81)]";970;"Maquina 6: [24 (29), 26 (18), 18 (61), 21 (51), 3 (52), 17 (90)]";956
VNS;40;6;5332;1118.0;50;"Maquina 1: [0 (3), 5 (49), 39 (27), 21 (51), 10 (65), 14 (55)]";823;"Maquina 2: [8 (3), 35 (6), 25 (10), 33 (45), 23 (29), 6 (31), 28 (55), 34 (95)]";1081;"Maquina 3: [19 (14), 12 (3), 30 (15), 24 (29), 32 (99), 17 (90)]";707;"Maquina 4: [1 (22), 37 (4), 36 (54), 9 (29), 29 (19), 20 (55), 2 (71)]";951;"Maquina 5: [26 (18), 7 (5), 27 (16), 3 (52), 18 (61), 22 (60), 11 (90)]";935;"Maquina 6: [13 (5), 38 (16), 16 (40), 31 (69), 4 (42), 15 (81)]";835
Multiarranque;40;6;5331;86.0;50;"Maquina 1: [8 (3), 13 (5), 27 (16), 0 (3), 23 (29), 6 (31), 14 (55), 32 (99)]";869;"Maquina 2: [30 (15), 26 (18), 16 (40), 28 (55), 5 (49), 31 (69)]";834;"Maquina 3: [7 (5), 25 (10), 22 (60), 9 (29), 33 (45), 15 (81), 2 (71)]";1085;"Maquina 4: [12 (3), 1 (22), 29 (19), 37 (4), 21 (51), 11 (90), 17 (90)]";879;"Maquina 5: [39 (27), 19 (14), 36 (54), 4 (42), 18 (61), 34 (95)]";925;"Maquina 6: [24 (29), 35 (6), 38 (16), 20 (55), 10 (65), 3 (52)]";739
GREEDY;40;6;6095;1.0;1;"Maquina 1: [4 (23), 23 (7), 9 (2), 28 (46), 14 (67), 37 (77), 22 (98)]";1204;"Maquina 2: [8 (8), 30 (2), 20 (20), 15 (56), 27 (74), 26 (33), 29 (89)]";951;"Maquina 3: [18 (29), 3 (4), 19 (9), 11 (48), 16 (67), 36 (82)]";820;"Maquina 4: [33 (20), 7 (4), 31 (10), 6 (43), 1 (66), 32 (80), 39 (96)]";1161;"Maquina 5: [12 (5), 10 (13), 2 (27), 0 (34), 25 (56), 24 (90), 21 (76)]";1068;"Maquina 6: [38 (18), 17 (6), 34 (67), 35 (31), 13 (52), 5 (85)]";891
GRASP;40;6;5375;83.0;50;"Maquina 1: [10 (13), 30 (2), 34 (67), 0 (34), 37 (77), 14 (67), 29 (89)]";1194;"Maquina 2: [3 (4), 7 (4), 31 (10), 18 (29), 35 (31), 13 (52), 24 (90)]";659;"Maquina 3: [19 (9), 20 (20), 11 (48), 2 (27), 21 (76), 1 (66), 36 (82)]";1128;"Maquina 4: [12 (5), 8 (8), 25 (56), 28 (46), 4 (23), 39 (96), 22 (98)]";975;"Maquina 5: [23 (7), 26 (33), 33 (20), 15 (56), 5 (85), 27 (74)]";826;"Maquina 6: [17 (6), 9 (2), 38 (18), 6 (43), 16 (67), 32 (80)]";593
LNS;40;6;6095;3.0;50;"Maquina 1: [4 (23), 23 (7), 9 (2), 28 (46), 14 (67), 37 (77), 22 (98)]";1204;"Maquina 2: [8 (8), 30 (2), 20 (20), 15 (56), 27 (74), 26 (33), 29 (89)]";951;"Maquina 3: [18 (29), 3 (4), 19 (9), 11 (48), 16 (67), 36 (82)]";820;"Maquina 4: [33 (20), 7 (4), 31 (10), 6 (43), 1 (66), 32 (80), 39 (96)]";1161;"Maquina 5: [12 (5), 10 (13), 2 (27), 0 (34), 25 (56), 24 (90), 21 (76)]";1068;"Maquina 6: [38 (18), 17 (6), 34 (67), 35 (31), 13 (52), 5 (85)]";891
TABÚ;40;6;5321;29.0;50;"Maquina 1: [19 (9), 7 (4), 2 (27), 31 (10), 14 (67), 32 (80), 29 (89)]";847;"Maquina 2: [10 (13), 3 (4), 28 (46), 27 (74), 18 (29), 21 (76), 39 (96)]";1106;"Maquina 3: [8 (8), 30 (2), 23 (7), 13 (52), 34 (67), 15 (56), 24 (90)]";897;"Maquina 4: [9 (2), 38 (18), 25 (56), 0 (34), 37 (77), 6 (43), 22 (98)]";1040;"Maquina 5: [33 (20), 17 (6), 4 (23), 35 (31), 1 (66), 36 (82)]";718;"Maquina 6: [26 (33), 12 (5), 20 (20), 11 (48), 16 (67), 5 (85)]";713
VNS;40;6;5724;1652.0;50;"Maquina 1: [4 (23), 23 (7), 9 (2), 28 (46), 26 (33), 22 (98), 37 (77)]";1009;"Maquina 2: [8 (8), 30 (2), 20 (20), 15 (56), 27 (74), 32 (80), 29 (89)]";1036;"Maquina 3: [18 (29), 3 (4), 35 (31), 19 (9), 6 (43), 16 (67), 36 (82)]";991;"Maquina 4: [33 (20), 7 (4), 31 (10), 11 (48), 5 (85), 14 (67), 39 (96)]";1064;"Maquina 5: [12 (5), 10 (13), 2 (27), 0 (34), 25 (56), 13 (52), 24 (90)]";1052;"Maquina 6: [38 (18), 17 (6), 34 (67), 21 (76), 1 (66)]";572
Multiarranque;40;6;5689;89.0;50;"Maquina 1: [23 (7), 8 (8), 14 (67), 6 (43), 22 (98), 24 (90)]";928;"Maquina 2: [26 (33), 12 (5), 28 (46), 15 (56), 5 (85), 29 (89)]";940;"Maquina 3: [38 (18), 3 (4), 20 (20), 33 (20), 19 (9), 1 (66), 27 (74)]";748;"Maquina 4: [4 (23), 7 (4), 13 (52), 30 (2), 0 (34), 37 (77), 39 (96)]";1002;"Maquina 5: [10 (13), 2 (27), 17 (6), 25 (56), 35 (31), 32 (80), 36 (82)]";1089;"Maquina 6: [9 (2), 31 (10), 11 (48), 16 (67), 18 (29), 34 (67), 21 (76)]";982
GREEDY;40;6;6965;0.0;1;"Maquina 1: [37 (15), 26 (2), 38 (34), 5 (29), 13 (44), 27 (74), 20 (92)]";1011;"Maquina 2: [4 (19), 35 (6), 18 (30), 10 (36), 3 (61), 31 (86), 0 (97)]";1260;"Maquina 3: [36 (6), 25 (19), 23 (32), 19 (43), 39 (91), 21 (63), 30 (99)]";1275;"Maquina 4: [11 (7), 32 (21), 34 (32), 8 (51), 14 (79), 7 (94)]";1047;"Maquina 5: [9 (12), 22 (33), 16 (23), 15 (43), 33 (98), 29 (66), 24 (89)]";1296;"Maquina 6: [17 (13), 1 (58), 2 (34), 28 (25), 12 (83), 6 (94)]";1076
GRASP;40;6;6253;80.0;50;"Maquina 1: [35 (6), 17 (13), 10 (36), 23 (32), 21 (63), 8 (51), 31 (86)]";972;"Maquina 2: [36 (6), 34 (32), 19 (43), 25 (19), 28 (25), 14 (79), 7 (94)]";1008;"Maquina 3: [5 (29), 26 (2), 38 (34), 1 (58), 24 (89), 12 (83), 33 (98)]";1273;"Maquina 4: [9 (12), 22 (33), 16 (23), 13 (44), 27 (74), 6 (94), 0 (97)]";1256;"Maquina 5: [11 (7), 2 (34), 32 (21), 18 (30), 39 (91), 20 (92)]";870;"Maquina 6: [4 (19), 37 (15), 3 (61), 15 (43), 29 (66), 30 (99)]";874
LNS;40;6;6965;2.0;50;"Maquina 1: [37 (15), 26 (2), 38 (34), 5 (29), 13 (44), 27 (74), 20 (92)]";1011;"Maquina 2: [4 (19), 35 (6), 18 (30), 10 (36), 3 (61), 31 (86), 0 (97)]";1260;"Maquina 3: [36 (6), 25 (19), 23 (32), 19 (43), 39 (91), 21 (63), 30 (99)]";1275;"Maquina 4: [11 (7), 32 (21), 34 (32), 8 (51), 14 (79), 7 (94)]";1047;"Maquina 5: [9 (12), 22 (33), 16 (23), 15 (43), 33 (98), 29 (66), 24 (89)]";1296;"Maquina 6: [17 (13), 1 (58), 2 (34), 28 (25), 12 (83), 6 (94)]";1076
TABÚ;40;6;6178;26.0;50;"Maquina 1: [36 (6), 5 (29), 22 (33), 18 (30), 38 (34), 12 (83), 30 (99)]";994;"Maquina 2: [11 (7), 35 (6), 3 (61), 25 (19), 31 (86), 24 (89), 0 (97)]";1141;"Maquina 3: [26 (2), 17 (13), 19 (43), 16 (23), 20 (92), 14 (79), 7 (94)]";1155;"Maquina 4: [37 (15), 9 (12), 13 (44), 21 (63), 8 (51), 39 (91)]";812;"Maquina 5: [28 (25), 2 (34), 32 (21), 15 (43), 29 (66), 27 (74), 6 (94)]";1259;"Maquina 6: [4 (19), 34 (32), 23 (32), 1 (58), 10 (36), 33 (98)]";817
VNS;40;6;6694;1885.0;50;"Maquina 1: [37 (15), 26 (2), 38 (34), 5 (29), 6 (94), 27 (74), 20 (92)]";1071;"Maquina 2: [4 (19), 35 (6), 16 (23), 10 (36), 3 (61), 31 (86), 0 (97)]";1174;"Maquina 3: [36 (6), 34 (32), 25 (19), 23 (32), 19 (43), 39 (91), 12 (83), 30 (99)]";1440;"Maquina 4: [11 (7), 32 (21), 8 (51), 18 (30), 14 (79), 7 (94)]";997;"Maquina 5: [9 (12), 22 (33), 15 (43), 33 (98), 29 (66), 24 (89)]";1068;"Maquina 6: [17 (13), 1 (58), 2 (34), 28 (25), 21 (63), 13 (44)]";944
Multiarranque;40;6;6493;93.0;50;"Maquina 1: [35 (6), 19 (43), 32 (21), 3 (61), 34 (32), 14 (79), 30 (99)]";1259;"Maquina 2: [36 (6), 16 (23), 5 (29), 1 (58), 2 (34), 24 (89), 33 (98)]";1163;"Maquina 3: [28 (25), 11 (7), 38 (34), 12 (83), 13 (44), 20 (92)]";908;"Maquina 4: [22 (33), 17 (13), 8 (51), 18 (30), 7 (94), 29 (66)]";943;"Maquina 5: [4 (19), 37 (15), 23 (32), 21 (63), 10 (36), 39 (91), 6 (94)]";1195;"Maquina 6: [26 (2), 9 (12), 25 (19), 15 (43), 31 (86), 27 (74), 0 (97)]";1025
GREEDY;40;6;8237;0.0;1;"Maquina 1: [31 (5), 33 (46), 11 (53), 39 (24), 32 (65), 30 (74), 28 (99)]";1622;"Maquina 2: [0 (10), 35 (25), 37 (51), 29 (38), 34 (63), 13 (71), 14 (88)]";1388;"Maquina 3: [2 (14), 10 (27), 17 (62), 19 (31), 18 (50), 21 (95), 1 (74)]";1389;"Maquina 4: [6 (28), 38 (16), 24 (69), 8 (59), 15 (49), 3 (75)]";1188;"Maquina 5: [7 (17), 4 (29), 27 (50), 22 (39), 9 (64), 25 (74), 36 (98)]";1399;"Maquina 6: [20 (20), 16 (29), 12 (50), 5 (61), 26 (77), 23 (70)]";1251
GRASP;40;6;7021;85.0;50;"Maquina 1: [31 (5), 2 (14), 10 (27), 27 (50), 5 (61), 13 (71), 23 (70)]";1068;"Maquina 2: [0 (10), 6 (28), 35 (25), 37 (51), 3 (75), 9 (64), 21 (95)]";1235;"Maquina 3: [16 (29), 19 (31), 38 (16), 12 (50), 11 (53), 14 (88), 25 (74)]";1221;"Maquina 4: [20 (20), 33 (46), 4 (29), 24 (69), 30 (74), 36 (98), 1 (74)]";1399;"Maquina 5: [39 (24), 18 (50), 29 (38), 8 (59), 26 (77), 28 (99)]";1102;"Maquina 6: [22 (39), 7 (17), 32 (65), 17 (62), 15 (49), 34 (63)]";996
LNS;40;6;8182;2.0;50;"Maquina 1: [31 (5), 33 (46), 11 (53), 39 (24), 32 (65), 30 (74), 28 (99)]";1622;"Maquina 2: [0 (10), 35 (25), 13 (71), 29 (38), 34 (63), 37 (51), 14 (88)]";1376;"Maquina 3: [2 (14), 10 (27), 17 (62), 19 (31), 18 (50), 21 (95), 1 (74)]";1389;"Maquina 4: [6 (28), 38 (16), 24 (69), 15 (49), 8 (59), 3 (75)]";1147;"Maquina 5: [7 (17), 4 (29), 27 (50), 22 (39), 9 (64), 25 (74), 36 (98)]";1399;"Maquina 6: [12 (50), 16 (29), 20 (20), 5 (61), 26 (77), 23 (70)]";1249
TABÚ;40;6;7056;25.0;50;"Maquina 1: [0 (10), 35 (25), 31 (5), 19 (31), 34 (63), 32 (65), 24 (69)]";1019;"Maquina 2: [2 (14), 10 (27), 39 (24), 37 (51), 16 (29), 1 (74), 28 (99)]";1033;"Maquina 3: [7 (17), 4 (29), 29 (38), 8 (59), 33 (46), 3 (75), 25 (74)]";1260;"Maquina 4: [20 (20), 22 (39), 9 (64), 11 (53), 17 (62), 36 (98)]";1011;"Maquina 5: [6 (28), 5 (61), 30 (74), 15 (49), 26 (77), 13 (71), 21 (95)]";1699;"Maquina 6: [38 (16), 12 (50), 27 (50), 18 (50), 23 (70), 14 (88)]";1034
VNS;40;6;7562;992.0;50;"Maquina 1: [31 (5), 12 (50), 32 (65), 39 (24), 17 (62), 3 (75), 28 (99)]";1357;"Maquina 2: [20 (20), 37 (51), 27 (50), 29 (38), 34 (63), 5 (61), 14 (88)]";1378;"Maquina 3: [2 (14), 11 (53), 19 (31), 18 (50), 23 (70), 24 (69), 1 (74)]";1574;"Maquina 4: [6 (28), 38 (16), 36 (98), 8 (59), 15 (49), 26 (77)]";1144;"Maquina 5: [7 (17), 4 (29), 22 (39), 9 (64), 25 (74), 30 (74)]";996;"Maquina 6: [35 (25), 0 (10), 16 (29), 10 (27), 33 (46), 13 (71), 21 (95)]";1113
Multiarranque;40;6;7255;85.0;50;"Maquina 1: [0 (10), 27 (50), 31 (5), 11 (53), 14 (88), 34 (63), 21 (95)]";1219;"Maquina 2: [7 (17), 4 (29), 38 (16), 36 (98), 18 (50), 32 (65), 17 (62)]";1221;"Maquina 3: [2 (14), 10 (27), 33 (46), 22 (39), 9 (64), 15 (49), 28 (99)]";1128;"Maquina 4: [16 (29), 8 (59), 29 (38), 3 (75), 25 (74), 26 (77)]";1254;"Maquina 5: [19 (31), 37 (51), 6 (28), 12 (50), 1 (74), 24 (69)]";1116;"Maquina 6: [35 (25), 20 (20), 39 (24), 5 (61), 13 (71), 23 (70), 30 (74)]";1317
GREEDY;40;6;9026;0.0;1;"Maquina 1: [26 (15), 27 (31), 0 (3), 2 (76), 19 (82), 1 (50), 16 (91)]";1528;"Maquina 2: [10 (17), 35 (5), 32 (28), 11 (78), 12 (48), 39 (82), 30 (91)]";1634;"Maquina 3: [28 (19), 3 (6), 38 (89), 9 (60), 21 (68), 33 (80), 8 (40)]";1454;"Maquina 4: [17 (83), 4 (6), 15 (20), 24 (41), 23 (60), 13 (78)]";1332;"Maquina 5: [20 (7), 18 (21), 25 (80), 37 (87), 5 (61), 22 (46), 34 (93)]";1787;"Maquina 6: [31 (26), 6 (10), 36 (61), 14 (79), 7 (86), 29 (46)]";1291
GRASP;40;6;7660;81.0;50;"Maquina 1: [20 (7), 3 (6), 10 (17), 9 (60), 12 (48), 16 (91), 34 (93)]";1088;"Maquina 2: [22 (46), 4 (6), 8 (40), 5 (61), 13 (78), 30 (91)]";1118;"Maquina 3: [32 (28), 35 (5), 28 (19), 11 (78), 33 (80), 21 (68), 14 (79)]";1341;"Maquina 4: [0 (3), 15 (20), 24 (41), 31 (26), 37 (87), 23 (60), 25 (80)]";1137;"Maquina 5: [18 (21), 6 (10), 2 (76), 39 (82), 1 (50), 38 (89)]";1275;"Maquina 6: [26 (15), 27 (31), 29 (46), 36 (61), 17 (83), 7 (86), 19 (82)]";1701
LNS;40;6;8936;2.0;50;"Maquina 1: [26 (15), 27 (31), 0 (3), 2 (76), 19 (82), 1 (50), 16 (91)]";1528;"Maquina 2: [10 (17), 35 (5), 32 (28), 11 (78), 12 (48), 39 (82), 30 (91)]";1634;"Maquina 3: [28 (19), 3 (6), 38 (89), 9 (60), 21 (68), 33 (80), 8 (40)]";1454;"Maquina 4: [17 (83), 15 (20), 24 (41), 4 (6), 23 (60), 13 (78)]";1242;"Maquina 5: [20 (7), 18 (21), 25 (80), 37 (87), 5 (61), 22 (46), 34 (93)]";1787;"Maquina 6: [31 (26), 6 (10), 36 (61), 14 (79), 7 (86), 29 (46)]";1291
TABÚ;40;6;7785;25.0;50;"Maquina 1: [4 (6), 0 (3), 8 (40), 2 (76), 13 (78), 22 (46), 39 (82)]";1382;"Maquina 2: [3 (6), 24 (41), 18 (21), 29 (46), 1 (50), 38 (89), 34 (93)]";1305;"Maquina 3: [20 (7), 28 (19), 9 (60), 36 (61), 32 (28), 17 (83), 16 (91)]";1393;"Maquina 4: [10 (17), 26 (15), 27 (31), 19 (82), 5 (61), 11 (78)]";985;"Maquina 5: [35 (5), 14 (79), 15 (20), 21 (68), 33 (80), 30 (91), 7 (86)]";1580;"Maquina 6: [31 (26), 12 (48), 6 (10), 23 (60), 25 (80), 37 (87)]";1140
VNS;40;6;7976;1197.0;50;"Maquina 1: [20 (7), 26 (15), 27 (31), 0 (3), 2 (76), 19 (82), 39 (82)]";1056;"Maquina 2: [10 (17), 35 (5), 18 (21), 11 (78), 22 (46), 5 (61), 16 (91), 1 (50)]";1719;"Maquina 3: [24 (41), 4 (6), 3 (6), 38 (89), 9 (60), 12 (48), 21 (68), 33 (80)]";1715;"Maquina 4: [17 (83), 28 (19), 15 (20), 23 (60), 13 (78), 34 (93)]";1333;"Maquina 5: [32 (28), 31 (26), 25 (80), 37 (87), 8 (40), 30 (91)]";1198;"Maquina 6: [6 (10), 36 (61), 14 (79), 7 (86), 29 (46)]";955
Multiarranque;40;6;7810;84.0;50;"Maquina 1: [20 (7), 28 (19), 11 (78), 32 (28), 1 (50), 22 (46), 14 (79)]";1352;"Maquina 2: [18 (21), 29 (46), 12 (48), 21 (68), 33 (80), 37 (87)]";1224;"Maquina 3: [6 (10), 15 (20), 23 (60), 34 (93), 31 (26), 25 (80)]";1062;"Maquina 4: [35 (5), 4 (6), 38 (89), 9 (60), 2 (76), 13 (78), 39 (82)]";1527;"Maquina 5: [3 (6), 10 (17), 26 (15), 5 (61), 16 (91), 36 (61), 17 (83)]";1253;"Maquina 6: [27 (31), 0 (3), 24 (41), 8 (40), 30 (91), 7 (86), 19 (82)]";1392
GREEDY;40;6;9622;1.0;1;"Maquina 1: [26 (3), 25 (12), 30 (49), 7 (34), 5 (71), 24 (89)]";1463;"Maquina 2: [8 (5), 37 (40), 35 (58), 9 (17), 32 (98), 36 (80), 23 (68)]";1498;"Maquina 3: [22 (5), 13 (41), 10 (23), 34 (63), 19 (76), 11 (90)]";1491;"Maquina 4: [6 (7), 27 (99), 2 (37), 1 (58), 21 (23), 0 (85), 12 (75)]";1813;"Maquina 5: [33 (54), 39 (10), 17 (42), 31 (24), 16 (71), 3 (99), 14 (84)]";1743;"Maquina 6: [20 (12), 4 (32), 28 (40), 29 (70), 18 (43), 38 (79), 15 (91)]";1614
GRASP;40;6;7912;87.0;50;"Maquina 1: [7 (34), 22 (5), 6 (7), 24 (89), 30 (49), 29 (70), 27 (99)]";1429;"Maquina 2: [18 (43), 26 (3), 33 (54), 14 (84), 19 (76), 0 (85), 36 (80)]";1621;"Maquina 3: [20 (12), 25 (12), 39 (10), 2 (37), 34 (63), 3 (99), 16 (71)]";1218;"Maquina 4: [8 (5), 4 (32), 31 (24), 5 (71), 38 (79), 11 (90)]";981;"Maquina 5: [35 (58), 37 (40), 12 (75), 23 (68), 17 (42), 15 (91)]";1412;"Maquina 6: [21 (23), 9 (17), 28 (40), 1 (58), 13 (41), 10 (23), 32 (98)]";1251
LNS;40;6;9622;2.0;50;"Maquina 1: [26 (3), 25 (12), 30 (49), 7 (34), 5 (71), 24 (89)]";1463;"Maquina 2: [8 (5), 37 (40), 35 (58), 9 (17), 32 (98), 36 (80), 23 (68)]";1498;"Maquina 3: [22 (5), 13 (41), 10 (23), 34 (63), 19 (76), 11 (90)]";1491;"Maquina 4: [6 (7), 27 (99), 2 (37), 1 (58), 21 (23), 0 (85), 12 (75)]";1813;"Maquina 5: [33 (54), 39 (10), 17 (42), 31 (24), 16 (71), 3 (99), 14 (84)]";1743;"Maquina 6: [20 (12), 4 (32), 28 (40), 29 (70), 18 (43), 38 (79), 15 (91)]";1614
TABÚ;40;6;8155;24.0;50;"Maquina 1: [21 (23), 34 (63), 8 (5), 13 (41), 12 (75), 15 (91), 0 (85)]";1469;"Maquina 2: [9 (17), 2 (37), 22 (5), 37 (40), 32 (98), 27 (99)]";1230;"Maquina 3: [18 (43), 26 (3), 19 (76), 38 (79), 36 (80), 5 (71)]";1450;"Maquina 4: [33 (54), 7 (34), 39 (10), 1 (58), 24 (89), 11 (90), 35 (58)]";1539;"Maquina 5: [20 (12), 4 (32), 16 (71), 10 (23), 28 (40), 29 (70), 23 (68)]";1293;"Maquina 6: [25 (12), 6 (7), 17 (42), 31 (24), 14 (84), 30 (49), 3 (99)]";1174
VNS;40;6;8498;1392.0;50;"Maquina 1: [26 (3), 4 (32), 25 (12), 30 (49), 29 (70), 23 (68), 19 (76)]";1254;"Maquina 2: [8 (5), 37 (40), 35 (58), 9 (17), 32 (98), 36 (80), 5 (71)]";1466;"Maquina 3: [13 (41), 10 (23), 34 (63), 38 (79), 11 (90)]";991;"Maquina 4: [22 (5), 6 (7), 27 (99), 2 (37), 1 (58), 21 (23), 0 (85), 12 (75)]";1930;"Maquina 5: [33 (54), 39 (10), 17 (42), 31 (24), 16 (71), 3 (99), 14 (84)]";1743;"Maquina 6: [20 (12), 28 (40), 7 (34), 18 (43), 24 (89), 15 (91)]";1114
Multiarranque;40;6;8542;87.0;50;"Maquina 1: [18 (43), 9 (17), 13 (41), 15 (91), 34 (63), 0 (85)]";1392;"Maquina 2: [1 (58), 25 (12), 39 (10), 37 (40), 35 (58), 14 (84), 27 (99)]";1329;"Maquina 3: [31 (24), 10 (23), 28 (40), 16 (71), 38 (79), 29 (70), 3 (99)]";1670;"Maquina 4: [22 (5), 6 (7), 8 (5), 23 (68), 19 (76), 7 (34), 11 (90)]";1245;"Maquina 5: [4 (32), 2 (37), 17 (42), 24 (89), 5 (71), 32 (98)]";1561;"Maquina 6: [30 (49), 21 (23), 20 (12), 26 (3), 33 (54), 12 (75), 36 (80)]";1345
GREEDY;40;6;8436;0.0;1;"Maquina 1: [22 (26), 24 (3), 21 (21), 19 (37), 9 (80), 33 (69), 4 (56)]";1287;"Maquina 2: [3 (5), 0 (27), 5 (22), 36 (43), 27 (59), 20 (67), 39 (73)]";1337;"Maquina 3: [18 (22), 16 (11), 8 (50), 29 (26), 25 (63), 26 (92), 14 (71)]";1537;"Maquina 4: [10 (71), 7 (24), 32 (11), 12 (34), 28 (58), 34 (89)]";1572;"Maquina 5: [38 (31), 35 (25), 17 (19), 31 (64), 2 (72), 15 (94), 11 (44)]";1571;"Maquina 6: [13 (26), 6 (20), 30 (27), 23 (72), 37 (66), 1 (48)]";1132
GRASP;40;6;7016;83.0;50;"Maquina 1: [0 (27), 22 (26), 24 (3), 9 (80), 4 (56), 39 (73), 10 (71)]";1221;"Maquina 2: [3 (5), 16 (11), 31 (64), 37 (66), 1 (48), 15 (94), 11 (44)]";1423;"Maquina 3: [21 (21), 13 (26), 36 (43), 7 (24), 28 (58), 23 (72), 2 (72)]";1246;"Maquina 4: [6 (20), 12 (34), 32 (11), 5 (22), 25 (63), 34 (89)]";984;"Maquina 5: [38 (31), 35 (25), 18 (22), 17 (19), 27 (59), 14 (71), 26 (92)]";1219;"Maquina 6: [30 (27), 29 (26), 20 (67), 19 (37), 8 (50), 33 (69)]";923
LNS;40;6;8436;2.0;50;"Maquina 1: [22 (26), 24 (3), 21 (21), 19 (37), 9 (80), 33 (69), 4 (56)]";1287;"Maquina 2: [3 (5), 0 (27), 5 (22), 36 (43), 27 (59), 20 (67), 39 (73)]";1337;"Maquina 3: [18 (22), 16 (11), 8 (50), 29 (26), 25 (63), 26 (92), 14 (71)]";1537;"Maquina 4: [10 (71), 7 (24), 32 (11), 12 (34), 28 (58), 34 (89)]";1572;"Maquina 5: [38 (31), 35 (25), 17 (19), 31 (64), 2 (72), 15 (94), 11 (44)]";1571;"Maquina 6: [13 (26), 6 (20), 30 (27), 23 (72), 37 (66), 1 (48)]";1132
TABÚ;40;6;7553;28.0;50;"Maquina 1: [22 (26), 24 (3), 28 (58), 19 (37), 9 (80), 21 (21), 14 (71)]";1182;"Maquina 2: [1 (48), 35 (25), 32 (11), 8 (50), 23 (72), 10 (71), 37 (66)]";1566;"Maquina 3: [38 (31), 17 (19), 13 (26), 11 (44), 18 (22), 2 (72), 39 (73)]";1300;"Maquina 4: [6 (20), 15 (94), 12 (34), 29 (26), 20 (67), 26 (92)]";1212;"Maquina 5: [3 (5), 0 (27), 16 (11), 34 (89), 27 (59), 25 (63), 4 (56)]";1221;"Maquina 6: [36 (43), 7 (24), 30 (27), 5 (22), 31 (64), 33 (69)]";1072
VNS;40;6;8144;1922.0;50;"Maquina 1: [24 (3), 21 (21), 19 (37), 9 (80), 4 (56), 33 (69)]";1079;"Maquina 2: [3 (5), 0 (27), 22 (26), 5 (22), 36 (43), 27 (59), 20 (67), 39 (73)]";1274;"Maquina 3: [18 (22), 16 (11), 8 (50), 29 (26), 25 (63), 26 (92), 14 (71)]";1537;"Maquina 4: [10 (71), 7 (24), 32 (11), 12 (34), 34 (89)]";1076;"Maquina 5: [38 (31), 35 (25), 17 (19), 31 (64), 2 (72), 15 (94), 11 (44)]";1571;"Maquina 6: [13 (26), 6 (20), 30 (27), 28 (58), 23 (72), 37 (66), 1 (48)]";1607
Multiarranque;40;6;8208;89.0;50;"Maquina 1: [22 (26), 24 (3), 21 (21), 19 (37), 9 (80), 33 (69), 4 (56)]";1287;"Maquina 2: [3 (5), 0 (27), 5 (22), 36 (43), 27 (59), 20 (67), 39 (73)]";1337;"Maquina 3: [18 (22), 16 (11), 12 (34), 29 (26), 25 (63), 26 (92), 14 (71)]";1357;"Maquina 4: [10 (71), 7 (24), 32 (11), 8 (50), 28 (58), 34 (89)]";1524;"Maquina 5: [38 (31), 35 (25), 17 (19), 31 (64), 2 (72), 15 (94), 11 (44)]";1571;"Maquina 6: [13 (26), 6 (20), 30 (27), 23 (72), 37 (66), 1 (48)]";1132
GREEDY;40;6;10141;0.0;1;"Maquina 1: [5 (88), 31 (71), 10 (4), 23 (55), 25 (95), 33 (20)]";1488;"Maquina 2: [17 (5), 11 (54), 15 (25), 14 (70), 36 (83), 24 (92)]";1586;"Maquina 3: [35 (8), 1 (30), 34 (37), 19 (72), 30 (59), 20 (83), 26 (91)]";1457;"Maquina 4: [38 (12), 28 (30), 0 (38), 6 (75), 18 (97), 16 (61), 3 (90)]";1744;"Maquina 5: [29 (17), 39 (30), 8 (44), 32 (68), 7 (77), 12 (90), 21 (97)]";1894;"Maquina 6: [22 (20), 13 (35), 2 (49), 37 (99), 9 (81), 27 (61), 4 (90)]";1972
GRASP;40;6;8697;83.0;50;"Maquina 1: [39 (30), 33 (20), 35 (8), 4 (90), 3 (90), 6 (75), 25 (95)]";1389;"Maquina 2: [17 (5), 31 (71), 28 (30), 5 (88), 12 (90), 9 (81), 26 (91)]";1659;"Maquina 3: [0 (38), 2 (49), 15 (25), 22 (20), 19 (72), 18 (97), 14 (70)]";1573;"Maquina 4: [30 (59), 16 (61), 10 (4), 1 (30), 36 (83), 27 (61)]";1170;"Maquina 5: [8 (44), 32 (68), 29 (17), 24 (92), 23 (55), 37 (99), 21 (97)]";1825;"Maquina 6: [38 (12), 34 (37), 13 (35), 11 (54), 7 (77), 20 (83)]";1081
LNS;40;6;10141;3.0;50;"Maquina 1: [5 (88), 31 (71), 10 (4), 23 (55), 25 (95), 33 (20)]";1488;"Maquina 2: [17 (5), 11 (54), 15 (25), 14 (70), 36 (83), 24 (92)]";1586;"Maquina 3: [35 (8), 1 (30), 34 (37), 19 (72), 30 (59), 20 (83), 26 (91)]";1457;"Maquina 4: [38 (12), 28 (30), 0 (38), 6 (75), 18 (97), 16 (61), 3 (90)]";1744;"Maquina 5: [29 (17), 39 (30), 8 (44), 32 (68), 7 (77), 12 (90), 21 (97)]";1894;"Maquina 6: [22 (20), 13 (35), 2 (49), 37 (99), 9 (81), 27 (61), 4 (90)]";1972
TABÚ;40;6;8407;34.0;50;"Maquina 1: [10 (4), 1 (30), 28 (30), 31 (71), 20 (83), 24 (92), 7 (77)]";1428;"Maquina 2: [35 (8), 23 (55), 19 (72), 5 (88), 34 (37), 32 (68)]";1219;"Maquina 3: [29 (17), 39 (30), 33 (20), 0 (38), 9 (81), 26 (91), 25 (95)]";1210;"Maquina 4: [38 (12), 8 (44), 2 (49), 17 (5), 30 (59), 14 (70), 36 (83)]";1279;"Maquina 5: [22 (20), 13 (35), 11 (54), 27 (61), 3 (90), 37 (99), 21 (97)]";1796;"Maquina 6: [15 (25), 16 (61), 4 (90), 6 (75), 12 (90), 18 (97)]";1475
VNS;40;6;9293;1418.0;50;"Maquina 1: [2 (49), 5 (88), 31 (71), 10 (4), 23 (55), 25 (95), 33 (20)]";1837;"Maquina 2: [36 (83), 15 (25), 9 (81), 11 (54), 27 (61)]";1197;"Maquina 3: [35 (8), 1 (30), 34 (37), 19 (72), 30 (59), 3 (90), 20 (83), 24 (92)]";1970;"Maquina 4: [38 (12), 28 (30), 0 (38), 6 (75), 18 (97), 16 (61), 4 (90)]";1690;"Maquina 5: [29 (17), 17 (5), 39 (30), 13 (35), 32 (68), 7 (77), 12 (90), 21 (97)]";1583;"Maquina 6: [22 (20), 8 (44), 37 (99), 14 (70), 26 (91)]";1016
Multiarranque;40;6;8974;93.0;50;"Maquina 1: [19 (72), 35 (8), 8 (44), 2 (49), 37 (99), 18 (97)]";1338;"Maquina 2: [22 (20), 27 (61), 17 (5), 30 (59), 3 (90), 6 (75), 32 (68)]";1511;"Maquina 3: [39 (30), 13 (35), 16 (61), 28 (30), 7 (77), 15 (25), 14 (70)]";1395;"Maquina 4: [33 (20), 0 (38), 36 (83), 20 (83), 21 (97), 24 (92), 4 (90)]";1889;"Maquina 5: [29 (17), 34 (37), 10 (4), 5 (88), 31 (71), 11 (54), 25 (95)]";1473;"Maquina 6: [38 (12), 12 (90), 9 (81), 1 (30), 23 (55), 26 (91)]";1368
GREEDY;40;6;8574;0.0;1;"Maquina 1: [21 (17), 19 (45), 18 (1), 26 (36), 5 (87), 4 (66), 28 (76)]";1378;"Maquina 2: [24 (17), 9 (9), 33 (31), 29 (84), 31 (39), 25 (67), 39 (93)]";1558;"Maquina 3: [10 (10), 37 (72), 32 (17), 11 (97), 8 (36), 0 (59), 36 (83)]";1496;"Maquina 4: [7 (18), 35 (38), 17 (63), 15 (13), 23 (70), 1 (86)]";1284;"Maquina 5: [38 (23), 6 (16), 34 (40), 22 (34), 14 (64), 20 (78), 13 (88)]";1522;"Maquina 6: [30 (16), 16 (37), 3 (24), 12 (56), 27 (70), 2 (86)]";1336
GRASP;40;6;7067;80.0;50;"Maquina 1: [18 (1), 6 (16), 24 (17), 22 (34), 7 (18), 39 (93), 36 (83)]";814;"Maquina 2: [8 (36), 21 (17), 10 (10), 27 (70), 29 (84), 12 (56), 23 (70)]";1305;"Maquina 3: [38 (23), 0 (59), 31 (39), 34 (40), 13 (88), 25 (67)]";1058;"Maquina 4: [9 (9), 15 (13), 19 (45), 37 (72), 2 (86), 1 (86)]";903;"Maquina 5: [33 (31), 4 (66), 35 (38), 11 (97), 16 (37), 20 (78), 28 (76)]";1737;"Maquina 6: [30 (16), 32 (17), 3 (24), 26 (36), 14 (64), 5 (87), 17 (63)]";1250
LNS;40;6;8574;4.0;50;"Maquina 1: [21 (17), 19 (45), 18 (1), 26 (36), 5 (87), 4 (66), 28 (76)]";1378;"Maquina 2: [24 (17), 9 (9), 33 (31), 29 (84), 31 (39), 25 (67), 39 (93)]";1558;"Maquina 3: [10 (10), 37 (72), 32 (17), 11 (97), 8 (36), 0 (59), 36 (83)]";1496;"Maquina 4: [7 (18), 35 (38), 17 (63), 15 (13), 23 (70), 1 (86)]";1284;"Maquina 5: [38 (23), 6 (16), 34 (40), 22 (34), 14 (64), 20 (78), 13 (88)]";1522;"Maquina 6: [30 (16), 16 (37), 3 (24), 12 (56), 27 (70), 2 (86)]";1336
TABÚ;40;6;7462;30.0;50;"Maquina 1: [8 (36), 19 (45), 7 (18), 4 (66), 29 (84), 20 (78)]";1069;"Maquina 2: [18 (1), 10 (10), 26 (36), 38 (23), 34 (40), 12 (56), 27 (70)]";1055;"Maquina 3: [15 (13), 6 (16), 17 (63), 25 (67), 28 (76), 2 (86), 1 (86)]";1444;"Maquina 4: [31 (39), 30 (16), 32 (17), 14 (64), 37 (72), 13 (88)]";1084;"Maquina 5: [16 (37), 9 (9), 39 (93), 21 (17), 35 (38), 23 (70), 5 (87)]";1403;"Maquina 6: [33 (31), 3 (24), 24 (17), 22 (34), 0 (59), 36 (83), 11 (97)]";1407
VNS;40;6;8296;2001.0;50;"Maquina 1: [21 (17), 35 (38), 19 (45), 18 (1), 26 (36), 5 (87), 4 (66), 2 (86)]";1551;"Maquina 2: [24 (17), 9 (9), 33 (31), 29 (84), 31 (39), 25 (67), 39 (93)]";1558;"Maquina 3: [10 (10), 37 (72), 32 (17), 11 (97), 8 (36), 14 (64), 36 (83)]";1579;"Maquina 4: [7 (18), 17 (63), 15 (13), 23 (70), 1 (86)]";841;"Maquina 5: [38 (23), 6 (16), 34 (40), 22 (34), 0 (59), 20 (78), 13 (88)]";1424;"Maquina 6: [30 (16), 16 (37), 3 (24), 12 (56), 27 (70), 28 (76)]";1343
Multiarranque;40;6;8108;91.0;50;"Maquina 1: [16 (37), 12 (56), 23 (70), 5 (87), 20 (78), 28 (76)]";1517;"Maquina 2: [0 (59), 31 (39), 26 (36), 13 (88), 11 (97), 2 (86)]";1674;"Maquina 3: [15 (13), 19 (45), 3 (24), 25 (67), 39 (93), 36 (83)]";1161;"Maquina 4: [10 (10), 38 (23), 6 (16), 27 (70), 34 (40), 8 (36), 37 (72)]";1048;"Maquina 5: [24 (17), 35 (38), 9 (9), 18 (1), 4 (66), 7 (18), 17 (63), 1 (86)]";1471;"Maquina 6: [21 (17), 14 (64), 33 (31), 30 (16), 32 (17), 22 (34), 29 (84)]";1237
GREEDY;40;6;9560;0.0;1;"Maquina 1: [29 (16), 23 (39), 7 (2), 21 (56), 2 (74), 5 (88)]";1437;"Maquina 2: [22 (8), 32 (18), 31 (49), 3 (31), 15 (69), 37 (79), 1 (94)]";1526;"Maquina 3: [30 (8), 4 (41), 20 (59), 27 (74), 33 (91), 16 (19)]";1416;"Maquina 4: [26 (45), 17 (10), 25 (25), 39 (32), 0 (79), 24 (63), 6 (91)]";1380;"Maquina 5: [12 (27), 19 (10), 38 (69), 34 (33), 9 (54), 36 (94), 8 (85)]";1834;"Maquina 6: [28 (16), 13 (29), 11 (74), 14 (87), 10 (39), 18 (55), 35 (96)]";1967
GRASP;40;6;7878;79.0;50;"Maquina 1: [34 (33), 5 (88), 22 (8), 32 (18), 9 (54), 14 (87), 2 (74)]";1564;"Maquina 2: [25 (25), 3 (31), 17 (10), 10 (39), 20 (59), 6 (91), 8 (85)]";1436;"Maquina 3: [18 (55), 4 (41), 7 (2), 15 (69), 37 (79), 27 (74)]";1228;"Maquina 4: [23 (39), 31 (49), 39 (32), 13 (29), 24 (63), 36 (94), 38 (69)]";1366;"Maquina 5: [29 (16), 16 (19), 28 (16), 11 (74), 35 (96), 26 (45), 1 (94)]";1283;"Maquina 6: [12 (27), 30 (8), 21 (56), 19 (10), 0 (79), 33 (91)]";1001
LNS;40;6;9482;2.0;50;"Maquina 1: [29 (16), 23 (39), 2 (74), 21 (56), 7 (2), 5 (88)]";1421;"Maquina 2: [22 (8), 32 (18), 31 (49), 3 (31), 15 (69), 37 (79), 1 (94)]";1526;"Maquina 3: [30 (8), 4 (41), 20 (59), 27 (74), 33 (91), 16 (19)]";1416;"Maquina 4: [26 (45), 17 (10), 25 (25), 39 (32), 0 (79), 24 (63), 6 (91)]";1380;"Maquina 5: [12 (27), 19 (10), 38 (69), 34 (33), 9 (54), 36 (94), 8 (85)]";1834;"Maquina 6: [18 (55), 13 (29), 11 (74), 14 (87), 10 (39), 28 (16), 35 (96)]";1905
TABÚ;40;6;8244;26.0;50;"Maquina 1: [32 (18), 6 (91), 18 (55), 4 (41), 20 (59), 36 (94), 0 (79)]";1890;"Maquina 2: [12 (27), 22 (8), 35 (96), 30 (8), 23 (39), 8 (85), 21 (56)]";1385;"Maquina 3: [24 (63), 17 (10), 10 (39), 39 (32), 1 (94), 14 (87)]";1177;"Maquina 4: [3 (31), 25 (25), 19 (10), 7 (2), 27 (74), 38 (69), 33 (91)]";1302;"Maquina 5: [16 (19), 28 (16), 31 (49), 15 (69), 37 (79), 5 (88)]";1052;"Maquina 6: [29 (16), 13 (29), 11 (74), 34 (33), 9 (54), 26 (45), 2 (74)]";1438
VNS;40;6;8558;1349.0;50;"Maquina 1: [29 (16), 13 (29), 7 (2), 27 (74), 16 (19), 6 (91), 5 (88), 1 (94)]";1769;"Maquina 2: [22 (8), 32 (18), 38 (69), 3 (31), 15 (69), 37 (79), 35 (96)]";1534;"Maquina 3: [4 (41), 20 (59), 21 (56), 33 (91), 2 (74)]";1228;"Maquina 4: [26 (45), 17 (10), 25 (25), 30 (8), 39 (32), 0 (79), 24 (63)]";1213;"Maquina 5: [19 (10), 12 (27), 31 (49), 34 (33), 9 (54), 36 (94), 8 (85)]";1664;"Maquina 6: [23 (39), 28 (16), 11 (74), 14 (87), 18 (55), 10 (39)]";1150
Multiarranque;40;6;8344;86.0;50;"Maquina 1: [19 (10), 21 (56), 32 (18), 28 (16), 1 (94), 38 (69), 20 (59)]";1328;"Maquina 2: [29 (16), 31 (49), 25 (25), 39 (32), 34 (33), 9 (54), 11 (74), 24 (63)]";1683;"Maquina 3: [30 (8), 23 (39), 16 (19), 22 (8), 33 (91), 15 (69), 14 (87)]";1357;"Maquina 4: [17 (10), 12 (27), 6 (91), 7 (2), 27 (74), 8 (85)]";1339;"Maquina 5: [13 (29), 3 (31), 0 (79), 10 (39), 37 (79), 5 (88)]";1167;"Maquina 6: [18 (55), 4 (41), 26 (45), 2 (74), 35 (96), 36 (94)]";1470
