GREEDY;40;2;16721;1.0;1;"Maquina 1: [37 (15), 36 (6), 26 (2), 9 (12), 25 (19), 23 (32), 1 (58), 38 (34), 5 (29), 22 (33), 16 (23), 21 (63), 13 (44), 27 (74), 24 (89), 15 (43), 12 (83), 20 (92), 33 (98), 7 (94)]";8022;"Maquina 2: [28 (25), 11 (7), 35 (6), 2 (34), 4 (19), 32 (21), 18 (30), 17 (13), 10 (36), 34 (32), 19 (43), 3 (61), 8 (51), 31 (86), 14 (79), 39 (91), 29 (66), 6 (94), 0 (97), 30 (99)]";8699
GRASP;40;2;16166;55.0;50;"Maquina 1: [4 (19), 37 (15), 36 (6), 5 (29), 26 (2), 9 (12), 22 (33), 16 (23), 34 (32), 15 (43), 29 (66), 23 (32), 21 (63), 12 (83), 10 (36), 33 (98), 6 (94), 27 (74), 24 (89), 7 (94)]";7802;"Maquina 2: [25 (19), 28 (25), 11 (7), 35 (6), 17 (13), 32 (21), 13 (44), 18 (30), 38 (34), 1 (58), 2 (34), 19 (43), 3 (61), 8 (51), 31 (86), 14 (79), 39 (91), 20 (92), 0 (97), 30 (99)]";8364
LNS;40;2;16687;8.0;50;"Maquina 1: [37 (15), 36 (6), 26 (2), 9 (12), 25 (19), 23 (32), 1 (58), 38 (34), 5 (29), 22 (33), 16 (23), 21 (63), 13 (44), 27 (74), 33 (98), 15 (43), 12 (83), 20 (92), 24 (89), 7 (94)]";7988;"Maquina 2: [28 (25), 11 (7), 35 (6), 2 (34), 4 (19), 32 (21), 18 (30), 17 (13), 10 (36), 34 (32), 19 (43), 3 (61), 8 (51), 31 (86), 14 (79), 39 (91), 29 (66), 6 (94), 0 (97), 30 (99)]";8699
TABÚ;40;2;17025;17.0;50;"Maquina 1: [32 (21), 5 (29), 22 (33), 16 (23), 11 (7), 35 (6), 25 (19), 1 (58), 26 (2), 21 (63), 13 (44), 10 (36), 33 (98), 8 (51), 31 (86), 14 (79), 39 (91), 27 (74), 24 (89), 7 (94)]";9168;"Maquina 2: [37 (15), 36 (6), 38 (34), 4 (19), 9 (12), 28 (25), 2 (34), 17 (13), 18 (30), 34 (32), 23 (32), 19 (43), 15 (43), 3 (61), 12 (83), 29 (66), 6 (94), 0 (97), 30 (99), 20 (92)]";7857
VNS;40;2;16140;1109.0;50;"Maquina 1: [37 (15), 36 (6), 26 (2), 9 (12), 34 (32), 25 (19), 1 (58), 38 (34), 5 (29), 22 (33), 16 (23), 21 (63), 13 (44), 27 (74), 33 (98), 15 (43), 12 (83), 20 (92), 24 (89), 7 (94)]";7786;"Maquina 2: [28 (25), 11 (7), 35 (6), 2 (34), 4 (19), 32 (21), 18 (30), 17 (13), 10 (36), 23 (32), 19 (43), 3 (61), 8 (51), 31 (86), 14 (79), 39 (91), 29 (66), 6 (94), 0 (97), 30 (99)]";8354
Multiarranque;40;2;16140;84.0;50;"Maquina 1: [37 (15), 36 (6), 26 (2), 9 (12), 34 (32), 25 (19), 1 (58), 38 (34), 5 (29), 22 (33), 16 (23), 21 (63), 13 (44), 27 (74), 33 (98), 15 (43), 12 (83), 20 (92), 24 (89), 7 (94)]";7786;"Maquina 2: [28 (25), 11 (7), 35 (6), 2 (34), 4 (19), 32 (21), 18 (30), 17 (13), 10 (36), 23 (32), 19 (43), 3 (61), 8 (51), 31 (86), 14 (79), 39 (91), 29 (66), 6 (94), 0 (97), 30 (99)]";8354
GREEDY;40;2;19956;0.0;1;"Maquina 1: [2 (14), 31 (5), 20 (20), 39 (24), 25 (74), 4 (29), 10 (27), 22 (39), 8 (59), 15 (49), 19 (31), 37 (51), 17 (62), 24 (69), 18 (50), 9 (64), 13 (71), 3 (75), 36 (98), 14 (88)]";9767;"Maquina 2: [7 (17), 0 (10), 38 (16), 16 (29), 6 (28), 35 (25), 5 (61), 33 (46), 27 (50), 29 (38), 34 (63), 11 (53), 12 (50), 32 (65), 1 (74), 26 (77), 30 (74), 23 (70), 28 (99), 21 (95)]";10189
GRASP;40;2;19241;55.0;50;"Maquina 1: [38 (16), 2 (14), 16 (29), 7 (17), 32 (65), 39 (24), 18 (50), 29 (38), 22 (39), 12 (50), 11 (53), 17 (62), 3 (75), 9 (64), 23 (70), 36 (98), 26 (77), 33 (46), 1 (74), 28 (99)]";10286;"Maquina 2: [31 (5), 20 (20), 0 (10), 6 (28), 35 (25), 5 (61), 10 (27), 4 (29), 13 (71), 19 (31), 37 (51), 34 (63), 15 (49), 27 (50), 8 (59), 14 (88), 25 (74), 30 (74), 24 (69), 21 (95)]";8955
LNS;40;2;19792;8.0;50;"Maquina 1: [4 (29), 31 (5), 20 (20), 39 (24), 25 (74), 2 (14), 10 (27), 22 (39), 8 (59), 15 (49), 19 (31), 37 (51), 17 (62), 24 (69), 18 (50), 9 (64), 13 (71), 3 (75), 36 (98), 14 (88)]";9668;"Maquina 2: [7 (17), 0 (10), 38 (16), 16 (29), 6 (28), 35 (25), 5 (61), 33 (46), 27 (50), 29 (38), 1 (74), 11 (53), 12 (50), 32 (65), 26 (77), 34 (63), 30 (74), 23 (70), 28 (99), 21 (95)]";10124
TABÚ;40;2;18575;16.0;50;"Maquina 1: [31 (5), 20 (20), 39 (24), 6 (28), 33 (46), 22 (39), 8 (59), 10 (27), 27 (50), 15 (49), 19 (31), 9 (64), 11 (53), 3 (75), 17 (62), 24 (69), 30 (74), 36 (98), 13 (71), 21 (95)]";9272;"Maquina 2: [0 (10), 38 (16), 2 (14), 16 (29), 7 (17), 4 (29), 29 (38), 35 (25), 5 (61), 18 (50), 12 (50), 32 (65), 1 (74), 37 (51), 14 (88), 34 (63), 23 (70), 26 (77), 28 (99), 25 (74)]";9303
VNS;40;2;19629;859.0;50;"Maquina 1: [2 (14), 31 (5), 20 (20), 39 (24), 25 (74), 4 (29), 6 (28), 22 (39), 8 (59), 15 (49), 19 (31), 37 (51), 17 (62), 24 (69), 18 (50), 9 (64), 13 (71), 14 (88), 28 (99), 26 (77)]";9694;"Maquina 2: [7 (17), 0 (10), 38 (16), 16 (29), 10 (27), 35 (25), 5 (61), 33 (46), 27 (50), 29 (38), 34 (63), 11 (53), 12 (50), 32 (65), 1 (74), 3 (75), 30 (74), 23 (70), 36 (98), 21 (95)]";9935
Multiarranque;40;2;18503;88.0;50;"Maquina 1: [39 (24), 38 (16), 16 (29), 0 (10), 6 (28), 35 (25), 10 (27), 12 (50), 19 (31), 37 (51), 27 (50), 9 (64), 11 (53), 3 (75), 25 (74), 36 (98), 1 (74), 14 (88), 28 (99), 32 (65)]";9347;"Maquina 2: [31 (5), 20 (20), 7 (17), 4 (29), 2 (14), 5 (61), 18 (50), 29 (38), 8 (59), 22 (39), 33 (46), 13 (71), 23 (70), 17 (62), 15 (49), 26 (77), 34 (63), 30 (74), 24 (69), 21 (95)]";9156
GREEDY;40;2;21937;1.0;1;"Maquina 1: [25 (25), 19 (10), 7 (2), 13 (29), 35 (96), 30 (8), 10 (39), 39 (32), 4 (41), 29 (16), 31 (49), 2 (74), 20 (59), 6 (91), 18 (55), 15 (69), 37 (79), 27 (74), 1 (94), 14 (87)]";11222;"Maquina 2: [22 (8), 32 (18), 26 (45), 12 (27), 16 (19), 28 (16), 33 (91), 23 (39), 34 (33), 17 (10), 11 (74), 3 (31), 0 (79), 5 (88), 9 (54), 36 (94), 38 (69), 21 (56), 8 (85), 24 (63)]";10715
GRASP;40;2;21973;50.0;50;"Maquina 1: [7 (2), 22 (8), 32 (18), 12 (27), 19 (10), 10 (39), 28 (16), 33 (91), 23 (39), 31 (49), 39 (32), 21 (56), 4 (41), 2 (74), 0 (79), 24 (63), 36 (94), 11 (74), 35 (96), 8 (85)]";10541;"Maquina 2: [3 (31), 17 (10), 29 (16), 13 (29), 16 (19), 6 (91), 25 (25), 9 (54), 34 (33), 30 (8), 26 (45), 15 (69), 37 (79), 5 (88), 14 (87), 18 (55), 27 (74), 38 (69), 20 (59), 1 (94)]";11432
LNS;40;2;21937;9.0;50;"Maquina 1: [25 (25), 19 (10), 7 (2), 13 (29), 35 (96), 30 (8), 10 (39), 39 (32), 4 (41), 29 (16), 31 (49), 2 (74), 20 (59), 6 (91), 18 (55), 15 (69), 37 (79), 27 (74), 1 (94), 14 (87)]";11222;"Maquina 2: [22 (8), 32 (18), 26 (45), 12 (27), 16 (19), 28 (16), 33 (91), 23 (39), 34 (33), 17 (10), 11 (74), 3 (31), 0 (79), 5 (88), 9 (54), 36 (94), 38 (69), 21 (56), 8 (85), 24 (63)]";10715
TABÚ;40;2;21136;16.0;50;"Maquina 1: [29 (16), 13 (29), 3 (31), 15 (69), 10 (39), 16 (19), 28 (16), 9 (54), 26 (45), 31 (49), 2 (74), 0 (79), 30 (8), 21 (56), 14 (87), 37 (79), 5 (88), 33 (91), 1 (94)]";10446;"Maquina 2: [19 (10), 7 (2), 12 (27), 22 (8), 32 (18), 24 (63), 17 (10), 18 (55), 25 (25), 39 (32), 4 (41), 23 (39), 8 (85), 34 (33), 11 (74), 20 (59), 6 (91), 36 (94), 38 (69), 35 (96), 27 (74)]";10690
VNS;40;2;21260;1190.0;50;"Maquina 1: [19 (10), 7 (2), 13 (29), 24 (63), 30 (8), 10 (39), 39 (32), 4 (41), 29 (16), 31 (49), 2 (74), 20 (59), 6 (91), 18 (55), 15 (69), 37 (79), 27 (74), 33 (91), 1 (94), 14 (87)]";11052;"Maquina 2: [25 (25), 22 (8), 32 (18), 26 (45), 12 (27), 16 (19), 28 (16), 23 (39), 34 (33), 17 (10), 11 (74), 3 (31), 0 (79), 5 (88), 9 (54), 36 (94), 38 (69), 8 (85), 21 (56), 35 (96)]";10208
Multiarranque;40;2;21314;78.0;50;"Maquina 1: [22 (8), 13 (29), 32 (18), 0 (79), 30 (8), 23 (39), 39 (32), 4 (41), 20 (59), 18 (55), 3 (31), 15 (69), 21 (56), 19 (10), 10 (39), 37 (79), 35 (96), 26 (45), 36 (94), 38 (69), 27 (74)]";11543;"Maquina 2: [29 (16), 17 (10), 25 (25), 7 (2), 12 (27), 16 (19), 28 (16), 11 (74), 9 (54), 31 (49), 2 (74), 34 (33), 14 (87), 8 (85), 24 (63), 6 (91), 5 (88), 33 (91), 1 (94)]";9771
GREEDY;40;2;14179;1.0;1;"Maquina 1: [13 (5), 12 (3), 30 (15), 26 (18), 35 (6), 27 (16), 0 (3), 22 (60), 1 (22), 16 (40), 10 (65), 33 (45), 24 (29), 20 (55), 21 (51), 9 (29), 36 (54), 11 (90), 34 (95), 2 (71)]";6957;"Maquina 2: [37 (4), 7 (5), 25 (10), 39 (27), 38 (16), 8 (3), 19 (14), 6 (31), 23 (29), 29 (19), 3 (52), 18 (61), 14 (55), 5 (49), 31 (69), 28 (55), 4 (42), 17 (90), 15 (81), 32 (99)]";7222
GRASP;40;2;13193;50.0;50;"Maquina 1: [8 (3), 35 (6), 12 (3), 30 (15), 27 (16), 28 (55), 26 (18), 6 (31), 23 (29), 29 (19), 33 (45), 20 (55), 16 (40), 4 (42), 22 (60), 3 (52), 31 (69), 34 (95), 32 (99)]";6092;"Maquina 2: [37 (4), 7 (5), 25 (10), 0 (3), 19 (14), 1 (22), 38 (16), 13 (5), 24 (29), 39 (27), 9 (29), 14 (55), 5 (49), 36 (54), 21 (51), 10 (65), 17 (90), 18 (61), 2 (71), 15 (81), 11 (90)]";7101
LNS;40;2;13896;8.0;50;"Maquina 1: [13 (5), 12 (3), 30 (15), 26 (18), 35 (6), 27 (16), 0 (3), 22 (60), 1 (22), 16 (40), 10 (65), 33 (45), 24 (29), 20 (55), 21 (51), 9 (29), 36 (54), 11 (90), 34 (95), 2 (71)]";6957;"Maquina 2: [37 (4), 7 (5), 25 (10), 39 (27), 19 (14), 8 (3), 38 (16), 6 (31), 23 (29), 29 (19), 3 (52), 18 (61), 14 (55), 5 (49), 31 (69), 28 (55), 4 (42), 17 (90), 15 (81), 32 (99)]";6939
TABÚ;40;2;13411;16.0;50;"Maquina 1: [1 (22), 38 (16), 35 (6), 8 (3), 13 (5), 23 (29), 30 (15), 36 (54), 9 (29), 29 (19), 33 (45), 24 (29), 20 (55), 21 (51), 10 (65), 17 (90), 18 (61), 2 (71), 32 (99)]";6410;"Maquina 2: [37 (4), 7 (5), 12 (3), 27 (16), 0 (3), 19 (14), 25 (10), 6 (31), 28 (55), 26 (18), 39 (27), 16 (40), 4 (42), 22 (60), 3 (52), 14 (55), 5 (49), 31 (69), 34 (95), 11 (90), 15 (81)]";7001
VNS;40;2;13782;1094.0;50;"Maquina 1: [13 (5), 12 (3), 30 (15), 26 (18), 35 (6), 27 (16), 39 (27), 22 (60), 1 (22), 16 (40), 28 (55), 33 (45), 24 (29), 20 (55), 21 (51), 9 (29), 36 (54), 11 (90), 34 (95), 2 (71)]";7182;"Maquina 2: [37 (4), 7 (5), 25 (10), 0 (3), 38 (16), 8 (3), 19 (14), 6 (31), 23 (29), 29 (19), 3 (52), 18 (61), 14 (55), 5 (49), 31 (69), 10 (65), 4 (42), 17 (90), 15 (81), 32 (99)]";6600
Multiarranque;40;2;13609;80.0;50;"Maquina 1: [26 (18), 35 (6), 12 (3), 7 (5), 25 (10), 16 (40), 10 (65), 24 (29), 19 (14), 6 (31), 23 (29), 28 (55), 4 (42), 21 (51), 9 (29), 5 (49), 31 (69), 2 (71), 34 (95), 32 (99)]";7127;"Maquina 2: [8 (3), 13 (5), 30 (15), 27 (16), 0 (3), 29 (19), 37 (4), 1 (22), 38 (16), 20 (55), 39 (27), 22 (60), 3 (52), 18 (61), 14 (55), 36 (54), 11 (90), 15 (81), 33 (45), 17 (90)]";6482
GREEDY;40;2;22661;1.0;1;"Maquina 1: [26 (31), 9 (22), 11 (41), 38 (5), 17 (25), 22 (17), 3 (44), 13 (50), 28 (34), 6 (55), 34 (46), 12 (46), 0 (70), 1 (82), 24 (55), 30 (70), 23 (62), 35 (86), 7 (93), 19 (96)]";11082;"Maquina 2: [5 (33), 21 (48), 29 (25), 25 (17), 37 (13), 15 (47), 18 (18), 4 (23), 32 (34), 8 (51), 33 (59), 2 (68), 36 (43), 10 (76), 31 (94), 27 (70), 20 (44), 16 (82), 39 (90), 14 (98)]";11579
GRASP;40;2;22216;54.0;50;"Maquina 1: [37 (13), 26 (31), 9 (22), 29 (25), 24 (55), 38 (5), 0 (70), 21 (48), 11 (41), 20 (44), 12 (46), 30 (70), 15 (47), 23 (62), 32 (34), 7 (93), 8 (51), 6 (55), 16 (82), 14 (98)]";10600;"Maquina 2: [4 (23), 17 (25), 18 (18), 27 (70), 3 (44), 13 (50), 25 (17), 33 (59), 22 (17), 28 (34), 5 (33), 34 (46), 1 (82), 2 (68), 36 (43), 39 (90), 35 (86), 10 (76), 31 (94), 19 (96)]";11616
LNS;40;2;21419;12.0;50;"Maquina 1: [26 (31), 9 (22), 11 (41), 38 (5), 17 (25), 22 (17), 24 (55), 13 (50), 28 (34), 6 (55), 34 (46), 12 (46), 0 (70), 1 (82), 3 (44), 30 (70), 23 (62), 35 (86), 7 (93), 19 (96)]";10688;"Maquina 2: [5 (33), 21 (48), 29 (25), 25 (17), 37 (13), 15 (47), 4 (23), 18 (18), 27 (70), 8 (51), 33 (59), 2 (68), 36 (43), 10 (76), 31 (94), 32 (34), 20 (44), 16 (82), 39 (90), 14 (98)]";10731
TABÚ;40;2;22155;16.0;50;"Maquina 1: [22 (17), 26 (31), 25 (17), 37 (13), 15 (47), 9 (22), 8 (51), 17 (25), 32 (34), 36 (43), 24 (55), 13 (50), 20 (44), 2 (68), 34 (46), 16 (82), 39 (90), 23 (62), 27 (70), 19 (96), 14 (98)]";11544;"Maquina 2: [28 (34), 18 (18), 4 (23), 38 (5), 30 (70), 5 (33), 3 (44), 33 (59), 29 (25), 21 (48), 11 (41), 12 (46), 0 (70), 1 (82), 35 (86), 10 (76), 6 (55), 31 (94), 7 (93)]";10611
VNS;40;2;22059;840.0;50;"Maquina 1: [26 (31), 9 (22), 11 (41), 38 (5), 17 (25), 22 (17), 24 (55), 18 (18), 13 (50), 28 (34), 6 (55), 20 (44), 12 (46), 0 (70), 1 (82), 3 (44), 30 (70), 23 (62), 32 (34), 7 (93), 19 (96)]";11201;"Maquina 2: [5 (33), 21 (48), 29 (25), 25 (17), 37 (13), 15 (47), 4 (23), 35 (86), 8 (51), 33 (59), 2 (68), 36 (43), 10 (76), 31 (94), 27 (70), 34 (46), 16 (82), 39 (90), 14 (98)]";10858
Multiarranque;40;2;21025;80.0;50;"Maquina 1: [4 (23), 22 (17), 26 (31), 37 (13), 12 (46), 8 (51), 20 (44), 38 (5), 30 (70), 27 (70), 3 (44), 32 (34), 7 (93), 14 (98), 6 (55), 16 (82), 24 (55), 2 (68), 31 (94), 35 (86)]";10735;"Maquina 2: [17 (25), 29 (25), 25 (17), 9 (22), 11 (41), 15 (47), 18 (18), 13 (50), 21 (48), 28 (34), 10 (76), 5 (33), 34 (46), 1 (82), 0 (70), 33 (59), 36 (43), 39 (90), 23 (62), 19 (96)]";10290
GREEDY;40;2;22507;0.0;1;"Maquina 1: [18 (1), 10 (10), 34 (40), 24 (17), 16 (37), 30 (16), 8 (36), 35 (38), 3 (24), 7 (18), 4 (66), 17 (63), 37 (72), 29 (84), 12 (56), 23 (70), 20 (78), 13 (88), 11 (97), 2 (86)]";11502;"Maquina 2: [38 (23), 9 (9), 15 (13), 6 (16), 32 (17), 14 (64), 33 (31), 0 (59), 26 (36), 21 (17), 31 (39), 22 (34), 25 (67), 28 (76), 1 (86), 19 (45), 39 (93), 36 (83), 27 (70), 5 (87)]";11005
GRASP;40;2;21578;51.0;50;"Maquina 1: [18 (1), 38 (23), 24 (17), 35 (38), 33 (31), 30 (16), 26 (36), 19 (45), 3 (24), 7 (18), 22 (34), 25 (67), 17 (63), 29 (84), 20 (78), 28 (76), 12 (56), 14 (64), 36 (83), 13 (88)]";11188;"Maquina 2: [32 (17), 16 (37), 31 (39), 9 (9), 15 (13), 6 (16), 27 (70), 21 (17), 10 (10), 34 (40), 8 (36), 23 (70), 1 (86), 0 (59), 39 (93), 37 (72), 4 (66), 2 (86), 11 (97), 5 (87)]";10390
LNS;40;2;21847;9.0;50;"Maquina 1: [18 (1), 10 (10), 34 (40), 24 (17), 16 (37), 30 (16), 8 (36), 35 (38), 3 (24), 4 (66), 7 (18), 17 (63), 37 (72), 29 (84), 12 (56), 23 (70), 20 (78), 13 (88), 11 (97), 2 (86)]";11441;"Maquina 2: [31 (39), 9 (9), 15 (13), 6 (16), 32 (17), 14 (64), 33 (31), 0 (59), 36 (83), 21 (17), 38 (23), 22 (34), 25 (67), 28 (76), 1 (86), 19 (45), 26 (36), 39 (93), 27 (70), 5 (87)]";10406
TABÚ;40;2;21667;17.0;50;"Maquina 1: [16 (37), 9 (9), 15 (13), 30 (16), 8 (36), 0 (59), 31 (39), 22 (34), 7 (18), 4 (66), 35 (38), 25 (67), 17 (63), 37 (72), 2 (86), 27 (70), 36 (83), 11 (97), 5 (87)]";10685;"Maquina 2: [18 (1), 6 (16), 21 (17), 10 (10), 38 (23), 34 (40), 19 (45), 26 (36), 32 (17), 3 (24), 24 (17), 23 (70), 33 (31), 12 (56), 14 (64), 20 (78), 29 (84), 28 (76), 1 (86), 39 (93), 13 (88)]";10982
VNS;40;2;21472;976.0;50;"Maquina 1: [26 (36), 18 (1), 10 (10), 34 (40), 24 (17), 16 (37), 31 (39), 30 (16), 8 (36), 35 (38), 3 (24), 7 (18), 17 (63), 37 (72), 4 (66), 12 (56), 23 (70), 20 (78), 13 (88), 11 (97), 2 (86)]";11799;"Maquina 2: [38 (23), 9 (9), 15 (13), 6 (16), 32 (17), 14 (64), 33 (31), 0 (59), 36 (83), 21 (17), 22 (34), 25 (67), 28 (76), 1 (86), 19 (45), 39 (93), 5 (87), 27 (70), 29 (84)]";9673
Multiarranque;40;2;19849;82.0;50;"Maquina 1: [30 (16), 8 (36), 21 (17), 35 (38), 19 (45), 15 (13), 18 (1), 6 (16), 12 (56), 22 (34), 7 (18), 4 (66), 38 (23), 36 (83), 31 (39), 20 (78), 28 (76), 1 (86), 39 (93), 27 (70), 5 (87)]";10554;"Maquina 2: [9 (9), 10 (10), 34 (40), 24 (17), 16 (37), 3 (24), 26 (36), 32 (17), 14 (64), 33 (31), 0 (59), 23 (70), 25 (67), 17 (63), 29 (84), 2 (86), 13 (88), 37 (72), 11 (97)]";9295
GREEDY;40;2;22377;0.0;1;"Maquina 1: [24 (3), 35 (25), 21 (21), 17 (19), 18 (22), 16 (11), 13 (26), 36 (43), 28 (58), 37 (66), 12 (34), 29 (26), 25 (63), 39 (73), 20 (67), 10 (71), 2 (72), 26 (92), 1 (48)]";10607;"Maquina 2: [3 (5), 0 (27), 22 (26), 5 (22), 7 (24), 30 (27), 32 (11), 8 (50), 34 (89), 38 (31), 14 (71), 6 (20), 19 (37), 27 (59), 9 (80), 4 (56), 11 (44), 31 (64), 33 (69), 15 (94), 23 (72)]";11770
GRASP;40;2;18860;53.0;50;"Maquina 1: [6 (20), 32 (11), 8 (50), 22 (26), 24 (3), 13 (26), 21 (21), 29 (26), 16 (11), 12 (34), 36 (43), 11 (44), 9 (80), 28 (58), 19 (37), 37 (66), 39 (73), 20 (67), 26 (92), 23 (72)]";9205;"Maquina 2: [3 (5), 0 (27), 38 (31), 17 (19), 18 (22), 30 (27), 35 (25), 5 (22), 7 (24), 1 (48), 27 (59), 25 (63), 4 (56), 14 (71), 31 (64), 33 (69), 10 (71), 2 (72), 15 (94), 34 (89)]";9655
LNS;40;2;20670;8.0;50;"Maquina 1: [24 (3), 13 (26), 21 (21), 17 (19), 18 (22), 16 (11), 12 (34), 36 (43), 28 (58), 37 (66), 35 (25), 29 (26), 20 (67), 39 (73), 25 (63), 10 (71), 2 (72), 26 (92), 1 (48)]";9388;"Maquina 2: [3 (5), 0 (27), 22 (26), 5 (22), 7 (24), 30 (27), 32 (11), 8 (50), 34 (89), 27 (59), 14 (71), 6 (20), 38 (31), 19 (37), 9 (80), 4 (56), 11 (44), 31 (64), 33 (69), 15 (94), 23 (72)]";11282
TABÚ;40;2;21757;18.0;50;"Maquina 1: [0 (27), 22 (26), 24 (3), 35 (25), 21 (21), 29 (26), 19 (37), 8 (50), 6 (20), 16 (11), 23 (72), 18 (22), 25 (63), 34 (89), 27 (59), 14 (71), 1 (48), 10 (71), 26 (92), 28 (58)]";10197;"Maquina 2: [30 (27), 3 (5), 5 (22), 36 (43), 9 (80), 32 (11), 2 (72), 38 (31), 17 (19), 7 (24), 13 (26), 11 (44), 31 (64), 33 (69), 12 (34), 37 (66), 39 (73), 20 (67), 4 (56), 15 (94)]";11560
VNS;40;2;21186;934.0;50;"Maquina 1: [24 (3), 35 (25), 21 (21), 17 (19), 18 (22), 16 (11), 12 (34), 36 (43), 28 (58), 37 (66), 23 (72), 13 (26), 33 (69), 29 (26), 38 (31), 39 (73), 20 (67), 10 (71), 2 (72), 26 (92), 1 (48)]";12546;"Maquina 2: [3 (5), 0 (27), 22 (26), 5 (22), 7 (24), 30 (27), 32 (11), 8 (50), 34 (89), 27 (59), 14 (71), 6 (20), 19 (37), 25 (63), 9 (80), 4 (56), 11 (44), 31 (64), 15 (94)]";8640
Multiarranque;40;2;19721;84.0;50;"Maquina 1: [21 (21), 13 (26), 11 (44), 8 (50), 17 (19), 18 (22), 24 (3), 32 (11), 15 (94), 12 (34), 30 (27), 29 (26), 20 (67), 4 (56), 14 (71), 1 (48), 28 (58), 27 (59), 34 (89), 25 (63)]";10158;"Maquina 2: [3 (5), 0 (27), 22 (26), 5 (22), 6 (20), 16 (11), 31 (64), 19 (37), 37 (66), 7 (24), 39 (73), 35 (25), 36 (43), 9 (80), 2 (72), 33 (69), 10 (71), 26 (92), 38 (31), 23 (72)]";9563
GREEDY;40;2;17120;0.0;1;"Maquina 1: [7 (10), 19 (2), 18 (25), 1 (4), 6 (29), 23 (25), 17 (36), 3 (35), 28 (29), 25 (48), 33 (44), 26 (45), 22 (55), 34 (41), 13 (72), 0 (64), 29 (73), 30 (84), 12 (97), 39 (90)]";8119;"Maquina 2: [8 (3), 15 (4), 21 (28), 14 (46), 10 (25), 35 (9), 31 (35), 16 (44), 27 (28), 4 (30), 38 (67), 24 (41), 37 (44), 5 (54), 36 (72), 11 (58), 32 (85), 2 (80), 20 (92), 9 (98)]";9001
GRASP;40;2;16721;64.0;50;"Maquina 1: [15 (4), 7 (10), 8 (3), 27 (28), 28 (29), 35 (9), 6 (29), 38 (67), 22 (55), 34 (41), 14 (46), 33 (44), 25 (48), 37 (44), 13 (72), 0 (64), 29 (73), 30 (84), 12 (97), 9 (98)]";8209;"Maquina 2: [1 (4), 19 (2), 18 (25), 21 (28), 23 (25), 4 (30), 3 (35), 10 (25), 17 (36), 16 (44), 31 (35), 26 (45), 5 (54), 24 (41), 36 (72), 11 (58), 32 (85), 2 (80), 39 (90), 20 (92)]";8512
LNS;40;2;17119;8.0;50;"Maquina 1: [7 (10), 19 (2), 18 (25), 1 (4), 6 (29), 23 (25), 17 (36), 3 (35), 28 (29), 25 (48), 33 (44), 26 (45), 22 (55), 34 (41), 13 (72), 0 (64), 29 (73), 30 (84), 12 (97), 39 (90)]";8119;"Maquina 2: [8 (3), 15 (4), 21 (28), 14 (46), 10 (25), 35 (9), 31 (35), 16 (44), 27 (28), 38 (67), 4 (30), 24 (41), 37 (44), 5 (54), 36 (72), 11 (58), 32 (85), 2 (80), 20 (92), 9 (98)]";9000
TABÚ;40;2;16594;15.0;50;"Maquina 1: [31 (35), 7 (10), 34 (41), 28 (29), 35 (9), 6 (29), 23 (25), 4 (30), 17 (36), 3 (35), 37 (44), 5 (54), 26 (45), 36 (72), 11 (58), 13 (72), 2 (80), 20 (92), 39 (90), 32 (85)]";8831;"Maquina 2: [8 (3), 15 (4), 19 (2), 33 (44), 1 (4), 10 (25), 16 (44), 27 (28), 21 (28), 14 (46), 25 (48), 24 (41), 18 (25), 38 (67), 22 (55), 0 (64), 29 (73), 30 (84), 9 (98), 12 (97)]";7763
VNS;40;2;16829;1078.0;50;"Maquina 1: [7 (10), 19 (2), 18 (25), 1 (4), 6 (29), 23 (25), 4 (30), 17 (36), 3 (35), 28 (29), 25 (48), 33 (44), 38 (67), 34 (41), 13 (72), 0 (64), 29 (73), 30 (84), 12 (97), 39 (90)]";7950;"Maquina 2: [8 (3), 15 (4), 21 (28), 14 (46), 10 (25), 35 (9), 31 (35), 26 (45), 16 (44), 27 (28), 22 (55), 24 (41), 37 (44), 5 (54), 36 (72), 11 (58), 32 (85), 2 (80), 20 (92), 9 (98)]";8879
Multiarranque;40;2;16440;79.0;50;"Maquina 1: [8 (3), 15 (4), 19 (2), 18 (25), 1 (4), 10 (25), 22 (55), 28 (29), 35 (9), 31 (35), 26 (45), 14 (46), 16 (44), 27 (28), 38 (67), 0 (64), 29 (73), 5 (54), 30 (84), 39 (90), 32 (85)]";7425;"Maquina 2: [7 (10), 34 (41), 24 (41), 3 (35), 37 (44), 4 (30), 6 (29), 23 (25), 17 (36), 21 (28), 25 (48), 33 (44), 36 (72), 11 (58), 13 (72), 2 (80), 20 (92), 12 (97), 9 (98)]";9015
GREEDY;40;2;19956;0.0;1;"Maquina 1: [2 (14), 31 (5), 20 (20), 39 (24), 25 (74), 4 (29), 10 (27), 22 (39), 8 (59), 15 (49), 19 (31), 37 (51), 17 (62), 24 (69), 18 (50), 9 (64), 13 (71), 3 (75), 36 (98), 14 (88)]";9767;"Maquina 2: [7 (17), 0 (10), 38 (16), 16 (29), 6 (28), 35 (25), 5 (61), 33 (46), 27 (50), 29 (38), 34 (63), 11 (53), 12 (50), 32 (65), 1 (74), 26 (77), 30 (74), 23 (70), 28 (99), 21 (95)]";10189
GRASP;40;2;18594;56.0;50;"Maquina 1: [0 (10), 16 (29), 19 (31), 20 (20), 39 (24), 6 (28), 13 (71), 12 (50), 27 (50), 8 (59), 22 (39), 37 (51), 17 (62), 3 (75), 25 (74), 32 (65), 1 (74), 14 (88), 23 (70), 28 (99)]";9953;"Maquina 2: [31 (5), 7 (17), 38 (16), 2 (14), 10 (27), 33 (46), 4 (29), 24 (69), 29 (38), 35 (25), 9 (64), 11 (53), 15 (49), 18 (50), 34 (63), 5 (61), 26 (77), 30 (74), 36 (98), 21 (95)]";8641
LNS;40;2;19792;8.0;50;"Maquina 1: [4 (29), 31 (5), 20 (20), 39 (24), 25 (74), 2 (14), 10 (27), 22 (39), 8 (59), 15 (49), 19 (31), 37 (51), 17 (62), 24 (69), 18 (50), 9 (64), 13 (71), 3 (75), 36 (98), 14 (88)]";9668;"Maquina 2: [7 (17), 0 (10), 38 (16), 16 (29), 6 (28), 35 (25), 5 (61), 33 (46), 27 (50), 29 (38), 1 (74), 11 (53), 12 (50), 32 (65), 26 (77), 34 (63), 30 (74), 23 (70), 28 (99), 21 (95)]";10124
TABÚ;40;2;18873;18.0;50;"Maquina 1: [2 (14), 31 (5), 19 (31), 7 (17), 4 (29), 29 (38), 35 (25), 5 (61), 10 (27), 33 (46), 22 (39), 9 (64), 11 (53), 34 (63), 32 (65), 1 (74), 24 (69), 21 (95), 28 (99), 14 (88)]";8991;"Maquina 2: [20 (20), 39 (24), 6 (28), 38 (16), 16 (29), 0 (10), 27 (50), 37 (51), 8 (59), 15 (49), 12 (50), 18 (50), 23 (70), 17 (62), 3 (75), 25 (74), 30 (74), 36 (98), 13 (71), 26 (77)]";9882
VNS;40;2;19760;865.0;50;"Maquina 1: [2 (14), 31 (5), 20 (20), 39 (24), 25 (74), 4 (29), 6 (28), 22 (39), 8 (59), 15 (49), 19 (31), 37 (51), 17 (62), 24 (69), 18 (50), 9 (64), 13 (71), 3 (75), 36 (98), 14 (88)]";9698;"Maquina 2: [7 (17), 0 (10), 38 (16), 16 (29), 10 (27), 35 (25), 5 (61), 33 (46), 27 (50), 29 (38), 34 (63), 11 (53), 12 (50), 32 (65), 1 (74), 26 (77), 30 (74), 23 (70), 28 (99), 21 (95)]";10062
Multiarranque;40;2;18836;81.0;50;"Maquina 1: [31 (5), 20 (20), 7 (17), 0 (10), 38 (16), 2 (14), 10 (27), 33 (46), 22 (39), 37 (51), 17 (62), 24 (69), 9 (64), 23 (70), 11 (53), 34 (63), 30 (74), 25 (74), 36 (98), 26 (77), 28 (99)]";9586;"Maquina 2: [6 (28), 35 (25), 39 (24), 8 (59), 4 (29), 16 (29), 19 (31), 5 (61), 18 (50), 29 (38), 27 (50), 15 (49), 12 (50), 3 (75), 32 (65), 1 (74), 13 (71), 14 (88), 21 (95)]";9250
GREEDY;40;2;27223;1.0;1;"Maquina 1: [10 (4), 29 (17), 35 (8), 33 (20), 32 (68), 34 (37), 8 (44), 30 (59), 14 (70), 19 (72), 7 (77), 11 (54), 21 (97), 5 (88), 28 (30), 15 (25), 20 (83), 25 (95), 26 (91), 4 (90)]";13118;"Maquina 2: [0 (38), 38 (12), 39 (30), 6 (75), 1 (30), 17 (5), 9 (81), 2 (49), 22 (20), 31 (71), 13 (35), 16 (61), 23 (55), 36 (83), 27 (61), 3 (90), 37 (99), 12 (90), 18 (97), 24 (92)]";14105
GRASP;40;2;24421;58.0;50;"Maquina 1: [10 (4), 1 (30), 33 (20), 22 (20), 13 (35), 32 (68), 8 (44), 37 (99), 15 (25), 26 (91), 29 (17), 3 (90), 6 (75), 11 (54), 25 (95), 14 (70), 36 (83), 20 (83), 16 (61), 4 (90)]";12563;"Maquina 2: [38 (12), 39 (30), 28 (30), 31 (71), 17 (5), 30 (59), 35 (8), 23 (55), 0 (38), 34 (37), 19 (72), 27 (61), 24 (92), 5 (88), 12 (90), 2 (49), 9 (81), 7 (77), 21 (97), 18 (97)]";11858
LNS;40;2;26877;8.0;50;"Maquina 1: [10 (4), 29 (17), 35 (8), 33 (20), 32 (68), 34 (37), 8 (44), 30 (59), 14 (70), 19 (72), 7 (77), 11 (54), 21 (97), 5 (88), 28 (30), 15 (25), 20 (83), 25 (95), 26 (91), 4 (90)]";13118;"Maquina 2: [0 (38), 38 (12), 39 (30), 6 (75), 1 (30), 17 (5), 18 (97), 2 (49), 22 (20), 31 (71), 13 (35), 16 (61), 23 (55), 36 (83), 27 (61), 3 (90), 37 (99), 12 (90), 9 (81), 24 (92)]";13759
TABÚ;40;2;23909;18.0;50;"Maquina 1: [16 (61), 10 (4), 29 (17), 24 (92), 38 (12), 28 (30), 7 (77), 15 (25), 30 (59), 8 (44), 23 (55), 19 (72), 27 (61), 31 (71), 14 (70), 20 (83), 36 (83), 37 (99), 18 (97), 25 (95)]";13182;"Maquina 2: [17 (5), 35 (8), 33 (20), 22 (20), 39 (30), 6 (75), 1 (30), 34 (37), 13 (35), 0 (38), 2 (49), 9 (81), 26 (91), 11 (54), 32 (68), 5 (88), 12 (90), 4 (90), 3 (90), 21 (97)]";10727
VNS;40;2;26277;1323.0;50;"Maquina 1: [10 (4), 29 (17), 35 (8), 33 (20), 32 (68), 34 (37), 8 (44), 30 (59), 14 (70), 19 (72), 7 (77), 21 (97), 31 (71), 5 (88), 28 (30), 23 (55), 37 (99), 26 (91), 4 (90)]";11655;"Maquina 2: [0 (38), 38 (12), 39 (30), 6 (75), 1 (30), 17 (5), 9 (81), 2 (49), 22 (20), 13 (35), 16 (61), 15 (25), 36 (83), 27 (61), 3 (90), 20 (83), 24 (92), 18 (97), 25 (95), 11 (54), 12 (90)]";14622
Multiarranque;40;2;23317;80.0;50;"Maquina 1: [16 (61), 10 (4), 32 (68), 29 (17), 17 (5), 30 (59), 14 (70), 36 (83), 33 (20), 34 (37), 19 (72), 27 (61), 38 (12), 8 (44), 23 (55), 37 (99), 21 (97), 24 (92), 4 (90), 3 (90)]";11565;"Maquina 2: [15 (25), 22 (20), 39 (30), 13 (35), 35 (8), 0 (38), 2 (49), 28 (30), 5 (88), 12 (90), 9 (81), 11 (54), 1 (30), 26 (91), 25 (95), 20 (83), 31 (71), 7 (77), 18 (97), 6 (75)]";11752
GREEDY;40;2;17957;0.0;1;"Maquina 1: [35 (20), 28 (5), 36 (46), 15 (25), 2 (2), 24 (3), 32 (22), 39 (13), 10 (35), 9 (31), 0 (58), 6 (27), 22 (38), 3 (63), 16 (55), 1 (67), 27 (73), 12 (94), 29 (75), 26 (86)]";8491;"Maquina 2: [38 (3), 4 (6), 21 (40), 25 (14), 23 (3), 30 (25), 34 (49), 19 (29), 14 (19), 31 (31), 7 (58), 18 (35), 11 (80), 13 (48), 17 (91), 8 (63), 33 (56), 20 (84), 37 (69), 5 (97)]";9466
GRASP;40;2;16214;54.0;50;"Maquina 1: [25 (14), 4 (6), 28 (5), 15 (25), 2 (2), 19 (29), 6 (27), 22 (38), 18 (35), 13 (48), 23 (3), 10 (35), 33 (56), 37 (69), 35 (20), 11 (80), 1 (67), 27 (73), 12 (94), 17 (91)]";7530;"Maquina 2: [24 (3), 38 (3), 9 (31), 14 (19), 39 (13), 31 (31), 21 (40), 16 (55), 36 (46), 30 (25), 3 (63), 34 (49), 7 (58), 8 (63), 29 (75), 32 (22), 20 (84), 0 (58), 5 (97), 26 (86)]";8684
LNS;40;2;17878;9.0;50;"Maquina 1: [35 (20), 28 (5), 36 (46), 15 (25), 2 (2), 24 (3), 32 (22), 39 (13), 10 (35), 9 (31), 0 (58), 6 (27), 22 (38), 3 (63), 16 (55), 1 (67), 27 (73), 12 (94), 29 (75), 26 (86)]";8491;"Maquina 2: [19 (29), 4 (6), 21 (40), 25 (14), 23 (3), 30 (25), 34 (49), 38 (3), 14 (19), 31 (31), 7 (58), 18 (35), 11 (80), 13 (48), 17 (91), 8 (63), 33 (56), 20 (84), 37 (69), 5 (97)]";9387
TABÚ;40;2;16475;16.0;50;"Maquina 1: [18 (35), 28 (5), 39 (13), 25 (14), 19 (29), 4 (6), 23 (3), 10 (35), 34 (49), 33 (56), 36 (46), 30 (25), 13 (48), 16 (55), 1 (67), 3 (63), 20 (84), 17 (91), 12 (94), 11 (80)]";8818;"Maquina 2: [24 (3), 38 (3), 2 (2), 9 (31), 31 (31), 32 (22), 6 (27), 14 (19), 35 (20), 15 (25), 21 (40), 22 (38), 27 (73), 8 (63), 37 (69), 29 (75), 0 (58), 7 (58), 26 (86), 5 (97)]";7657
VNS;40;2;17450;1385.0;50;"Maquina 1: [35 (20), 28 (5), 36 (46), 15 (25), 2 (2), 24 (3), 32 (22), 23 (3), 10 (35), 9 (31), 0 (58), 4 (6), 39 (13), 7 (58), 3 (63), 16 (55), 1 (67), 27 (73), 12 (94), 29 (75), 26 (86)]";8830;"Maquina 2: [38 (3), 6 (27), 21 (40), 25 (14), 30 (25), 34 (49), 19 (29), 14 (19), 31 (31), 22 (38), 18 (35), 11 (80), 13 (48), 17 (91), 8 (63), 33 (56), 20 (84), 37 (69), 5 (97)]";8620
Multiarranque;40;2;16296;76.0;50;"Maquina 1: [19 (29), 14 (19), 35 (20), 28 (5), 0 (58), 24 (3), 32 (22), 2 (2), 9 (31), 31 (31), 21 (40), 22 (38), 37 (69), 10 (35), 3 (63), 16 (55), 17 (91), 29 (75), 11 (80), 20 (84)]";7788;"Maquina 2: [15 (25), 39 (13), 38 (3), 6 (27), 25 (14), 4 (6), 18 (35), 13 (48), 23 (3), 30 (25), 34 (49), 33 (56), 36 (46), 7 (58), 8 (63), 1 (67), 27 (73), 12 (94), 5 (97), 26 (86)]";8508
GREEDY;40;2;22994;0.0;1;"Maquina 1: [12 (16), 1 (2), 5 (11), 3 (29), 4 (23), 39 (57), 2 (50), 29 (32), 22 (29), 13 (57), 0 (61), 15 (53), 18 (68), 19 (52), 31 (78), 30 (71), 23 (91), 24 (83), 7 (99), 33 (89), 9 (83)]";12041;"Maquina 2: [21 (18), 34 (34), 25 (2), 26 (32), 27 (15), 28 (25), 38 (50), 6 (81), 36 (68), 10 (53), 8 (44), 16 (68), 35 (53), 32 (57), 37 (84), 14 (77), 17 (83), 11 (91), 20 (92)]";10953
GRASP;40;2;22611;55.0;50;"Maquina 1: [29 (32), 1 (2), 27 (15), 28 (25), 20 (92), 8 (44), 2 (50), 4 (23), 38 (50), 19 (52), 15 (53), 35 (53), 30 (71), 32 (57), 33 (89), 17 (83), 14 (77), 24 (83), 6 (81), 31 (78)]";12114;"Maquina 2: [5 (11), 16 (68), 25 (2), 12 (16), 22 (29), 3 (29), 9 (83), 34 (34), 26 (32), 10 (53), 39 (57), 21 (18), 13 (57), 0 (61), 18 (68), 36 (68), 23 (91), 37 (84), 11 (91), 7 (99)]";10497
LNS;40;2;22914;12.0;50;"Maquina 1: [12 (16), 1 (2), 5 (11), 3 (29), 4 (23), 39 (57), 2 (50), 29 (32), 22 (29), 13 (57), 0 (61), 15 (53), 24 (83), 19 (52), 31 (78), 30 (71), 23 (91), 18 (68), 7 (99), 33 (89), 9 (83)]";12015;"Maquina 2: [21 (18), 34 (34), 25 (2), 26 (32), 27 (15), 28 (25), 38 (50), 6 (81), 36 (68), 10 (53), 8 (44), 16 (68), 32 (57), 35 (53), 37 (84), 11 (91), 17 (83), 14 (77), 20 (92)]";10899
TABÚ;40;2;21627;19.0;50;"Maquina 1: [21 (18), 26 (32), 27 (15), 5 (11), 3 (29), 15 (53), 10 (53), 18 (68), 29 (32), 6 (81), 28 (25), 20 (92), 13 (57), 0 (61), 11 (91), 38 (50), 31 (78), 37 (84), 36 (68), 33 (89)]";10746;"Maquina 2: [1 (2), 25 (2), 39 (57), 12 (16), 4 (23), 8 (44), 30 (71), 34 (34), 2 (50), 35 (53), 22 (29), 24 (83), 16 (68), 32 (57), 19 (52), 17 (83), 9 (83), 14 (77), 7 (99), 23 (91)]";10881
VNS;40;2;22313;1116.0;50;"Maquina 1: [12 (16), 1 (2), 5 (11), 3 (29), 4 (23), 39 (57), 2 (50), 29 (32), 13 (57), 0 (61), 15 (53), 18 (68), 19 (52), 31 (78), 30 (71), 23 (91), 10 (53), 24 (83), 33 (89)]";9504;"Maquina 2: [21 (18), 34 (34), 25 (2), 26 (32), 27 (15), 28 (25), 38 (50), 6 (81), 9 (83), 36 (68), 35 (53), 22 (29), 8 (44), 16 (68), 7 (99), 32 (57), 37 (84), 14 (77), 17 (83), 11 (91), 20 (92)]";12809
Multiarranque;40;2;21635;75.0;50;"Maquina 1: [21 (18), 5 (11), 25 (2), 26 (32), 27 (15), 34 (34), 30 (71), 13 (57), 19 (52), 20 (92), 8 (44), 9 (83), 35 (53), 38 (50), 31 (78), 37 (84), 36 (68), 32 (57), 33 (89), 6 (81)]";10692;"Maquina 2: [4 (23), 39 (57), 12 (16), 1 (2), 18 (68), 29 (32), 22 (29), 3 (29), 15 (53), 10 (53), 11 (91), 28 (25), 0 (61), 2 (50), 16 (68), 7 (99), 23 (91), 14 (77), 24 (83), 17 (83)]";10943
GREEDY;40;2;14873;1.0;1;"Maquina 1: [10 (13), 3 (4), 9 (2), 31 (10), 18 (29), 12 (5), 23 (7), 33 (20), 2 (27), 26 (33), 6 (43), 16 (67), 15 (56), 11 (48), 1 (66), 27 (74), 36 (82), 37 (77), 39 (96), 29 (89)]";7357;"Maquina 2: [8 (8), 30 (2), 38 (18), 17 (6), 4 (23), 7 (4), 13 (52), 19 (9), 35 (31), 20 (20), 22 (98), 25 (56), 0 (34), 34 (67), 21 (76), 28 (46), 14 (67), 32 (80), 24 (90), 5 (85)]";7516
GRASP;40;2;14279;51.0;50;"Maquina 1: [8 (8), 30 (2), 20 (20), 38 (18), 17 (6), 31 (10), 11 (48), 7 (4), 2 (27), 13 (52), 26 (33), 18 (29), 34 (67), 37 (77), 6 (43), 16 (67), 5 (85), 24 (90), 29 (89), 39 (96)]";7099;"Maquina 2: [12 (5), 10 (13), 3 (4), 9 (2), 33 (20), 19 (9), 35 (31), 23 (7), 25 (56), 0 (34), 4 (23), 14 (67), 1 (66), 32 (80), 15 (56), 28 (46), 27 (74), 21 (76), 22 (98), 36 (82)]";7180
LNS;40;2;14721;9.0;50;"Maquina 1: [10 (13), 3 (4), 9 (2), 31 (10), 18 (29), 12 (5), 23 (7), 33 (20), 2 (27), 26 (33), 6 (43), 16 (67), 1 (66), 11 (48), 15 (56), 27 (74), 36 (82), 37 (77), 39 (96), 29 (89)]";7205;"Maquina 2: [8 (8), 30 (2), 38 (18), 17 (6), 4 (23), 7 (4), 13 (52), 19 (9), 35 (31), 20 (20), 22 (98), 25 (56), 0 (34), 34 (67), 21 (76), 28 (46), 14 (67), 32 (80), 24 (90), 5 (85)]";7516
TABÚ;40;2;14567;18.0;50;"Maquina 1: [3 (4), 9 (2), 17 (6), 12 (5), 8 (8), 31 (10), 11 (48), 16 (67), 6 (43), 2 (27), 26 (33), 38 (18), 25 (56), 34 (67), 21 (76), 5 (85), 36 (82), 13 (52), 24 (90), 29 (89)]";7270;"Maquina 2: [30 (2), 20 (20), 19 (9), 7 (4), 23 (7), 10 (13), 33 (20), 15 (56), 0 (34), 4 (23), 35 (31), 1 (66), 18 (29), 14 (67), 32 (80), 28 (46), 27 (74), 37 (77), 39 (96), 22 (98)]";7297
VNS;40;2;14531;1058.0;50;"Maquina 1: [7 (4), 10 (13), 3 (4), 9 (2), 31 (10), 18 (29), 12 (5), 23 (7), 33 (20), 2 (27), 26 (33), 16 (67), 1 (66), 11 (48), 15 (56), 27 (74), 36 (82), 37 (77), 39 (96), 29 (89)]";6662;"Maquina 2: [8 (8), 30 (2), 38 (18), 17 (6), 4 (23), 13 (52), 19 (9), 35 (31), 20 (20), 6 (43), 22 (98), 25 (56), 0 (34), 34 (67), 21 (76), 28 (46), 14 (67), 32 (80), 24 (90), 5 (85)]";7869
Multiarranque;40;2;14340;77.0;50;"Maquina 1: [9 (2), 7 (4), 3 (4), 23 (7), 8 (8), 30 (2), 33 (20), 19 (9), 12 (5), 25 (56), 0 (34), 38 (18), 4 (23), 35 (31), 1 (66), 11 (48), 2 (27), 21 (76), 27 (74), 13 (52), 24 (90), 29 (89), 36 (82)]";7313;"Maquina 2: [28 (46), 20 (20), 17 (6), 31 (10), 18 (29), 37 (77), 10 (13), 14 (67), 26 (33), 6 (43), 16 (67), 32 (80), 15 (56), 39 (96), 34 (67), 5 (85), 22 (98)]";7027
GREEDY;40;2;22319;0.0;1;"Maquina 1: [22 (5), 26 (3), 33 (54), 25 (12), 39 (10), 2 (37), 31 (24), 10 (23), 28 (40), 13 (41), 18 (43), 24 (89), 5 (71), 36 (80), 0 (85), 12 (75), 15 (91), 35 (58), 23 (68), 3 (99)]";11149;"Maquina 2: [6 (7), 8 (5), 4 (32), 9 (17), 30 (49), 20 (12), 21 (23), 37 (40), 7 (34), 1 (58), 17 (42), 32 (98), 29 (70), 27 (99), 19 (76), 34 (63), 38 (79), 16 (71), 14 (84), 11 (90)]";11170
GRASP;40;2;21323;52.0;50;"Maquina 1: [25 (12), 6 (7), 26 (3), 33 (54), 39 (10), 37 (40), 7 (34), 21 (23), 9 (17), 2 (37), 17 (42), 1 (58), 24 (89), 13 (41), 12 (75), 15 (91), 35 (58), 18 (43), 19 (76), 23 (68), 3 (99)]";10114;"Maquina 2: [31 (24), 22 (5), 34 (63), 8 (5), 4 (32), 16 (71), 10 (23), 20 (12), 28 (40), 29 (70), 5 (71), 36 (80), 14 (84), 30 (49), 38 (79), 11 (90), 32 (98), 0 (85), 27 (99)]";11209
LNS;40;2;22319;7.0;50;"Maquina 1: [22 (5), 26 (3), 33 (54), 25 (12), 39 (10), 2 (37), 31 (24), 10 (23), 28 (40), 13 (41), 18 (43), 24 (89), 5 (71), 36 (80), 0 (85), 12 (75), 15 (91), 35 (58), 23 (68), 3 (99)]";11149;"Maquina 2: [6 (7), 8 (5), 4 (32), 9 (17), 30 (49), 20 (12), 21 (23), 37 (40), 7 (34), 1 (58), 17 (42), 32 (98), 29 (70), 27 (99), 19 (76), 34 (63), 38 (79), 16 (71), 14 (84), 11 (90)]";11170
TABÚ;40;2;22499;15.0;50;"Maquina 1: [4 (32), 25 (12), 22 (5), 17 (42), 31 (24), 8 (5), 9 (17), 2 (37), 1 (58), 37 (40), 35 (58), 18 (43), 19 (76), 34 (63), 36 (80), 14 (84), 27 (99), 32 (98), 11 (90), 3 (99)]";11763;"Maquina 2: [6 (7), 21 (23), 20 (12), 28 (40), 10 (23), 26 (3), 39 (10), 13 (41), 33 (54), 7 (34), 12 (75), 23 (68), 30 (49), 29 (70), 5 (71), 38 (79), 16 (71), 0 (85), 24 (89), 15 (91)]";10736
VNS;40;2;21438;1430.0;50;"Maquina 1: [31 (24), 22 (5), 26 (3), 33 (54), 39 (10), 2 (37), 10 (23), 28 (40), 13 (41), 18 (43), 24 (89), 5 (71), 36 (80), 3 (99), 12 (75), 15 (91), 35 (58), 11 (90), 0 (85)]";9847;"Maquina 2: [6 (7), 8 (5), 4 (32), 9 (17), 30 (49), 20 (12), 21 (23), 37 (40), 7 (34), 1 (58), 25 (12), 17 (42), 32 (98), 29 (70), 23 (68), 19 (76), 34 (63), 38 (79), 16 (71), 14 (84), 27 (99)]";11591
Multiarranque;40;2;21122;82.0;50;"Maquina 1: [18 (43), 26 (3), 8 (5), 4 (32), 31 (24), 29 (70), 9 (17), 7 (34), 22 (5), 36 (80), 28 (40), 2 (37), 21 (23), 16 (71), 12 (75), 23 (68), 3 (99), 0 (85), 15 (91), 5 (71)]";10679;"Maquina 2: [25 (12), 6 (7), 17 (42), 1 (58), 39 (10), 37 (40), 10 (23), 20 (12), 24 (89), 13 (41), 33 (54), 11 (90), 35 (58), 34 (63), 14 (84), 30 (49), 19 (76), 38 (79), 32 (98), 27 (99)]";10443
GREEDY;40;2;20515;1.0;1;"Maquina 1: [25 (28), 28 (2), 9 (1), 2 (7), 27 (32), 26 (46), 4 (34), 38 (59), 24 (11), 22 (59), 0 (61), 37 (34), 19 (23), 30 (85), 10 (38), 6 (71), 15 (63), 5 (91), 33 (74), 13 (98), 39 (79)]";10447;"Maquina 2: [18 (37), 20 (28), 23 (2), 3 (20), 11 (33), 36 (59), 14 (81), 31 (4), 34 (42), 29 (53), 21 (34), 17 (30), 35 (79), 8 (68), 12 (63), 7 (60), 32 (88), 16 (73), 1 (98)]";10068
GRASP;40;2;20201;54.0;50;"Maquina 1: [9 (1), 2 (7), 4 (34), 24 (11), 3 (20), 28 (2), 33 (74), 17 (30), 26 (46), 18 (37), 30 (85), 10 (38), 16 (73), 37 (34), 14 (81), 38 (59), 13 (98), 6 (71), 1 (98), 35 (79), 5 (91)]";11226;"Maquina 2: [31 (4), 8 (68), 20 (28), 23 (2), 25 (28), 11 (33), 0 (61), 19 (23), 21 (34), 15 (63), 32 (88), 34 (42), 36 (59), 27 (32), 7 (60), 12 (63), 29 (53), 22 (59), 39 (79)]";8975
LNS;40;2;20470;9.0;50;"Maquina 1: [25 (28), 28 (2), 9 (1), 2 (7), 27 (32), 26 (46), 4 (34), 38 (59), 24 (11), 22 (59), 0 (61), 37 (34), 19 (23), 30 (85), 10 (38), 6 (71), 15 (63), 5 (91), 33 (74), 13 (98), 39 (79)]";10447;"Maquina 2: [18 (37), 20 (28), 23 (2), 3 (20), 11 (33), 36 (59), 14 (81), 31 (4), 34 (42), 29 (53), 21 (34), 17 (30), 35 (79), 8 (68), 7 (60), 12 (63), 16 (73), 32 (88), 1 (98)]";10023
TABÚ;40;2;20869;16.0;50;"Maquina 1: [3 (20), 28 (2), 9 (1), 36 (59), 21 (34), 37 (34), 25 (28), 27 (32), 4 (34), 19 (23), 22 (59), 6 (71), 8 (68), 10 (38), 7 (60), 12 (63), 32 (88), 5 (91), 13 (98), 14 (81)]";10019;"Maquina 2: [2 (7), 23 (2), 29 (53), 11 (33), 31 (4), 15 (63), 33 (74), 17 (30), 26 (46), 20 (28), 24 (11), 16 (73), 38 (59), 34 (42), 18 (37), 39 (79), 30 (85), 1 (98), 35 (79), 0 (61)]";10850
VNS;40;2;20258;1523.0;50;"Maquina 1: [19 (23), 28 (2), 9 (1), 2 (7), 27 (32), 26 (46), 4 (34), 38 (59), 24 (11), 22 (59), 37 (34), 25 (28), 16 (73), 10 (38), 6 (71), 8 (68), 32 (88), 5 (91), 33 (74), 13 (98), 39 (79)]";10393;"Maquina 2: [18 (37), 20 (28), 23 (2), 3 (20), 11 (33), 36 (59), 14 (81), 31 (4), 34 (42), 29 (53), 21 (34), 17 (30), 0 (61), 35 (79), 15 (63), 12 (63), 7 (60), 30 (85), 1 (98)]";9865
Multiarranque;40;2;19779;74.0;50;"Maquina 1: [18 (37), 19 (23), 28 (2), 25 (28), 37 (34), 36 (59), 27 (32), 26 (46), 21 (34), 20 (28), 30 (85), 14 (81), 22 (59), 35 (79), 0 (61), 13 (98), 38 (59), 32 (88), 5 (91)]";9816;"Maquina 2: [11 (33), 9 (1), 23 (2), 3 (20), 2 (7), 31 (4), 4 (34), 24 (11), 16 (73), 10 (38), 34 (42), 17 (30), 33 (74), 29 (53), 6 (71), 8 (68), 12 (63), 7 (60), 15 (63), 39 (79), 1 (98)]";9963
GREEDY;40;2;21444;0.0;1;"Maquina 1: [28 (19), 0 (3), 9 (60), 6 (10), 3 (6), 30 (91), 32 (28), 18 (21), 8 (40), 12 (48), 22 (46), 5 (61), 11 (78), 21 (68), 14 (79), 33 (80), 39 (82), 7 (86), 38 (89)]";10384;"Maquina 2: [26 (15), 35 (5), 20 (7), 1 (50), 4 (6), 27 (31), 31 (26), 19 (82), 15 (20), 10 (17), 24 (41), 2 (76), 36 (61), 13 (78), 29 (46), 23 (60), 25 (80), 37 (87), 34 (93), 17 (83), 16 (91)]";11060
GRASP;40;2;20633;50.0;50;"Maquina 1: [32 (28), 35 (5), 20 (7), 4 (6), 0 (3), 15 (20), 10 (17), 17 (83), 24 (41), 8 (40), 12 (48), 5 (61), 11 (78), 22 (46), 2 (76), 33 (80), 37 (87), 23 (60), 1 (50), 34 (93)]";9578;"Maquina 2: [28 (19), 3 (6), 6 (10), 26 (15), 27 (31), 31 (26), 25 (80), 18 (21), 29 (46), 9 (60), 36 (61), 13 (78), 21 (68), 39 (82), 14 (79), 16 (91), 30 (91), 7 (86), 19 (82), 38 (89)]";11055
LNS;40;2;21444;9.0;50;"Maquina 1: [28 (19), 0 (3), 9 (60), 6 (10), 3 (6), 30 (91), 32 (28), 18 (21), 8 (40), 12 (48), 22 (46), 5 (61), 11 (78), 21 (68), 14 (79), 33 (80), 39 (82), 7 (86), 38 (89)]";10384;"Maquina 2: [26 (15), 35 (5), 20 (7), 1 (50), 4 (6), 27 (31), 31 (26), 19 (82), 15 (20), 10 (17), 24 (41), 2 (76), 36 (61), 13 (78), 29 (46), 23 (60), 25 (80), 37 (87), 34 (93), 17 (83), 16 (91)]";11060
TABÚ;40;2;20203;16.0;50;"Maquina 1: [0 (3), 20 (7), 3 (6), 26 (15), 35 (5), 18 (21), 13 (78), 31 (26), 27 (31), 38 (89), 9 (60), 29 (46), 1 (50), 5 (61), 2 (76), 14 (79), 33 (80), 30 (91), 7 (86), 34 (93)]";9840;"Maquina 2: [6 (10), 15 (20), 24 (41), 12 (48), 28 (19), 21 (68), 4 (6), 32 (28), 10 (17), 22 (46), 8 (40), 19 (82), 39 (82), 11 (78), 16 (91), 37 (87), 23 (60), 25 (80), 36 (61), 17 (83)]";10363
VNS;40;2;21347;1361.0;50;"Maquina 1: [28 (19), 0 (3), 9 (60), 6 (10), 3 (6), 30 (91), 32 (28), 18 (21), 8 (40), 2 (76), 22 (46), 5 (61), 11 (78), 21 (68), 14 (79), 33 (80), 39 (82), 7 (86), 38 (89)]";10675;"Maquina 2: [26 (15), 35 (5), 20 (7), 1 (50), 4 (6), 27 (31), 31 (26), 19 (82), 15 (20), 10 (17), 24 (41), 12 (48), 36 (61), 13 (78), 29 (46), 23 (60), 25 (80), 37 (87), 34 (93), 17 (83), 16 (91)]";10672
Multiarranque;40;2;20019;75.0;50;"Maquina 1: [6 (10), 15 (20), 10 (17), 17 (83), 4 (6), 24 (41), 31 (26), 27 (31), 18 (21), 25 (80), 35 (5), 29 (46), 23 (60), 19 (82), 39 (82), 14 (79), 16 (91), 37 (87), 11 (78), 30 (91)]";9838;"Maquina 2: [20 (7), 26 (15), 5 (61), 3 (6), 9 (60), 0 (3), 32 (28), 1 (50), 22 (46), 8 (40), 12 (48), 28 (19), 2 (76), 36 (61), 13 (78), 34 (93), 38 (89), 7 (86), 21 (68), 33 (80)]";10181
