GREEDY;50;2;37205;1.0;1;"Maquina 1: [3 (2), 39 (19), 7 (21), 29 (48), 49 (11), 21 (32), 47 (57), 43 (28), 36 (35), 5 (71), 11 (39), 46 (44), 33 (65), 41 (53), 35 (50), 15 (91), 31 (60), 48 (52), 37 (67), 42 (91), 4 (75), 17 (93), 26 (97), 44 (80), 9 (87)]";17966;"Maquina 2: [8 (26), 6 (21), 32 (14), 34 (9), 40 (36), 24 (64), 16 (66), 2 (32), 12 (41), 30 (54), 19 (52), 1 (35), 25 (50), 28 (75), 22 (47), 18 (60), 23 (53), 38 (69), 20 (99), 10 (85), 13 (71), 45 (91), 0 (96), 27 (91), 14 (89)]";19239
GRASP;50;2;35594;102.0;50;"Maquina 1: [8 (26), 6 (21), 40 (36), 24 (64), 36 (35), 39 (19), 41 (53), 49 (11), 1 (35), 38 (69), 31 (60), 2 (32), 3 (2), 12 (41), 30 (54), 21 (32), 4 (75), 25 (50), 44 (80), 14 (89), 23 (53), 28 (75), 17 (93), 26 (97), 15 (91)]";16275;"Maquina 2: [34 (9), 47 (57), 11 (39), 19 (52), 32 (14), 7 (21), 29 (48), 9 (87), 43 (28), 46 (44), 16 (66), 35 (50), 5 (71), 13 (71), 37 (67), 22 (47), 18 (60), 42 (91), 33 (65), 10 (85), 48 (52), 45 (91), 0 (96), 20 (99), 27 (91)]";19319
LNS;50;2;37205;17.0;50;"Maquina 1: [3 (2), 39 (19), 7 (21), 29 (48), 49 (11), 21 (32), 47 (57), 43 (28), 36 (35), 5 (71), 11 (39), 46 (44), 33 (65), 41 (53), 35 (50), 15 (91), 31 (60), 48 (52), 37 (67), 42 (91), 4 (75), 17 (93), 26 (97), 44 (80), 9 (87)]";17966;"Maquina 2: [8 (26), 6 (21), 32 (14), 34 (9), 40 (36), 24 (64), 16 (66), 2 (32), 12 (41), 30 (54), 19 (52), 1 (35), 25 (50), 28 (75), 22 (47), 18 (60), 23 (53), 38 (69), 20 (99), 10 (85), 13 (71), 45 (91), 0 (96), 27 (91), 14 (89)]";19239
TABÚ;50;2;35519;30.0;50;"Maquina 1: [34 (9), 7 (21), 48 (52), 8 (26), 6 (21), 32 (14), 36 (35), 2 (32), 23 (53), 21 (32), 38 (69), 31 (60), 11 (39), 46 (44), 25 (50), 41 (53), 33 (65), 14 (89), 5 (71), 13 (71), 26 (97), 44 (80), 42 (91), 20 (99), 27 (91), 15 (91)]";18773;"Maquina 2: [40 (36), 3 (2), 29 (48), 49 (11), 1 (35), 43 (28), 47 (57), 12 (41), 30 (54), 18 (60), 10 (85), 37 (67), 22 (47), 35 (50), 19 (52), 4 (75), 39 (19), 17 (93), 24 (64), 16 (66), 45 (91), 0 (96), 9 (87), 28 (75)]";16746
VNS;50;2;36462;2146.0;50;"Maquina 1: [3 (2), 39 (19), 7 (21), 29 (48), 49 (11), 21 (32), 47 (57), 43 (28), 36 (35), 5 (71), 11 (39), 46 (44), 33 (65), 25 (50), 41 (53), 35 (50), 15 (91), 31 (60), 48 (52), 19 (52), 42 (91), 4 (75), 17 (93), 26 (97), 44 (80), 27 (91)]";19089;"Maquina 2: [8 (26), 6 (21), 32 (14), 34 (9), 40 (36), 24 (64), 16 (66), 2 (32), 12 (41), 30 (54), 37 (67), 1 (35), 38 (69), 28 (75), 22 (47), 18 (60), 23 (53), 20 (99), 10 (85), 13 (71), 45 (91), 0 (96), 9 (87), 14 (89)]";17373
Multiarranque;50;2;35116;210.0;50;"Maquina 1: [34 (9), 47 (57), 43 (28), 7 (21), 49 (11), 8 (26), 1 (35), 11 (39), 46 (44), 22 (47), 25 (50), 18 (60), 24 (64), 48 (52), 23 (53), 21 (32), 15 (91), 5 (71), 13 (71), 37 (67), 42 (91), 20 (99), 14 (89), 28 (75), 0 (96)]";17128;"Maquina 2: [6 (21), 32 (14), 36 (35), 39 (19), 2 (32), 12 (41), 41 (53), 40 (36), 3 (2), 16 (66), 35 (50), 38 (69), 19 (52), 30 (54), 17 (93), 29 (48), 31 (60), 33 (65), 10 (85), 4 (75), 45 (91), 44 (80), 27 (91), 9 (87), 26 (97)]";17988
GREEDY;50;2;37108;0.0;1;"Maquina 1: [42 (33), 13 (43), 2 (28), 6 (2), 19 (71), 12 (44), 14 (25), 32 (7), 41 (32), 34 (59), 38 (42), 18 (55), 27 (38), 7 (48), 45 (73), 3 (57), 49 (62), 0 (72), 36 (80), 48 (49), 33 (76), 44 (61), 39 (96), 43 (90), 16 (68), 11 (95)]";18924;"Maquina 2: [30 (33), 22 (2), 5 (58), 28 (16), 31 (36), 15 (43), 4 (41), 21 (45), 37 (56), 35 (48), 8 (43), 10 (31), 9 (24), 20 (51), 24 (80), 23 (67), 47 (88), 17 (96), 26 (76), 1 (72), 46 (61), 29 (60), 25 (93), 40 (70)]";18184
GRASP;50;2;36316;120.0;50;"Maquina 1: [30 (33), 22 (2), 12 (44), 10 (31), 38 (42), 2 (28), 6 (2), 15 (43), 19 (71), 34 (59), 41 (32), 20 (51), 27 (38), 16 (68), 46 (61), 7 (48), 49 (62), 36 (80), 1 (72), 33 (76), 45 (73), 35 (48), 39 (96), 40 (70), 11 (95)]";17621;"Maquina 2: [9 (24), 42 (33), 13 (43), 28 (16), 4 (41), 14 (25), 31 (36), 24 (80), 48 (49), 44 (61), 18 (55), 21 (45), 32 (7), 0 (72), 43 (90), 3 (57), 8 (43), 37 (56), 5 (58), 29 (60), 23 (67), 47 (88), 17 (96), 26 (76), 25 (93)]";18695
LNS;50;2;36784;22.0;50;"Maquina 1: [42 (33), 13 (43), 2 (28), 6 (2), 19 (71), 12 (44), 14 (25), 32 (7), 41 (32), 34 (59), 38 (42), 18 (55), 27 (38), 7 (48), 45 (73), 3 (57), 49 (62), 0 (72), 36 (80), 48 (49), 33 (76), 44 (61), 39 (96), 43 (90), 16 (68), 11 (95)]";18924;"Maquina 2: [30 (33), 22 (2), 5 (58), 28 (16), 31 (36), 15 (43), 4 (41), 21 (45), 37 (56), 35 (48), 8 (43), 10 (31), 9 (24), 20 (51), 23 (67), 24 (80), 47 (88), 17 (96), 29 (60), 1 (72), 46 (61), 25 (93), 26 (76), 40 (70)]";17860
TABÚ;50;2;36675;38.0;50;"Maquina 1: [27 (38), 4 (41), 14 (25), 9 (24), 34 (59), 48 (49), 10 (31), 32 (7), 29 (60), 5 (58), 20 (51), 42 (33), 8 (43), 37 (56), 3 (57), 40 (70), 19 (71), 23 (67), 24 (80), 7 (48), 45 (73), 11 (95), 25 (93), 39 (96), 43 (90)]";19417;"Maquina 2: [30 (33), 22 (2), 41 (32), 15 (43), 38 (42), 2 (28), 6 (2), 28 (16), 13 (43), 21 (45), 44 (61), 1 (72), 46 (61), 18 (55), 35 (48), 31 (36), 47 (88), 33 (76), 49 (62), 0 (72), 36 (80), 12 (44), 26 (76), 16 (68), 17 (96)]";17258
VNS;50;2;36434;2170.0;50;"Maquina 1: [42 (33), 13 (43), 2 (28), 6 (2), 19 (71), 12 (44), 10 (31), 32 (7), 41 (32), 34 (59), 38 (42), 9 (24), 27 (38), 7 (48), 45 (73), 3 (57), 49 (62), 23 (67), 0 (72), 36 (80), 48 (49), 33 (76), 40 (70), 39 (96), 43 (90), 29 (60)]";18229;"Maquina 2: [30 (33), 22 (2), 5 (58), 28 (16), 31 (36), 15 (43), 4 (41), 21 (45), 37 (56), 35 (48), 8 (43), 14 (25), 18 (55), 20 (51), 24 (80), 11 (95), 47 (88), 17 (96), 26 (76), 1 (72), 46 (61), 16 (68), 25 (93), 44 (61)]";18205
Multiarranque;50;2;35796;193.0;50;"Maquina 1: [30 (33), 22 (2), 5 (58), 14 (25), 31 (36), 2 (28), 6 (2), 15 (43), 48 (49), 46 (61), 7 (48), 49 (62), 33 (76), 28 (16), 37 (56), 34 (59), 0 (72), 8 (43), 4 (41), 36 (80), 1 (72), 26 (76), 40 (70), 11 (95), 25 (93)]";16896;"Maquina 2: [21 (45), 32 (7), 41 (32), 38 (42), 9 (24), 3 (57), 10 (31), 35 (48), 20 (51), 42 (33), 13 (43), 12 (44), 29 (60), 18 (55), 27 (38), 16 (68), 44 (61), 43 (90), 19 (71), 23 (67), 24 (80), 17 (96), 39 (96), 47 (88), 45 (73)]";18900
GREEDY;50;2;33939;0.0;1;"Maquina 1: [32 (1), 34 (20), 33 (38), 1 (18), 48 (24), 13 (30), 41 (34), 42 (47), 26 (4), 14 (56), 10 (29), 28 (31), 44 (74), 5 (44), 27 (91), 15 (48), 25 (54), 12 (62), 9 (59), 37 (67), 46 (77), 6 (83), 43 (85), 20 (95), 29 (99)]";17326;"Maquina 2: [31 (37), 18 (4), 24 (22), 7 (5), 21 (29), 36 (13), 35 (24), 4 (28), 23 (30), 11 (48), 49 (32), 17 (43), 40 (64), 45 (75), 19 (85), 2 (47), 8 (55), 3 (60), 39 (58), 22 (79), 16 (70), 38 (52), 30 (91), 47 (96), 0 (89)]";16613
GRASP;50;2;34387;103.0;50;"Maquina 1: [14 (56), 21 (29), 36 (13), 35 (24), 12 (62), 39 (58), 34 (20), 18 (4), 5 (44), 37 (67), 24 (22), 31 (37), 15 (48), 25 (54), 13 (30), 17 (43), 2 (47), 8 (55), 44 (74), 45 (75), 27 (91), 19 (85), 30 (91), 29 (99), 47 (96)]";18119;"Maquina 2: [49 (32), 26 (4), 4 (28), 7 (5), 10 (29), 28 (31), 32 (1), 1 (18), 48 (24), 38 (52), 33 (38), 41 (34), 42 (47), 11 (48), 16 (70), 40 (64), 43 (85), 20 (95), 46 (77), 23 (30), 6 (83), 3 (60), 22 (79), 9 (59), 0 (89)]";16268
LNS;50;2;33939;18.0;50;"Maquina 1: [32 (1), 34 (20), 33 (38), 1 (18), 48 (24), 13 (30), 41 (34), 42 (47), 26 (4), 14 (56), 10 (29), 28 (31), 44 (74), 5 (44), 27 (91), 15 (48), 25 (54), 12 (62), 9 (59), 37 (67), 46 (77), 6 (83), 43 (85), 20 (95), 29 (99)]";17326;"Maquina 2: [31 (37), 18 (4), 24 (22), 7 (5), 21 (29), 36 (13), 35 (24), 4 (28), 23 (30), 11 (48), 49 (32), 17 (43), 40 (64), 45 (75), 19 (85), 2 (47), 8 (55), 3 (60), 39 (58), 22 (79), 16 (70), 38 (52), 30 (91), 47 (96), 0 (89)]";16613
TABÚ;50;2;32221;33.0;50;"Maquina 1: [26 (4), 18 (4), 11 (48), 49 (32), 35 (24), 31 (37), 37 (67), 21 (29), 17 (43), 48 (24), 13 (30), 16 (70), 34 (20), 5 (44), 40 (64), 45 (75), 9 (59), 38 (52), 22 (79), 14 (56), 0 (89), 27 (91), 8 (55), 29 (99), 20 (95)]";16661;"Maquina 2: [10 (29), 28 (31), 24 (22), 41 (34), 4 (28), 23 (30), 1 (18), 7 (5), 36 (13), 25 (54), 32 (1), 2 (47), 33 (38), 6 (83), 15 (48), 12 (62), 39 (58), 46 (77), 42 (47), 43 (85), 3 (60), 44 (74), 19 (85), 47 (96), 30 (91)]";15560
VNS;50;2;33718;2012.0;50;"Maquina 1: [32 (1), 34 (20), 33 (38), 1 (18), 48 (24), 13 (30), 7 (5), 42 (47), 26 (4), 14 (56), 10 (29), 28 (31), 44 (74), 5 (44), 27 (91), 15 (48), 25 (54), 12 (62), 9 (59), 37 (67), 46 (77), 6 (83), 43 (85), 20 (95), 29 (99)]";16415;"Maquina 2: [31 (37), 18 (4), 24 (22), 41 (34), 21 (29), 36 (13), 35 (24), 4 (28), 23 (30), 11 (48), 49 (32), 17 (43), 40 (64), 45 (75), 19 (85), 2 (47), 8 (55), 3 (60), 39 (58), 22 (79), 16 (70), 38 (52), 30 (91), 47 (96), 0 (89)]";17303
Multiarranque;50;2;32873;167.0;50;"Maquina 1: [25 (54), 32 (1), 35 (24), 31 (37), 15 (48), 13 (30), 7 (5), 21 (29), 41 (34), 2 (47), 8 (55), 23 (30), 28 (31), 0 (89), 49 (32), 39 (58), 46 (77), 48 (24), 40 (64), 45 (75), 12 (62), 27 (91), 22 (79), 19 (85), 30 (91)]";16260;"Maquina 2: [34 (20), 33 (38), 10 (29), 4 (28), 36 (13), 26 (4), 14 (56), 18 (4), 11 (48), 47 (96), 5 (44), 37 (67), 24 (22), 9 (59), 43 (85), 3 (60), 1 (18), 42 (47), 44 (74), 17 (43), 38 (52), 20 (95), 6 (83), 16 (70), 29 (99)]";16613
GREEDY;50;2;35047;0.0;1;"Maquina 1: [5 (7), 33 (11), 12 (13), 0 (14), 28 (48), 30 (31), 3 (27), 36 (33), 15 (87), 16 (47), 21 (44), 25 (61), 32 (75), 6 (34), 9 (58), 37 (50), 29 (62), 4 (83), 49 (56), 23 (83), 42 (94), 1 (64), 38 (93), 20 (89), 22 (77)]";17280;"Maquina 2: [45 (12), 43 (13), 10 (9), 47 (45), 31 (20), 39 (33), 17 (57), 48 (60), 35 (38), 44 (13), 27 (34), 34 (47), 19 (77), 8 (31), 7 (81), 24 (71), 2 (56), 13 (83), 14 (49), 26 (96), 41 (63), 46 (87), 40 (92), 18 (85), 11 (94)]";17767
GRASP;50;2;34195;111.0;50;"Maquina 1: [45 (12), 43 (13), 30 (31), 3 (27), 27 (34), 21 (44), 0 (14), 34 (47), 40 (92), 37 (50), 49 (56), 23 (83), 6 (34), 17 (57), 10 (9), 1 (64), 2 (56), 28 (48), 9 (58), 4 (83), 41 (63), 46 (87), 13 (83), 20 (89), 32 (75)]";17013;"Maquina 2: [5 (7), 44 (13), 47 (45), 39 (33), 12 (13), 31 (20), 25 (61), 33 (11), 48 (60), 35 (38), 36 (33), 15 (87), 16 (47), 19 (77), 8 (31), 22 (77), 18 (85), 11 (94), 42 (94), 14 (49), 29 (62), 24 (71), 38 (93), 7 (81), 26 (96)]";17182
LNS;50;2;34605;17.0;50;"Maquina 1: [5 (7), 33 (11), 12 (13), 0 (14), 28 (48), 3 (27), 30 (31), 36 (33), 15 (87), 16 (47), 21 (44), 25 (61), 32 (75), 6 (34), 9 (58), 37 (50), 29 (62), 4 (83), 49 (56), 23 (83), 42 (94), 1 (64), 38 (93), 20 (89), 22 (77)]";16838;"Maquina 2: [45 (12), 43 (13), 10 (9), 47 (45), 31 (20), 39 (33), 17 (57), 48 (60), 35 (38), 44 (13), 27 (34), 34 (47), 19 (77), 8 (31), 7 (81), 24 (71), 2 (56), 13 (83), 14 (49), 26 (96), 41 (63), 46 (87), 40 (92), 18 (85), 11 (94)]";17767
TABÚ;50;2;33132;31.0;50;"Maquina 1: [45 (12), 27 (34), 5 (7), 44 (13), 14 (49), 12 (13), 10 (9), 31 (20), 39 (33), 6 (34), 17 (57), 47 (45), 24 (71), 35 (38), 37 (50), 25 (61), 46 (87), 2 (56), 19 (77), 15 (87), 42 (94), 40 (92), 1 (64), 20 (89), 11 (94), 9 (58)]";16494;"Maquina 2: [33 (11), 41 (63), 3 (27), 30 (31), 36 (33), 4 (83), 8 (31), 43 (13), 16 (47), 21 (44), 34 (47), 0 (14), 13 (83), 28 (48), 32 (75), 7 (81), 48 (60), 49 (56), 23 (83), 22 (77), 18 (85), 29 (62), 38 (93), 26 (96)]";16638
VNS;50;2;33103;1789.0;50;"Maquina 1: [5 (7), 39 (33), 12 (13), 0 (14), 28 (48), 44 (13), 3 (27), 30 (31), 36 (33), 18 (85), 21 (44), 25 (61), 32 (75), 6 (34), 9 (58), 37 (50), 29 (62), 4 (83), 49 (56), 23 (83), 42 (94), 1 (64), 38 (93), 20 (89)]";14157;"Maquina 2: [45 (12), 43 (13), 16 (47), 10 (9), 47 (45), 31 (20), 33 (11), 17 (57), 48 (60), 35 (38), 27 (34), 34 (47), 8 (31), 7 (81), 19 (77), 24 (71), 2 (56), 13 (83), 14 (49), 26 (96), 41 (63), 46 (87), 40 (92), 22 (77), 15 (87), 11 (94)]";18946
Multiarranque;50;2;32040;166.0;50;"Maquina 1: [6 (34), 31 (20), 33 (11), 34 (47), 12 (13), 0 (14), 35 (38), 36 (33), 4 (83), 8 (31), 22 (77), 3 (27), 2 (56), 37 (50), 23 (83), 17 (57), 28 (48), 9 (58), 18 (85), 29 (62), 11 (94), 32 (75), 15 (87), 20 (89), 26 (96)]";16716;"Maquina 2: [45 (12), 43 (13), 30 (31), 27 (34), 5 (7), 39 (33), 10 (9), 44 (13), 14 (49), 25 (61), 49 (56), 13 (83), 21 (44), 16 (47), 1 (64), 19 (77), 7 (81), 47 (45), 46 (87), 48 (60), 40 (92), 38 (93), 41 (63), 24 (71), 42 (94)]";15324
GREEDY;50;2;29987;0.0;1;"Maquina 1: [2 (4), 16 (17), 43 (31), 24 (12), 48 (45), 23 (10), 7 (14), 19 (28), 33 (52), 38 (18), 8 (23), 22 (42), 21 (51), 26 (37), 36 (49), 10 (53), 32 (55), 45 (43), 20 (65), 3 (74), 31 (58), 41 (78), 44 (92), 5 (91), 4 (81)]";14821;"Maquina 2: [30 (13), 14 (12), 34 (34), 0 (14), 29 (21), 11 (10), 40 (14), 12 (42), 1 (53), 15 (43), 39 (28), 37 (27), 6 (44), 17 (50), 46 (53), 18 (48), 35 (51), 25 (64), 49 (56), 13 (78), 47 (86), 27 (92), 28 (94), 42 (69), 9 (79)]";15166
GRASP;50;2;29974;103.0;50;"Maquina 1: [39 (28), 40 (14), 7 (14), 30 (13), 24 (12), 8 (23), 22 (42), 33 (52), 23 (10), 46 (53), 37 (27), 6 (44), 34 (34), 19 (28), 41 (78), 15 (43), 18 (48), 35 (51), 25 (64), 5 (91), 20 (65), 3 (74), 32 (55), 4 (81), 13 (78)]";14506;"Maquina 2: [14 (12), 1 (53), 2 (4), 16 (17), 43 (31), 42 (69), 0 (14), 48 (45), 29 (21), 17 (50), 11 (10), 12 (42), 45 (43), 21 (51), 26 (37), 36 (49), 10 (53), 9 (79), 44 (92), 31 (58), 49 (56), 38 (18), 47 (86), 27 (92), 28 (94)]";15468
LNS;50;2;29987;17.0;50;"Maquina 1: [2 (4), 16 (17), 43 (31), 24 (12), 48 (45), 23 (10), 7 (14), 19 (28), 33 (52), 38 (18), 8 (23), 22 (42), 21 (51), 26 (37), 36 (49), 10 (53), 32 (55), 45 (43), 20 (65), 3 (74), 31 (58), 41 (78), 44 (92), 5 (91), 4 (81)]";14821;"Maquina 2: [30 (13), 14 (12), 34 (34), 0 (14), 29 (21), 11 (10), 40 (14), 12 (42), 1 (53), 15 (43), 39 (28), 37 (27), 6 (44), 17 (50), 46 (53), 18 (48), 35 (51), 25 (64), 49 (56), 13 (78), 47 (86), 27 (92), 28 (94), 42 (69), 9 (79)]";15166
TABÚ;50;2;29565;30.0;50;"Maquina 1: [8 (23), 2 (4), 39 (28), 24 (12), 22 (42), 25 (64), 23 (10), 46 (53), 38 (18), 37 (27), 0 (14), 15 (43), 18 (48), 26 (37), 13 (78), 36 (49), 10 (53), 20 (65), 28 (94), 48 (45), 32 (55), 9 (79), 41 (78), 3 (74), 27 (92)]";14996;"Maquina 2: [16 (17), 43 (31), 7 (14), 30 (13), 14 (12), 19 (28), 29 (21), 11 (10), 21 (51), 40 (14), 49 (56), 34 (34), 45 (43), 35 (51), 6 (44), 33 (52), 31 (58), 12 (42), 1 (53), 17 (50), 5 (91), 42 (69), 47 (86), 44 (92), 4 (81)]";14569
VNS;50;2;29808;3280.0;50;"Maquina 1: [2 (4), 16 (17), 43 (31), 24 (12), 23 (10), 7 (14), 19 (28), 33 (52), 38 (18), 8 (23), 22 (42), 26 (37), 36 (49), 10 (53), 32 (55), 45 (43), 20 (65), 3 (74), 31 (58), 46 (53), 41 (78), 28 (94), 5 (91), 4 (81)]";13614;"Maquina 2: [30 (13), 14 (12), 34 (34), 0 (14), 48 (45), 29 (21), 11 (10), 21 (51), 40 (14), 12 (42), 1 (53), 15 (43), 39 (28), 37 (27), 6 (44), 17 (50), 18 (48), 35 (51), 25 (64), 49 (56), 13 (78), 47 (86), 27 (92), 44 (92), 42 (69), 9 (79)]";16194
Multiarranque;50;2;28835;157.0;50;"Maquina 1: [19 (28), 11 (10), 29 (21), 23 (10), 45 (43), 16 (17), 43 (31), 6 (44), 15 (43), 14 (12), 34 (34), 17 (50), 46 (53), 48 (45), 30 (13), 26 (37), 20 (65), 31 (58), 12 (42), 10 (53), 9 (79), 5 (91), 41 (78), 44 (92), 47 (86)]";14477;"Maquina 2: [2 (4), 39 (28), 37 (27), 0 (14), 21 (51), 7 (14), 24 (12), 8 (23), 32 (55), 18 (48), 38 (18), 28 (94), 40 (14), 33 (52), 36 (49), 42 (69), 35 (51), 22 (42), 25 (64), 1 (53), 3 (74), 27 (92), 49 (56), 13 (78), 4 (81)]";14358
GREEDY;50;2;37881;0.0;1;"Maquina 1: [40 (35), 11 (21), 43 (23), 23 (17), 3 (4), 21 (25), 37 (51), 8 (41), 41 (30), 28 (58), 16 (73), 47 (65), 36 (62), 5 (43), 4 (45), 9 (51), 0 (98), 29 (55), 48 (54), 39 (76), 24 (92), 13 (58), 19 (79), 1 (85), 26 (84), 25 (93)]";19461;"Maquina 2: [30 (11), 2 (43), 31 (19), 45 (22), 18 (77), 22 (34), 10 (39), 32 (24), 49 (50), 46 (51), 7 (30), 20 (44), 17 (56), 15 (58), 27 (63), 42 (80), 44 (84), 35 (51), 14 (60), 38 (67), 6 (55), 12 (86), 33 (92), 34 (93)]";18420
GRASP;50;2;36776;104.0;50;"Maquina 1: [37 (51), 49 (50), 40 (35), 11 (21), 30 (11), 5 (43), 3 (4), 32 (24), 43 (23), 14 (60), 2 (43), 45 (22), 13 (58), 22 (34), 28 (58), 42 (80), 15 (58), 25 (93), 35 (51), 18 (77), 27 (63), 39 (76), 24 (92), 12 (86), 33 (92)]";18510;"Maquina 2: [7 (30), 20 (44), 23 (17), 29 (55), 31 (19), 8 (41), 41 (30), 16 (73), 38 (67), 4 (45), 9 (51), 46 (51), 36 (62), 47 (65), 6 (55), 48 (54), 10 (39), 21 (25), 17 (56), 34 (93), 0 (98), 19 (79), 1 (85), 44 (84), 26 (84)]";18266
LNS;50;2;37608;16.0;50;"Maquina 1: [40 (35), 11 (21), 43 (23), 23 (17), 3 (4), 21 (25), 37 (51), 8 (41), 41 (30), 28 (58), 16 (73), 47 (65), 36 (62), 5 (43), 4 (45), 9 (51), 0 (98), 29 (55), 48 (54), 39 (76), 24 (92), 13 (58), 19 (79), 1 (85), 26 (84), 25 (93)]";19461;"Maquina 2: [30 (11), 2 (43), 31 (19), 45 (22), 18 (77), 22 (34), 10 (39), 32 (24), 49 (50), 46 (51), 7 (30), 20 (44), 17 (56), 15 (58), 27 (63), 42 (80), 38 (67), 35 (51), 14 (60), 33 (92), 6 (55), 12 (86), 44 (84), 34 (93)]";18147
TABÚ;50;2;36358;30.0;50;"Maquina 1: [13 (58), 20 (44), 47 (65), 23 (17), 31 (19), 45 (22), 22 (34), 10 (39), 29 (55), 9 (51), 14 (60), 32 (24), 36 (62), 30 (11), 19 (79), 48 (54), 5 (43), 35 (51), 18 (77), 24 (92), 12 (86), 6 (55), 17 (56), 44 (84), 42 (80)]";18360;"Maquina 2: [37 (51), 7 (30), 3 (4), 21 (25), 46 (51), 38 (67), 4 (45), 40 (35), 11 (21), 43 (23), 15 (58), 2 (43), 16 (73), 8 (41), 41 (30), 28 (58), 49 (50), 1 (85), 27 (63), 39 (76), 25 (93), 33 (92), 26 (84), 34 (93), 0 (98)]";17998
VNS;50;2;37323;2374.0;50;"Maquina 1: [40 (35), 11 (21), 43 (23), 23 (17), 3 (4), 21 (25), 8 (41), 41 (30), 28 (58), 16 (73), 47 (65), 36 (62), 15 (58), 4 (45), 9 (51), 0 (98), 29 (55), 48 (54), 39 (76), 24 (92), 13 (58), 19 (79), 1 (85), 17 (56), 26 (84), 25 (93)]";19595;"Maquina 2: [30 (11), 2 (43), 31 (19), 45 (22), 18 (77), 22 (34), 10 (39), 32 (24), 49 (50), 46 (51), 37 (51), 7 (30), 20 (44), 5 (43), 27 (63), 42 (80), 44 (84), 6 (55), 14 (60), 38 (67), 35 (51), 12 (86), 33 (92), 34 (93)]";17728
Multiarranque;50;2;35958;162.0;50;"Maquina 1: [49 (50), 40 (35), 11 (21), 30 (11), 48 (54), 5 (43), 3 (4), 21 (25), 45 (22), 22 (34), 35 (51), 13 (58), 8 (41), 41 (30), 28 (58), 1 (85), 27 (63), 42 (80), 9 (51), 14 (60), 39 (76), 6 (55), 12 (86), 26 (84), 34 (93), 0 (98)]";18310;"Maquina 2: [37 (51), 7 (30), 20 (44), 47 (65), 23 (17), 29 (55), 31 (19), 24 (92), 10 (39), 17 (56), 32 (24), 36 (62), 43 (23), 19 (79), 15 (58), 2 (43), 16 (73), 38 (67), 4 (45), 44 (84), 46 (51), 25 (93), 33 (92), 18 (77)]";17648
GREEDY;50;2;38773;1.0;1;"Maquina 1: [38 (21), 39 (14), 19 (2), 43 (17), 15 (40), 3 (58), 26 (28), 13 (43), 1 (24), 9 (37), 18 (54), 45 (69), 23 (96), 6 (45), 28 (64), 20 (60), 11 (62), 29 (47), 32 (73), 12 (85), 4 (69), 40 (89), 37 (92), 21 (95), 42 (97)]";19737;"Maquina 2: [5 (15), 7 (10), 47 (27), 25 (43), 34 (17), 48 (19), 2 (30), 36 (44), 31 (70), 44 (33), 8 (52), 49 (60), 16 (47), 33 (63), 22 (59), 46 (75), 27 (68), 14 (97), 0 (40), 35 (88), 10 (56), 24 (94), 17 (69), 30 (95), 41 (89)]";19036
GRASP;50;2;36645;104.0;50;"Maquina 1: [34 (17), 16 (47), 7 (10), 0 (40), 6 (45), 47 (27), 36 (44), 39 (14), 2 (30), 28 (64), 20 (60), 9 (37), 46 (75), 13 (43), 37 (92), 8 (52), 48 (19), 24 (94), 17 (69), 49 (60), 31 (70), 4 (69), 40 (89), 42 (97), 23 (96)]";18351;"Maquina 2: [19 (2), 43 (17), 1 (24), 15 (40), 5 (15), 38 (21), 18 (54), 45 (69), 44 (33), 25 (43), 26 (28), 3 (58), 22 (59), 35 (88), 11 (62), 27 (68), 33 (63), 41 (89), 29 (47), 32 (73), 12 (85), 10 (56), 14 (97), 21 (95), 30 (95)]";18294
LNS;50;2;38161;17.0;50;"Maquina 1: [38 (21), 39 (14), 19 (2), 43 (17), 15 (40), 3 (58), 26 (28), 13 (43), 1 (24), 9 (37), 18 (54), 45 (69), 23 (96), 6 (45), 28 (64), 20 (60), 32 (73), 29 (47), 11 (62), 12 (85), 4 (69), 40 (89), 37 (92), 21 (95), 42 (97)]";19637;"Maquina 2: [5 (15), 7 (10), 47 (27), 25 (43), 34 (17), 48 (19), 2 (30), 36 (44), 31 (70), 44 (33), 8 (52), 49 (60), 16 (47), 35 (88), 22 (59), 46 (75), 27 (68), 33 (63), 0 (40), 14 (97), 10 (56), 24 (94), 17 (69), 30 (95), 41 (89)]";18524
TABÚ;50;2;35416;31.0;50;"Maquina 1: [9 (37), 26 (28), 28 (64), 34 (17), 39 (14), 8 (52), 18 (54), 47 (27), 27 (68), 48 (19), 10 (56), 3 (58), 37 (92), 29 (47), 49 (60), 16 (47), 12 (85), 32 (73), 31 (70), 21 (95), 11 (62), 42 (97), 23 (96), 24 (94)]";17228;"Maquina 2: [5 (15), 38 (21), 7 (10), 19 (2), 43 (17), 1 (24), 6 (45), 36 (44), 44 (33), 22 (59), 25 (43), 13 (43), 0 (40), 20 (60), 46 (75), 2 (30), 15 (40), 45 (69), 33 (63), 17 (69), 4 (69), 40 (89), 30 (95), 14 (97), 35 (88), 41 (89)]";18188
VNS;50;2;37439;2070.0;50;"Maquina 1: [38 (21), 39 (14), 19 (2), 43 (17), 15 (40), 3 (58), 26 (28), 13 (43), 1 (24), 9 (37), 18 (54), 45 (69), 23 (96), 6 (45), 28 (64), 20 (60), 46 (75), 29 (47), 32 (73), 12 (85), 10 (56), 4 (69), 40 (89), 37 (92), 42 (97)]";19128;"Maquina 2: [5 (15), 7 (10), 47 (27), 25 (43), 34 (17), 48 (19), 2 (30), 36 (44), 31 (70), 44 (33), 8 (52), 49 (60), 16 (47), 33 (63), 0 (40), 11 (62), 27 (68), 14 (97), 21 (95), 22 (59), 35 (88), 24 (94), 17 (69), 30 (95), 41 (89)]";18311
Multiarranque;50;2;35468;165.0;50;"Maquina 1: [48 (19), 1 (24), 9 (37), 5 (15), 7 (10), 0 (40), 6 (45), 47 (27), 18 (54), 36 (44), 44 (33), 8 (52), 49 (60), 16 (47), 40 (89), 45 (69), 37 (92), 29 (47), 3 (58), 20 (60), 35 (88), 12 (85), 17 (69), 23 (96), 14 (97)]";17169;"Maquina 2: [34 (17), 39 (14), 22 (59), 15 (40), 19 (2), 25 (43), 26 (28), 13 (43), 28 (64), 43 (17), 10 (56), 46 (75), 2 (30), 32 (73), 33 (63), 38 (21), 24 (94), 27 (68), 4 (69), 30 (95), 21 (95), 11 (62), 42 (97), 31 (70), 41 (89)]";18299
GREEDY;50;2;32236;0.0;1;"Maquina 1: [13 (10), 27 (15), 4 (12), 1 (5), 0 (14), 24 (40), 19 (33), 17 (77), 20 (24), 7 (45), 3 (36), 32 (12), 49 (18), 46 (46), 41 (49), 31 (66), 45 (89), 9 (51), 30 (48), 37 (61), 11 (71), 33 (59), 8 (64), 43 (81), 34 (84)]";15469;"Maquina 2: [39 (10), 42 (60), 23 (10), 38 (13), 12 (7), 18 (19), 16 (15), 40 (44), 22 (36), 14 (49), 44 (28), 2 (66), 28 (33), 48 (77), 36 (82), 35 (51), 29 (45), 6 (88), 47 (66), 15 (48), 5 (73), 26 (82), 21 (50), 10 (62), 25 (98)]";16767
GRASP;50;2;30080;103.0;50;"Maquina 1: [19 (33), 46 (46), 23 (10), 3 (36), 48 (77), 12 (7), 18 (19), 41 (49), 27 (15), 9 (51), 22 (36), 37 (61), 14 (49), 7 (45), 21 (50), 10 (62), 8 (64), 43 (81), 33 (59), 31 (66), 17 (77), 36 (82), 6 (88), 25 (98)]";15459;"Maquina 2: [49 (18), 38 (13), 13 (10), 44 (28), 4 (12), 1 (5), 0 (14), 28 (33), 24 (40), 40 (44), 5 (73), 16 (15), 20 (24), 2 (66), 32 (12), 35 (51), 29 (45), 47 (66), 15 (48), 30 (48), 42 (60), 39 (10), 45 (89), 26 (82), 34 (84), 11 (71)]";14621
LNS;50;2;31556;15.0;50;"Maquina 1: [13 (10), 27 (15), 4 (12), 1 (5), 0 (14), 37 (61), 46 (46), 49 (18), 20 (24), 7 (45), 3 (36), 32 (12), 19 (33), 17 (77), 41 (49), 31 (66), 45 (89), 9 (51), 30 (48), 24 (40), 11 (71), 33 (59), 8 (64), 43 (81), 34 (84)]";14944;"Maquina 2: [16 (15), 42 (60), 23 (10), 38 (13), 12 (7), 18 (19), 39 (10), 40 (44), 22 (36), 14 (49), 44 (28), 2 (66), 28 (33), 48 (77), 36 (82), 35 (51), 29 (45), 6 (88), 47 (66), 15 (48), 5 (73), 26 (82), 21 (50), 10 (62), 25 (98)]";16612
TABÚ;50;2;29429;32.0;50;"Maquina 1: [38 (13), 13 (10), 27 (15), 1 (5), 0 (14), 12 (7), 16 (15), 20 (24), 18 (19), 35 (51), 29 (45), 47 (66), 22 (36), 37 (61), 46 (46), 40 (44), 42 (60), 5 (73), 23 (10), 21 (50), 2 (66), 10 (62), 45 (89), 31 (66), 17 (77), 43 (81)]";13677;"Maquina 2: [19 (33), 49 (18), 15 (48), 4 (12), 39 (10), 44 (28), 7 (45), 3 (36), 48 (77), 28 (33), 32 (12), 11 (71), 33 (59), 9 (51), 41 (49), 14 (49), 30 (48), 24 (40), 8 (64), 26 (82), 25 (98), 36 (82), 34 (84), 6 (88)]";15752
VNS;50;2;31782;1367.0;50;"Maquina 1: [39 (10), 18 (19), 27 (15), 4 (12), 1 (5), 0 (14), 24 (40), 19 (33), 17 (77), 20 (24), 7 (45), 3 (36), 28 (33), 32 (12), 49 (18), 46 (46), 41 (49), 31 (66), 45 (89), 9 (51), 30 (48), 37 (61), 11 (71), 25 (98), 8 (64), 43 (81), 34 (84)]";17444;"Maquina 2: [13 (10), 42 (60), 23 (10), 38 (13), 12 (7), 16 (15), 40 (44), 22 (36), 14 (49), 44 (28), 2 (66), 48 (77), 36 (82), 35 (51), 29 (45), 6 (88), 47 (66), 33 (59), 5 (73), 26 (82), 21 (50), 10 (62), 15 (48)]";14338
Multiarranque;50;2;29927;176.0;50;"Maquina 1: [4 (12), 39 (10), 1 (5), 0 (14), 24 (40), 18 (19), 16 (15), 14 (49), 32 (12), 35 (51), 21 (50), 27 (15), 38 (13), 25 (98), 9 (51), 30 (48), 2 (66), 22 (36), 31 (66), 5 (73), 19 (33), 10 (62), 45 (89), 29 (45), 6 (88), 43 (81)]";14901;"Maquina 2: [13 (10), 44 (28), 48 (77), 28 (33), 20 (24), 12 (7), 49 (18), 23 (10), 3 (36), 37 (61), 46 (46), 8 (64), 40 (44), 42 (60), 26 (82), 34 (84), 41 (49), 7 (45), 17 (77), 36 (82), 15 (48), 33 (59), 47 (66), 11 (71)]";15026
GREEDY;50;2;29777;0.0;1;"Maquina 1: [20 (9), 47 (5), 45 (22), 24 (42), 2 (19), 48 (2), 21 (27), 37 (49), 33 (37), 40 (34), 14 (53), 6 (43), 28 (73), 38 (56), 19 (55), 39 (65), 25 (57), 30 (89), 17 (61), 27 (82), 10 (90), 12 (85), 4 (92), 0 (97), 23 (93)]";15081;"Maquina 2: [13 (3), 44 (7), 29 (13), 36 (8), 7 (34), 41 (22), 42 (24), 43 (38), 49 (55), 5 (49), 31 (42), 1 (59), 15 (36), 34 (50), 18 (57), 22 (68), 9 (55), 16 (64), 32 (84), 35 (92), 11 (90), 8 (90), 26 (94), 46 (79), 3 (87)]";14696
GRASP;50;2;28853;101.0;50;"Maquina 1: [20 (9), 31 (42), 48 (2), 13 (3), 43 (38), 29 (13), 44 (7), 14 (53), 15 (36), 45 (22), 1 (59), 37 (49), 6 (43), 28 (73), 36 (8), 33 (37), 5 (49), 16 (64), 39 (65), 25 (57), 12 (85), 3 (87), 30 (89), 23 (93), 10 (90), 4 (92)]";14253;"Maquina 2: [47 (5), 40 (34), 42 (24), 21 (27), 7 (34), 41 (22), 2 (19), 38 (56), 17 (61), 24 (42), 19 (55), 18 (57), 27 (82), 9 (55), 49 (55), 22 (68), 34 (50), 32 (84), 0 (97), 26 (94), 46 (79), 35 (92), 11 (90), 8 (90)]";14600
LNS;50;2;29322;16.0;50;"Maquina 1: [33 (37), 47 (5), 45 (22), 24 (42), 2 (19), 48 (2), 20 (9), 37 (49), 21 (27), 40 (34), 14 (53), 6 (43), 28 (73), 38 (56), 19 (55), 39 (65), 25 (57), 30 (89), 17 (61), 27 (82), 10 (90), 12 (85), 4 (92), 0 (97), 23 (93)]";14798;"Maquina 2: [13 (3), 44 (7), 29 (13), 36 (8), 7 (34), 41 (22), 42 (24), 43 (38), 49 (55), 5 (49), 22 (68), 1 (59), 15 (36), 34 (50), 32 (84), 31 (42), 9 (55), 16 (64), 18 (57), 35 (92), 11 (90), 8 (90), 26 (94), 46 (79), 3 (87)]";14524
TABÚ;50;2;28416;30.0;50;"Maquina 1: [20 (9), 47 (5), 29 (13), 25 (57), 9 (55), 40 (34), 42 (24), 43 (38), 36 (8), 41 (22), 14 (53), 33 (37), 16 (64), 38 (56), 19 (55), 1 (59), 37 (49), 22 (68), 27 (82), 11 (90), 32 (84), 8 (90), 23 (93), 4 (92)]";12843;"Maquina 2: [31 (42), 48 (2), 13 (3), 44 (7), 45 (22), 24 (42), 2 (19), 7 (34), 6 (43), 21 (27), 5 (49), 18 (57), 49 (55), 15 (36), 34 (50), 39 (65), 46 (79), 17 (61), 28 (73), 12 (85), 0 (97), 26 (94), 35 (92), 30 (89), 3 (87), 10 (90)]";15573
VNS;50;2;29274;1859.0;50;"Maquina 1: [20 (9), 47 (5), 45 (22), 24 (42), 2 (19), 48 (2), 21 (27), 37 (49), 9 (55), 40 (34), 14 (53), 6 (43), 28 (73), 38 (56), 19 (55), 39 (65), 25 (57), 30 (89), 17 (61), 27 (82), 10 (90), 12 (85), 4 (92), 8 (90), 23 (93)]";14996;"Maquina 2: [13 (3), 44 (7), 29 (13), 36 (8), 7 (34), 41 (22), 42 (24), 43 (38), 49 (55), 5 (49), 31 (42), 1 (59), 15 (36), 34 (50), 18 (57), 22 (68), 33 (37), 16 (64), 32 (84), 35 (92), 11 (90), 0 (97), 26 (94), 46 (79), 3 (87)]";14278
Multiarranque;50;2;28720;158.0;50;"Maquina 1: [36 (8), 48 (2), 44 (7), 15 (36), 41 (22), 24 (42), 2 (19), 7 (34), 6 (43), 49 (55), 42 (24), 19 (55), 39 (65), 31 (42), 14 (53), 46 (79), 38 (56), 25 (57), 22 (68), 30 (89), 3 (87), 32 (84), 10 (90), 26 (94), 23 (93)]";14222;"Maquina 2: [20 (9), 47 (5), 29 (13), 33 (37), 13 (3), 43 (38), 5 (49), 40 (34), 34 (50), 45 (22), 9 (55), 21 (27), 1 (59), 37 (49), 18 (57), 16 (64), 35 (92), 17 (61), 27 (82), 28 (73), 12 (85), 4 (92), 11 (90), 8 (90), 0 (97)]";14498
GREEDY;50;2;29641;0.0;1;"Maquina 1: [33 (1), 40 (12), 8 (14), 48 (32), 1 (29), 15 (29), 2 (36), 9 (20), 10 (40), 12 (44), 5 (56), 37 (49), 39 (53), 20 (91), 29 (51), 23 (57), 13 (46), 44 (60), 22 (72), 41 (60), 19 (88), 27 (76), 14 (66), 0 (97), 6 (81)]";14527;"Maquina 2: [31 (7), 21 (19), 30 (22), 49 (13), 3 (28), 46 (30), 43 (52), 17 (35), 26 (37), 36 (40), 28 (49), 11 (45), 35 (54), 42 (60), 25 (64), 34 (59), 24 (51), 45 (72), 16 (81), 38 (67), 7 (56), 4 (79), 32 (90), 18 (99), 47 (92)]";15114
GRASP;50;2;29587;101.0;50;"Maquina 1: [33 (1), 8 (14), 3 (28), 21 (19), 43 (52), 17 (35), 26 (37), 37 (49), 9 (20), 42 (60), 1 (29), 45 (72), 13 (46), 12 (44), 10 (40), 44 (60), 34 (59), 25 (64), 14 (66), 5 (56), 16 (81), 47 (92), 27 (76), 0 (97), 32 (90)]";14791;"Maquina 2: [31 (7), 40 (12), 46 (30), 30 (22), 49 (13), 15 (29), 2 (36), 36 (40), 28 (49), 24 (51), 48 (32), 11 (45), 39 (53), 7 (56), 29 (51), 35 (54), 22 (72), 23 (57), 38 (67), 41 (60), 19 (88), 6 (81), 4 (79), 20 (91), 18 (99)]";14796
LNS;50;2;29485;16.0;50;"Maquina 1: [33 (1), 40 (12), 8 (14), 48 (32), 1 (29), 15 (29), 2 (36), 9 (20), 10 (40), 12 (44), 5 (56), 37 (49), 39 (53), 20 (91), 29 (51), 23 (57), 13 (46), 44 (60), 22 (72), 41 (60), 19 (88), 27 (76), 14 (66), 0 (97), 6 (81)]";14527;"Maquina 2: [31 (7), 46 (30), 30 (22), 49 (13), 3 (28), 21 (19), 43 (52), 17 (35), 26 (37), 36 (40), 28 (49), 38 (67), 7 (56), 42 (60), 25 (64), 34 (59), 24 (51), 45 (72), 16 (81), 11 (45), 35 (54), 32 (90), 4 (79), 18 (99), 47 (92)]";14958
TABÚ;50;2;29631;39.0;50;"Maquina 1: [31 (7), 40 (12), 17 (35), 33 (1), 3 (28), 46 (30), 10 (40), 8 (14), 28 (49), 26 (37), 37 (49), 5 (56), 39 (53), 34 (59), 29 (51), 45 (72), 35 (54), 27 (76), 22 (72), 23 (57), 44 (60), 6 (81), 0 (97), 19 (88), 32 (90)]";14511;"Maquina 2: [21 (19), 30 (22), 49 (13), 9 (20), 48 (32), 1 (29), 15 (29), 11 (45), 13 (46), 12 (44), 41 (60), 24 (51), 2 (36), 36 (40), 43 (52), 25 (64), 38 (67), 7 (56), 42 (60), 14 (66), 4 (79), 18 (99), 20 (91), 16 (81), 47 (92)]";15120
VNS;50;2;29465;1432.0;50;"Maquina 1: [49 (13), 33 (1), 40 (12), 8 (14), 48 (32), 1 (29), 15 (29), 2 (36), 9 (20), 10 (40), 12 (44), 5 (56), 37 (49), 39 (53), 20 (91), 29 (51), 23 (57), 13 (46), 44 (60), 22 (72), 41 (60), 19 (88), 27 (76), 14 (66), 0 (97), 6 (81)]";15215;"Maquina 2: [31 (7), 46 (30), 30 (22), 3 (28), 21 (19), 43 (52), 17 (35), 26 (37), 36 (40), 28 (49), 11 (45), 35 (54), 42 (60), 25 (64), 34 (59), 24 (51), 45 (72), 16 (81), 38 (67), 7 (56), 4 (79), 32 (90), 18 (99), 47 (92)]";14250
Multiarranque;50;2;29385;182.0;50;"Maquina 1: [49 (13), 9 (20), 10 (40), 33 (1), 3 (28), 21 (19), 43 (52), 11 (45), 46 (30), 1 (29), 28 (49), 2 (36), 36 (40), 29 (51), 45 (72), 14 (66), 5 (56), 22 (72), 41 (60), 4 (79), 44 (60), 6 (81), 16 (81), 47 (92), 32 (90)]";14470;"Maquina 2: [31 (7), 40 (12), 8 (14), 48 (32), 13 (46), 30 (22), 12 (44), 37 (49), 17 (35), 26 (37), 24 (51), 15 (29), 39 (53), 38 (67), 7 (56), 42 (60), 35 (54), 27 (76), 34 (59), 25 (64), 23 (57), 18 (99), 19 (88), 20 (91), 0 (97)]";14915
GREEDY;50;2;27730;0.0;1;"Maquina 1: [16 (1), 35 (2), 48 (9), 4 (15), 49 (6), 22 (9), 18 (32), 47 (53), 9 (28), 13 (46), 25 (20), 5 (59), 3 (48), 41 (61), 29 (42), 21 (64), 36 (70), 14 (74), 40 (79), 2 (99), 12 (84), 44 (68), 31 (94), 34 (99), 37 (96)]";14068;"Maquina 2: [24 (9), 26 (2), 8 (3), 6 (9), 27 (32), 38 (6), 1 (21), 15 (11), 43 (28), 7 (54), 19 (44), 32 (33), 23 (47), 45 (48), 39 (76), 42 (62), 17 (65), 33 (61), 10 (71), 28 (80), 0 (70), 30 (99), 20 (95), 46 (97), 11 (90)]";13662
GRASP;50;2;26213;114.0;50;"Maquina 1: [49 (6), 22 (9), 38 (6), 16 (1), 33 (61), 43 (28), 1 (21), 9 (28), 47 (53), 7 (54), 15 (11), 41 (61), 19 (44), 29 (42), 21 (64), 17 (65), 12 (84), 0 (70), 10 (71), 11 (90), 20 (95), 40 (79), 46 (97), 30 (99)]";13030;"Maquina 2: [8 (3), 48 (9), 24 (9), 26 (2), 35 (2), 25 (20), 6 (9), 18 (32), 13 (46), 32 (33), 3 (48), 27 (32), 23 (47), 44 (68), 4 (15), 5 (59), 45 (48), 39 (76), 42 (62), 14 (74), 37 (96), 2 (99), 28 (80), 36 (70), 34 (99), 31 (94)]";13183
LNS;50;2;27621;21.0;50;"Maquina 1: [16 (1), 35 (2), 48 (9), 4 (15), 49 (6), 22 (9), 18 (32), 47 (53), 9 (28), 13 (46), 25 (20), 5 (59), 3 (48), 41 (61), 29 (42), 21 (64), 36 (70), 14 (74), 40 (79), 2 (99), 12 (84), 44 (68), 31 (94), 34 (99), 37 (96)]";14068;"Maquina 2: [24 (9), 26 (2), 8 (3), 6 (9), 27 (32), 38 (6), 1 (21), 15 (11), 43 (28), 7 (54), 19 (44), 32 (33), 23 (47), 45 (48), 39 (76), 17 (65), 42 (62), 33 (61), 10 (71), 28 (80), 0 (70), 30 (99), 20 (95), 46 (97), 11 (90)]";13553
TABÚ;50;2;26406;33.0;50;"Maquina 1: [8 (3), 48 (9), 26 (2), 16 (1), 24 (9), 22 (9), 4 (15), 49 (6), 15 (11), 25 (20), 47 (53), 23 (47), 19 (44), 11 (90), 45 (48), 12 (84), 0 (70), 17 (65), 13 (46), 44 (68), 33 (61), 39 (76), 28 (80), 2 (99), 37 (96), 31 (94)]";13463;"Maquina 2: [35 (2), 1 (21), 6 (9), 18 (32), 43 (28), 7 (54), 27 (32), 38 (6), 32 (33), 9 (28), 5 (59), 41 (61), 29 (42), 21 (64), 42 (62), 3 (48), 36 (70), 14 (74), 10 (71), 30 (99), 20 (95), 40 (79), 46 (97), 34 (99)]";12943
VNS;50;2;27360;2038.0;50;"Maquina 1: [16 (1), 35 (2), 48 (9), 4 (15), 49 (6), 15 (11), 18 (32), 47 (53), 9 (28), 13 (46), 25 (20), 5 (59), 3 (48), 41 (61), 29 (42), 21 (64), 36 (70), 14 (74), 37 (96), 2 (99), 12 (84), 44 (68), 31 (94), 34 (99), 40 (79)]";14123;"Maquina 2: [24 (9), 26 (2), 8 (3), 6 (9), 27 (32), 38 (6), 1 (21), 22 (9), 43 (28), 7 (54), 19 (44), 32 (33), 23 (47), 45 (48), 39 (76), 17 (65), 42 (62), 33 (61), 10 (71), 28 (80), 0 (70), 30 (99), 20 (95), 46 (97), 11 (90)]";13237
Multiarranque;50;2;26363;158.0;50;"Maquina 1: [22 (9), 43 (28), 1 (21), 4 (15), 49 (6), 5 (59), 27 (32), 41 (61), 19 (44), 3 (48), 36 (70), 47 (53), 7 (54), 44 (68), 34 (99), 21 (64), 2 (99), 0 (70), 12 (84), 14 (74), 40 (79), 37 (96)]";12589;"Maquina 2: [8 (3), 16 (1), 24 (9), 26 (2), 35 (2), 15 (11), 48 (9), 6 (9), 25 (20), 38 (6), 13 (46), 32 (33), 9 (28), 33 (61), 18 (32), 45 (48), 29 (42), 11 (90), 23 (47), 10 (71), 28 (80), 39 (76), 17 (65), 42 (62), 20 (95), 30 (99), 46 (97), 31 (94)]";13774
GREEDY;50;2;24390;0.0;1;"Maquina 1: [47 (8), 45 (6), 31 (17), 11 (1), 1 (17), 3 (14), 30 (9), 37 (69), 33 (25), 7 (33), 24 (31), 16 (24), 44 (43), 10 (30), 40 (60), 9 (77), 4 (74), 8 (68), 12 (54), 13 (50), 29 (70), 27 (77), 18 (82), 26 (97), 39 (90)]";12375;"Maquina 2: [28 (16), 2 (7), 6 (2), 48 (9), 42 (8), 35 (12), 36 (26), 21 (25), 14 (23), 20 (29), 34 (32), 41 (39), 5 (48), 19 (62), 0 (69), 32 (58), 49 (30), 43 (75), 38 (53), 25 (72), 46 (69), 15 (77), 23 (84), 17 (97), 22 (79)]";12015
GRASP;50;2;23606;99.0;50;"Maquina 1: [11 (1), 28 (16), 2 (7), 6 (2), 14 (23), 30 (9), 3 (14), 36 (26), 20 (29), 34 (32), 16 (24), 41 (39), 5 (48), 7 (33), 12 (54), 13 (50), 9 (77), 4 (74), 17 (97), 43 (75), 46 (69), 15 (77), 23 (84), 26 (97), 22 (79)]";11718;"Maquina 2: [47 (8), 31 (17), 42 (8), 45 (6), 24 (31), 48 (9), 1 (17), 49 (30), 33 (25), 35 (12), 40 (60), 44 (43), 10 (30), 19 (62), 21 (25), 18 (82), 27 (77), 29 (70), 32 (58), 38 (53), 25 (72), 0 (69), 8 (68), 37 (69), 39 (90)]";11888
LNS;50;2;24116;16.0;50;"Maquina 1: [47 (8), 45 (6), 31 (17), 30 (9), 3 (14), 1 (17), 11 (1), 37 (69), 33 (25), 7 (33), 24 (31), 16 (24), 44 (43), 10 (30), 40 (60), 9 (77), 4 (74), 8 (68), 12 (54), 13 (50), 29 (70), 27 (77), 18 (82), 26 (97), 39 (90)]";12101;"Maquina 2: [28 (16), 2 (7), 6 (2), 48 (9), 42 (8), 35 (12), 36 (26), 21 (25), 14 (23), 20 (29), 34 (32), 41 (39), 5 (48), 19 (62), 0 (69), 32 (58), 49 (30), 43 (75), 38 (53), 25 (72), 46 (69), 15 (77), 23 (84), 17 (97), 22 (79)]";12015
TABÚ;50;2;23023;31.0;50;"Maquina 1: [11 (1), 1 (17), 3 (14), 30 (9), 42 (8), 31 (17), 28 (16), 14 (23), 20 (29), 36 (26), 41 (39), 5 (48), 19 (62), 21 (25), 49 (30), 40 (60), 43 (75), 46 (69), 7 (33), 23 (84), 37 (69), 39 (90), 9 (77), 18 (82), 26 (97)]";11317;"Maquina 2: [10 (30), 47 (8), 45 (6), 6 (2), 35 (12), 48 (9), 33 (25), 34 (32), 16 (24), 2 (7), 24 (31), 44 (43), 13 (50), 12 (54), 29 (70), 32 (58), 8 (68), 0 (69), 4 (74), 15 (77), 38 (53), 25 (72), 27 (77), 22 (79), 17 (97)]";11706
VNS;50;2;23585;1784.0;50;"Maquina 1: [47 (8), 45 (6), 31 (17), 11 (1), 1 (17), 3 (14), 30 (9), 19 (62), 33 (25), 34 (32), 16 (24), 44 (43), 10 (30), 9 (77), 4 (74), 8 (68), 12 (54), 13 (50), 29 (70), 27 (77), 18 (82), 0 (69), 17 (97), 39 (90)]";10736;"Maquina 2: [28 (16), 2 (7), 6 (2), 48 (9), 42 (8), 35 (12), 7 (33), 36 (26), 21 (25), 14 (23), 20 (29), 24 (31), 41 (39), 5 (48), 37 (69), 32 (58), 49 (30), 40 (60), 43 (75), 38 (53), 25 (72), 46 (69), 15 (77), 23 (84), 26 (97), 22 (79)]";12849
Multiarranque;50;2;23590;165.0;50;"Maquina 1: [3 (14), 21 (25), 49 (30), 47 (8), 45 (6), 31 (17), 28 (16), 14 (23), 20 (29), 16 (24), 7 (33), 8 (68), 0 (69), 12 (54), 13 (50), 23 (84), 37 (69), 40 (60), 39 (90), 25 (72), 19 (62), 46 (69), 27 (77), 18 (82)]";11864;"Maquina 2: [2 (7), 6 (2), 1 (17), 11 (1), 36 (26), 44 (43), 42 (8), 35 (12), 10 (30), 30 (9), 48 (9), 33 (25), 34 (32), 41 (39), 5 (48), 24 (31), 32 (58), 4 (74), 38 (53), 29 (70), 17 (97), 15 (77), 43 (75), 9 (77), 22 (79), 26 (97)]";11726
GREEDY;50;2;32835;0.0;1;"Maquina 1: [10 (7), 38 (15), 43 (17), 47 (2), 29 (24), 39 (21), 16 (41), 32 (57), 15 (30), 48 (60), 3 (92), 23 (51), 27 (81), 13 (59), 5 (44), 4 (68), 42 (62), 28 (75), 37 (72), 18 (87), 6 (74), 12 (84), 26 (94), 8 (89), 24 (91)]";16304;"Maquina 2: [25 (4), 45 (8), 17 (17), 7 (15), 1 (38), 20 (24), 11 (70), 0 (27), 34 (61), 36 (65), 33 (42), 41 (49), 31 (59), 9 (53), 44 (76), 22 (58), 19 (80), 2 (73), 35 (84), 49 (92), 21 (74), 14 (88), 40 (90), 30 (91), 46 (97)]";16531
GRASP;50;2;31618;104.0;50;"Maquina 1: [47 (2), 29 (24), 25 (4), 17 (17), 7 (15), 33 (42), 20 (24), 31 (59), 41 (49), 36 (65), 34 (61), 13 (59), 5 (44), 32 (57), 42 (62), 28 (75), 37 (72), 22 (58), 46 (97), 12 (84), 18 (87), 3 (92), 8 (89), 24 (91), 40 (90)]";15499;"Maquina 2: [45 (8), 10 (7), 38 (15), 43 (17), 1 (38), 39 (21), 11 (70), 15 (30), 9 (53), 16 (41), 0 (27), 48 (60), 19 (80), 23 (51), 27 (81), 6 (74), 44 (76), 26 (94), 4 (68), 21 (74), 14 (88), 2 (73), 35 (84), 49 (92), 30 (91)]";16119
LNS;50;2;32389;18.0;50;"Maquina 1: [10 (7), 38 (15), 29 (24), 47 (2), 43 (17), 39 (21), 16 (41), 32 (57), 15 (30), 48 (60), 3 (92), 23 (51), 27 (81), 13 (59), 5 (44), 8 (89), 42 (62), 28 (75), 37 (72), 18 (87), 6 (74), 12 (84), 26 (94), 4 (68), 24 (91)]";16084;"Maquina 2: [25 (4), 45 (8), 7 (15), 17 (17), 1 (38), 20 (24), 11 (70), 0 (27), 34 (61), 36 (65), 33 (42), 41 (49), 31 (59), 9 (53), 44 (76), 22 (58), 19 (80), 2 (73), 35 (84), 49 (92), 21 (74), 14 (88), 40 (90), 30 (91), 46 (97)]";16305
TABÚ;50;2;32081;39.0;50;"Maquina 1: [7 (15), 10 (7), 29 (24), 20 (24), 0 (27), 32 (57), 43 (17), 11 (70), 1 (38), 33 (42), 41 (49), 31 (59), 42 (62), 34 (61), 22 (58), 12 (84), 23 (51), 27 (81), 28 (75), 37 (72), 19 (80), 24 (91), 30 (91), 46 (97), 49 (92)]";16578;"Maquina 2: [45 (8), 39 (21), 47 (2), 25 (4), 17 (17), 38 (15), 35 (84), 15 (30), 9 (53), 13 (59), 5 (44), 4 (68), 2 (73), 36 (65), 16 (41), 48 (60), 44 (76), 21 (74), 18 (87), 6 (74), 8 (89), 3 (92), 40 (90), 26 (94), 14 (88)]";15503
VNS;50;2;32182;1702.0;50;"Maquina 1: [10 (7), 38 (15), 43 (17), 47 (2), 29 (24), 20 (24), 16 (41), 32 (57), 15 (30), 48 (60), 3 (92), 23 (51), 27 (81), 13 (59), 5 (44), 42 (62), 28 (75), 37 (72), 18 (87), 19 (80), 12 (84), 26 (94), 8 (89), 30 (91), 24 (91)]";15774;"Maquina 2: [25 (4), 45 (8), 17 (17), 7 (15), 1 (38), 39 (21), 11 (70), 0 (27), 34 (61), 36 (65), 33 (42), 41 (49), 31 (59), 9 (53), 4 (68), 44 (76), 22 (58), 6 (74), 2 (73), 35 (84), 49 (92), 21 (74), 14 (88), 40 (90), 46 (97)]";16408
Multiarranque;50;2;31626;178.0;50;"Maquina 1: [45 (8), 39 (21), 47 (2), 29 (24), 38 (15), 21 (74), 17 (17), 44 (76), 15 (30), 11 (70), 41 (49), 13 (59), 31 (59), 9 (53), 37 (72), 4 (68), 14 (88), 32 (57), 34 (61), 19 (80), 35 (84), 49 (92), 24 (91), 40 (90), 46 (97)]";16080;"Maquina 2: [25 (4), 16 (41), 0 (27), 7 (15), 10 (7), 23 (51), 1 (38), 20 (24), 43 (17), 33 (42), 48 (60), 36 (65), 28 (75), 42 (62), 5 (44), 3 (92), 22 (58), 6 (74), 2 (73), 26 (94), 12 (84), 18 (87), 27 (81), 30 (91), 8 (89)]";15546
GREEDY;50;2;32517;0.0;1;"Maquina 1: [2 (29), 17 (1), 13 (5), 5 (3), 12 (35), 25 (70), 18 (12), 48 (41), 40 (18), 30 (48), 47 (43), 33 (88), 32 (53), 3 (39), 15 (72), 0 (86), 22 (79), 8 (56), 31 (90), 38 (91), 4 (61), 23 (76), 44 (96), 20 (80)]";15714;"Maquina 2: [29 (12), 42 (3), 39 (3), 16 (12), 21 (2), 34 (41), 45 (62), 10 (25), 26 (24), 11 (36), 19 (73), 46 (34), 49 (58), 6 (56), 7 (42), 36 (46), 28 (50), 41 (76), 9 (87), 24 (71), 35 (89), 14 (95), 43 (80), 1 (97), 37 (91), 27 (79)]";16803
GRASP;50;2;32291;108.0;50;"Maquina 1: [17 (1), 42 (3), 46 (34), 16 (12), 36 (46), 5 (3), 3 (39), 11 (36), 12 (35), 40 (18), 30 (48), 20 (80), 49 (58), 47 (43), 4 (61), 15 (72), 25 (70), 22 (79), 34 (41), 31 (90), 0 (86), 37 (91), 33 (88), 6 (56), 44 (96)]";16101;"Maquina 2: [13 (5), 39 (3), 21 (2), 8 (56), 2 (29), 29 (12), 10 (25), 28 (50), 18 (12), 48 (41), 45 (62), 7 (42), 26 (24), 24 (71), 35 (89), 38 (91), 41 (76), 9 (87), 14 (95), 32 (53), 19 (73), 23 (76), 43 (80), 1 (97), 27 (79)]";16190
LNS;50;2;32400;19.0;50;"Maquina 1: [2 (29), 17 (1), 13 (5), 5 (3), 12 (35), 25 (70), 18 (12), 48 (41), 40 (18), 30 (48), 47 (43), 33 (88), 32 (53), 3 (39), 15 (72), 0 (86), 22 (79), 8 (56), 31 (90), 38 (91), 4 (61), 23 (76), 44 (96), 20 (80)]";15714;"Maquina 2: [11 (36), 42 (3), 39 (3), 16 (12), 21 (2), 34 (41), 45 (62), 10 (25), 26 (24), 29 (12), 19 (73), 46 (34), 49 (58), 6 (56), 7 (42), 36 (46), 28 (50), 41 (76), 9 (87), 24 (71), 35 (89), 14 (95), 43 (80), 1 (97), 37 (91), 27 (79)]";16686
TABÚ;50;2;32731;33.0;50;"Maquina 1: [21 (2), 13 (5), 16 (12), 5 (3), 18 (12), 10 (25), 40 (18), 32 (53), 30 (48), 47 (43), 4 (61), 46 (34), 48 (41), 45 (62), 38 (91), 19 (73), 28 (50), 20 (80), 9 (87), 41 (76), 43 (80), 8 (56), 0 (86), 37 (91), 1 (97)]";16013;"Maquina 2: [17 (1), 39 (3), 42 (3), 12 (35), 7 (42), 26 (24), 2 (29), 29 (12), 34 (41), 22 (79), 3 (39), 11 (36), 36 (46), 24 (71), 6 (56), 27 (79), 49 (58), 15 (72), 25 (70), 35 (89), 23 (76), 31 (90), 33 (88), 14 (95), 44 (96)]";16718
VNS;50;2;32387;1708.0;50;"Maquina 1: [2 (29), 17 (1), 13 (5), 5 (3), 12 (35), 25 (70), 18 (12), 10 (25), 40 (18), 30 (48), 47 (43), 33 (88), 32 (53), 3 (39), 15 (72), 0 (86), 22 (79), 8 (56), 31 (90), 38 (91), 4 (61), 23 (76), 44 (96), 20 (80)]";15298;"Maquina 2: [11 (36), 42 (3), 39 (3), 16 (12), 21 (2), 34 (41), 45 (62), 48 (41), 26 (24), 29 (12), 19 (73), 46 (34), 49 (58), 6 (56), 7 (42), 36 (46), 28 (50), 41 (76), 9 (87), 24 (71), 35 (89), 14 (95), 43 (80), 1 (97), 37 (91), 27 (79)]";17089
Multiarranque;50;2;31420;154.0;50;"Maquina 1: [17 (1), 39 (3), 16 (12), 7 (42), 18 (12), 4 (61), 13 (5), 22 (79), 26 (24), 2 (29), 10 (25), 11 (36), 36 (46), 28 (50), 35 (89), 38 (91), 19 (73), 6 (56), 24 (71), 15 (72), 9 (87), 20 (80), 33 (88), 1 (97), 31 (90)]";16152;"Maquina 2: [21 (2), 12 (35), 5 (3), 29 (12), 42 (3), 46 (34), 30 (48), 3 (39), 45 (62), 48 (41), 34 (41), 40 (18), 32 (53), 49 (58), 47 (43), 41 (76), 8 (56), 25 (70), 23 (76), 43 (80), 27 (79), 0 (86), 37 (91), 14 (95), 44 (96)]";15268
GREEDY;50;2;35014;0.0;1;"Maquina 1: [3 (6), 44 (10), 49 (16), 23 (46), 12 (28), 32 (57), 45 (39), 19 (29), 11 (25), 24 (47), 29 (17), 6 (59), 38 (61), 40 (21), 14 (54), 28 (36), 18 (64), 31 (70), 5 (82), 21 (94), 20 (73), 35 (83), 4 (80), 27 (87), 0 (92)]";17088;"Maquina 2: [37 (8), 1 (14), 17 (67), 41 (57), 48 (17), 36 (47), 34 (24), 22 (29), 26 (25), 43 (46), 8 (17), 33 (59), 10 (29), 39 (91), 15 (39), 46 (42), 47 (94), 2 (83), 25 (57), 9 (62), 30 (93), 16 (85), 13 (75), 7 (81), 42 (71)]";17926
GRASP;50;2;32821;120.0;50;"Maquina 1: [37 (8), 44 (10), 8 (17), 19 (29), 11 (25), 45 (39), 48 (17), 10 (29), 14 (54), 38 (61), 15 (39), 24 (47), 25 (57), 3 (6), 42 (71), 31 (70), 6 (59), 43 (46), 4 (80), 30 (93), 5 (82), 35 (83), 47 (94), 39 (91), 9 (62)]";15694;"Maquina 2: [12 (28), 29 (17), 1 (14), 49 (16), 34 (24), 32 (57), 46 (42), 40 (21), 22 (29), 26 (25), 28 (36), 36 (47), 18 (64), 27 (87), 23 (46), 17 (67), 41 (57), 33 (59), 20 (73), 13 (75), 16 (85), 2 (83), 7 (81), 0 (92), 21 (94)]";17127
LNS;50;2;34688;20.0;50;"Maquina 1: [45 (39), 44 (10), 49 (16), 23 (46), 12 (28), 32 (57), 3 (6), 19 (29), 11 (25), 24 (47), 29 (17), 6 (59), 38 (61), 40 (21), 14 (54), 28 (36), 18 (64), 31 (70), 27 (87), 21 (94), 20 (73), 35 (83), 4 (80), 5 (82), 0 (92)]";16823;"Maquina 2: [37 (8), 1 (14), 17 (67), 41 (57), 48 (17), 36 (47), 34 (24), 22 (29), 26 (25), 43 (46), 8 (17), 33 (59), 10 (29), 39 (91), 15 (39), 46 (42), 47 (94), 13 (75), 25 (57), 9 (62), 30 (93), 16 (85), 2 (83), 7 (81), 42 (71)]";17865
TABÚ;50;2;32939;30.0;50;"Maquina 1: [3 (6), 44 (10), 37 (8), 40 (21), 34 (24), 12 (28), 11 (25), 22 (29), 23 (46), 17 (67), 28 (36), 4 (80), 14 (54), 20 (73), 46 (42), 18 (64), 33 (59), 24 (47), 2 (83), 13 (75), 39 (91), 21 (94), 38 (61), 16 (85), 27 (87)]";16879;"Maquina 2: [26 (25), 48 (17), 36 (47), 1 (14), 49 (16), 8 (17), 19 (29), 41 (57), 29 (17), 10 (29), 45 (39), 15 (39), 32 (57), 6 (59), 43 (46), 9 (62), 30 (93), 5 (82), 25 (57), 31 (70), 7 (81), 42 (71), 47 (94), 0 (92), 35 (83)]";16060
VNS;50;2;33764;1687.0;50;"Maquina 1: [43 (46), 3 (6), 8 (17), 49 (16), 23 (46), 12 (28), 32 (57), 45 (39), 19 (29), 11 (25), 24 (47), 29 (17), 6 (59), 38 (61), 40 (21), 34 (24), 14 (54), 28 (36), 18 (64), 31 (70), 16 (85), 20 (73), 35 (83), 4 (80), 27 (87), 0 (92)]";17281;"Maquina 2: [37 (8), 1 (14), 17 (67), 41 (57), 48 (17), 36 (47), 22 (29), 26 (25), 44 (10), 33 (59), 10 (29), 39 (91), 15 (39), 46 (42), 47 (94), 2 (83), 25 (57), 9 (62), 30 (93), 21 (94), 5 (82), 13 (75), 7 (81), 42 (71)]";16483
Multiarranque;50;2;32136;165.0;50;"Maquina 1: [37 (8), 1 (14), 44 (10), 49 (16), 12 (28), 40 (21), 48 (17), 34 (24), 46 (42), 14 (54), 22 (29), 10 (29), 6 (59), 11 (25), 45 (39), 24 (47), 13 (75), 35 (83), 15 (39), 38 (61), 47 (94), 32 (57), 7 (81), 0 (92), 4 (80), 9 (62), 27 (87)]";16755;"Maquina 2: [26 (25), 25 (57), 3 (6), 8 (17), 19 (29), 41 (57), 29 (17), 33 (59), 43 (46), 23 (46), 17 (67), 28 (36), 18 (64), 31 (70), 16 (85), 2 (83), 42 (71), 36 (47), 39 (91), 20 (73), 30 (93), 5 (82), 21 (94)]";15381
