GREEDY;40;8;7892;0.0;1;"Maquina 1: [1 (2), 19 (52), 17 (83), 3 (29), 16 (68)]";865;"Maquina 2: [25 (2), 7 (99), 22 (29), 9 (83), 0 (61)]";1129;"Maquina 3: [5 (11), 26 (32), 13 (57), 11 (91), 36 (68)]";931;"Maquina 4: [29 (32), 27 (15), 37 (84), 10 (53), 18 (68)]";973;"Maquina 5: [39 (57), 12 (16), 34 (34), 30 (71), 24 (83)]";884;"Maquina 6: [8 (44), 21 (18), 35 (53), 23 (91), 14 (77)]";1053;"Maquina 7: [4 (23), 32 (57), 2 (50), 20 (92), 6 (81)]";1081;"Maquina 8: [15 (53), 28 (25), 38 (50), 31 (78), 33 (89)]";976
GRASP;40;8;6262;86.0;50;"Maquina 1: [25 (2), 33 (89), 28 (25), 38 (50), 30 (71), 23 (91)]";1007;"Maquina 2: [5 (11), 34 (34), 15 (53), 32 (57), 9 (83)]";775;"Maquina 3: [26 (32), 27 (15), 11 (91), 36 (68), 16 (68)]";751;"Maquina 4: [21 (18), 13 (57), 2 (50), 0 (61), 6 (81)]";763;"Maquina 5: [12 (16), 39 (57), 19 (52), 20 (92)]";511;"Maquina 6: [35 (53), 29 (32), 22 (29), 37 (84), 7 (99)]";841;"Maquina 7: [8 (44), 3 (29), 4 (23), 31 (78), 17 (83)]";851;"Maquina 8: [1 (2), 10 (53), 18 (68), 14 (77), 24 (83)]";763
LNS;40;8;7803;1.0;50;"Maquina 1: [1 (2), 19 (52), 17 (83), 3 (29), 16 (68)]";865;"Maquina 2: [22 (29), 7 (99), 25 (2), 9 (83), 0 (61)]";1058;"Maquina 3: [5 (11), 26 (32), 13 (57), 11 (91), 36 (68)]";931;"Maquina 4: [29 (32), 27 (15), 37 (84), 10 (53), 18 (68)]";973;"Maquina 5: [39 (57), 12 (16), 34 (34), 30 (71), 24 (83)]";884;"Maquina 6: [21 (18), 8 (44), 35 (53), 23 (91), 14 (77)]";1035;"Maquina 7: [4 (23), 32 (57), 2 (50), 20 (92), 6 (81)]";1081;"Maquina 8: [15 (53), 28 (25), 38 (50), 31 (78), 33 (89)]";976
TABÚ;40;8;5847;29.0;50;"Maquina 1: [21 (18), 13 (57), 6 (81), 35 (53), 36 (68)]";831;"Maquina 2: [1 (2), 27 (15), 0 (61), 11 (91), 23 (91)]";654;"Maquina 3: [4 (23), 39 (57), 12 (16), 14 (77), 24 (83)]";720;"Maquina 4: [34 (34), 26 (32), 19 (52), 17 (83), 31 (78)]";758;"Maquina 5: [25 (2), 2 (50), 20 (92), 8 (44), 9 (83)]";717;"Maquina 6: [5 (11), 3 (29), 15 (53), 10 (53), 16 (68), 7 (99)]";854;"Maquina 7: [28 (25), 38 (50), 30 (71), 32 (57), 18 (68)]";770;"Maquina 8: [29 (32), 22 (29), 37 (84), 33 (89)]";543
VNS;40;8;6827;1408.0;50;"Maquina 1: [1 (2), 5 (11), 3 (29), 17 (83), 18 (68), 31 (78)]";968;"Maquina 2: [25 (2), 35 (53), 22 (29), 37 (84)]";382;"Maquina 3: [26 (32), 13 (57), 2 (50), 11 (91), 36 (68)]";900;"Maquina 4: [29 (32), 27 (15), 0 (61), 10 (53), 7 (99), 16 (68)]";1316;"Maquina 5: [39 (57), 12 (16), 34 (34), 30 (71), 33 (89)]";890;"Maquina 6: [8 (44), 21 (18), 15 (53), 23 (91), 14 (77)]";828;"Maquina 7: [4 (23), 32 (57), 9 (83), 20 (92), 6 (81)]";995;"Maquina 8: [28 (25), 38 (50), 19 (52), 24 (83)]";548
Multiarranque;40;8;6799;94.0;50;"Maquina 1: [5 (11), 3 (29), 15 (53), 18 (68), 16 (68), 7 (99)]";1007;"Maquina 2: [27 (15), 34 (34), 31 (78), 13 (57), 11 (91)]";787;"Maquina 3: [12 (16), 8 (44), 30 (71), 32 (57), 17 (83)]";782;"Maquina 4: [1 (2), 10 (53), 36 (68), 33 (89), 26 (32)]";759;"Maquina 5: [29 (32), 25 (2), 39 (57), 35 (53), 37 (84)]";759;"Maquina 6: [21 (18), 2 (50), 28 (25), 20 (92), 24 (83)]";895;"Maquina 7: [4 (23), 38 (50), 9 (83), 0 (61), 23 (91)]";1109;"Maquina 8: [22 (29), 14 (77), 19 (52), 6 (81)]";701
GREEDY;40;8;7333;0.0;1;"Maquina 1: [9 (1), 22 (59), 6 (71), 20 (28), 5 (91)]";961;"Maquina 2: [23 (2), 25 (28), 7 (60), 18 (37), 35 (79)]";686;"Maquina 3: [28 (2), 17 (30), 15 (63), 34 (42), 14 (81)]";864;"Maquina 4: [31 (4), 27 (32), 30 (85), 10 (38), 0 (61)]";908;"Maquina 5: [2 (7), 26 (46), 12 (63), 11 (33), 39 (79)]";711;"Maquina 6: [4 (34), 24 (11), 8 (68), 29 (53), 32 (88)]";942;"Maquina 7: [21 (34), 1 (98), 3 (20), 38 (59), 16 (73)]";1078;"Maquina 8: [37 (34), 19 (23), 36 (59), 33 (74), 13 (98)]";1183
GRASP;40;8;5521;89.0;50;"Maquina 1: [20 (28), 23 (2), 3 (20), 8 (68), 30 (85)]";479;"Maquina 2: [2 (7), 4 (34), 38 (59), 34 (42), 33 (74)]";573;"Maquina 3: [31 (4), 27 (32), 26 (46), 15 (63), 5 (91)]";641;"Maquina 4: [9 (1), 39 (79), 36 (59), 6 (71), 1 (98)]";870;"Maquina 5: [19 (23), 24 (11), 16 (73), 29 (53), 32 (88)]";722;"Maquina 6: [28 (2), 18 (37), 21 (34), 37 (34), 12 (63)]";571;"Maquina 7: [10 (38), 17 (30), 35 (79), 22 (59), 7 (60)]";878;"Maquina 8: [25 (28), 11 (33), 0 (61), 13 (98), 14 (81)]";787
LNS;40;8;7119;2.0;50;"Maquina 1: [22 (59), 9 (1), 6 (71), 20 (28), 5 (91)]";932;"Maquina 2: [23 (2), 25 (28), 7 (60), 18 (37), 35 (79)]";686;"Maquina 3: [17 (30), 28 (2), 15 (63), 34 (42), 14 (81)]";829;"Maquina 4: [27 (32), 31 (4), 30 (85), 10 (38), 0 (61)]";880;"Maquina 5: [2 (7), 26 (46), 12 (63), 11 (33), 39 (79)]";711;"Maquina 6: [4 (34), 24 (11), 8 (68), 29 (53), 32 (88)]";942;"Maquina 7: [21 (34), 1 (98), 3 (20), 38 (59), 16 (73)]";1078;"Maquina 8: [36 (59), 37 (34), 19 (23), 33 (74), 13 (98)]";1061
TABÚ;40;8;5716;29.0;50;"Maquina 1: [28 (2), 9 (1), 21 (34), 14 (81), 39 (79)]";541;"Maquina 2: [20 (28), 23 (2), 26 (46), 15 (63), 5 (91)]";539;"Maquina 3: [37 (34), 17 (30), 27 (32), 7 (60), 12 (63)]";742;"Maquina 4: [10 (38), 24 (11), 35 (79), 11 (33), 36 (59)]";713;"Maquina 5: [31 (4), 4 (34), 29 (53), 18 (37), 30 (85)]";689;"Maquina 6: [2 (7), 13 (98), 25 (28), 16 (73), 32 (88)]";832;"Maquina 7: [19 (23), 22 (59), 6 (71), 8 (68), 33 (74)]";853;"Maquina 8: [3 (20), 38 (59), 34 (42), 0 (61), 1 (98)]";807
VNS;40;8;6365;1560.0;50;"Maquina 1: [9 (1), 36 (59), 6 (71), 35 (79), 5 (91)]";895;"Maquina 2: [23 (2), 25 (28), 7 (60), 18 (37), 34 (42), 32 (88)]";925;"Maquina 3: [10 (38), 17 (30), 28 (2), 27 (32), 13 (98)]";675;"Maquina 4: [31 (4), 8 (68), 30 (85), 14 (81)]";536;"Maquina 5: [2 (7), 26 (46), 12 (63), 11 (33), 20 (28), 39 (79)]";1011;"Maquina 6: [4 (34), 24 (11), 15 (63), 29 (53)]";438;"Maquina 7: [37 (34), 21 (34), 1 (98), 3 (20), 38 (59), 16 (73)]";1342;"Maquina 8: [19 (23), 22 (59), 0 (61), 33 (74)]";543
Multiarranque;40;8;6059;94.0;50;"Maquina 1: [25 (28), 31 (4), 34 (42), 29 (53), 14 (81)]";639;"Maquina 2: [23 (2), 3 (20), 28 (2), 10 (38), 26 (46), 33 (74)]";609;"Maquina 3: [7 (60), 18 (37), 20 (28), 4 (34), 5 (91)]";766;"Maquina 4: [2 (7), 17 (30), 0 (61), 15 (63), 1 (98)]";789;"Maquina 5: [37 (34), 36 (59), 38 (59), 8 (68)]";650;"Maquina 6: [19 (23), 24 (11), 16 (73), 39 (79), 12 (63)]";810;"Maquina 7: [27 (32), 21 (34), 32 (88), 6 (71), 35 (79)]";929;"Maquina 8: [11 (33), 9 (1), 13 (98), 22 (59), 30 (85)]";867
GREEDY;40;8;5353;0.0;1;"Maquina 1: [2 (34), 26 (2), 21 (63), 25 (19), 20 (92)]";620;"Maquina 2: [35 (6), 32 (21), 10 (36), 27 (74), 0 (97)]";736;"Maquina 3: [36 (6), 16 (23), 22 (33), 1 (58), 24 (89)]";587;"Maquina 4: [28 (25), 11 (7), 38 (34), 39 (91), 3 (61)]";583;"Maquina 5: [9 (12), 8 (51), 31 (86), 5 (29), 30 (99)]";786;"Maquina 6: [17 (13), 13 (44), 18 (30), 14 (79), 7 (94)]";677;"Maquina 7: [37 (15), 23 (32), 15 (43), 12 (83), 33 (98)]";736;"Maquina 8: [4 (19), 34 (32), 19 (43), 29 (66), 6 (94)]";628
GRASP;40;8;4906;91.0;50;"Maquina 1: [35 (6), 16 (23), 22 (33), 2 (34), 31 (86)]";486;"Maquina 2: [4 (19), 32 (21), 5 (29), 6 (94), 0 (97)]";615;"Maquina 3: [9 (12), 1 (58), 38 (34), 12 (83), 33 (98)]";709;"Maquina 4: [17 (13), 10 (36), 28 (25), 14 (79), 7 (94)]";650;"Maquina 5: [37 (15), 36 (6), 15 (43), 30 (99), 29 (66)]";570;"Maquina 6: [11 (7), 23 (32), 21 (63), 13 (44), 20 (92)]";608;"Maquina 7: [26 (2), 18 (30), 19 (43), 27 (74), 24 (89)]";602;"Maquina 8: [34 (32), 25 (19), 8 (51), 3 (61), 39 (91)]";666
LNS;40;8;5336;2.0;50;"Maquina 1: [2 (34), 26 (2), 21 (63), 25 (19), 20 (92)]";620;"Maquina 2: [35 (6), 32 (21), 10 (36), 27 (74), 0 (97)]";736;"Maquina 3: [36 (6), 22 (33), 16 (23), 1 (58), 24 (89)]";580;"Maquina 4: [28 (25), 11 (7), 38 (34), 39 (91), 3 (61)]";583;"Maquina 5: [9 (12), 8 (51), 31 (86), 5 (29), 30 (99)]";786;"Maquina 6: [17 (13), 13 (44), 18 (30), 14 (79), 7 (94)]";677;"Maquina 7: [37 (15), 15 (43), 23 (32), 12 (83), 33 (98)]";726;"Maquina 8: [4 (19), 34 (32), 19 (43), 29 (66), 6 (94)]";628
TABÚ;40;8;5041;29.0;50;"Maquina 1: [36 (6), 16 (23), 28 (25), 12 (83), 7 (94)]";552;"Maquina 2: [32 (21), 26 (2), 29 (66), 2 (34), 31 (86)]";514;"Maquina 3: [13 (44), 11 (7), 38 (34), 23 (32), 30 (99)]";578;"Maquina 4: [35 (6), 3 (61), 27 (74), 0 (97), 39 (91)]";839;"Maquina 5: [4 (19), 9 (12), 33 (98), 15 (43), 21 (63)]";613;"Maquina 6: [17 (13), 1 (58), 18 (30), 8 (51), 6 (94)]";695;"Maquina 7: [25 (19), 34 (32), 10 (36), 14 (79), 24 (89)]";692;"Maquina 8: [37 (15), 5 (29), 22 (33), 19 (43), 20 (92)]";558
VNS;40;8;5005;1747.0;50;"Maquina 1: [35 (6), 37 (15), 26 (2), 21 (63), 8 (51), 20 (92)]";641;"Maquina 2: [9 (12), 25 (19), 32 (21), 18 (30), 27 (74), 0 (97)]";731;"Maquina 3: [36 (6), 22 (33), 16 (23), 1 (58), 24 (89)]";580;"Maquina 4: [28 (25), 11 (7), 38 (34), 39 (91), 3 (61)]";583;"Maquina 5: [2 (34), 31 (86), 5 (29), 30 (99)]";579;"Maquina 6: [17 (13), 13 (44), 10 (36), 14 (79), 7 (94)]";700;"Maquina 7: [15 (43), 23 (32), 12 (83), 33 (98)]";563;"Maquina 8: [4 (19), 34 (32), 19 (43), 29 (66), 6 (94)]";628
Multiarranque;40;8;5132;95.0;50;"Maquina 1: [11 (7), 35 (6), 2 (34), 19 (43), 39 (91), 7 (94)]";730;"Maquina 2: [9 (12), 34 (32), 23 (32), 12 (83), 20 (92)]";585;"Maquina 3: [10 (36), 28 (25), 14 (79), 30 (99)]";547;"Maquina 4: [17 (13), 13 (44), 18 (30), 25 (19), 1 (58)]";552;"Maquina 5: [22 (33), 16 (23), 3 (61), 27 (74), 6 (94)]";751;"Maquina 6: [36 (6), 26 (2), 38 (34), 4 (19), 21 (63), 31 (86)]";629;"Maquina 7: [32 (21), 5 (29), 8 (51), 29 (66), 0 (97)]";743;"Maquina 8: [37 (15), 15 (43), 33 (98), 24 (89)]";595
GREEDY;40;8;5987;0.0;1;"Maquina 1: [31 (5), 10 (27), 15 (49), 17 (62), 25 (74)]";626;"Maquina 2: [0 (10), 6 (28), 12 (50), 30 (74), 34 (63)]";668;"Maquina 3: [4 (29), 2 (14), 3 (75), 27 (50), 32 (65)]";624;"Maquina 4: [38 (16), 16 (29), 18 (50), 9 (64), 26 (77)]";725;"Maquina 5: [19 (31), 7 (17), 24 (69), 37 (51), 36 (98)]";844;"Maquina 6: [20 (20), 8 (59), 29 (38), 23 (70), 14 (88)]";791;"Maquina 7: [39 (24), 22 (39), 11 (53), 1 (74), 28 (99)]";905;"Maquina 8: [35 (25), 5 (61), 33 (46), 13 (71), 21 (95)]";804
GRASP;40;8;5477;93.0;50;"Maquina 1: [2 (14), 10 (27), 18 (50), 24 (69), 21 (95)]";657;"Maquina 2: [4 (29), 16 (29), 19 (31), 34 (63), 32 (65)]";592;"Maquina 3: [0 (10), 6 (28), 11 (53), 8 (59), 26 (77)]";623;"Maquina 4: [35 (25), 22 (39), 33 (46), 3 (75), 28 (99)]";747;"Maquina 5: [20 (20), 7 (17), 30 (74), 5 (61), 14 (88)]";629;"Maquina 6: [29 (38), 38 (16), 12 (50), 9 (64), 25 (74)]";692;"Maquina 7: [39 (24), 37 (51), 27 (50), 13 (71), 23 (70)]";748;"Maquina 8: [31 (5), 15 (49), 17 (62), 36 (98), 1 (74)]";789
LNS;40;8;5959;2.0;50;"Maquina 1: [31 (5), 10 (27), 15 (49), 17 (62), 25 (74)]";626;"Maquina 2: [0 (10), 6 (28), 12 (50), 30 (74), 34 (63)]";668;"Maquina 3: [4 (29), 2 (14), 3 (75), 27 (50), 32 (65)]";624;"Maquina 4: [38 (16), 16 (29), 18 (50), 9 (64), 26 (77)]";725;"Maquina 5: [7 (17), 19 (31), 24 (69), 37 (51), 36 (98)]";823;"Maquina 6: [20 (20), 8 (59), 29 (38), 23 (70), 14 (88)]";791;"Maquina 7: [39 (24), 1 (74), 11 (53), 22 (39), 28 (99)]";898;"Maquina 8: [35 (25), 5 (61), 33 (46), 13 (71), 21 (95)]";804
TABÚ;40;8;5524;29.0;50;"Maquina 1: [2 (14), 3 (75), 29 (38), 27 (50), 30 (74)]";714;"Maquina 2: [7 (17), 38 (16), 24 (69), 13 (71), 14 (88)]";686;"Maquina 3: [31 (5), 15 (49), 19 (31), 9 (64), 25 (74)]";585;"Maquina 4: [16 (29), 0 (10), 32 (65), 12 (50), 11 (53)]";608;"Maquina 5: [20 (20), 22 (39), 33 (46), 1 (74), 28 (99)]";702;"Maquina 6: [39 (24), 37 (51), 17 (62), 23 (70), 36 (98)]";835;"Maquina 7: [6 (28), 35 (25), 8 (59), 26 (77), 34 (63)]";702;"Maquina 8: [10 (27), 4 (29), 5 (61), 18 (50), 21 (95)]";692
VNS;40;8;5717;1824.0;50;"Maquina 1: [31 (5), 10 (27), 15 (49), 17 (62), 25 (74)]";626;"Maquina 2: [22 (39), 12 (50), 30 (74), 34 (63)]";621;"Maquina 3: [4 (29), 2 (14), 3 (75), 27 (50), 14 (88)]";656;"Maquina 4: [38 (16), 16 (29), 19 (31), 18 (50), 9 (64), 26 (77)]";825;"Maquina 5: [7 (17), 32 (65), 37 (51), 36 (98)]";538;"Maquina 6: [0 (10), 20 (20), 8 (59), 29 (38), 23 (70), 24 (69)]";922;"Maquina 7: [39 (24), 6 (28), 11 (53), 1 (74), 28 (99)]";725;"Maquina 8: [35 (25), 5 (61), 33 (46), 13 (71), 21 (95)]";804
Multiarranque;40;8;5724;93.0;50;"Maquina 1: [22 (39), 7 (17), 1 (74), 8 (59), 23 (70)]";783;"Maquina 2: [29 (38), 38 (16), 12 (50), 9 (64), 26 (77)]";700;"Maquina 3: [31 (5), 20 (20), 15 (49), 37 (51), 16 (29), 25 (74)]";745;"Maquina 4: [35 (25), 39 (24), 5 (61), 30 (74), 17 (62)]";770;"Maquina 5: [10 (27), 33 (46), 13 (71), 36 (98)]";522;"Maquina 6: [6 (28), 18 (50), 34 (63), 3 (75), 21 (95)]";843;"Maquina 7: [2 (14), 0 (10), 27 (50), 4 (29), 32 (65), 28 (99)]";769;"Maquina 8: [19 (31), 24 (69), 11 (53), 14 (88)]";592
GREEDY;40;8;5063;0.0;1;"Maquina 1: [19 (9), 9 (2), 18 (29), 32 (80), 25 (56)]";553;"Maquina 2: [31 (10), 30 (2), 6 (43), 16 (67), 24 (90)]";653;"Maquina 3: [10 (13), 3 (4), 35 (31), 15 (56), 22 (98), 37 (77)]";828;"Maquina 4: [7 (4), 38 (18), 0 (34), 1 (66), 5 (85)]";641;"Maquina 5: [26 (33), 12 (5), 20 (20), 36 (82), 14 (67)]";563;"Maquina 6: [33 (20), 17 (6), 34 (67), 28 (46), 29 (89)]";647;"Maquina 7: [4 (23), 23 (7), 11 (48), 27 (74), 39 (96)]";703;"Maquina 8: [8 (8), 2 (27), 13 (52), 21 (76)]";475
GRASP;40;8;4364;91.0;50;"Maquina 1: [17 (6), 9 (2), 38 (18), 15 (56), 5 (85)]";349;"Maquina 2: [10 (13), 3 (4), 1 (66), 36 (82), 28 (46)]";572;"Maquina 3: [31 (10), 30 (2), 20 (20), 6 (43), 16 (67)]";400;"Maquina 4: [12 (5), 18 (29), 14 (67), 32 (80), 24 (90)]";656;"Maquina 5: [33 (20), 19 (9), 35 (31), 34 (67), 37 (77)]";511;"Maquina 6: [8 (8), 27 (74), 26 (33), 21 (76), 22 (98)]";776;"Maquina 7: [23 (7), 13 (52), 11 (48), 2 (27), 39 (96)]";564;"Maquina 8: [0 (34), 4 (23), 7 (4), 25 (56), 29 (89)]";536
LNS;40;8;5054;1.0;50;"Maquina 1: [19 (9), 9 (2), 18 (29), 32 (80), 25 (56)]";553;"Maquina 2: [31 (10), 30 (2), 16 (67), 6 (43), 24 (90)]";644;"Maquina 3: [10 (13), 3 (4), 35 (31), 15 (56), 22 (98), 37 (77)]";828;"Maquina 4: [7 (4), 38 (18), 0 (34), 1 (66), 5 (85)]";641;"Maquina 5: [26 (33), 12 (5), 20 (20), 36 (82), 14 (67)]";563;"Maquina 6: [33 (20), 17 (6), 34 (67), 28 (46), 29 (89)]";647;"Maquina 7: [4 (23), 23 (7), 11 (48), 27 (74), 39 (96)]";703;"Maquina 8: [8 (8), 2 (27), 13 (52), 21 (76)]";475
TABÚ;40;8;4301;28.0;50;"Maquina 1: [30 (2), 33 (20), 20 (20), 5 (85), 37 (77)]";447;"Maquina 2: [3 (4), 35 (31), 23 (7), 27 (74), 36 (82)]";480;"Maquina 3: [38 (18), 25 (56), 28 (46), 1 (66), 32 (80)]";734;"Maquina 4: [10 (13), 2 (27), 26 (33), 16 (67), 34 (67)]";553;"Maquina 5: [7 (4), 9 (2), 17 (6), 14 (67), 24 (90)]";307;"Maquina 6: [12 (5), 6 (43), 4 (23), 0 (34), 39 (96)]";564;"Maquina 7: [18 (29), 8 (8), 15 (56), 11 (48), 21 (76)]";572;"Maquina 8: [31 (10), 13 (52), 19 (9), 22 (98), 29 (89)]";644
VNS;40;8;4525;1299.0;50;"Maquina 1: [19 (9), 9 (2), 31 (10), 18 (29), 8 (8), 25 (56), 32 (80)]";597;"Maquina 2: [30 (2), 16 (67), 6 (43), 29 (89)]";482;"Maquina 3: [10 (13), 3 (4), 35 (31), 1 (66), 37 (77)]";452;"Maquina 4: [7 (4), 2 (27), 38 (18), 15 (56), 5 (85)]";454;"Maquina 5: [26 (33), 12 (5), 20 (20), 36 (82), 14 (67)]";563;"Maquina 6: [33 (20), 17 (6), 34 (67), 28 (46), 24 (90)]";632;"Maquina 7: [4 (23), 23 (7), 11 (48), 27 (74), 39 (96)]";703;"Maquina 8: [0 (34), 13 (52), 21 (76), 22 (98)]";642
Multiarranque;40;8;4540;94.0;50;"Maquina 1: [9 (2), 6 (43), 7 (4), 13 (52), 22 (98)]";528;"Maquina 2: [16 (67), 18 (29), 21 (76), 27 (74)]";611;"Maquina 3: [2 (27), 17 (6), 12 (5), 28 (46), 36 (82)]";450;"Maquina 4: [19 (9), 20 (20), 15 (56), 5 (85), 14 (67)]";659;"Maquina 5: [3 (4), 35 (31), 1 (66), 25 (56), 34 (67)]";575;"Maquina 6: [30 (2), 23 (7), 8 (8), 31 (10), 11 (48), 32 (80), 24 (90)]";686;"Maquina 7: [0 (34), 38 (18), 29 (89), 37 (77)]";533;"Maquina 8: [10 (13), 4 (23), 26 (33), 33 (20), 39 (96)]";498
GREEDY;40;8;6805;0.0;1;"Maquina 1: [32 (17), 19 (45), 18 (1), 4 (66), 36 (83), 11 (97)]";1041;"Maquina 2: [9 (9), 0 (59), 7 (18), 39 (93), 28 (76)]";989;"Maquina 3: [10 (10), 38 (23), 16 (37), 14 (64), 29 (84)]";695;"Maquina 4: [3 (24), 15 (13), 12 (56), 37 (72), 13 (88)]";923;"Maquina 5: [31 (39), 33 (31), 6 (16), 27 (70), 5 (87)]";810;"Maquina 6: [30 (16), 22 (34), 35 (38), 25 (67), 1 (86)]";808;"Maquina 7: [34 (40), 8 (36), 21 (17), 23 (70), 2 (86)]";868;"Maquina 8: [20 (78), 24 (17), 26 (36), 17 (63)]";671
GRASP;40;8;5654;91.0;50;"Maquina 1: [10 (10), 38 (23), 0 (59), 31 (39), 36 (83)]";531;"Maquina 2: [32 (17), 14 (64), 11 (97), 33 (31), 4 (66)]";877;"Maquina 3: [6 (16), 12 (56), 22 (34), 25 (67), 28 (76)]";701;"Maquina 4: [15 (13), 18 (1), 16 (37), 1 (86), 39 (93)]";506;"Maquina 5: [24 (17), 9 (9), 3 (24), 35 (38), 23 (70)]";576;"Maquina 6: [30 (16), 26 (36), 5 (87), 20 (78), 13 (88)]";931;"Maquina 7: [34 (40), 8 (36), 21 (17), 27 (70), 29 (84)]";720;"Maquina 8: [7 (18), 17 (63), 19 (45), 37 (72), 2 (86)]";812
LNS;40;8;6805;1.0;50;"Maquina 1: [32 (17), 19 (45), 18 (1), 4 (66), 36 (83), 11 (97)]";1041;"Maquina 2: [9 (9), 0 (59), 7 (18), 39 (93), 28 (76)]";989;"Maquina 3: [10 (10), 38 (23), 16 (37), 14 (64), 29 (84)]";695;"Maquina 4: [3 (24), 15 (13), 12 (56), 37 (72), 13 (88)]";923;"Maquina 5: [31 (39), 33 (31), 6 (16), 27 (70), 5 (87)]";810;"Maquina 6: [30 (16), 22 (34), 35 (38), 25 (67), 1 (86)]";808;"Maquina 7: [34 (40), 8 (36), 21 (17), 23 (70), 2 (86)]";868;"Maquina 8: [20 (78), 24 (17), 26 (36), 17 (63)]";671
TABÚ;40;8;5721;29.0;50;"Maquina 1: [24 (17), 16 (37), 3 (24), 25 (67), 13 (88), 36 (83)]";1057;"Maquina 2: [15 (13), 19 (45), 37 (72), 4 (66), 2 (86)]";762;"Maquina 3: [6 (16), 35 (38), 30 (16), 5 (87), 20 (78)]";730;"Maquina 4: [9 (9), 38 (23), 0 (59), 23 (70), 1 (86)]";630;"Maquina 5: [8 (36), 21 (17), 14 (64), 33 (31), 12 (56)]";652;"Maquina 6: [10 (10), 26 (36), 18 (1), 17 (63), 11 (97)]";554;"Maquina 7: [31 (39), 34 (40), 22 (34), 7 (18), 39 (93)]";711;"Maquina 8: [32 (17), 27 (70), 29 (84), 28 (76)]";625
VNS;40;8;6293;2201.0;50;"Maquina 1: [32 (17), 19 (45), 18 (1), 4 (66), 11 (97)]";651;"Maquina 2: [9 (9), 38 (23), 0 (59), 7 (18), 39 (93), 28 (76)]";893;"Maquina 3: [10 (10), 16 (37), 14 (64), 17 (63)]";503;"Maquina 4: [3 (24), 26 (36), 12 (56), 37 (72), 13 (88)]";880;"Maquina 5: [31 (39), 33 (31), 6 (16), 27 (70), 5 (87)]";810;"Maquina 6: [30 (16), 22 (34), 35 (38), 25 (67), 1 (86)]";808;"Maquina 7: [20 (78), 24 (17), 23 (70), 21 (17), 2 (86)]";1016;"Maquina 8: [34 (40), 8 (36), 15 (13), 29 (84), 36 (83)]";732
Multiarranque;40;8;6463;95.0;50;"Maquina 1: [8 (36), 33 (31), 4 (66), 29 (84), 14 (64)]";828;"Maquina 2: [38 (23), 9 (9), 15 (13), 19 (45), 2 (86), 28 (76)]";840;"Maquina 3: [35 (38), 3 (24), 37 (72), 32 (17), 11 (97)]";885;"Maquina 4: [0 (59), 7 (18), 39 (93), 20 (78)]";675;"Maquina 5: [18 (1), 10 (10), 34 (40), 13 (88), 25 (67)]";553;"Maquina 6: [30 (16), 22 (34), 36 (83), 16 (37), 5 (87)]";910;"Maquina 7: [31 (39), 12 (56), 6 (16), 17 (63), 26 (36)]";870;"Maquina 8: [24 (17), 21 (17), 27 (70), 1 (86), 23 (70)]";902
GREEDY;40;8;7760;0.0;1;"Maquina 1: [16 (19), 7 (2), 31 (49), 33 (91), 11 (74)]";1013;"Maquina 2: [25 (25), 22 (8), 23 (39), 2 (74), 6 (91)]";984;"Maquina 3: [12 (27), 30 (8), 38 (69), 4 (41), 5 (88)]";968;"Maquina 4: [26 (45), 17 (10), 13 (29), 24 (63), 8 (85)]";815;"Maquina 5: [19 (10), 18 (55), 3 (31), 15 (69), 14 (87)]";806;"Maquina 6: [39 (32), 28 (16), 9 (54), 36 (94), 27 (74)]";1067;"Maquina 7: [29 (16), 21 (56), 35 (96), 34 (33), 37 (79)]";1111;"Maquina 8: [10 (39), 20 (59), 32 (18), 1 (94), 0 (79)]";996
GRASP;40;8;5632;88.0;50;"Maquina 1: [22 (8), 13 (29), 32 (18), 0 (79), 5 (88)]";552;"Maquina 2: [19 (10), 21 (56), 35 (96), 26 (45), 2 (74)]";785;"Maquina 3: [31 (49), 25 (25), 39 (32), 1 (94), 8 (85)]";804;"Maquina 4: [30 (8), 34 (33), 14 (87), 24 (63), 6 (91)]";725;"Maquina 5: [4 (41), 20 (59), 3 (31), 33 (91), 15 (69)]";884;"Maquina 6: [29 (16), 17 (10), 18 (55), 27 (74), 38 (69)]";611;"Maquina 7: [10 (39), 16 (19), 28 (16), 9 (54), 11 (74)]";593;"Maquina 8: [7 (2), 12 (27), 37 (79), 23 (39), 36 (94)]";678
LNS;40;8;7665;1.0;50;"Maquina 1: [16 (19), 7 (2), 31 (49), 33 (91), 11 (74)]";1013;"Maquina 2: [25 (25), 22 (8), 23 (39), 2 (74), 6 (91)]";984;"Maquina 3: [4 (41), 30 (8), 38 (69), 12 (27), 5 (88)]";890;"Maquina 4: [26 (45), 17 (10), 13 (29), 24 (63), 8 (85)]";815;"Maquina 5: [19 (10), 18 (55), 3 (31), 15 (69), 14 (87)]";806;"Maquina 6: [39 (32), 28 (16), 9 (54), 36 (94), 27 (74)]";1067;"Maquina 7: [34 (33), 21 (56), 35 (96), 29 (16), 37 (79)]";1094;"Maquina 8: [10 (39), 20 (59), 32 (18), 1 (94), 0 (79)]";996
TABÚ;40;8;6083;28.0;50;"Maquina 1: [19 (10), 21 (56), 28 (16), 11 (74), 35 (96)]";685;"Maquina 2: [25 (25), 22 (8), 26 (45), 15 (69), 0 (79), 24 (63)]";1049;"Maquina 3: [39 (32), 13 (29), 7 (2), 31 (49), 37 (79), 1 (94)]";933;"Maquina 4: [17 (10), 18 (55), 4 (41), 6 (91)]";457;"Maquina 5: [29 (16), 32 (18), 38 (69), 12 (27), 36 (94)]";680;"Maquina 6: [30 (8), 20 (59), 3 (31), 27 (74), 33 (91)]";817;"Maquina 7: [23 (39), 34 (33), 9 (54), 14 (87)]";524;"Maquina 8: [10 (39), 16 (19), 8 (85), 2 (74), 5 (88)]";938
VNS;40;8;6864;1496.0;50;"Maquina 1: [7 (2), 31 (49), 33 (91), 16 (19)]";579;"Maquina 2: [25 (25), 22 (8), 27 (74), 4 (41), 6 (91)]";800;"Maquina 3: [12 (27), 30 (8), 38 (69), 20 (59), 5 (88)]";759;"Maquina 4: [26 (45), 17 (10), 11 (74), 29 (16), 23 (39), 8 (85)]";1023;"Maquina 5: [19 (10), 18 (55), 3 (31), 15 (69), 36 (94)]";864;"Maquina 6: [39 (32), 28 (16), 9 (54), 14 (87), 24 (63)]";877;"Maquina 7: [2 (74), 21 (56), 35 (96), 34 (33), 37 (79)]";1137;"Maquina 8: [10 (39), 13 (29), 32 (18), 1 (94), 0 (79)]";825
Multiarranque;40;8;6513;90.0;50;"Maquina 1: [12 (27), 14 (87), 10 (39), 33 (91)]";748;"Maquina 2: [22 (8), 13 (29), 36 (94), 38 (69), 27 (74)]";815;"Maquina 3: [0 (79), 5 (88), 15 (69), 6 (91)]";899;"Maquina 4: [21 (56), 30 (8), 23 (39), 34 (33), 37 (79), 16 (19)]";964;"Maquina 5: [3 (31), 1 (94), 8 (85), 2 (74)]";738;"Maquina 6: [19 (10), 7 (2), 31 (49), 39 (32), 25 (25), 9 (54)]";729;"Maquina 7: [4 (41), 26 (45), 24 (63), 17 (10), 35 (96)]";822;"Maquina 8: [32 (18), 29 (16), 28 (16), 11 (74), 20 (59), 18 (55)]";798
GREEDY;40;8;5623;0.0;1;"Maquina 1: [19 (2), 23 (25), 29 (73), 5 (54), 24 (41)]";576;"Maquina 2: [8 (3), 16 (44), 21 (28), 0 (64), 32 (85)]";686;"Maquina 3: [1 (4), 27 (28), 33 (44), 38 (67), 20 (92)]";723;"Maquina 4: [15 (4), 34 (41), 6 (29), 30 (84), 22 (55)]";678;"Maquina 5: [35 (9), 28 (29), 25 (48), 17 (36), 2 (80)]";605;"Maquina 6: [7 (10), 37 (44), 4 (30), 11 (58), 39 (90)]";713;"Maquina 7: [3 (35), 10 (25), 26 (45), 36 (72), 9 (98)]";851;"Maquina 8: [18 (25), 14 (46), 13 (72), 31 (35), 12 (97)]";791
GRASP;40;8;4838;90.0;50;"Maquina 1: [8 (3), 27 (28), 18 (25), 21 (28), 32 (85)]";397;"Maquina 2: [4 (30), 13 (72), 10 (25), 25 (48), 39 (90)]";794;"Maquina 3: [1 (4), 6 (29), 11 (58), 26 (45), 30 (84)]";524;"Maquina 4: [7 (10), 28 (29), 20 (92), 3 (35), 29 (73)]";627;"Maquina 5: [15 (4), 19 (2), 34 (41), 14 (46), 2 (80)]";380;"Maquina 6: [35 (9), 37 (44), 5 (54), 24 (41), 9 (98)]";640;"Maquina 7: [23 (25), 31 (35), 33 (44), 36 (72), 0 (64)]";671;"Maquina 8: [17 (36), 16 (44), 38 (67), 22 (55), 12 (97)]";805
LNS;40;8;5623;1.0;50;"Maquina 1: [19 (2), 23 (25), 29 (73), 5 (54), 24 (41)]";576;"Maquina 2: [8 (3), 16 (44), 21 (28), 0 (64), 32 (85)]";686;"Maquina 3: [1 (4), 27 (28), 33 (44), 38 (67), 20 (92)]";723;"Maquina 4: [15 (4), 34 (41), 6 (29), 30 (84), 22 (55)]";678;"Maquina 5: [35 (9), 28 (29), 25 (48), 17 (36), 2 (80)]";605;"Maquina 6: [7 (10), 37 (44), 4 (30), 11 (58), 39 (90)]";713;"Maquina 7: [3 (35), 10 (25), 26 (45), 36 (72), 9 (98)]";851;"Maquina 8: [18 (25), 14 (46), 13 (72), 31 (35), 12 (97)]";791
TABÚ;40;8;4919;28.0;50;"Maquina 1: [8 (3), 26 (45), 14 (46), 13 (72), 2 (80)]";633;"Maquina 2: [15 (4), 19 (2), 18 (25), 33 (44), 38 (67), 39 (90)]";609;"Maquina 3: [1 (4), 10 (25), 16 (44), 27 (28), 32 (85)]";454;"Maquina 4: [35 (9), 21 (28), 25 (48), 24 (41), 9 (98)]";548;"Maquina 5: [31 (35), 7 (10), 22 (55), 6 (29), 11 (58)]";596;"Maquina 6: [23 (25), 5 (54), 17 (36), 36 (72)]";456;"Maquina 7: [3 (35), 37 (44), 0 (64), 29 (73), 20 (92)]";802;"Maquina 8: [28 (29), 34 (41), 4 (30), 12 (97), 30 (84)]";821
VNS;40;8;5135;1651.0;50;"Maquina 1: [4 (30), 22 (55), 19 (2), 21 (28), 12 (97)]";637;"Maquina 2: [8 (3), 5 (54), 24 (41), 0 (64), 32 (85)]";636;"Maquina 3: [1 (4), 6 (29), 27 (28), 33 (44), 38 (67), 20 (92)]";753;"Maquina 4: [15 (4), 7 (10), 34 (41), 29 (73), 30 (84)]";496;"Maquina 5: [35 (9), 28 (29), 25 (48), 31 (35), 16 (44)]";487;"Maquina 6: [37 (44), 23 (25), 11 (58), 39 (90)]";535;"Maquina 7: [3 (35), 10 (25), 26 (45), 17 (36), 36 (72)]";743;"Maquina 8: [18 (25), 14 (46), 13 (72), 2 (80), 9 (98)]";848
Multiarranque;40;8;5157;97.0;50;"Maquina 1: [1 (4), 6 (29), 15 (4), 3 (35), 37 (44), 33 (44)]";625;"Maquina 2: [19 (2), 34 (41), 28 (29), 35 (9), 29 (73), 30 (84)]";672;"Maquina 3: [8 (3), 27 (28), 18 (25), 22 (55), 21 (28), 32 (85)]";647;"Maquina 4: [7 (10), 5 (54), 24 (41), 31 (35), 39 (90)]";605;"Maquina 5: [25 (48), 13 (72), 0 (64), 20 (92)]";680;"Maquina 6: [23 (25), 2 (80), 38 (67), 12 (97)]";667;"Maquina 7: [10 (25), 16 (44), 36 (72), 9 (98)]";598;"Maquina 8: [4 (30), 17 (36), 11 (58), 26 (45), 14 (46)]";663
GREEDY;40;8;7019;0.0;1;"Maquina 1: [22 (46), 28 (19), 11 (78), 0 (3), 7 (86)]";823;"Maquina 2: [35 (5), 29 (46), 15 (20), 37 (87), 2 (76)]";843;"Maquina 3: [3 (6), 25 (80), 18 (21), 23 (60), 39 (82)]";779;"Maquina 4: [1 (50), 4 (6), 38 (89), 31 (26), 13 (78)]";864;"Maquina 5: [20 (7), 9 (60), 30 (91), 32 (28), 14 (79)]";948;"Maquina 6: [27 (31), 5 (61), 6 (10), 33 (80), 16 (91)]";892;"Maquina 7: [34 (93), 26 (15), 36 (61), 8 (40), 19 (82)]";1098;"Maquina 8: [10 (17), 24 (41), 12 (48), 21 (68), 17 (83)]";772
GRASP;40;8;5635;92.0;50;"Maquina 1: [27 (31), 18 (21), 29 (46), 13 (78), 30 (91)]";717;"Maquina 2: [31 (26), 32 (28), 1 (50), 39 (82), 11 (78)]";866;"Maquina 3: [10 (17), 35 (5), 14 (79), 33 (80), 25 (80)]";674;"Maquina 4: [0 (3), 9 (60), 22 (46), 36 (61), 17 (83)]";677;"Maquina 5: [3 (6), 12 (48), 6 (10), 23 (60), 7 (86)]";613;"Maquina 6: [28 (19), 21 (68), 4 (6), 38 (89), 19 (82)]";701;"Maquina 7: [20 (7), 26 (15), 24 (41), 16 (91), 34 (93)]";548;"Maquina 8: [15 (20), 8 (40), 2 (76), 5 (61), 37 (87)]";839
LNS;40;8;7019;2.0;50;"Maquina 1: [22 (46), 28 (19), 11 (78), 0 (3), 7 (86)]";823;"Maquina 2: [35 (5), 29 (46), 15 (20), 37 (87), 2 (76)]";843;"Maquina 3: [3 (6), 25 (80), 18 (21), 23 (60), 39 (82)]";779;"Maquina 4: [1 (50), 4 (6), 38 (89), 31 (26), 13 (78)]";864;"Maquina 5: [20 (7), 9 (60), 30 (91), 32 (28), 14 (79)]";948;"Maquina 6: [27 (31), 5 (61), 6 (10), 33 (80), 16 (91)]";892;"Maquina 7: [34 (93), 26 (15), 36 (61), 8 (40), 19 (82)]";1098;"Maquina 8: [10 (17), 24 (41), 12 (48), 21 (68), 17 (83)]";772
TABÚ;40;8;5520;30.0;50;"Maquina 1: [6 (10), 35 (5), 29 (46), 23 (60), 19 (82)]";512;"Maquina 2: [20 (7), 15 (20), 24 (41), 12 (48), 16 (91)]";494;"Maquina 3: [3 (6), 10 (17), 17 (83), 7 (86), 11 (78)]";698;"Maquina 4: [27 (31), 18 (21), 1 (50), 38 (89), 34 (93)]";827;"Maquina 5: [26 (15), 5 (61), 21 (68), 39 (82), 13 (78)]";857;"Maquina 6: [28 (19), 0 (3), 33 (80), 25 (80), 37 (87)]";718;"Maquina 7: [32 (28), 31 (26), 9 (60), 22 (46), 30 (91)]";747;"Maquina 8: [4 (6), 8 (40), 2 (76), 36 (61), 14 (79)]";667
VNS;40;8;6083;1184.0;50;"Maquina 1: [23 (60), 0 (3), 14 (79), 33 (80)]";621;"Maquina 2: [35 (5), 29 (46), 28 (19), 15 (20), 37 (87), 2 (76)]";751;"Maquina 3: [3 (6), 25 (80), 18 (21), 11 (78), 16 (91)]";759;"Maquina 4: [1 (50), 4 (6), 38 (89), 19 (82), 17 (83)]";908;"Maquina 5: [20 (7), 9 (60), 22 (46), 8 (40), 32 (28), 7 (86)]";1006;"Maquina 6: [31 (26), 27 (31), 21 (68), 39 (82)]";438;"Maquina 7: [34 (93), 26 (15), 5 (61), 36 (61), 13 (78)]";1001;"Maquina 8: [10 (17), 24 (41), 12 (48), 6 (10), 30 (91)]";599
Multiarranque;40;8;6392;93.0;50;"Maquina 1: [18 (21), 29 (46), 36 (61), 12 (48), 34 (93)]";794;"Maquina 2: [22 (46), 1 (50), 4 (6), 38 (89), 25 (80)]";780;"Maquina 3: [32 (28), 31 (26), 15 (20), 8 (40), 7 (86)]";673;"Maquina 4: [10 (17), 27 (31), 23 (60), 2 (76), 17 (83)]";859;"Maquina 5: [26 (15), 0 (3), 24 (41), 30 (91), 16 (91)]";772;"Maquina 6: [33 (80), 35 (5), 37 (87), 19 (82)]";759;"Maquina 7: [5 (61), 6 (10), 21 (68), 39 (82), 11 (78)]";931;"Maquina 8: [20 (7), 28 (19), 3 (6), 14 (79), 9 (60), 13 (78)]";824
GREEDY;40;8;7684;1.0;1;"Maquina 1: [10 (23), 26 (3), 19 (76), 1 (58), 11 (90)]";1002;"Maquina 2: [21 (23), 8 (5), 35 (58), 15 (91), 5 (71)]";912;"Maquina 3: [31 (24), 29 (70), 22 (5), 0 (85), 13 (41)]";722;"Maquina 4: [12 (75), 6 (7), 18 (43), 4 (32), 32 (98)]";988;"Maquina 5: [7 (34), 39 (10), 17 (42), 14 (84), 23 (68)]";872;"Maquina 6: [27 (99), 2 (37), 20 (12), 33 (54), 38 (79)]";1194;"Maquina 7: [25 (12), 30 (49), 28 (40), 16 (71), 24 (89)]";881;"Maquina 8: [34 (63), 9 (17), 3 (99), 36 (80), 37 (40)]";1113
GRASP;40;8;6162;97.0;50;"Maquina 1: [29 (70), 22 (5), 36 (80), 14 (84), 27 (99)]";969;"Maquina 2: [4 (32), 13 (41), 10 (23), 32 (98), 0 (85)]";868;"Maquina 3: [8 (5), 26 (3), 25 (12), 23 (68), 30 (49)]";422;"Maquina 4: [7 (34), 21 (23), 16 (71), 2 (37), 15 (91)]";807;"Maquina 5: [18 (43), 31 (24), 5 (71), 37 (40), 35 (58)]";847;"Maquina 6: [39 (10), 34 (63), 3 (99), 12 (75), 19 (76)]";894;"Maquina 7: [20 (12), 28 (40), 9 (17), 38 (79), 11 (90)]";678;"Maquina 8: [6 (7), 17 (42), 1 (58), 24 (89), 33 (54)]";677
LNS;40;8;7684;2.0;50;"Maquina 1: [10 (23), 26 (3), 19 (76), 1 (58), 11 (90)]";1002;"Maquina 2: [21 (23), 8 (5), 35 (58), 15 (91), 5 (71)]";912;"Maquina 3: [31 (24), 29 (70), 22 (5), 0 (85), 13 (41)]";722;"Maquina 4: [12 (75), 6 (7), 18 (43), 4 (32), 32 (98)]";988;"Maquina 5: [7 (34), 39 (10), 17 (42), 14 (84), 23 (68)]";872;"Maquina 6: [27 (99), 2 (37), 20 (12), 33 (54), 38 (79)]";1194;"Maquina 7: [25 (12), 30 (49), 28 (40), 16 (71), 24 (89)]";881;"Maquina 8: [34 (63), 9 (17), 3 (99), 36 (80), 37 (40)]";1113
TABÚ;40;8;6010;30.0;50;"Maquina 1: [31 (24), 22 (5), 37 (40), 5 (71), 23 (68)]";642;"Maquina 2: [7 (34), 35 (58), 9 (17), 36 (80), 14 (84)]";815;"Maquina 3: [39 (10), 2 (37), 1 (58), 33 (54), 11 (90)]";785;"Maquina 4: [30 (49), 20 (12), 4 (32), 3 (99), 27 (99)]";910;"Maquina 5: [25 (12), 6 (7), 17 (42), 0 (85), 15 (91)]";548;"Maquina 6: [10 (23), 28 (40), 29 (70), 32 (98)]";508;"Maquina 7: [8 (5), 26 (3), 34 (63), 38 (79), 24 (89), 19 (76)]";969;"Maquina 8: [13 (41), 18 (43), 21 (23), 16 (71), 12 (75)]";833
VNS;40;8;6746;1725.0;50;"Maquina 1: [10 (23), 20 (12), 26 (3), 33 (54), 11 (90)]";476;"Maquina 2: [9 (17), 8 (5), 35 (58), 30 (49), 5 (71)]";863;"Maquina 3: [31 (24), 29 (70), 22 (5), 0 (85), 15 (91)]";773;"Maquina 4: [12 (75), 6 (7), 18 (43), 19 (76), 4 (32), 32 (98)]";1279;"Maquina 5: [7 (34), 39 (10), 17 (42), 14 (84), 23 (68)]";872;"Maquina 6: [27 (99), 2 (37), 1 (58), 24 (89)]";762;"Maquina 7: [25 (12), 13 (41), 28 (40), 16 (71), 38 (79)]";743;"Maquina 8: [21 (23), 34 (63), 3 (99), 37 (40), 36 (80)]";978
Multiarranque;40;8;6820;98.0;50;"Maquina 1: [21 (23), 4 (32), 11 (90), 27 (99), 35 (58)]";1129;"Maquina 2: [8 (5), 25 (12), 13 (41), 10 (23), 12 (75), 36 (80)]";955;"Maquina 3: [33 (54), 39 (10), 17 (42), 0 (85), 15 (91)]";830;"Maquina 4: [31 (24), 7 (34), 23 (68), 24 (89)]";664;"Maquina 5: [22 (5), 18 (43), 28 (40), 32 (98), 14 (84)]";858;"Maquina 6: [26 (3), 16 (71), 2 (37), 1 (58), 3 (99)]";844;"Maquina 7: [9 (17), 20 (12), 30 (49), 19 (76), 34 (63)]";726;"Maquina 8: [6 (7), 37 (40), 5 (71), 38 (79), 29 (70)]";814
GREEDY;40;8;4435;0.0;1;"Maquina 1: [0 (3), 19 (14), 9 (29), 21 (51), 10 (65)]";459;"Maquina 2: [8 (3), 30 (15), 16 (40), 14 (55), 17 (90)]";602;"Maquina 3: [12 (3), 27 (16), 3 (52), 31 (69), 23 (29)]";447;"Maquina 4: [37 (4), 24 (29), 38 (16), 36 (54), 2 (71)]";526;"Maquina 5: [26 (18), 7 (5), 4 (42), 20 (55), 15 (81)]";502;"Maquina 6: [13 (5), 29 (19), 6 (31), 28 (55), 11 (90)]";567;"Maquina 7: [35 (6), 1 (22), 32 (99), 33 (45), 18 (61)]";730;"Maquina 8: [25 (10), 39 (27), 22 (60), 5 (49), 34 (95)]";602
GRASP;40;8;3855;90.0;50;"Maquina 1: [8 (3), 39 (27), 16 (40), 28 (55), 34 (95)]";527;"Maquina 2: [27 (16), 0 (3), 5 (49), 22 (60), 11 (90)]";507;"Maquina 3: [37 (4), 7 (5), 23 (29), 21 (51), 3 (52), 18 (61)]";547;"Maquina 4: [19 (14), 9 (29), 29 (19), 14 (55), 15 (81)]";515;"Maquina 5: [1 (22), 38 (16), 4 (42), 20 (55), 2 (71)]";546;"Maquina 6: [26 (18), 12 (3), 30 (15), 36 (54), 32 (99)]";405;"Maquina 7: [24 (29), 35 (6), 6 (31), 31 (69)]";289;"Maquina 8: [13 (5), 25 (10), 10 (65), 33 (45), 17 (90)]";519
LNS;40;8;4435;1.0;50;"Maquina 1: [0 (3), 19 (14), 9 (29), 21 (51), 10 (65)]";459;"Maquina 2: [8 (3), 30 (15), 16 (40), 14 (55), 17 (90)]";602;"Maquina 3: [12 (3), 27 (16), 3 (52), 31 (69), 23 (29)]";447;"Maquina 4: [37 (4), 24 (29), 38 (16), 36 (54), 2 (71)]";526;"Maquina 5: [26 (18), 7 (5), 4 (42), 20 (55), 15 (81)]";502;"Maquina 6: [13 (5), 29 (19), 6 (31), 28 (55), 11 (90)]";567;"Maquina 7: [35 (6), 1 (22), 32 (99), 33 (45), 18 (61)]";730;"Maquina 8: [25 (10), 39 (27), 22 (60), 5 (49), 34 (95)]";602
TABÚ;40;8;3914;30.0;50;"Maquina 1: [13 (5), 30 (15), 36 (54), 9 (29), 14 (55)]";395;"Maquina 2: [1 (22), 38 (16), 16 (40), 4 (42), 11 (90)]";511;"Maquina 3: [19 (14), 0 (3), 2 (71), 23 (29), 17 (90)]";486;"Maquina 4: [12 (3), 7 (5), 5 (49), 31 (69), 10 (65)]";446;"Maquina 5: [26 (18), 25 (10), 6 (31), 15 (81), 32 (99)]";555;"Maquina 6: [29 (19), 37 (4), 3 (52), 18 (61), 21 (51)]";504;"Maquina 7: [27 (16), 28 (55), 33 (45), 24 (29), 20 (55)]";585;"Maquina 8: [35 (6), 8 (3), 39 (27), 22 (60), 34 (95)]";432
VNS;40;8;4247;2128.0;50;"Maquina 1: [0 (3), 19 (14), 8 (3), 18 (61), 21 (51), 10 (65)]";604;"Maquina 2: [9 (29), 30 (15), 16 (40), 14 (55), 2 (71)]";629;"Maquina 3: [12 (3), 27 (16), 3 (52), 31 (69), 23 (29)]";447;"Maquina 4: [37 (4), 24 (29), 38 (16), 36 (54), 11 (90)]";499;"Maquina 5: [26 (18), 7 (5), 4 (42), 20 (55), 15 (81)]";502;"Maquina 6: [13 (5), 29 (19), 6 (31), 28 (55), 17 (90)]";547;"Maquina 7: [35 (6), 1 (22), 32 (99), 33 (45)]";417;"Maquina 8: [25 (10), 39 (27), 22 (60), 5 (49), 34 (95)]";602
Multiarranque;40;8;4304;105.0;50;"Maquina 1: [8 (3), 2 (71), 3 (52), 17 (90)]";534;"Maquina 2: [13 (5), 12 (3), 1 (22), 39 (27), 9 (29), 30 (15), 10 (65)]";557;"Maquina 3: [19 (14), 6 (31), 14 (55), 36 (54), 11 (90)]";608;"Maquina 4: [38 (16), 16 (40), 5 (49), 22 (60)]";456;"Maquina 5: [24 (29), 20 (55), 21 (51), 31 (69)]";525;"Maquina 6: [37 (4), 26 (18), 27 (16), 18 (61), 32 (99)]";521;"Maquina 7: [7 (5), 23 (29), 29 (19), 33 (45), 34 (95)]";467;"Maquina 8: [35 (6), 25 (10), 0 (3), 4 (42), 28 (55), 15 (81)]";636
GREEDY;40;8;5763;0.0;1;"Maquina 1: [14 (19), 2 (2), 37 (69), 21 (40), 11 (80)]";734;"Maquina 2: [35 (20), 23 (3), 8 (63), 13 (48), 12 (94)]";840;"Maquina 3: [24 (3), 31 (31), 32 (22), 29 (75), 0 (58)]";620;"Maquina 4: [15 (25), 38 (3), 18 (35), 7 (58), 26 (86)]";705;"Maquina 5: [28 (5), 30 (25), 10 (35), 16 (55), 27 (73)]";562;"Maquina 6: [4 (6), 6 (27), 22 (38), 33 (56), 20 (84)]";667;"Maquina 7: [36 (46), 39 (13), 19 (29), 17 (91), 3 (63)]";777;"Maquina 8: [25 (14), 9 (31), 34 (49), 5 (97), 1 (67)]";858
GRASP;40;8;4632;110.0;50;"Maquina 1: [25 (14), 23 (3), 34 (49), 20 (84), 37 (69)]";554;"Maquina 2: [15 (25), 38 (3), 9 (31), 31 (31), 11 (80)]";426;"Maquina 3: [24 (3), 30 (25), 1 (67), 3 (63), 26 (86)]";605;"Maquina 4: [4 (6), 21 (40), 22 (38), 32 (22), 29 (75)]";487;"Maquina 5: [18 (35), 36 (46), 39 (13), 7 (58), 8 (63)]";642;"Maquina 6: [6 (27), 19 (29), 2 (2), 16 (55), 13 (48), 12 (94)]";794;"Maquina 7: [14 (19), 27 (73), 10 (35), 17 (91)]";539;"Maquina 8: [35 (20), 28 (5), 0 (58), 5 (97), 33 (56)]";585
LNS;40;8;5760;9.0;50;"Maquina 1: [14 (19), 2 (2), 37 (69), 21 (40), 11 (80)]";734;"Maquina 2: [35 (20), 23 (3), 13 (48), 8 (63), 12 (94)]";837;"Maquina 3: [24 (3), 31 (31), 32 (22), 29 (75), 0 (58)]";620;"Maquina 4: [15 (25), 38 (3), 18 (35), 7 (58), 26 (86)]";705;"Maquina 5: [28 (5), 30 (25), 10 (35), 16 (55), 27 (73)]";562;"Maquina 6: [4 (6), 6 (27), 22 (38), 33 (56), 20 (84)]";667;"Maquina 7: [36 (46), 39 (13), 19 (29), 17 (91), 3 (63)]";777;"Maquina 8: [25 (14), 9 (31), 34 (49), 5 (97), 1 (67)]";858
TABÚ;40;8;5075;59.0;50;"Maquina 1: [4 (6), 24 (3), 29 (75), 38 (3), 5 (97), 0 (58)]";731;"Maquina 2: [2 (2), 35 (20), 15 (25), 11 (80), 13 (48)]";445;"Maquina 3: [10 (35), 18 (35), 30 (25), 1 (67), 3 (63)]";712;"Maquina 4: [28 (5), 36 (46), 39 (13), 32 (22), 20 (84)]";414;"Maquina 5: [34 (49), 23 (3), 12 (94), 16 (55), 7 (58)]";810;"Maquina 6: [25 (14), 37 (69), 9 (31), 26 (86), 33 (56)]";835;"Maquina 7: [19 (29), 14 (19), 8 (63), 31 (31), 17 (91)]";690;"Maquina 8: [6 (27), 21 (40), 22 (38), 27 (73)]";438
VNS;40;8;5285;2038.0;50;"Maquina 1: [14 (19), 2 (2), 33 (56), 21 (40), 27 (73), 1 (67)]";1070;"Maquina 2: [35 (20), 15 (25), 0 (58), 12 (94)]";486;"Maquina 3: [24 (3), 32 (22), 29 (75), 11 (80)]";342;"Maquina 4: [38 (3), 6 (27), 7 (58), 26 (86), 31 (31)]";605;"Maquina 5: [23 (3), 28 (5), 30 (25), 10 (35), 16 (55), 19 (29)]";700;"Maquina 6: [4 (6), 18 (35), 22 (38), 37 (69), 20 (84)]";607;"Maquina 7: [36 (46), 39 (13), 13 (48), 17 (91), 3 (63)]";749;"Maquina 8: [25 (14), 8 (63), 9 (31), 34 (49), 5 (97)]";726
Multiarranque;40;8;5421;118.0;50;"Maquina 1: [24 (3), 36 (46), 26 (86), 12 (94)]";590;"Maquina 2: [7 (58), 23 (3), 30 (25), 29 (75)]";566;"Maquina 3: [10 (35), 18 (35), 32 (22), 25 (14), 34 (49)]";650;"Maquina 4: [28 (5), 0 (58), 8 (63), 1 (67), 20 (84)]";848;"Maquina 5: [6 (27), 14 (19), 27 (73), 11 (80)]";485;"Maquina 6: [2 (2), 35 (20), 9 (31), 13 (48), 16 (55), 33 (56)]";750;"Maquina 7: [15 (25), 39 (13), 31 (31), 21 (40), 17 (91), 37 (69)]";868;"Maquina 8: [38 (3), 22 (38), 19 (29), 4 (6), 3 (63), 5 (97)]";664
GREEDY;40;8;7816;0.0;1;"Maquina 1: [24 (3), 38 (31), 18 (22), 10 (71), 28 (58)]";792;"Maquina 2: [3 (5), 34 (89), 19 (37), 7 (24), 20 (67)]";1011;"Maquina 3: [16 (11), 12 (34), 35 (25), 4 (56), 14 (71), 15 (94)]";1190;"Maquina 4: [32 (11), 2 (72), 1 (48), 13 (26)]";789;"Maquina 5: [22 (26), 27 (59), 17 (19), 31 (64), 39 (73)]";910;"Maquina 6: [6 (20), 8 (50), 29 (26), 37 (66), 9 (80)]";1016;"Maquina 7: [21 (21), 11 (44), 26 (92), 0 (27), 33 (69)]";1211;"Maquina 8: [30 (27), 5 (22), 36 (43), 23 (72), 25 (63)]";897
GRASP;40;8;5679;104.0;50;"Maquina 1: [30 (27), 32 (11), 31 (64), 2 (72), 11 (44), 26 (92)]";1110;"Maquina 2: [17 (19), 18 (22), 13 (26), 21 (21), 37 (66)]";527;"Maquina 3: [24 (3), 28 (58), 35 (25), 36 (43), 9 (80)]";602;"Maquina 4: [5 (22), 7 (24), 1 (48), 20 (67), 10 (71)]";695;"Maquina 5: [29 (26), 19 (37), 23 (72), 34 (89), 25 (63)]";959;"Maquina 6: [6 (20), 22 (26), 27 (59), 14 (71)]";410;"Maquina 7: [4 (56), 39 (73), 16 (11), 12 (34), 33 (69)]";870;"Maquina 8: [3 (5), 0 (27), 38 (31), 8 (50), 15 (94)]";506
LNS;40;8;7762;2.0;50;"Maquina 1: [24 (3), 38 (31), 18 (22), 10 (71), 28 (58)]";792;"Maquina 2: [3 (5), 34 (89), 19 (37), 7 (24), 20 (67)]";1011;"Maquina 3: [16 (11), 12 (34), 35 (25), 4 (56), 14 (71), 15 (94)]";1190;"Maquina 4: [32 (11), 2 (72), 1 (48), 13 (26)]";789;"Maquina 5: [22 (26), 27 (59), 17 (19), 31 (64), 39 (73)]";910;"Maquina 6: [29 (26), 8 (50), 6 (20), 37 (66), 9 (80)]";962;"Maquina 7: [21 (21), 11 (44), 26 (92), 0 (27), 33 (69)]";1211;"Maquina 8: [30 (27), 5 (22), 36 (43), 23 (72), 25 (63)]";897
TABÚ;40;8;5908;61.0;50;"Maquina 1: [13 (26), 11 (44), 26 (92), 3 (5), 39 (73)]";845;"Maquina 2: [7 (24), 8 (50), 31 (64), 33 (69), 10 (71)]";947;"Maquina 3: [17 (19), 18 (22), 14 (71), 15 (94), 34 (89)]";758;"Maquina 4: [28 (58), 22 (26), 1 (48), 20 (67)]";543;"Maquina 5: [16 (11), 6 (20), 12 (34), 32 (11), 2 (72)]";543;"Maquina 6: [5 (22), 0 (27), 30 (27), 29 (26), 25 (63)]";509;"Maquina 7: [21 (21), 36 (43), 38 (31), 9 (80), 4 (56)]";689;"Maquina 8: [24 (3), 35 (25), 19 (37), 27 (59), 37 (66), 23 (72)]";1074
VNS;40;8;6757;1314.0;50;"Maquina 1: [24 (3), 38 (31), 9 (80), 18 (22), 10 (71), 1 (48)]";1013;"Maquina 2: [29 (26), 34 (89), 19 (37), 37 (66)]";589;"Maquina 3: [16 (11), 12 (34), 5 (22), 14 (71), 15 (94)]";682;"Maquina 4: [30 (27), 32 (11), 2 (72), 33 (69), 28 (58), 4 (56)]";1306;"Maquina 5: [22 (26), 27 (59), 17 (19), 31 (64), 20 (67)]";948;"Maquina 6: [6 (20), 7 (24), 8 (50), 3 (5), 39 (73)]";847;"Maquina 7: [21 (21), 13 (26), 11 (44), 26 (92), 0 (27)]";712;"Maquina 8: [35 (25), 36 (43), 23 (72), 25 (63)]";660
Multiarranque;40;8;6392;97.0;50;"Maquina 1: [7 (24), 19 (37), 25 (63), 10 (71)]";717;"Maquina 2: [20 (67), 0 (27), 30 (27), 34 (89), 23 (72)]";919;"Maquina 3: [3 (5), 24 (3), 38 (31), 17 (19), 14 (71), 29 (26)]";693;"Maquina 4: [31 (64), 6 (20), 12 (34), 27 (59), 4 (56)]";865;"Maquina 5: [1 (48), 35 (25), 36 (43), 28 (58), 2 (72)]";771;"Maquina 6: [22 (26), 5 (22), 33 (69), 15 (94), 9 (80)]";911;"Maquina 7: [18 (22), 16 (11), 13 (26), 26 (92), 37 (66)]";683;"Maquina 8: [21 (21), 32 (11), 8 (50), 39 (73), 11 (44)]";833
GREEDY;40;8;8309;0.0;1;"Maquina 1: [10 (4), 6 (75), 1 (30), 26 (91), 11 (54)]";890;"Maquina 2: [17 (5), 30 (59), 28 (30), 19 (72), 12 (90)]";963;"Maquina 3: [20 (83), 39 (30), 35 (8), 27 (61), 18 (97)]";1083;"Maquina 4: [38 (12), 13 (35), 16 (61), 7 (77), 24 (92)]";1018;"Maquina 5: [29 (17), 34 (37), 9 (81), 23 (55), 4 (90)]";861;"Maquina 6: [22 (20), 5 (88), 0 (38), 14 (70), 25 (95)]";1025;"Maquina 7: [31 (71), 33 (20), 3 (90), 8 (44), 37 (99)]";1192;"Maquina 8: [2 (49), 15 (25), 32 (68), 21 (97), 36 (83)]";1277
GRASP;40;8;6454;91.0;50;"Maquina 1: [13 (35), 16 (61), 28 (30), 31 (71), 18 (97)]";854;"Maquina 2: [38 (12), 8 (44), 30 (59), 9 (81), 21 (97)]";794;"Maquina 3: [10 (4), 1 (30), 23 (55), 19 (72), 27 (61), 24 (92)]";985;"Maquina 4: [35 (8), 33 (20), 0 (38), 2 (49), 26 (91)]";509;"Maquina 5: [15 (25), 22 (20), 6 (75), 11 (54), 25 (95)]";730;"Maquina 6: [39 (30), 17 (5), 4 (90), 3 (90), 5 (88)]";870;"Maquina 7: [34 (37), 32 (68), 7 (77), 12 (90)]";705;"Maquina 8: [29 (17), 14 (70), 20 (83), 36 (83), 37 (99)]";1007
LNS;40;8;8309;2.0;50;"Maquina 1: [10 (4), 6 (75), 1 (30), 26 (91), 11 (54)]";890;"Maquina 2: [17 (5), 30 (59), 28 (30), 19 (72), 12 (90)]";963;"Maquina 3: [20 (83), 39 (30), 35 (8), 27 (61), 18 (97)]";1083;"Maquina 4: [38 (12), 13 (35), 16 (61), 7 (77), 24 (92)]";1018;"Maquina 5: [29 (17), 34 (37), 9 (81), 23 (55), 4 (90)]";861;"Maquina 6: [22 (20), 5 (88), 0 (38), 14 (70), 25 (95)]";1025;"Maquina 7: [31 (71), 33 (20), 3 (90), 8 (44), 37 (99)]";1192;"Maquina 8: [2 (49), 15 (25), 32 (68), 21 (97), 36 (83)]";1277
TABÚ;40;8;6628;29.0;50;"Maquina 1: [15 (25), 22 (20), 8 (44), 30 (59), 26 (91)]";705;"Maquina 2: [10 (4), 6 (75), 11 (54), 25 (95), 24 (92)]";858;"Maquina 3: [17 (5), 31 (71), 5 (88), 28 (30), 7 (77)]";809;"Maquina 4: [29 (17), 14 (70), 20 (83), 36 (83), 18 (97)]";1039;"Maquina 5: [38 (12), 39 (30), 13 (35), 23 (55), 32 (68)]";604;"Maquina 6: [16 (61), 35 (8), 0 (38), 9 (81), 21 (97)]";846;"Maquina 7: [1 (30), 34 (37), 19 (72), 27 (61), 3 (90)]";768;"Maquina 8: [2 (49), 33 (20), 37 (99), 12 (90), 4 (90)]";999
VNS;40;8;7609;1778.0;50;"Maquina 1: [10 (4), 6 (75), 1 (30), 26 (91), 11 (54)]";890;"Maquina 2: [17 (5), 30 (59), 20 (83), 28 (30), 7 (77), 12 (90)]";1195;"Maquina 3: [0 (38), 9 (81), 22 (20), 15 (25), 18 (97)]";937;"Maquina 4: [39 (30), 13 (35), 16 (61), 19 (72), 24 (92)]";828;"Maquina 5: [29 (17), 34 (37), 35 (8), 23 (55), 4 (90)]";643;"Maquina 6: [5 (88), 27 (61), 38 (12), 14 (70), 25 (95)]";1242;"Maquina 7: [31 (71), 33 (20), 32 (68), 8 (44), 3 (90)]";997;"Maquina 8: [2 (49), 37 (99), 21 (97), 36 (83)]";877
Multiarranque;40;8;7456;113.0;50;"Maquina 1: [23 (55), 4 (90), 34 (37), 9 (81)]";814;"Maquina 2: [33 (20), 0 (38), 2 (49), 5 (88), 26 (91)]";774;"Maquina 3: [22 (20), 8 (44), 37 (99), 14 (70), 36 (83)]";969;"Maquina 4: [27 (61), 38 (12), 6 (75), 32 (68), 15 (25), 7 (77)]";1191;"Maquina 5: [10 (4), 1 (30), 17 (5), 18 (97), 3 (90), 30 (59)]";997;"Maquina 6: [29 (17), 16 (61), 21 (97), 31 (71)]";827;"Maquina 7: [35 (8), 11 (54), 12 (90), 20 (83), 24 (92)]";1013;"Maquina 8: [39 (30), 13 (35), 28 (30), 19 (72), 25 (95)]";871
GREEDY;40;8;7685;0.0;1;"Maquina 1: [15 (47), 29 (25), 38 (5), 2 (68), 35 (86)]";889;"Maquina 2: [37 (13), 26 (31), 20 (44), 33 (59), 39 (90)]";981;"Maquina 3: [22 (17), 12 (46), 0 (70), 19 (96), 5 (33)]";1043;"Maquina 4: [21 (48), 28 (34), 25 (17), 23 (62), 16 (82)]";893;"Maquina 5: [18 (18), 24 (55), 13 (50), 32 (34), 1 (82)]";758;"Maquina 6: [9 (22), 11 (41), 27 (70), 7 (93), 34 (46)]";942;"Maquina 7: [4 (23), 10 (76), 36 (43), 6 (55), 14 (98)]";1204;"Maquina 8: [8 (51), 17 (25), 30 (70), 3 (44), 31 (94)]";975
GRASP;40;8;5993;115.0;50;"Maquina 1: [5 (33), 34 (46), 38 (5), 13 (50), 19 (96)]";689;"Maquina 2: [22 (17), 28 (34), 6 (55), 16 (82), 39 (90)]";701;"Maquina 3: [18 (18), 27 (70), 3 (44), 32 (34), 14 (98)]";800;"Maquina 4: [11 (41), 26 (31), 37 (13), 7 (93), 10 (76)]";729;"Maquina 5: [4 (23), 12 (46), 24 (55), 30 (70), 31 (94)]";832;"Maquina 6: [9 (22), 8 (51), 33 (59), 36 (43), 0 (70)]";739;"Maquina 7: [17 (25), 25 (17), 20 (44), 2 (68), 1 (82)]";683;"Maquina 8: [21 (48), 29 (25), 15 (47), 23 (62), 35 (86)]";820
LNS;40;8;7548;2.0;50;"Maquina 1: [15 (47), 29 (25), 38 (5), 2 (68), 35 (86)]";889;"Maquina 2: [26 (31), 37 (13), 20 (44), 33 (59), 39 (90)]";915;"Maquina 3: [22 (17), 12 (46), 0 (70), 19 (96), 5 (33)]";1043;"Maquina 4: [21 (48), 28 (34), 25 (17), 23 (62), 16 (82)]";893;"Maquina 5: [18 (18), 24 (55), 13 (50), 32 (34), 1 (82)]";758;"Maquina 6: [9 (22), 27 (70), 11 (41), 7 (93), 34 (46)]";939;"Maquina 7: [10 (76), 6 (55), 36 (43), 4 (23), 14 (98)]";1136;"Maquina 8: [8 (51), 17 (25), 30 (70), 3 (44), 31 (94)]";975
TABÚ;40;8;6503;33.0;50;"Maquina 1: [38 (5), 10 (76), 15 (47), 16 (82), 39 (90)]";923;"Maquina 2: [26 (31), 37 (13), 31 (94), 2 (68), 36 (43)]";775;"Maquina 3: [21 (48), 28 (34), 27 (70), 1 (82), 0 (70)]";920;"Maquina 4: [17 (25), 22 (17), 24 (55), 30 (70), 11 (41)]";678;"Maquina 5: [6 (55), 9 (22), 23 (62), 32 (34), 35 (86)]";812;"Maquina 6: [4 (23), 18 (18), 13 (50), 20 (44), 19 (96)]";653;"Maquina 7: [29 (25), 25 (17), 12 (46), 8 (51), 7 (93)]";791;"Maquina 8: [5 (33), 34 (46), 14 (98), 3 (44), 33 (59)]";951
VNS;40;8;6287;1141.0;50;"Maquina 1: [2 (68), 29 (25), 15 (47), 19 (96)]";632;"Maquina 2: [26 (31), 37 (13), 12 (46), 34 (46), 16 (82), 39 (90)]";955;"Maquina 3: [22 (17), 33 (59), 1 (82), 0 (70)]";501;"Maquina 4: [21 (48), 28 (34), 25 (17), 23 (62), 35 (86)]";835;"Maquina 5: [18 (18), 24 (55), 13 (50), 32 (34), 20 (44)]";684;"Maquina 6: [17 (25), 11 (41), 27 (70), 7 (93)]";570;"Maquina 7: [4 (23), 38 (5), 10 (76), 6 (55), 36 (43), 14 (98)]";970;"Maquina 8: [8 (51), 9 (22), 30 (70), 5 (33), 3 (44), 31 (94)]";1140
Multiarranque;40;8;6586;95.0;50;"Maquina 1: [18 (18), 37 (13), 38 (5), 13 (50), 21 (48), 32 (34)]";706;"Maquina 2: [25 (17), 36 (43), 24 (55), 10 (76)]";531;"Maquina 3: [8 (51), 34 (46), 12 (46), 0 (70)]";656;"Maquina 4: [4 (23), 15 (47), 14 (98), 30 (70), 27 (70)]";894;"Maquina 5: [22 (17), 26 (31), 23 (62), 5 (33), 3 (44), 19 (96)]";981;"Maquina 6: [28 (34), 6 (55), 16 (82), 39 (90), 2 (68)]";1014;"Maquina 7: [17 (25), 33 (59), 29 (25), 1 (82), 35 (86)]";873;"Maquina 8: [9 (22), 11 (41), 7 (93), 20 (44), 31 (94)]";931
