GREEDY;60;2;33203;0.0;1;"Maquina 1: [57 (4), 24 (4), 33 (6), 46 (31), 32 (10), 18 (8), 48 (19), 56 (13), 40 (34), 45 (6), 13 (13), 49 (33), 15 (30), 8 (24), 34 (52), 21 (41), 47 (73), 31 (36), 23 (45), 17 (42), 59 (58), 54 (54), 53 (59), 11 (63), 41 (64), 37 (84), 30 (76), 51 (87), 39 (96), 20 (89)]";16073;"Maquina 2: [22 (5), 35 (6), 52 (24), 16 (18), 50 (11), 26 (9), 55 (4), 27 (33), 4 (8), 43 (13), 42 (56), 1 (43), 9 (34), 29 (22), 2 (42), 28 (35), 44 (31), 58 (39), 12 (54), 7 (63), 3 (71), 14 (51), 25 (74), 19 (64), 10 (79), 0 (86), 5 (98), 36 (59), 6 (89), 38 (89)]";17130
GRASP;60;2;32994;90.0;25;"Maquina 1: [57 (4), 55 (4), 24 (4), 33 (6), 32 (10), 18 (8), 43 (13), 16 (18), 27 (33), 13 (13), 49 (33), 15 (30), 8 (24), 1 (43), 40 (34), 23 (45), 44 (31), 31 (36), 11 (63), 14 (51), 53 (59), 3 (71), 51 (87), 19 (64), 47 (73), 38 (89), 37 (84), 54 (54), 6 (89), 5 (98)]";16418;"Maquina 2: [22 (5), 35 (6), 45 (6), 50 (11), 26 (9), 4 (8), 29 (22), 56 (13), 48 (19), 58 (39), 52 (24), 21 (41), 28 (35), 2 (42), 46 (31), 34 (52), 9 (34), 59 (58), 12 (54), 7 (63), 42 (56), 17 (42), 36 (59), 41 (64), 25 (74), 30 (76), 10 (79), 20 (89), 0 (86), 39 (96)]";16576
LNS;60;2;33203;16.0;25;"Maquina 1: [57 (4), 24 (4), 33 (6), 46 (31), 32 (10), 18 (8), 48 (19), 56 (13), 40 (34), 45 (6), 13 (13), 49 (33), 15 (30), 8 (24), 34 (52), 21 (41), 47 (73), 31 (36), 23 (45), 17 (42), 59 (58), 54 (54), 53 (59), 11 (63), 41 (64), 37 (84), 30 (76), 51 (87), 39 (96), 20 (89)]";16073;"Maquina 2: [22 (5), 35 (6), 52 (24), 16 (18), 50 (11), 26 (9), 55 (4), 27 (33), 4 (8), 43 (13), 42 (56), 1 (43), 9 (34), 29 (22), 2 (42), 28 (35), 44 (31), 58 (39), 12 (54), 7 (63), 3 (71), 14 (51), 25 (74), 19 (64), 10 (79), 0 (86), 5 (98), 36 (59), 6 (89), 38 (89)]";17130
TABÚ;60;2;32442;29.0;25;"Maquina 1: [57 (4), 32 (10), 55 (4), 15 (30), 33 (6), 29 (22), 50 (11), 45 (6), 18 (8), 56 (13), 3 (71), 4 (8), 8 (24), 40 (34), 28 (35), 44 (31), 58 (39), 12 (54), 17 (42), 14 (51), 53 (59), 7 (63), 30 (76), 54 (54), 47 (73), 6 (89), 11 (63), 51 (87), 37 (84), 39 (96)]";15673;"Maquina 2: [22 (5), 24 (4), 35 (6), 52 (24), 43 (13), 48 (19), 13 (13), 46 (31), 1 (43), 26 (9), 9 (34), 49 (33), 36 (59), 16 (18), 27 (33), 31 (36), 42 (56), 2 (42), 21 (41), 23 (45), 38 (89), 34 (52), 59 (58), 41 (64), 25 (74), 19 (64), 10 (79), 20 (89), 0 (86), 5 (98)]";16769
VNS;60;2;33093;2104.0;25;"Maquina 1: [57 (4), 24 (4), 33 (6), 46 (31), 32 (10), 18 (8), 48 (19), 56 (13), 40 (34), 45 (6), 13 (13), 49 (33), 15 (30), 8 (24), 34 (52), 21 (41), 47 (73), 31 (36), 16 (18), 17 (42), 59 (58), 54 (54), 53 (59), 11 (63), 41 (64), 37 (84), 30 (76), 51 (87), 39 (96), 20 (89)]";15749;"Maquina 2: [22 (5), 35 (6), 52 (24), 23 (45), 50 (11), 26 (9), 55 (4), 27 (33), 4 (8), 43 (13), 42 (56), 1 (43), 9 (34), 29 (22), 2 (42), 28 (35), 44 (31), 58 (39), 12 (54), 7 (63), 3 (71), 14 (51), 25 (74), 19 (64), 10 (79), 0 (86), 5 (98), 36 (59), 6 (89), 38 (89)]";17344
Multiarranque;60;2;32094;154.0;25;"Maquina 1: [24 (4), 35 (6), 45 (6), 22 (5), 4 (8), 8 (24), 29 (22), 16 (18), 32 (10), 18 (8), 53 (59), 49 (33), 46 (31), 1 (43), 9 (34), 28 (35), 2 (42), 36 (59), 44 (31), 23 (45), 58 (39), 41 (64), 42 (56), 7 (63), 30 (76), 25 (74), 19 (64), 6 (89), 20 (89), 5 (98)]";15948;"Maquina 2: [55 (4), 56 (13), 43 (13), 57 (4), 48 (19), 33 (6), 50 (11), 26 (9), 52 (24), 17 (42), 31 (36), 13 (13), 54 (54), 27 (33), 14 (51), 15 (30), 10 (79), 40 (34), 21 (41), 47 (73), 34 (52), 11 (63), 12 (54), 0 (86), 3 (71), 51 (87), 59 (58), 39 (96), 38 (89), 37 (84)]";16146
GREEDY;60;2;39849;0.0;1;"Maquina 1: [36 (7), 27 (19), 4 (17), 39 (19), 16 (30), 25 (40), 43 (11), 17 (27), 42 (42), 21 (48), 23 (33), 34 (26), 5 (27), 54 (32), 58 (45), 30 (44), 32 (35), 18 (52), 14 (56), 50 (64), 12 (68), 52 (49), 41 (57), 13 (71), 29 (75), 6 (80), 0 (73), 20 (93), 9 (95), 11 (99), 55 (88)]";20107;"Maquina 2: [49 (14), 53 (24), 26 (15), 40 (48), 24 (8), 8 (18), 57 (34), 31 (44), 46 (26), 15 (36), 7 (27), 45 (31), 38 (27), 28 (46), 1 (51), 48 (42), 3 (41), 35 (57), 22 (53), 2 (62), 47 (72), 59 (64), 37 (68), 51 (73), 56 (77), 10 (94), 33 (95), 19 (93), 44 (87)]";19742
GRASP;60;2;39220;91.0;25;"Maquina 1: [27 (19), 4 (17), 24 (8), 43 (11), 53 (24), 5 (27), 54 (32), 31 (44), 15 (36), 7 (27), 17 (27), 58 (45), 32 (35), 18 (52), 34 (26), 57 (34), 1 (51), 3 (41), 35 (57), 12 (68), 29 (75), 50 (64), 19 (93), 59 (64), 37 (68), 55 (88), 47 (72), 9 (95), 11 (99), 44 (87)]";19643;"Maquina 2: [46 (26), 39 (19), 23 (33), 36 (7), 42 (42), 49 (14), 8 (18), 16 (30), 26 (15), 38 (27), 45 (31), 25 (40), 48 (42), 41 (57), 30 (44), 21 (48), 40 (48), 14 (56), 51 (73), 22 (53), 28 (46), 13 (71), 0 (73), 52 (49), 56 (77), 2 (62), 20 (93), 6 (80), 33 (95), 10 (94)]";19577
LNS;60;2;39788;15.0;25;"Maquina 1: [36 (7), 27 (19), 4 (17), 39 (19), 16 (30), 25 (40), 43 (11), 17 (27), 42 (42), 21 (48), 23 (33), 34 (26), 5 (27), 54 (32), 58 (45), 30 (44), 32 (35), 18 (52), 14 (56), 50 (64), 12 (68), 52 (49), 41 (57), 13 (71), 29 (75), 6 (80), 0 (73), 20 (93), 9 (95), 11 (99), 55 (88)]";20107;"Maquina 2: [49 (14), 53 (24), 26 (15), 40 (48), 24 (8), 8 (18), 57 (34), 31 (44), 46 (26), 15 (36), 7 (27), 45 (31), 38 (27), 28 (46), 1 (51), 48 (42), 3 (41), 35 (57), 22 (53), 2 (62), 51 (73), 59 (64), 37 (68), 47 (72), 56 (77), 10 (94), 33 (95), 19 (93), 44 (87)]";19681
TABÚ;60;2;39938;29.0;25;"Maquina 1: [36 (7), 27 (19), 26 (15), 38 (27), 17 (27), 42 (42), 39 (19), 53 (24), 34 (26), 57 (34), 15 (36), 28 (46), 19 (93), 54 (32), 14 (56), 59 (64), 21 (48), 30 (44), 32 (35), 18 (52), 56 (77), 35 (57), 12 (68), 48 (42), 2 (62), 6 (80), 33 (95), 55 (88), 10 (94), 51 (73)]";19866;"Maquina 2: [46 (26), 24 (8), 4 (17), 49 (14), 8 (18), 5 (27), 7 (27), 45 (31), 23 (33), 25 (40), 16 (30), 31 (44), 47 (72), 58 (45), 43 (11), 3 (41), 22 (53), 1 (51), 52 (49), 41 (57), 40 (48), 37 (68), 50 (64), 0 (73), 44 (87), 13 (71), 29 (75), 20 (93), 9 (95), 11 (99)]";20072
VNS;60;2;39311;1797.0;25;"Maquina 1: [36 (7), 27 (19), 4 (17), 39 (19), 16 (30), 25 (40), 43 (11), 17 (27), 42 (42), 21 (48), 23 (33), 54 (32), 58 (45), 30 (44), 32 (35), 18 (52), 14 (56), 50 (64), 12 (68), 52 (49), 41 (57), 13 (71), 29 (75), 6 (80), 0 (73), 20 (93), 9 (95), 11 (99), 55 (88)]";18111;"Maquina 2: [49 (14), 53 (24), 26 (15), 40 (48), 24 (8), 8 (18), 57 (34), 15 (36), 31 (44), 34 (26), 46 (26), 5 (27), 7 (27), 45 (31), 38 (27), 28 (46), 1 (51), 48 (42), 3 (41), 35 (57), 22 (53), 2 (62), 47 (72), 59 (64), 37 (68), 51 (73), 56 (77), 10 (94), 33 (95), 19 (93), 44 (87)]";21200
Multiarranque;60;2;38962;157.0;25;"Maquina 1: [27 (19), 4 (17), 49 (14), 53 (24), 34 (26), 46 (26), 39 (19), 16 (30), 31 (44), 15 (36), 21 (48), 54 (32), 41 (57), 52 (49), 45 (31), 25 (40), 1 (51), 57 (34), 22 (53), 2 (62), 48 (42), 10 (94), 40 (48), 47 (72), 13 (71), 55 (88), 6 (80), 19 (93), 11 (99), 9 (95)]";19383;"Maquina 2: [7 (27), 24 (8), 43 (11), 17 (27), 26 (15), 38 (27), 32 (35), 5 (27), 8 (18), 28 (46), 23 (33), 58 (45), 30 (44), 36 (7), 3 (41), 18 (52), 14 (56), 51 (73), 59 (64), 37 (68), 35 (57), 42 (42), 56 (77), 50 (64), 12 (68), 44 (87), 33 (95), 0 (73), 20 (93), 29 (75)]";19579
GREEDY;60;2;47729;1.0;1;"Maquina 1: [42 (25), 32 (3), 28 (9), 57 (16), 49 (23), 30 (14), 4 (20), 14 (25), 23 (27), 40 (36), 9 (29), 7 (64), 58 (38), 56 (82), 6 (46), 36 (43), 18 (57), 41 (52), 54 (76), 3 (48), 31 (55), 47 (57), 37 (66), 52 (75), 29 (78), 2 (71), 34 (74), 59 (84), 22 (79), 5 (97), 26 (97)]";24888;"Maquina 2: [45 (25), 10 (19), 44 (47), 0 (42), 51 (10), 12 (8), 19 (28), 53 (37), 33 (55), 35 (25), 25 (76), 1 (54), 48 (14), 16 (23), 17 (59), 8 (79), 13 (36), 39 (44), 21 (49), 38 (75), 46 (65), 50 (90), 27 (57), 55 (69), 11 (71), 24 (78), 15 (83), 43 (82), 20 (97)]";22841
GRASP;60;2;46598;90.0;25;"Maquina 1: [49 (23), 57 (16), 10 (19), 42 (25), 51 (10), 13 (36), 28 (9), 0 (42), 14 (25), 23 (27), 40 (36), 47 (57), 19 (28), 31 (55), 59 (84), 43 (82), 18 (57), 41 (52), 46 (65), 56 (82), 17 (59), 3 (48), 2 (71), 24 (78), 54 (76), 5 (97), 22 (79), 11 (71), 27 (57), 52 (75)]";23758;"Maquina 2: [16 (23), 30 (14), 35 (25), 12 (8), 32 (3), 48 (14), 45 (25), 4 (20), 53 (37), 9 (29), 36 (43), 1 (54), 25 (76), 44 (47), 6 (46), 7 (64), 21 (49), 58 (38), 33 (55), 55 (69), 37 (66), 39 (44), 34 (74), 15 (83), 8 (79), 29 (78), 38 (75), 50 (90), 20 (97), 26 (97)]";22840
LNS;60;2;47296;13.0;25;"Maquina 1: [42 (25), 32 (3), 28 (9), 41 (52), 49 (23), 30 (14), 4 (20), 14 (25), 23 (27), 40 (36), 9 (29), 7 (64), 58 (38), 56 (82), 36 (43), 6 (46), 18 (57), 57 (16), 54 (76), 3 (48), 31 (55), 47 (57), 37 (66), 52 (75), 29 (78), 2 (71), 34 (74), 59 (84), 22 (79), 5 (97), 26 (97)]";24455;"Maquina 2: [45 (25), 10 (19), 44 (47), 0 (42), 51 (10), 12 (8), 19 (28), 53 (37), 33 (55), 35 (25), 25 (76), 1 (54), 48 (14), 16 (23), 17 (59), 8 (79), 13 (36), 39 (44), 21 (49), 38 (75), 46 (65), 50 (90), 27 (57), 55 (69), 11 (71), 24 (78), 15 (83), 43 (82), 20 (97)]";22841
TABÚ;60;2;47761;31.0;25;"Maquina 1: [10 (19), 51 (10), 45 (25), 59 (84), 32 (3), 28 (9), 6 (46), 16 (23), 30 (14), 58 (38), 33 (55), 39 (44), 21 (49), 23 (27), 9 (29), 18 (57), 41 (52), 55 (69), 43 (82), 52 (75), 38 (75), 26 (97), 3 (48), 31 (55), 54 (76), 7 (64), 13 (36), 8 (79), 29 (78), 15 (83)]";24950;"Maquina 2: [12 (8), 57 (16), 40 (36), 4 (20), 35 (25), 19 (28), 14 (25), 1 (54), 48 (14), 42 (25), 49 (23), 2 (71), 44 (47), 0 (42), 53 (37), 47 (57), 37 (66), 36 (43), 46 (65), 56 (82), 17 (59), 27 (57), 11 (71), 50 (90), 25 (76), 24 (78), 34 (74), 22 (79), 5 (97), 20 (97)]";22811
VNS;60;2;47107;2074.0;25;"Maquina 1: [42 (25), 32 (3), 28 (9), 41 (52), 49 (23), 30 (14), 4 (20), 14 (25), 23 (27), 40 (36), 9 (29), 7 (64), 58 (38), 56 (82), 6 (46), 18 (57), 57 (16), 54 (76), 3 (48), 31 (55), 47 (57), 37 (66), 55 (69), 29 (78), 2 (71), 34 (74), 59 (84), 22 (79), 5 (97), 26 (97)]";22206;"Maquina 2: [45 (25), 10 (19), 44 (47), 0 (42), 51 (10), 12 (8), 19 (28), 53 (37), 33 (55), 35 (25), 25 (76), 1 (54), 48 (14), 16 (23), 17 (59), 8 (79), 13 (36), 39 (44), 21 (49), 38 (75), 46 (65), 50 (90), 27 (57), 52 (75), 11 (71), 36 (43), 24 (78), 15 (83), 43 (82), 20 (97)]";24901
Multiarranque;60;2;47269;161.0;25;"Maquina 1: [51 (10), 12 (8), 19 (28), 3 (48), 45 (25), 13 (36), 39 (44), 49 (23), 30 (14), 6 (46), 10 (19), 32 (3), 48 (14), 1 (54), 31 (55), 9 (29), 18 (57), 55 (69), 37 (66), 47 (57), 11 (71), 17 (59), 2 (71), 44 (47), 41 (52), 50 (90), 7 (64), 20 (97), 26 (97), 25 (76), 5 (97)]";23306;"Maquina 2: [28 (9), 57 (16), 16 (23), 58 (38), 0 (42), 14 (25), 23 (27), 46 (65), 36 (43), 38 (75), 34 (74), 40 (36), 4 (20), 52 (75), 53 (37), 33 (55), 35 (25), 24 (78), 21 (49), 42 (25), 59 (84), 43 (82), 54 (76), 22 (79), 15 (83), 27 (57), 56 (82), 8 (79), 29 (78)]";23963
GREEDY;60;2;48278;1.0;1;"Maquina 1: [16 (41), 9 (14), 8 (62), 31 (1), 52 (49), 18 (18), 49 (21), 47 (29), 57 (29), 46 (33), 20 (5), 48 (28), 43 (42), 21 (43), 32 (86), 50 (57), 11 (57), 33 (78), 54 (23), 53 (64), 42 (46), 4 (64), 5 (74), 28 (66), 19 (85), 24 (81), 51 (74), 23 (88), 14 (93)]";23337;"Maquina 2: [0 (20), 2 (18), 25 (3), 3 (31), 17 (43), 41 (10), 12 (45), 38 (14), 45 (48), 37 (5), 22 (16), 27 (76), 59 (23), 10 (27), 6 (70), 40 (64), 58 (35), 15 (74), 26 (29), 36 (58), 7 (52), 55 (65), 13 (57), 39 (62), 35 (41), 1 (83), 29 (86), 34 (94), 30 (80), 44 (87), 56 (89)]";24941
GRASP;60;2;46431;87.0;25;"Maquina 1: [18 (18), 2 (18), 41 (10), 26 (29), 31 (1), 33 (78), 17 (43), 54 (23), 15 (74), 49 (21), 47 (29), 16 (41), 9 (14), 43 (42), 40 (64), 21 (43), 8 (62), 7 (52), 53 (64), 50 (57), 39 (62), 30 (80), 27 (76), 24 (81), 29 (86), 28 (66), 14 (93), 44 (87), 1 (83)]";23030;"Maquina 2: [25 (3), 10 (27), 20 (5), 48 (28), 45 (48), 37 (5), 38 (14), 57 (29), 12 (45), 22 (16), 52 (49), 59 (23), 46 (33), 0 (20), 58 (35), 3 (31), 36 (58), 11 (57), 35 (41), 4 (64), 55 (65), 42 (46), 13 (57), 32 (86), 5 (74), 6 (70), 19 (85), 51 (74), 23 (88), 56 (89), 34 (94)]";23401
LNS;60;2;47813;14.0;25;"Maquina 1: [16 (41), 9 (14), 8 (62), 31 (1), 52 (49), 18 (18), 49 (21), 47 (29), 57 (29), 46 (33), 20 (5), 48 (28), 43 (42), 21 (43), 32 (86), 23 (88), 11 (57), 33 (78), 54 (23), 53 (64), 50 (57), 4 (64), 5 (74), 28 (66), 19 (85), 24 (81), 51 (74), 42 (46), 14 (93)]";22872;"Maquina 2: [0 (20), 2 (18), 25 (3), 3 (31), 17 (43), 41 (10), 12 (45), 38 (14), 45 (48), 37 (5), 22 (16), 27 (76), 59 (23), 10 (27), 6 (70), 40 (64), 58 (35), 15 (74), 26 (29), 36 (58), 7 (52), 55 (65), 13 (57), 39 (62), 35 (41), 1 (83), 29 (86), 34 (94), 30 (80), 44 (87), 56 (89)]";24941
TABÚ;60;2;46961;31.0;25;"Maquina 1: [25 (3), 49 (21), 26 (29), 48 (28), 37 (5), 22 (16), 28 (66), 18 (18), 7 (52), 45 (48), 3 (31), 17 (43), 57 (29), 54 (23), 5 (74), 16 (41), 0 (20), 51 (74), 33 (78), 13 (57), 30 (80), 44 (87), 53 (64), 35 (41), 39 (62), 32 (86), 19 (85), 24 (81), 1 (83), 56 (89)]";23079;"Maquina 2: [2 (18), 41 (10), 31 (1), 38 (14), 21 (43), 20 (5), 52 (49), 59 (23), 46 (33), 10 (27), 42 (46), 47 (29), 50 (57), 27 (76), 9 (14), 12 (45), 23 (88), 11 (57), 6 (70), 40 (64), 58 (35), 43 (42), 15 (74), 8 (62), 36 (58), 14 (93), 29 (86), 4 (64), 34 (94), 55 (65)]";23882
VNS;60;2;47973;1710.0;25;"Maquina 1: [16 (41), 9 (14), 8 (62), 31 (1), 52 (49), 18 (18), 49 (21), 47 (29), 57 (29), 10 (27), 20 (5), 48 (28), 43 (42), 21 (43), 32 (86), 50 (57), 11 (57), 33 (78), 54 (23), 53 (64), 42 (46), 4 (64), 5 (74), 28 (66), 19 (85), 24 (81), 51 (74), 23 (88), 14 (93)]";23143;"Maquina 2: [0 (20), 2 (18), 25 (3), 3 (31), 17 (43), 41 (10), 12 (45), 38 (14), 45 (48), 37 (5), 22 (16), 27 (76), 59 (23), 46 (33), 6 (70), 40 (64), 58 (35), 15 (74), 26 (29), 36 (58), 7 (52), 55 (65), 13 (57), 39 (62), 35 (41), 1 (83), 29 (86), 34 (94), 30 (80), 44 (87), 56 (89)]";24830
Multiarranque;60;2;47611;164.0;25;"Maquina 1: [43 (42), 38 (14), 2 (18), 37 (5), 22 (16), 35 (41), 20 (5), 52 (49), 18 (18), 49 (21), 16 (41), 51 (74), 25 (3), 3 (31), 17 (43), 41 (10), 12 (45), 42 (46), 13 (57), 56 (89), 19 (85), 27 (76), 50 (57), 7 (52), 21 (43), 4 (64), 55 (65), 34 (94), 30 (80), 44 (87), 23 (88)]";23144;"Maquina 2: [9 (14), 0 (20), 58 (35), 26 (29), 31 (1), 6 (70), 54 (23), 15 (74), 57 (29), 10 (27), 40 (64), 46 (33), 11 (57), 48 (28), 45 (48), 47 (29), 28 (66), 39 (62), 59 (23), 32 (86), 5 (74), 1 (83), 33 (78), 29 (86), 53 (64), 36 (58), 24 (81), 14 (93), 8 (62)]";24467
GREEDY;60;2;54953;0.0;1;"Maquina 1: [30 (21), 9 (6), 50 (16), 35 (33), 8 (44), 18 (20), 55 (52), 3 (48), 34 (30), 42 (56), 40 (9), 51 (38), 7 (76), 20 (50), 25 (61), 37 (54), 14 (53), 13 (67), 52 (66), 28 (64), 36 (63), 57 (70), 27 (78), 4 (90), 45 (68), 2 (93), 1 (87), 22 (64), 29 (81), 41 (91)]";27117;"Maquina 2: [10 (13), 15 (22), 32 (15), 31 (22), 49 (32), 12 (38), 56 (7), 44 (45), 38 (43), 39 (17), 48 (51), 58 (52), 54 (53), 16 (56), 21 (75), 17 (57), 6 (50), 43 (69), 46 (75), 59 (63), 26 (90), 23 (64), 24 (88), 53 (64), 19 (79), 11 (67), 47 (61), 33 (98), 0 (92), 5 (82)]";27836
GRASP;60;2;54202;86.0;25;"Maquina 1: [39 (17), 49 (32), 9 (6), 23 (64), 7 (76), 30 (21), 3 (48), 56 (7), 14 (53), 16 (56), 21 (75), 18 (20), 11 (67), 20 (50), 28 (64), 13 (67), 12 (38), 32 (15), 54 (53), 45 (68), 48 (51), 58 (52), 26 (90), 22 (64), 47 (61), 33 (98), 43 (69), 27 (78), 4 (90), 0 (92)]";27869;"Maquina 2: [50 (16), 42 (56), 34 (30), 40 (9), 44 (45), 10 (13), 15 (22), 31 (22), 38 (43), 59 (63), 8 (44), 51 (38), 35 (33), 37 (54), 25 (61), 6 (50), 36 (63), 55 (52), 17 (57), 52 (66), 24 (88), 53 (64), 57 (70), 46 (75), 29 (81), 5 (82), 2 (93), 1 (87), 19 (79), 41 (91)]";26333
LNS;60;2;53947;14.0;25;"Maquina 1: [30 (21), 9 (6), 50 (16), 35 (33), 8 (44), 18 (20), 55 (52), 37 (54), 34 (30), 42 (56), 40 (9), 51 (38), 7 (76), 20 (50), 25 (61), 3 (48), 14 (53), 13 (67), 52 (66), 28 (64), 36 (63), 57 (70), 27 (78), 4 (90), 45 (68), 2 (93), 1 (87), 22 (64), 29 (81), 41 (91)]";26111;"Maquina 2: [10 (13), 15 (22), 32 (15), 31 (22), 49 (32), 12 (38), 56 (7), 44 (45), 38 (43), 39 (17), 48 (51), 58 (52), 54 (53), 16 (56), 21 (75), 17 (57), 6 (50), 43 (69), 46 (75), 59 (63), 26 (90), 23 (64), 24 (88), 53 (64), 19 (79), 11 (67), 47 (61), 33 (98), 0 (92), 5 (82)]";27836
TABÚ;60;2;53033;27.0;25;"Maquina 1: [50 (16), 56 (7), 10 (13), 34 (30), 42 (56), 40 (9), 51 (38), 59 (63), 30 (21), 23 (64), 6 (50), 20 (50), 36 (63), 8 (44), 58 (52), 17 (57), 4 (90), 12 (38), 55 (52), 16 (56), 29 (81), 41 (91), 52 (66), 7 (76), 0 (92), 53 (64), 54 (53), 57 (70), 5 (82), 27 (78)]";26681;"Maquina 2: [18 (20), 13 (67), 15 (22), 44 (45), 32 (15), 31 (22), 48 (51), 9 (6), 35 (33), 49 (32), 38 (43), 22 (64), 39 (17), 37 (54), 25 (61), 3 (48), 46 (75), 14 (53), 21 (75), 26 (90), 19 (79), 33 (98), 11 (67), 47 (61), 43 (69), 1 (87), 24 (88), 28 (64), 45 (68), 2 (93)]";26352
VNS;60;2;53935;1205.0;25;"Maquina 1: [30 (21), 9 (6), 50 (16), 35 (33), 8 (44), 18 (20), 55 (52), 37 (54), 34 (30), 42 (56), 40 (9), 51 (38), 7 (76), 20 (50), 25 (61), 3 (48), 14 (53), 13 (67), 52 (66), 28 (64), 36 (63), 57 (70), 27 (78), 4 (90), 45 (68), 2 (93), 1 (87), 22 (64), 29 (81), 5 (82)]";26104;"Maquina 2: [10 (13), 15 (22), 32 (15), 31 (22), 49 (32), 12 (38), 56 (7), 44 (45), 38 (43), 39 (17), 48 (51), 58 (52), 54 (53), 16 (56), 21 (75), 17 (57), 6 (50), 43 (69), 46 (75), 59 (63), 26 (90), 23 (64), 24 (88), 53 (64), 19 (79), 11 (67), 47 (61), 33 (98), 0 (92), 41 (91)]";27831
Multiarranque;60;2;52081;152.0;25;"Maquina 1: [30 (21), 10 (13), 32 (15), 50 (16), 56 (7), 14 (53), 44 (45), 38 (43), 31 (22), 49 (32), 36 (63), 55 (52), 20 (50), 52 (66), 28 (64), 12 (38), 17 (57), 6 (50), 7 (76), 42 (56), 25 (61), 59 (63), 11 (67), 45 (68), 57 (70), 46 (75), 4 (90), 0 (92), 24 (88), 33 (98)]";25596;"Maquina 2: [37 (54), 34 (30), 39 (17), 48 (51), 9 (6), 35 (33), 16 (56), 58 (52), 54 (53), 40 (9), 51 (38), 22 (64), 15 (22), 19 (79), 18 (20), 8 (44), 2 (93), 47 (61), 53 (64), 13 (67), 26 (90), 23 (64), 43 (69), 29 (81), 5 (82), 27 (78), 21 (75), 3 (48), 1 (87), 41 (91)]";26485
GREEDY;60;2;45956;0.0;1;"Maquina 1: [10 (6), 48 (2), 40 (13), 30 (28), 9 (16), 4 (40), 56 (36), 43 (44), 34 (50), 31 (39), 15 (51), 41 (35), 28 (49), 5 (52), 33 (69), 7 (38), 55 (59), 46 (58), 35 (77), 27 (56), 50 (64), 52 (80), 36 (61), 47 (83), 29 (86), 59 (81), 26 (96), 42 (94), 44 (93), 32 (98)]";22714;"Maquina 2: [39 (26), 12 (5), 13 (34), 54 (13), 49 (10), 38 (37), 22 (40), 6 (36), 45 (39), 3 (63), 25 (51), 51 (38), 0 (51), 18 (54), 14 (57), 16 (50), 17 (46), 53 (58), 58 (80), 1 (68), 23 (60), 19 (80), 11 (82), 24 (76), 2 (84), 57 (93), 37 (97), 8 (95), 21 (93), 20 (99)]";23242
GRASP;60;2;45132;89.0;25;"Maquina 1: [48 (2), 54 (13), 34 (50), 40 (13), 22 (40), 56 (36), 25 (51), 51 (38), 45 (39), 55 (59), 16 (50), 53 (58), 28 (49), 0 (51), 18 (54), 43 (44), 13 (34), 35 (77), 23 (60), 19 (80), 11 (82), 1 (68), 58 (80), 37 (97), 52 (80), 42 (94), 21 (93), 20 (99), 32 (98), 2 (84)]";24386;"Maquina 2: [12 (5), 10 (6), 49 (10), 30 (28), 9 (16), 41 (35), 38 (37), 7 (38), 6 (36), 5 (52), 39 (26), 4 (40), 17 (46), 31 (39), 15 (51), 27 (56), 50 (64), 24 (76), 46 (58), 36 (61), 33 (69), 14 (57), 59 (81), 8 (95), 3 (63), 26 (96), 47 (83), 29 (86), 44 (93), 57 (93)]";20746
LNS;60;2;45919;14.0;25;"Maquina 1: [10 (6), 48 (2), 40 (13), 30 (28), 9 (16), 4 (40), 56 (36), 43 (44), 34 (50), 31 (39), 15 (51), 41 (35), 28 (49), 5 (52), 33 (69), 7 (38), 55 (59), 46 (58), 35 (77), 27 (56), 50 (64), 52 (80), 36 (61), 47 (83), 29 (86), 59 (81), 26 (96), 42 (94), 44 (93), 32 (98)]";22714;"Maquina 2: [39 (26), 12 (5), 13 (34), 54 (13), 49 (10), 38 (37), 22 (40), 6 (36), 45 (39), 3 (63), 25 (51), 51 (38), 0 (51), 18 (54), 14 (57), 16 (50), 17 (46), 53 (58), 58 (80), 1 (68), 23 (60), 19 (80), 11 (82), 57 (93), 2 (84), 24 (76), 37 (97), 8 (95), 21 (93), 20 (99)]";23205
TABÚ;60;2;44698;28.0;25;"Maquina 1: [12 (5), 10 (6), 54 (13), 49 (10), 30 (28), 51 (38), 41 (35), 38 (37), 9 (16), 45 (39), 16 (50), 53 (58), 28 (49), 25 (51), 34 (50), 4 (40), 15 (51), 27 (56), 50 (64), 57 (93), 14 (57), 46 (58), 35 (77), 11 (82), 1 (68), 8 (95), 21 (93), 20 (99), 47 (83), 32 (98), 44 (93)]";22354;"Maquina 2: [39 (26), 48 (2), 6 (36), 17 (46), 13 (34), 40 (13), 22 (40), 7 (38), 56 (36), 5 (52), 55 (59), 0 (51), 18 (54), 43 (44), 24 (76), 31 (39), 58 (80), 3 (63), 29 (86), 23 (60), 36 (61), 33 (69), 37 (97), 52 (80), 19 (80), 26 (96), 42 (94), 59 (81), 2 (84)]";22344
VNS;60;2;45426;2324.0;25;"Maquina 1: [10 (6), 48 (2), 40 (13), 30 (28), 9 (16), 4 (40), 56 (36), 43 (44), 34 (50), 31 (39), 15 (51), 41 (35), 28 (49), 5 (52), 33 (69), 7 (38), 13 (34), 46 (58), 35 (77), 27 (56), 50 (64), 52 (80), 36 (61), 47 (83), 29 (86), 59 (81), 26 (96), 42 (94), 44 (93), 32 (98)]";22076;"Maquina 2: [39 (26), 12 (5), 55 (59), 54 (13), 49 (10), 38 (37), 22 (40), 6 (36), 45 (39), 3 (63), 25 (51), 51 (38), 0 (51), 18 (54), 14 (57), 16 (50), 17 (46), 53 (58), 58 (80), 1 (68), 23 (60), 19 (80), 11 (82), 24 (76), 2 (84), 57 (93), 37 (97), 8 (95), 21 (93), 20 (99)]";23350
Multiarranque;60;2;45222;152.0;25;"Maquina 1: [54 (13), 10 (6), 49 (10), 38 (37), 9 (16), 56 (36), 43 (44), 22 (40), 6 (36), 45 (39), 16 (50), 28 (49), 31 (39), 17 (46), 55 (59), 15 (51), 1 (68), 23 (60), 36 (61), 33 (69), 52 (80), 24 (76), 18 (54), 14 (57), 59 (81), 2 (84), 57 (93), 32 (98), 8 (95), 21 (93), 20 (99)]";24055;"Maquina 2: [39 (26), 48 (2), 7 (38), 12 (5), 13 (34), 30 (28), 34 (50), 4 (40), 0 (51), 40 (13), 25 (51), 51 (38), 41 (35), 3 (63), 5 (52), 53 (58), 58 (80), 46 (58), 27 (56), 50 (64), 35 (77), 11 (82), 47 (83), 29 (86), 19 (80), 26 (96), 44 (93), 37 (97), 42 (94)]";21167
GREEDY;60;2;38842;1.0;1;"Maquina 1: [50 (19), 34 (15), 38 (12), 17 (3), 39 (29), 10 (10), 40 (1), 7 (27), 47 (17), 23 (29), 9 (33), 3 (40), 4 (41), 27 (39), 14 (66), 21 (53), 11 (73), 2 (51), 58 (74), 29 (70), 25 (58), 15 (72), 13 (82), 57 (67), 42 (77), 44 (98), 16 (94), 36 (85), 54 (87), 0 (98)]";19774;"Maquina 2: [45 (7), 1 (6), 52 (1), 12 (19), 5 (22), 35 (38), 56 (10), 53 (13), 19 (17), 20 (30), 8 (53), 43 (28), 31 (39), 6 (40), 22 (57), 24 (29), 37 (44), 26 (72), 59 (90), 18 (59), 28 (66), 32 (70), 48 (68), 41 (98), 33 (78), 30 (73), 49 (84), 51 (76), 55 (97), 46 (85)]";19068
GRASP;60;2;38452;88.0;25;"Maquina 1: [10 (10), 45 (7), 52 (1), 38 (12), 24 (29), 1 (6), 6 (40), 20 (30), 7 (27), 47 (17), 4 (41), 5 (22), 35 (38), 22 (57), 37 (44), 2 (51), 46 (85), 3 (40), 32 (70), 51 (76), 14 (66), 48 (68), 41 (98), 33 (78), 30 (73), 15 (72), 42 (77), 11 (73), 44 (98), 59 (90)]";19177;"Maquina 2: [40 (1), 8 (53), 56 (10), 53 (13), 19 (17), 12 (19), 50 (19), 34 (15), 43 (28), 23 (29), 17 (3), 27 (39), 31 (39), 28 (66), 39 (29), 21 (53), 26 (72), 29 (70), 36 (85), 57 (67), 13 (82), 9 (33), 25 (58), 18 (59), 49 (84), 16 (94), 58 (74), 54 (87), 0 (98), 55 (97)]";19275
LNS;60;2;38842;14.0;25;"Maquina 1: [50 (19), 34 (15), 38 (12), 17 (3), 39 (29), 10 (10), 40 (1), 7 (27), 47 (17), 23 (29), 9 (33), 3 (40), 4 (41), 27 (39), 14 (66), 21 (53), 11 (73), 2 (51), 58 (74), 29 (70), 25 (58), 15 (72), 13 (82), 57 (67), 42 (77), 44 (98), 16 (94), 36 (85), 54 (87), 0 (98)]";19774;"Maquina 2: [45 (7), 1 (6), 52 (1), 12 (19), 5 (22), 35 (38), 56 (10), 53 (13), 19 (17), 20 (30), 8 (53), 43 (28), 31 (39), 6 (40), 22 (57), 24 (29), 37 (44), 26 (72), 59 (90), 18 (59), 28 (66), 32 (70), 48 (68), 41 (98), 33 (78), 30 (73), 49 (84), 51 (76), 55 (97), 46 (85)]";19068
TABÚ;60;2;38649;33.0;25;"Maquina 1: [40 (1), 8 (53), 43 (28), 34 (15), 9 (33), 1 (6), 53 (13), 20 (30), 50 (19), 39 (29), 29 (70), 2 (51), 56 (10), 14 (66), 6 (40), 22 (57), 31 (39), 28 (66), 32 (70), 48 (68), 30 (73), 49 (84), 42 (77), 11 (73), 58 (74), 16 (94), 41 (98), 46 (85), 44 (98)]";19821;"Maquina 2: [45 (7), 52 (1), 17 (3), 19 (17), 7 (27), 47 (17), 35 (38), 10 (10), 3 (40), 38 (12), 4 (41), 24 (29), 37 (44), 5 (22), 57 (67), 23 (29), 12 (19), 27 (39), 26 (72), 13 (82), 25 (58), 15 (72), 18 (59), 51 (76), 21 (53), 59 (90), 33 (78), 0 (98), 36 (85), 54 (87), 55 (97)]";18828
VNS;60;2;38596;1834.0;25;"Maquina 1: [50 (19), 34 (15), 38 (12), 45 (7), 39 (29), 10 (10), 40 (1), 7 (27), 47 (17), 23 (29), 9 (33), 3 (40), 4 (41), 27 (39), 14 (66), 21 (53), 11 (73), 2 (51), 58 (74), 29 (70), 25 (58), 15 (72), 13 (82), 57 (67), 42 (77), 44 (98), 16 (94), 36 (85), 55 (97), 0 (98)]";19632;"Maquina 2: [17 (3), 1 (6), 52 (1), 12 (19), 5 (22), 35 (38), 56 (10), 53 (13), 19 (17), 20 (30), 8 (53), 43 (28), 31 (39), 6 (40), 22 (57), 24 (29), 37 (44), 26 (72), 59 (90), 18 (59), 28 (66), 32 (70), 48 (68), 41 (98), 33 (78), 30 (73), 49 (84), 51 (76), 54 (87), 46 (85)]";18964
Multiarranque;60;2;38311;155.0;25;"Maquina 1: [56 (10), 34 (15), 45 (7), 52 (1), 50 (19), 47 (17), 23 (29), 9 (33), 4 (41), 39 (29), 24 (29), 37 (44), 5 (22), 6 (40), 18 (59), 8 (53), 15 (72), 57 (67), 28 (66), 26 (72), 13 (82), 51 (76), 14 (66), 33 (78), 42 (77), 44 (98), 36 (85), 0 (98), 16 (94), 41 (98)]";19297;"Maquina 2: [10 (10), 40 (1), 7 (27), 17 (3), 1 (6), 38 (12), 12 (19), 53 (13), 19 (17), 3 (40), 20 (30), 43 (28), 25 (58), 22 (57), 31 (39), 35 (38), 27 (39), 48 (68), 21 (53), 30 (73), 2 (51), 46 (85), 49 (84), 29 (70), 58 (74), 54 (87), 32 (70), 59 (90), 55 (97), 11 (73)]";19014
GREEDY;60;2;51312;0.0;1;"Maquina 1: [17 (35), 57 (15), 3 (15), 50 (1), 30 (69), 47 (51), 5 (5), 26 (40), 18 (27), 29 (32), 51 (49), 16 (18), 21 (50), 20 (21), 13 (39), 34 (70), 44 (50), 56 (53), 46 (61), 14 (94), 28 (81), 24 (78), 10 (72), 27 (83), 42 (80), 40 (55), 33 (89), 7 (92), 23 (88), 22 (99)]";26511;"Maquina 2: [43 (28), 58 (25), 59 (4), 9 (15), 2 (42), 19 (17), 53 (10), 36 (51), 12 (25), 35 (36), 0 (19), 49 (32), 6 (61), 32 (44), 54 (54), 25 (82), 15 (89), 55 (39), 31 (66), 39 (59), 41 (50), 38 (91), 48 (72), 37 (53), 4 (72), 45 (80), 1 (84), 52 (79), 11 (94), 8 (98)]";24801
GRASP;60;2;47558;92.0;25;"Maquina 1: [57 (15), 19 (17), 3 (15), 50 (1), 17 (35), 58 (25), 18 (27), 36 (51), 53 (10), 35 (36), 29 (32), 51 (49), 34 (70), 16 (18), 21 (50), 30 (69), 56 (53), 11 (94), 41 (50), 2 (42), 40 (55), 4 (72), 52 (79), 54 (54), 27 (83), 1 (84), 23 (88), 7 (92), 15 (89), 22 (99), 24 (78)]";24410;"Maquina 2: [5 (5), 43 (28), 12 (25), 59 (4), 9 (15), 46 (61), 55 (39), 20 (21), 6 (61), 0 (19), 10 (72), 13 (39), 25 (82), 26 (40), 49 (32), 42 (80), 44 (50), 47 (51), 45 (80), 38 (91), 31 (66), 39 (59), 48 (72), 37 (53), 32 (44), 14 (94), 28 (81), 8 (98), 33 (89)]";23148
LNS;60;2;50569;14.0;25;"Maquina 1: [17 (35), 57 (15), 3 (15), 50 (1), 30 (69), 47 (51), 5 (5), 26 (40), 18 (27), 29 (32), 51 (49), 16 (18), 21 (50), 10 (72), 13 (39), 20 (21), 44 (50), 56 (53), 46 (61), 14 (94), 28 (81), 24 (78), 34 (70), 27 (83), 42 (80), 40 (55), 33 (89), 7 (92), 23 (88), 22 (99)]";25856;"Maquina 2: [43 (28), 58 (25), 59 (4), 9 (15), 2 (42), 19 (17), 53 (10), 36 (51), 12 (25), 35 (36), 0 (19), 49 (32), 6 (61), 32 (44), 54 (54), 25 (82), 15 (89), 55 (39), 31 (66), 39 (59), 41 (50), 1 (84), 11 (94), 37 (53), 4 (72), 45 (80), 38 (91), 52 (79), 48 (72), 8 (98)]";24713
TABÚ;60;2;47216;27.0;25;"Maquina 1: [19 (17), 3 (15), 5 (5), 43 (28), 29 (32), 12 (25), 59 (4), 28 (81), 13 (39), 36 (51), 50 (1), 32 (44), 54 (54), 17 (35), 11 (94), 41 (50), 38 (91), 49 (32), 52 (79), 34 (70), 44 (50), 31 (66), 30 (69), 14 (94), 40 (55), 4 (72), 45 (80), 8 (98), 23 (88), 26 (40), 22 (99)]";25023;"Maquina 2: [53 (10), 9 (15), 57 (15), 55 (39), 58 (25), 20 (21), 0 (19), 35 (36), 16 (18), 18 (27), 51 (49), 47 (51), 10 (72), 21 (50), 56 (53), 39 (59), 2 (42), 6 (61), 37 (53), 48 (72), 46 (61), 24 (78), 15 (89), 25 (82), 42 (80), 1 (84), 7 (92), 33 (89), 27 (83)]";22193
VNS;60;2;50684;1251.0;25;"Maquina 1: [17 (35), 57 (15), 19 (17), 50 (1), 30 (69), 47 (51), 5 (5), 26 (40), 18 (27), 29 (32), 51 (49), 16 (18), 21 (50), 20 (21), 13 (39), 34 (70), 44 (50), 56 (53), 46 (61), 14 (94), 28 (81), 24 (78), 10 (72), 27 (83), 42 (80), 40 (55), 33 (89), 7 (92), 23 (88), 22 (99)]";26619;"Maquina 2: [43 (28), 58 (25), 59 (4), 9 (15), 2 (42), 3 (15), 53 (10), 36 (51), 12 (25), 35 (36), 0 (19), 49 (32), 6 (61), 32 (44), 54 (54), 25 (82), 15 (89), 55 (39), 31 (66), 39 (59), 41 (50), 38 (91), 48 (72), 37 (53), 4 (72), 45 (80), 1 (84), 52 (79), 11 (94), 8 (98)]";24065
Multiarranque;60;2;48599;139.0;25;"Maquina 1: [19 (17), 3 (15), 50 (1), 58 (25), 40 (55), 53 (10), 9 (15), 43 (28), 29 (32), 12 (25), 0 (19), 49 (32), 5 (5), 18 (27), 41 (50), 2 (42), 15 (89), 55 (39), 51 (49), 23 (88), 56 (53), 32 (44), 14 (94), 38 (91), 31 (66), 30 (69), 34 (70), 37 (53), 52 (79), 33 (89), 28 (81), 7 (92), 25 (82)]";25139;"Maquina 2: [35 (36), 16 (18), 21 (50), 57 (15), 39 (59), 59 (4), 26 (40), 54 (54), 17 (35), 44 (50), 47 (51), 4 (72), 20 (21), 11 (94), 36 (51), 48 (72), 10 (72), 13 (39), 46 (61), 45 (80), 1 (84), 22 (99), 6 (61), 24 (78), 42 (80), 27 (83), 8 (98)]";23460
GREEDY;60;2;36029;1.0;1;"Maquina 1: [55 (14), 29 (3), 23 (8), 4 (1), 21 (12), 1 (23), 19 (10), 54 (38), 5 (22), 16 (28), 48 (29), 2 (36), 13 (41), 58 (21), 26 (42), 33 (37), 12 (47), 35 (43), 28 (55), 30 (64), 22 (73), 47 (66), 49 (78), 17 (65), 41 (68), 10 (98), 20 (70), 27 (81), 43 (87), 14 (93)]";17356;"Maquina 2: [38 (7), 24 (3), 6 (15), 57 (7), 3 (16), 59 (21), 11 (25), 7 (11), 25 (30), 39 (36), 42 (22), 31 (52), 53 (37), 46 (41), 50 (44), 44 (29), 52 (67), 56 (38), 18 (76), 45 (69), 8 (43), 9 (65), 0 (84), 37 (79), 40 (63), 32 (72), 36 (92), 34 (65), 51 (99), 15 (97)]";18673
GRASP;60;2;35428;83.0;25;"Maquina 1: [19 (10), 38 (7), 24 (3), 5 (22), 16 (28), 59 (21), 11 (25), 56 (38), 55 (14), 26 (42), 39 (36), 44 (29), 13 (41), 46 (41), 33 (37), 12 (47), 35 (43), 52 (67), 28 (55), 40 (63), 18 (76), 0 (84), 22 (73), 20 (70), 34 (65), 47 (66), 36 (92), 51 (99), 14 (93)]";18077;"Maquina 2: [57 (7), 4 (1), 21 (12), 6 (15), 1 (23), 29 (3), 23 (8), 3 (16), 54 (38), 2 (36), 42 (22), 58 (21), 7 (11), 25 (30), 50 (44), 8 (43), 9 (65), 31 (52), 53 (37), 45 (69), 49 (78), 48 (29), 27 (81), 30 (64), 41 (68), 32 (72), 17 (65), 43 (87), 37 (79), 10 (98), 15 (97)]";17351
LNS;60;2;35921;13.0;25;"Maquina 1: [55 (14), 29 (3), 23 (8), 4 (1), 48 (29), 1 (23), 19 (10), 2 (36), 5 (22), 16 (28), 21 (12), 54 (38), 13 (41), 58 (21), 26 (42), 33 (37), 12 (47), 35 (43), 28 (55), 30 (64), 22 (73), 47 (66), 49 (78), 17 (65), 41 (68), 10 (98), 20 (70), 27 (81), 43 (87), 14 (93)]";17248;"Maquina 2: [38 (7), 24 (3), 6 (15), 57 (7), 3 (16), 59 (21), 11 (25), 7 (11), 25 (30), 39 (36), 42 (22), 31 (52), 53 (37), 46 (41), 50 (44), 44 (29), 52 (67), 56 (38), 18 (76), 45 (69), 8 (43), 9 (65), 0 (84), 37 (79), 40 (63), 32 (72), 36 (92), 34 (65), 51 (99), 15 (97)]";18673
TABÚ;60;2;35284;26.0;25;"Maquina 1: [7 (11), 29 (3), 59 (21), 55 (14), 57 (7), 25 (30), 58 (21), 44 (29), 33 (37), 42 (22), 1 (23), 48 (29), 46 (41), 11 (25), 56 (38), 28 (55), 34 (65), 2 (36), 17 (65), 41 (68), 50 (44), 40 (63), 32 (72), 20 (70), 47 (66), 45 (69), 10 (98), 18 (76), 27 (81), 15 (97)]";17990;"Maquina 2: [6 (15), 19 (10), 38 (7), 24 (3), 5 (22), 16 (28), 23 (8), 4 (1), 21 (12), 3 (16), 54 (38), 13 (41), 39 (36), 31 (52), 26 (42), 53 (37), 35 (43), 52 (67), 43 (87), 37 (79), 8 (43), 9 (65), 12 (47), 30 (64), 22 (73), 49 (78), 14 (93), 0 (84), 36 (92), 51 (99)]";17294
VNS;60;2;35845;1496.0;25;"Maquina 1: [55 (14), 29 (3), 23 (8), 4 (1), 24 (3), 1 (23), 19 (10), 54 (38), 5 (22), 16 (28), 48 (29), 2 (36), 13 (41), 58 (21), 26 (42), 33 (37), 12 (47), 35 (43), 28 (55), 30 (64), 22 (73), 47 (66), 49 (78), 17 (65), 41 (68), 37 (79), 10 (98), 20 (70), 27 (81), 43 (87), 14 (93)]";18997;"Maquina 2: [38 (7), 21 (12), 6 (15), 57 (7), 3 (16), 59 (21), 11 (25), 7 (11), 25 (30), 39 (36), 42 (22), 31 (52), 53 (37), 46 (41), 50 (44), 44 (29), 52 (67), 56 (38), 18 (76), 45 (69), 8 (43), 9 (65), 0 (84), 40 (63), 32 (72), 36 (92), 34 (65), 51 (99), 15 (97)]";16848
Multiarranque;60;2;35299;144.0;25;"Maquina 1: [57 (7), 55 (14), 38 (7), 24 (3), 16 (28), 21 (12), 6 (15), 1 (23), 19 (10), 8 (43), 7 (11), 56 (38), 23 (8), 3 (16), 54 (38), 2 (36), 13 (41), 50 (44), 34 (65), 31 (52), 52 (67), 48 (29), 43 (87), 49 (78), 18 (76), 27 (81), 22 (73), 37 (79), 10 (98), 20 (70), 14 (93)]";17365;"Maquina 2: [4 (1), 5 (22), 29 (3), 11 (25), 59 (21), 25 (30), 26 (42), 44 (29), 33 (37), 39 (36), 42 (22), 35 (43), 47 (66), 58 (21), 53 (37), 46 (41), 12 (47), 30 (64), 9 (65), 17 (65), 41 (68), 28 (55), 0 (84), 40 (63), 36 (92), 51 (99), 32 (72), 45 (69), 15 (97)]";17934
GREEDY;60;2;49793;0.0;1;"Maquina 1: [40 (2), 35 (24), 29 (10), 55 (23), 39 (19), 34 (7), 20 (62), 58 (30), 14 (22), 12 (48), 0 (42), 4 (34), 50 (24), 56 (39), 47 (40), 9 (50), 27 (52), 11 (67), 57 (68), 52 (63), 23 (94), 54 (54), 6 (65), 16 (69), 48 (89), 21 (90), 59 (76), 15 (85), 24 (91), 8 (74), 31 (98)]";25830;"Maquina 2: [13 (25), 41 (6), 7 (69), 5 (31), 3 (17), 25 (10), 22 (63), 42 (21), 18 (27), 33 (68), 49 (23), 38 (40), 30 (54), 37 (41), 1 (90), 51 (51), 2 (38), 10 (84), 44 (85), 28 (43), 43 (94), 19 (24), 32 (70), 45 (93), 17 (75), 53 (64), 26 (90), 36 (59), 46 (65)]";23963
GRASP;60;2;46753;86.0;25;"Maquina 1: [18 (27), 55 (23), 41 (6), 20 (62), 25 (10), 0 (42), 50 (24), 56 (39), 39 (19), 14 (22), 5 (31), 54 (54), 58 (30), 42 (21), 9 (50), 53 (64), 45 (93), 12 (48), 46 (65), 28 (43), 43 (94), 49 (23), 32 (70), 31 (98), 16 (69), 48 (89), 7 (69), 24 (91), 1 (90), 8 (74)]";23519;"Maquina 2: [40 (2), 19 (24), 29 (10), 30 (54), 34 (7), 13 (25), 3 (17), 38 (40), 27 (52), 4 (34), 37 (41), 35 (24), 51 (51), 59 (76), 47 (40), 11 (67), 17 (75), 52 (63), 57 (68), 36 (59), 2 (38), 21 (90), 22 (63), 33 (68), 15 (85), 10 (84), 44 (85), 26 (90), 6 (65), 23 (94)]";23234
LNS;60;2;49496;14.0;25;"Maquina 1: [40 (2), 35 (24), 29 (10), 55 (23), 39 (19), 34 (7), 20 (62), 58 (30), 14 (22), 12 (48), 0 (42), 4 (34), 50 (24), 56 (39), 47 (40), 9 (50), 27 (52), 11 (67), 57 (68), 52 (63), 23 (94), 54 (54), 6 (65), 16 (69), 48 (89), 21 (90), 59 (76), 15 (85), 24 (91), 8 (74), 31 (98)]";25830;"Maquina 2: [13 (25), 41 (6), 7 (69), 5 (31), 3 (17), 25 (10), 22 (63), 42 (21), 18 (27), 33 (68), 49 (23), 38 (40), 10 (84), 37 (41), 1 (90), 51 (51), 2 (38), 30 (54), 44 (85), 28 (43), 43 (94), 19 (24), 32 (70), 36 (59), 17 (75), 53 (64), 26 (90), 45 (93), 46 (65)]";23666
TABÚ;60;2;47418;33.0;25;"Maquina 1: [40 (2), 34 (7), 58 (30), 25 (10), 56 (39), 39 (19), 43 (94), 19 (24), 33 (68), 42 (21), 0 (42), 4 (34), 2 (38), 12 (48), 7 (69), 5 (31), 54 (54), 28 (43), 53 (64), 22 (63), 8 (74), 45 (93), 46 (65), 16 (69), 48 (89), 59 (76), 30 (54), 44 (85), 10 (84), 26 (90)]";24285;"Maquina 2: [50 (24), 55 (23), 41 (6), 32 (70), 37 (41), 35 (24), 14 (22), 49 (23), 38 (40), 18 (27), 11 (67), 29 (10), 13 (25), 3 (17), 20 (62), 21 (90), 1 (90), 51 (51), 57 (68), 36 (59), 31 (98), 47 (40), 52 (63), 6 (65), 9 (50), 27 (52), 17 (75), 23 (94), 15 (85), 24 (91)]";23133
VNS;60;2;48484;1756.0;25;"Maquina 1: [40 (2), 35 (24), 29 (10), 30 (54), 39 (19), 34 (7), 20 (62), 58 (30), 14 (22), 12 (48), 0 (42), 4 (34), 50 (24), 56 (39), 47 (40), 9 (50), 27 (52), 11 (67), 57 (68), 52 (63), 23 (94), 54 (54), 6 (65), 16 (69), 48 (89), 21 (90), 59 (76), 26 (90), 24 (91), 8 (74)]";24003;"Maquina 2: [13 (25), 41 (6), 7 (69), 5 (31), 3 (17), 25 (10), 22 (63), 42 (21), 18 (27), 33 (68), 49 (23), 38 (40), 55 (23), 37 (41), 1 (90), 51 (51), 2 (38), 10 (84), 44 (85), 28 (43), 43 (94), 19 (24), 32 (70), 45 (93), 17 (75), 53 (64), 15 (85), 36 (59), 31 (98), 46 (65)]";24481
Multiarranque;60;2;46959;134.0;25;"Maquina 1: [34 (7), 13 (25), 41 (6), 5 (31), 3 (17), 29 (10), 56 (39), 28 (43), 21 (90), 35 (24), 14 (22), 49 (23), 30 (54), 20 (62), 46 (65), 16 (69), 53 (64), 38 (40), 27 (52), 59 (76), 15 (85), 10 (84), 22 (63), 47 (40), 24 (91), 2 (38), 8 (74), 26 (90), 43 (94), 48 (89)]";23626;"Maquina 2: [25 (10), 58 (30), 37 (41), 42 (21), 39 (19), 55 (23), 54 (54), 4 (34), 36 (59), 50 (24), 45 (93), 12 (48), 19 (24), 40 (2), 7 (69), 9 (50), 51 (51), 0 (42), 18 (27), 11 (67), 57 (68), 1 (90), 52 (63), 6 (65), 33 (68), 17 (75), 23 (94), 44 (85), 32 (70), 31 (98)]";23333
GREEDY;60;2;48423;1.0;1;"Maquina 1: [48 (15), 13 (1), 24 (20), 14 (15), 1 (37), 16 (34), 53 (14), 15 (30), 23 (9), 59 (39), 7 (18), 29 (29), 27 (81), 40 (55), 36 (44), 20 (41), 30 (68), 17 (46), 52 (71), 32 (57), 51 (75), 5 (52), 44 (89), 6 (59), 9 (80), 49 (86), 3 (77), 43 (92), 37 (98), 28 (95)]";24407;"Maquina 2: [45 (33), 38 (15), 12 (4), 4 (12), 8 (20), 22 (42), 31 (12), 18 (32), 41 (52), 19 (17), 35 (34), 33 (38), 0 (41), 56 (24), 39 (51), 46 (45), 55 (53), 25 (76), 42 (69), 26 (56), 54 (58), 50 (80), 58 (66), 47 (92), 11 (88), 21 (77), 34 (85), 2 (74), 10 (91), 57 (95)]";24016
GRASP;60;2;44676;84.0;25;"Maquina 1: [12 (4), 23 (9), 31 (12), 48 (15), 14 (15), 53 (14), 8 (20), 16 (34), 15 (30), 18 (32), 41 (52), 1 (37), 59 (39), 35 (34), 22 (42), 50 (80), 55 (53), 42 (69), 39 (51), 25 (76), 58 (66), 40 (55), 17 (46), 27 (81), 10 (91), 43 (92), 37 (98), 9 (80), 47 (92), 11 (88)]";22014;"Maquina 2: [56 (24), 45 (33), 38 (15), 32 (57), 13 (1), 24 (20), 5 (52), 4 (12), 33 (38), 7 (18), 29 (29), 6 (59), 19 (17), 36 (44), 20 (41), 46 (45), 0 (41), 30 (68), 54 (58), 26 (56), 3 (77), 52 (71), 44 (89), 49 (86), 34 (85), 2 (74), 51 (75), 57 (95), 21 (77), 28 (95)]";22662
LNS;60;2;46917;13.0;25;"Maquina 1: [48 (15), 13 (1), 24 (20), 5 (52), 1 (37), 16 (34), 53 (14), 23 (9), 15 (30), 59 (39), 7 (18), 29 (29), 27 (81), 40 (55), 36 (44), 20 (41), 30 (68), 17 (46), 52 (71), 32 (57), 51 (75), 14 (15), 44 (89), 6 (59), 9 (80), 49 (86), 3 (77), 43 (92), 37 (98), 28 (95)]";23922;"Maquina 2: [45 (33), 38 (15), 22 (42), 4 (12), 8 (20), 12 (4), 31 (12), 18 (32), 41 (52), 19 (17), 35 (34), 33 (38), 0 (41), 56 (24), 39 (51), 46 (45), 55 (53), 25 (76), 42 (69), 26 (56), 54 (58), 11 (88), 58 (66), 47 (92), 50 (80), 21 (77), 34 (85), 2 (74), 10 (91), 57 (95)]";22995
TABÚ;60;2;45111;31.0;25;"Maquina 1: [56 (24), 12 (4), 31 (12), 48 (15), 14 (15), 1 (37), 13 (1), 36 (44), 24 (20), 5 (52), 35 (34), 41 (52), 19 (17), 9 (80), 33 (38), 45 (33), 42 (69), 26 (56), 3 (77), 59 (39), 49 (86), 0 (41), 30 (68), 54 (58), 34 (85), 11 (88), 50 (80), 27 (81), 10 (91), 57 (95), 28 (95)]";23115;"Maquina 2: [7 (18), 53 (14), 23 (9), 8 (20), 38 (15), 46 (45), 22 (42), 18 (32), 29 (29), 4 (12), 16 (34), 20 (41), 58 (66), 32 (57), 51 (75), 55 (53), 39 (51), 21 (77), 17 (46), 52 (71), 40 (55), 15 (30), 6 (59), 25 (76), 2 (74), 44 (89), 47 (92), 43 (92), 37 (98)]";21996
VNS;60;2;46876;1812.0;25;"Maquina 1: [48 (15), 13 (1), 24 (20), 14 (15), 1 (37), 16 (34), 53 (14), 15 (30), 23 (9), 45 (33), 7 (18), 29 (29), 27 (81), 40 (55), 36 (44), 20 (41), 30 (68), 17 (46), 52 (71), 22 (42), 51 (75), 5 (52), 44 (89), 6 (59), 9 (80), 49 (86), 3 (77), 43 (92), 37 (98), 11 (88)]";23505;"Maquina 2: [59 (39), 38 (15), 12 (4), 4 (12), 8 (20), 32 (57), 31 (12), 18 (32), 41 (52), 19 (17), 35 (34), 33 (38), 0 (41), 56 (24), 39 (51), 46 (45), 55 (53), 25 (76), 42 (69), 26 (56), 54 (58), 50 (80), 58 (66), 47 (92), 28 (95), 21 (77), 34 (85), 2 (74), 10 (91), 57 (95)]";23371
Multiarranque;60;2;43943;140.0;25;"Maquina 1: [7 (18), 53 (14), 6 (59), 13 (1), 29 (29), 41 (52), 19 (17), 24 (20), 12 (4), 31 (12), 33 (38), 17 (46), 45 (33), 9 (80), 16 (34), 5 (52), 1 (37), 32 (57), 2 (74), 49 (86), 0 (41), 30 (68), 3 (77), 52 (71), 27 (81), 40 (55), 44 (89), 47 (92), 43 (92), 57 (95)]";21521;"Maquina 2: [14 (15), 23 (9), 8 (20), 15 (30), 18 (32), 38 (15), 48 (15), 4 (12), 20 (41), 26 (56), 56 (24), 59 (39), 35 (34), 22 (42), 58 (66), 46 (45), 55 (53), 25 (76), 42 (69), 39 (51), 36 (44), 51 (75), 28 (95), 54 (58), 50 (80), 21 (77), 37 (98), 34 (85), 11 (88), 10 (91)]";22422
GREEDY;60;2;42741;0.0;1;"Maquina 1: [42 (11), 57 (7), 28 (15), 22 (32), 37 (6), 55 (3), 10 (36), 36 (9), 2 (17), 51 (58), 6 (39), 56 (21), 18 (42), 27 (37), 0 (34), 46 (64), 34 (77), 26 (44), 19 (49), 25 (62), 3 (48), 49 (66), 47 (94), 43 (62), 33 (69), 48 (82), 52 (91), 41 (97), 9 (90), 5 (79)]";20420;"Maquina 2: [24 (8), 32 (21), 53 (11), 39 (5), 14 (29), 45 (7), 4 (16), 54 (48), 58 (33), 29 (39), 15 (38), 30 (10), 23 (36), 8 (43), 12 (65), 20 (60), 35 (34), 7 (47), 50 (62), 13 (94), 44 (55), 40 (77), 31 (62), 21 (73), 59 (67), 11 (81), 17 (89), 16 (96), 1 (91), 38 (98)]";22321
GRASP;60;2;40827;86.0;25;"Maquina 1: [37 (6), 24 (8), 2 (17), 56 (21), 30 (10), 42 (11), 57 (7), 58 (33), 28 (15), 22 (32), 10 (36), 23 (36), 27 (37), 29 (39), 19 (49), 44 (55), 7 (47), 8 (43), 26 (44), 31 (62), 21 (73), 33 (69), 48 (82), 17 (89), 43 (62), 50 (62), 13 (94), 11 (81), 16 (96), 52 (91), 9 (90)]";20909;"Maquina 2: [4 (16), 32 (21), 55 (3), 45 (7), 39 (5), 36 (9), 18 (42), 46 (64), 14 (29), 1 (91), 53 (11), 35 (34), 0 (34), 15 (38), 12 (65), 51 (58), 6 (39), 49 (66), 3 (48), 20 (60), 25 (62), 5 (79), 54 (48), 40 (77), 38 (98), 59 (67), 34 (77), 41 (97), 47 (94)]";19918
LNS;60;2;42564;15.0;25;"Maquina 1: [42 (11), 57 (7), 28 (15), 22 (32), 37 (6), 55 (3), 10 (36), 36 (9), 2 (17), 51 (58), 6 (39), 56 (21), 18 (42), 27 (37), 0 (34), 46 (64), 34 (77), 26 (44), 19 (49), 25 (62), 3 (48), 49 (66), 47 (94), 43 (62), 33 (69), 48 (82), 52 (91), 41 (97), 9 (90), 5 (79)]";20420;"Maquina 2: [24 (8), 32 (21), 53 (11), 39 (5), 14 (29), 45 (7), 4 (16), 54 (48), 58 (33), 29 (39), 15 (38), 30 (10), 7 (47), 8 (43), 12 (65), 20 (60), 35 (34), 23 (36), 50 (62), 13 (94), 44 (55), 40 (77), 59 (67), 21 (73), 17 (89), 11 (81), 31 (62), 16 (96), 1 (91), 38 (98)]";22144
TABÚ;60;2;41505;27.0;25;"Maquina 1: [36 (9), 42 (11), 57 (7), 32 (21), 37 (6), 56 (21), 53 (11), 35 (34), 22 (32), 27 (37), 44 (55), 5 (79), 29 (39), 25 (62), 8 (43), 13 (94), 23 (36), 40 (77), 49 (66), 26 (44), 31 (62), 20 (60), 34 (77), 1 (91), 12 (65), 16 (96), 52 (91), 59 (67), 17 (89)]";20780;"Maquina 2: [30 (10), 55 (3), 24 (8), 2 (17), 28 (15), 39 (5), 14 (29), 45 (7), 4 (16), 21 (73), 18 (42), 6 (39), 10 (36), 19 (49), 15 (38), 0 (34), 7 (47), 43 (62), 51 (58), 50 (62), 58 (33), 54 (48), 11 (81), 41 (97), 48 (82), 3 (48), 38 (98), 9 (90), 46 (64), 33 (69), 47 (94)]";20725
VNS;60;2;42312;1812.0;25;"Maquina 1: [42 (11), 57 (7), 28 (15), 22 (32), 37 (6), 55 (3), 10 (36), 36 (9), 2 (17), 51 (58), 6 (39), 56 (21), 18 (42), 27 (37), 0 (34), 46 (64), 34 (77), 26 (44), 19 (49), 25 (62), 40 (77), 49 (66), 47 (94), 43 (62), 33 (69), 48 (82), 52 (91), 41 (97), 9 (90), 5 (79)]";20628;"Maquina 2: [24 (8), 32 (21), 53 (11), 39 (5), 14 (29), 45 (7), 4 (16), 54 (48), 58 (33), 29 (39), 15 (38), 30 (10), 23 (36), 8 (43), 12 (65), 20 (60), 35 (34), 7 (47), 50 (62), 13 (94), 44 (55), 3 (48), 31 (62), 21 (73), 59 (67), 11 (81), 17 (89), 16 (96), 1 (91), 38 (98)]";21684
Multiarranque;60;2;41218;131.0;25;"Maquina 1: [57 (7), 32 (21), 37 (6), 19 (49), 2 (17), 28 (15), 39 (5), 14 (29), 58 (33), 54 (48), 8 (43), 26 (44), 15 (38), 30 (10), 51 (58), 35 (34), 7 (47), 43 (62), 50 (62), 6 (39), 11 (81), 31 (62), 21 (73), 41 (97), 59 (67), 48 (82), 38 (98), 5 (79), 1 (91), 47 (94)]";21066;"Maquina 2: [55 (3), 24 (8), 45 (7), 42 (11), 53 (11), 22 (32), 56 (21), 10 (36), 36 (9), 18 (42), 27 (37), 0 (34), 4 (16), 29 (39), 44 (55), 3 (48), 40 (77), 20 (60), 23 (36), 25 (62), 46 (64), 33 (69), 17 (89), 52 (91), 34 (77), 12 (65), 49 (66), 16 (96), 13 (94), 9 (90)]";20152
GREEDY;60;2;47595;1.0;1;"Maquina 1: [0 (3), 20 (23), 59 (15), 41 (46), 14 (37), 31 (22), 36 (33), 32 (51), 18 (28), 7 (35), 5 (40), 3 (31), 34 (7), 2 (43), 17 (64), 25 (42), 8 (60), 29 (65), 9 (50), 23 (69), 33 (66), 4 (65), 44 (77), 38 (70), 21 (56), 58 (93), 52 (67), 28 (83), 26 (72), 11 (96)]";23372;"Maquina 2: [1 (41), 10 (33), 24 (6), 40 (53), 55 (14), 13 (18), 15 (23), 45 (35), 6 (11), 12 (70), 37 (29), 49 (33), 56 (37), 22 (51), 48 (38), 46 (58), 27 (61), 42 (65), 57 (81), 50 (44), 35 (64), 51 (47), 53 (70), 47 (66), 19 (65), 54 (68), 39 (77), 16 (85), 43 (94), 30 (99)]";24223
GRASP;60;2;46992;91.0;25;"Maquina 1: [18 (28), 20 (23), 31 (22), 15 (23), 0 (3), 3 (31), 33 (66), 7 (35), 5 (40), 24 (6), 56 (37), 19 (65), 2 (43), 51 (47), 25 (42), 47 (66), 9 (50), 40 (53), 14 (37), 22 (51), 32 (51), 35 (64), 58 (93), 12 (70), 42 (65), 43 (94), 44 (77), 38 (70), 21 (56), 11 (96)]";23303;"Maquina 2: [1 (41), 6 (11), 34 (7), 55 (14), 26 (72), 59 (15), 50 (44), 23 (69), 10 (33), 41 (46), 13 (18), 36 (33), 45 (35), 39 (77), 37 (29), 49 (33), 48 (38), 46 (58), 27 (61), 17 (64), 57 (81), 8 (60), 4 (65), 52 (67), 53 (70), 28 (83), 29 (65), 30 (99), 54 (68), 16 (85)]";23689
LNS;60;2;46206;13.0;25;"Maquina 1: [0 (3), 20 (23), 59 (15), 41 (46), 14 (37), 31 (22), 36 (33), 32 (51), 18 (28), 7 (35), 5 (40), 3 (31), 34 (7), 2 (43), 17 (64), 25 (42), 8 (60), 29 (65), 9 (50), 23 (69), 33 (66), 4 (65), 44 (77), 38 (70), 21 (56), 58 (93), 52 (67), 28 (83), 26 (72), 11 (96)]";23372;"Maquina 2: [50 (44), 10 (33), 24 (6), 40 (53), 55 (14), 13 (18), 47 (66), 45 (35), 6 (11), 12 (70), 37 (29), 49 (33), 56 (37), 22 (51), 48 (38), 46 (58), 27 (61), 42 (65), 15 (23), 1 (41), 19 (65), 51 (47), 53 (70), 57 (81), 35 (64), 54 (68), 39 (77), 43 (94), 16 (85), 30 (99)]";22834
TABÚ;60;2;46429;25.0;25;"Maquina 1: [14 (37), 34 (7), 5 (40), 20 (23), 37 (29), 18 (28), 50 (44), 0 (3), 41 (46), 54 (68), 9 (50), 15 (23), 36 (33), 31 (22), 25 (42), 27 (61), 17 (64), 23 (69), 32 (51), 1 (41), 19 (65), 53 (70), 28 (83), 29 (65), 42 (65), 21 (56), 58 (93), 52 (67), 39 (77), 16 (85)]";23260;"Maquina 2: [6 (11), 7 (35), 59 (15), 55 (14), 26 (72), 13 (18), 57 (81), 24 (6), 40 (53), 10 (33), 47 (66), 49 (33), 56 (37), 3 (31), 33 (66), 48 (38), 46 (58), 2 (43), 51 (47), 8 (60), 45 (35), 22 (51), 38 (70), 11 (96), 35 (64), 12 (70), 4 (65), 43 (94), 44 (77), 30 (99)]";23169
VNS;60;2;46681;1360.0;25;"Maquina 1: [15 (23), 20 (23), 59 (15), 41 (46), 14 (37), 31 (22), 36 (33), 32 (51), 18 (28), 7 (35), 5 (40), 3 (31), 34 (7), 2 (43), 17 (64), 25 (42), 8 (60), 29 (65), 9 (50), 33 (66), 4 (65), 44 (77), 38 (70), 21 (56), 58 (93), 52 (67), 28 (83), 26 (72), 11 (96)]";22376;"Maquina 2: [1 (41), 10 (33), 24 (6), 40 (53), 55 (14), 13 (18), 0 (3), 45 (35), 6 (11), 12 (70), 37 (29), 49 (33), 56 (37), 22 (51), 48 (38), 46 (58), 27 (61), 42 (65), 43 (94), 50 (44), 35 (64), 51 (47), 53 (70), 47 (66), 19 (65), 54 (68), 39 (77), 23 (69), 16 (85), 57 (81), 30 (99)]";24305
Multiarranque;60;2;46089;215.0;25;"Maquina 1: [13 (18), 0 (3), 9 (50), 48 (38), 36 (33), 31 (22), 18 (28), 37 (29), 49 (33), 41 (46), 34 (7), 5 (40), 29 (65), 40 (53), 17 (64), 23 (69), 56 (37), 22 (51), 54 (68), 2 (43), 4 (65), 43 (94), 42 (65), 44 (77), 46 (58), 33 (66), 58 (93), 26 (72), 11 (96), 47 (66)]";23376;"Maquina 2: [59 (15), 24 (6), 55 (14), 20 (23), 6 (11), 15 (23), 45 (35), 32 (51), 14 (37), 1 (41), 7 (35), 3 (31), 50 (44), 10 (33), 51 (47), 25 (42), 19 (65), 38 (70), 27 (61), 12 (70), 35 (64), 8 (60), 53 (70), 21 (56), 57 (81), 30 (99), 52 (67), 39 (77), 16 (85), 28 (83)]";22713
GREEDY;60;2;44151;1.0;1;"Maquina 1: [30 (3), 15 (27), 4 (2), 24 (5), 20 (17), 49 (33), 52 (23), 25 (12), 56 (19), 11 (38), 27 (8), 57 (56), 26 (27), 3 (66), 35 (10), 55 (43), 22 (42), 12 (79), 38 (44), 39 (73), 33 (49), 51 (68), 58 (64), 8 (67), 32 (86), 14 (74), 16 (87), 45 (98), 34 (76), 31 (91), 44 (94)]";22730;"Maquina 2: [28 (4), 47 (18), 6 (27), 21 (27), 19 (3), 2 (6), 0 (12), 46 (8), 41 (23), 43 (16), 23 (29), 1 (74), 53 (33), 37 (49), 36 (39), 59 (75), 40 (45), 7 (51), 10 (65), 17 (71), 9 (89), 5 (98), 18 (78), 54 (67), 50 (81), 13 (66), 29 (94), 48 (43), 42 (86)]";21421
GRASP;60;2;40266;134.0;25;"Maquina 1: [25 (12), 28 (4), 47 (18), 19 (3), 15 (27), 4 (2), 2 (6), 0 (12), 46 (8), 41 (23), 53 (33), 21 (27), 30 (3), 36 (39), 7 (51), 38 (44), 54 (67), 57 (56), 33 (49), 9 (89), 58 (64), 3 (66), 40 (45), 18 (78), 39 (73), 50 (81), 1 (74), 32 (86), 16 (87), 8 (67), 5 (98)]";20271;"Maquina 2: [27 (8), 43 (16), 52 (23), 56 (19), 23 (29), 49 (33), 24 (5), 20 (17), 35 (10), 13 (66), 6 (27), 11 (38), 48 (43), 26 (27), 55 (43), 12 (79), 22 (42), 51 (68), 59 (75), 37 (49), 10 (65), 17 (71), 14 (74), 45 (98), 34 (76), 31 (91), 44 (94), 42 (86), 29 (94)]";19995
LNS;60;2;43901;15.0;25;"Maquina 1: [30 (3), 15 (27), 4 (2), 24 (5), 20 (17), 49 (33), 52 (23), 25 (12), 56 (19), 11 (38), 27 (8), 57 (56), 26 (27), 3 (66), 35 (10), 55 (43), 22 (42), 12 (79), 38 (44), 39 (73), 33 (49), 51 (68), 58 (64), 8 (67), 32 (86), 14 (74), 16 (87), 45 (98), 34 (76), 31 (91), 44 (94)]";22730;"Maquina 2: [28 (4), 47 (18), 6 (27), 21 (27), 7 (51), 2 (6), 0 (12), 46 (8), 41 (23), 43 (16), 23 (29), 1 (74), 53 (33), 37 (49), 36 (39), 59 (75), 40 (45), 19 (3), 10 (65), 17 (71), 9 (89), 5 (98), 18 (78), 54 (67), 50 (81), 13 (66), 29 (94), 48 (43), 42 (86)]";21171
TABÚ;60;2;42940;51.0;25;"Maquina 1: [2 (6), 0 (12), 20 (17), 35 (10), 13 (66), 19 (3), 30 (3), 41 (23), 36 (39), 53 (33), 47 (18), 6 (27), 52 (23), 7 (51), 38 (44), 11 (38), 32 (86), 44 (94), 50 (81), 33 (49), 54 (67), 10 (65), 16 (87), 22 (42), 51 (68), 17 (71), 29 (94), 39 (73), 12 (79), 45 (98)]";21927;"Maquina 2: [4 (2), 28 (4), 24 (5), 15 (27), 27 (8), 43 (16), 25 (12), 56 (19), 23 (29), 49 (33), 48 (43), 57 (56), 26 (27), 55 (43), 46 (8), 31 (91), 59 (75), 37 (49), 3 (66), 34 (76), 5 (98), 21 (27), 9 (89), 58 (64), 18 (78), 40 (45), 1 (74), 8 (67), 14 (74), 42 (86)]";21013
VNS;60;2;43719;1882.0;25;"Maquina 1: [30 (3), 15 (27), 4 (2), 24 (5), 20 (17), 49 (33), 52 (23), 25 (12), 56 (19), 11 (38), 27 (8), 57 (56), 26 (27), 3 (66), 35 (10), 55 (43), 22 (42), 12 (79), 18 (78), 33 (49), 51 (68), 58 (64), 8 (67), 32 (86), 14 (74), 16 (87), 45 (98), 34 (76), 31 (91), 44 (94)]";21135;"Maquina 2: [28 (4), 47 (18), 6 (27), 21 (27), 19 (3), 2 (6), 0 (12), 46 (8), 41 (23), 43 (16), 23 (29), 1 (74), 53 (33), 37 (49), 36 (39), 59 (75), 40 (45), 7 (51), 10 (65), 17 (71), 9 (89), 5 (98), 38 (44), 54 (67), 50 (81), 13 (66), 29 (94), 39 (73), 48 (43), 42 (86)]";22584
Multiarranque;60;2;41409;153.0;25;"Maquina 1: [43 (16), 19 (3), 25 (12), 20 (17), 49 (33), 24 (5), 23 (29), 59 (75), 28 (4), 35 (10), 52 (23), 41 (23), 53 (33), 30 (3), 3 (66), 40 (45), 56 (19), 11 (38), 36 (39), 51 (68), 22 (42), 8 (67), 48 (43), 17 (71), 9 (89), 34 (76), 39 (73), 42 (86), 32 (86), 44 (94), 5 (98)]";21157;"Maquina 2: [15 (27), 4 (2), 2 (6), 33 (49), 0 (12), 46 (8), 7 (51), 47 (18), 1 (74), 6 (27), 21 (27), 27 (8), 57 (56), 26 (27), 55 (43), 58 (64), 18 (78), 38 (44), 54 (67), 10 (65), 14 (74), 16 (87), 45 (98), 37 (49), 12 (79), 13 (66), 31 (91), 50 (81), 29 (94)]";20252
GREEDY;60;2;51391;1.0;1;"Maquina 1: [51 (11), 9 (51), 18 (43), 13 (7), 52 (22), 6 (35), 41 (42), 26 (44), 11 (50), 33 (2), 21 (29), 58 (48), 2 (52), 47 (52), 17 (61), 53 (45), 39 (62), 32 (40), 14 (70), 10 (65), 8 (90), 3 (83), 19 (56), 46 (78), 44 (90), 55 (83), 56 (75), 42 (74), 12 (92), 37 (98)]";25358;"Maquina 2: [49 (4), 23 (33), 29 (53), 22 (10), 4 (13), 50 (50), 15 (37), 20 (43), 48 (51), 16 (43), 1 (45), 31 (48), 43 (98), 38 (49), 25 (41), 36 (62), 27 (24), 57 (60), 7 (52), 40 (77), 24 (68), 28 (90), 34 (93), 30 (83), 45 (74), 35 (71), 5 (82), 54 (62), 0 (91), 59 (83)]";26033
GRASP;60;2;51877;102.0;25;"Maquina 1: [13 (7), 33 (2), 4 (13), 52 (22), 51 (11), 26 (44), 36 (62), 25 (41), 11 (50), 16 (43), 23 (33), 5 (82), 20 (43), 6 (35), 57 (60), 58 (48), 45 (74), 50 (50), 39 (62), 9 (51), 24 (68), 59 (83), 43 (98), 56 (75), 44 (90), 7 (52), 40 (77), 35 (71), 12 (92), 30 (83), 0 (91)]";26976;"Maquina 2: [18 (43), 49 (4), 48 (51), 21 (29), 29 (53), 22 (10), 27 (24), 47 (52), 53 (45), 31 (48), 41 (42), 32 (40), 38 (49), 19 (56), 46 (78), 15 (37), 10 (65), 34 (93), 17 (61), 42 (74), 2 (52), 1 (45), 3 (83), 54 (62), 14 (70), 8 (90), 55 (83), 37 (98), 28 (90)]";24901
LNS;60;2;51391;19.0;25;"Maquina 1: [51 (11), 9 (51), 18 (43), 13 (7), 52 (22), 6 (35), 41 (42), 26 (44), 11 (50), 33 (2), 21 (29), 58 (48), 2 (52), 47 (52), 17 (61), 53 (45), 39 (62), 32 (40), 14 (70), 10 (65), 8 (90), 3 (83), 19 (56), 46 (78), 44 (90), 55 (83), 56 (75), 42 (74), 12 (92), 37 (98)]";25358;"Maquina 2: [49 (4), 23 (33), 29 (53), 22 (10), 4 (13), 50 (50), 15 (37), 20 (43), 48 (51), 16 (43), 1 (45), 31 (48), 43 (98), 38 (49), 25 (41), 36 (62), 27 (24), 57 (60), 7 (52), 40 (77), 24 (68), 28 (90), 34 (93), 30 (83), 45 (74), 35 (71), 5 (82), 54 (62), 0 (91), 59 (83)]";26033
TABÚ;60;2;49431;34.0;25;"Maquina 1: [49 (4), 51 (11), 9 (51), 27 (24), 25 (41), 22 (10), 15 (37), 20 (43), 48 (51), 16 (43), 41 (42), 31 (48), 58 (48), 7 (52), 56 (75), 39 (62), 36 (62), 38 (49), 29 (53), 54 (62), 28 (90), 12 (92), 35 (71), 5 (82), 10 (65), 34 (93), 46 (78), 37 (98), 30 (83), 45 (74)]";25053;"Maquina 2: [13 (7), 33 (2), 11 (50), 53 (45), 4 (13), 50 (50), 52 (22), 6 (35), 57 (60), 32 (40), 17 (61), 42 (74), 18 (43), 24 (68), 23 (33), 21 (29), 2 (52), 1 (45), 47 (52), 40 (77), 43 (98), 14 (70), 26 (44), 0 (91), 19 (56), 8 (90), 55 (83), 59 (83), 44 (90), 3 (83)]";24378
VNS;60;2;51315;2326.0;25;"Maquina 1: [51 (11), 9 (51), 18 (43), 13 (7), 52 (22), 6 (35), 41 (42), 26 (44), 11 (50), 33 (2), 21 (29), 58 (48), 2 (52), 47 (52), 17 (61), 53 (45), 39 (62), 32 (40), 14 (70), 10 (65), 8 (90), 57 (60), 19 (56), 46 (78), 44 (90), 55 (83), 56 (75), 42 (74), 12 (92), 37 (98)]";25145;"Maquina 2: [49 (4), 23 (33), 29 (53), 22 (10), 4 (13), 50 (50), 15 (37), 20 (43), 48 (51), 16 (43), 1 (45), 31 (48), 43 (98), 38 (49), 25 (41), 36 (62), 27 (24), 3 (83), 7 (52), 40 (77), 24 (68), 28 (90), 34 (93), 30 (83), 45 (74), 35 (71), 5 (82), 54 (62), 0 (91), 59 (83)]";26170
Multiarranque;60;2;50966;175.0;25;"Maquina 1: [13 (7), 52 (22), 24 (68), 22 (10), 4 (13), 50 (50), 25 (41), 49 (4), 48 (51), 38 (49), 51 (11), 0 (91), 19 (56), 18 (43), 15 (37), 20 (43), 16 (43), 23 (33), 41 (42), 21 (29), 3 (83), 9 (51), 27 (24), 54 (62), 37 (98), 44 (90), 57 (60), 5 (82), 8 (90), 56 (75), 12 (92), 28 (90)]";26371;"Maquina 2: [7 (52), 26 (44), 31 (48), 32 (40), 36 (62), 58 (48), 6 (35), 11 (50), 33 (2), 2 (52), 1 (45), 47 (52), 17 (61), 42 (74), 29 (53), 39 (62), 40 (77), 45 (74), 35 (71), 10 (65), 53 (45), 59 (83), 43 (98), 14 (70), 34 (93), 46 (78), 55 (83), 30 (83)]";24595
