GREEDY;50;6;14472;0.0;1;"Maquina 1: [5 (7), 44 (13), 49 (56), 36 (33), 15 (87), 16 (47), 29 (62), 42 (94), 22 (77)]";2578;"Maquina 2: [21 (44), 37 (50), 0 (14), 19 (77), 10 (9), 25 (61), 18 (85), 11 (94)]";2530;"Maquina 3: [31 (20), 39 (33), 28 (48), 24 (71), 33 (11), 17 (57), 46 (87), 13 (83), 26 (96)]";2786;"Maquina 4: [45 (12), 27 (34), 47 (45), 4 (83), 3 (27), 20 (89), 2 (56), 1 (64)]";2088;"Maquina 5: [12 (13), 8 (31), 48 (60), 32 (75), 35 (38), 23 (83), 14 (49), 38 (93)]";2388;"Maquina 6: [43 (13), 30 (31), 6 (34), 9 (58), 34 (47), 40 (92), 41 (63), 7 (81)]";2102
GRASP;50;6;11980;73.0;25;"Maquina 1: [31 (20), 33 (11), 6 (34), 7 (81), 44 (13), 14 (49), 25 (61), 23 (83)]";1375;"Maquina 2: [10 (9), 3 (27), 35 (38), 9 (58), 37 (50), 29 (62), 11 (94), 42 (94)]";2050;"Maquina 3: [12 (13), 0 (14), 28 (48), 30 (31), 17 (57), 48 (60), 46 (87), 13 (83), 20 (89)]";2074;"Maquina 4: [5 (7), 19 (77), 8 (31), 36 (33), 22 (77), 47 (45), 24 (71), 15 (87)]";1820;"Maquina 5: [43 (13), 41 (63), 1 (64), 49 (56), 39 (33), 40 (92), 2 (56), 18 (85)]";2237;"Maquina 6: [21 (44), 45 (12), 27 (34), 34 (47), 16 (47), 4 (83), 32 (75), 38 (93), 26 (96)]";2424
LNS;50;6;14147;3.0;25;"Maquina 1: [5 (7), 44 (13), 49 (56), 36 (33), 15 (87), 16 (47), 29 (62), 42 (94), 22 (77)]";2578;"Maquina 2: [21 (44), 0 (14), 37 (50), 19 (77), 10 (9), 25 (61), 18 (85), 11 (94)]";2497;"Maquina 3: [31 (20), 39 (33), 28 (48), 24 (71), 33 (11), 17 (57), 46 (87), 13 (83), 26 (96)]";2786;"Maquina 4: [3 (27), 27 (34), 47 (45), 2 (56), 45 (12), 20 (89), 4 (83), 1 (64)]";1934;"Maquina 5: [12 (13), 8 (31), 48 (60), 32 (75), 35 (38), 23 (83), 14 (49), 38 (93)]";2388;"Maquina 6: [30 (31), 43 (13), 6 (34), 9 (58), 34 (47), 40 (92), 41 (63), 7 (81)]";1964
TABÚ;50;6;12206;24.0;25;"Maquina 1: [10 (9), 36 (33), 44 (13), 14 (49), 40 (92), 37 (50), 38 (93), 4 (83)]";1867;"Maquina 2: [12 (13), 28 (48), 5 (7), 22 (77), 31 (20), 41 (63), 1 (64), 7 (81)]";1694;"Maquina 3: [6 (34), 17 (57), 47 (45), 24 (71), 35 (38), 42 (94), 32 (75), 20 (89)]";2205;"Maquina 4: [39 (33), 3 (27), 45 (12), 25 (61), 33 (11), 9 (58), 23 (83), 13 (83), 26 (96)]";2206;"Maquina 5: [43 (13), 16 (47), 30 (31), 27 (34), 34 (47), 19 (77), 29 (62), 18 (85), 11 (94)]";2205;"Maquina 6: [21 (44), 0 (14), 49 (56), 8 (31), 15 (87), 48 (60), 46 (87), 2 (56)]";2029
VNS;50;6;13246;1381.0;25;"Maquina 1: [5 (7), 44 (13), 49 (56), 36 (33), 15 (87), 16 (47), 19 (77), 22 (77)]";1876;"Maquina 2: [21 (44), 0 (14), 29 (62), 10 (9), 35 (38), 18 (85), 11 (94), 42 (94)]";1867;"Maquina 3: [31 (20), 39 (33), 28 (48), 24 (71), 47 (45), 46 (87), 13 (83), 26 (96)]";2251;"Maquina 4: [45 (12), 27 (34), 8 (31), 33 (11), 4 (83), 3 (27), 20 (89), 2 (56), 1 (64)]";2421;"Maquina 5: [12 (13), 48 (60), 41 (63), 14 (49), 25 (61), 23 (83), 32 (75), 38 (93)]";2600;"Maquina 6: [43 (13), 30 (31), 17 (57), 6 (34), 9 (58), 37 (50), 34 (47), 40 (92), 7 (81)]";2231
Multiarranque;50;6;12754;93.0;25;"Maquina 1: [12 (13), 8 (31), 24 (71), 6 (34), 17 (57), 19 (77), 20 (89), 11 (94)]";2214;"Maquina 2: [31 (20), 33 (11), 41 (63), 34 (47), 16 (47), 30 (31), 23 (83), 1 (64), 38 (93)]";2168;"Maquina 3: [0 (14), 28 (48), 25 (61), 10 (9), 13 (83), 39 (33), 15 (87), 26 (96)]";2134;"Maquina 4: [43 (13), 27 (34), 5 (7), 48 (60), 9 (58), 22 (77), 3 (27), 42 (94), 46 (87)]";2295;"Maquina 5: [44 (13), 47 (45), 14 (49), 37 (50), 49 (56), 4 (83), 32 (75), 7 (81)]";2053;"Maquina 6: [35 (38), 45 (12), 36 (33), 29 (62), 18 (85), 21 (44), 40 (92), 2 (56)]";1890
GREEDY;50;6;15050;0.0;1;"Maquina 1: [7 (21), 41 (53), 3 (2), 29 (48), 33 (65), 4 (75), 36 (35), 15 (91), 26 (97)]";2717;"Maquina 2: [34 (9), 40 (36), 8 (26), 30 (54), 16 (66), 25 (50), 28 (75), 27 (91)]";2198;"Maquina 3: [24 (64), 49 (11), 13 (71), 46 (44), 43 (28), 14 (89), 48 (52), 0 (96)]";2666;"Maquina 4: [32 (14), 2 (32), 11 (39), 18 (60), 35 (50), 38 (69), 44 (80), 42 (91), 20 (99)]";2832;"Maquina 5: [21 (32), 39 (19), 45 (91), 19 (52), 12 (41), 47 (57), 10 (85), 37 (67)]";2198;"Maquina 6: [6 (21), 5 (71), 1 (35), 9 (87), 23 (53), 22 (47), 31 (60), 17 (93)]";2439
GRASP;50;6;12618;74.0;25;"Maquina 1: [21 (32), 49 (11), 8 (26), 35 (50), 23 (53), 20 (99), 31 (60), 42 (91)]";1842;"Maquina 2: [32 (14), 38 (69), 19 (52), 12 (41), 24 (64), 9 (87), 13 (71), 26 (97)]";2119;"Maquina 3: [30 (54), 39 (19), 28 (75), 2 (32), 48 (52), 18 (60), 46 (44), 15 (91), 0 (96)]";2649;"Maquina 4: [3 (2), 16 (66), 34 (9), 47 (57), 11 (39), 29 (48), 44 (80), 14 (89), 10 (85)]";2109;"Maquina 5: [43 (28), 6 (21), 40 (36), 37 (67), 22 (47), 4 (75), 45 (91), 17 (93)]";2016;"Maquina 6: [36 (35), 7 (21), 5 (71), 1 (35), 25 (50), 41 (53), 33 (65), 27 (91)]";1883
LNS;50;6;14749;3.0;25;"Maquina 1: [7 (21), 41 (53), 3 (2), 29 (48), 33 (65), 4 (75), 36 (35), 15 (91), 26 (97)]";2717;"Maquina 2: [34 (9), 25 (50), 8 (26), 30 (54), 40 (36), 16 (66), 28 (75), 27 (91)]";2047;"Maquina 3: [24 (64), 49 (11), 13 (71), 43 (28), 46 (44), 14 (89), 48 (52), 0 (96)]";2516;"Maquina 4: [32 (14), 2 (32), 11 (39), 18 (60), 35 (50), 38 (69), 44 (80), 42 (91), 20 (99)]";2832;"Maquina 5: [21 (32), 39 (19), 45 (91), 19 (52), 12 (41), 47 (57), 10 (85), 37 (67)]";2198;"Maquina 6: [6 (21), 5 (71), 1 (35), 9 (87), 23 (53), 22 (47), 31 (60), 17 (93)]";2439
TABÚ;50;6;12994;23.0;25;"Maquina 1: [34 (9), 40 (36), 3 (2), 31 (60), 33 (65), 38 (69), 44 (80), 17 (93), 27 (91)]";2374;"Maquina 2: [32 (14), 36 (35), 2 (32), 47 (57), 11 (39), 46 (44), 16 (66), 35 (50), 20 (99)]";2056;"Maquina 3: [49 (11), 8 (26), 19 (52), 42 (91), 43 (28), 30 (54), 15 (91), 0 (96)]";2016;"Maquina 4: [6 (21), 5 (71), 1 (35), 25 (50), 18 (60), 9 (87), 48 (52), 45 (91)]";2158;"Maquina 5: [22 (47), 21 (32), 39 (19), 37 (67), 12 (41), 24 (64), 14 (89), 10 (85)]";2103;"Maquina 6: [7 (21), 29 (48), 28 (75), 41 (53), 23 (53), 4 (75), 13 (71), 26 (97)]";2287
VNS;50;6;14230;1393.0;25;"Maquina 1: [41 (53), 3 (2), 29 (48), 33 (65), 4 (75), 36 (35), 15 (91), 26 (97)]";2280;"Maquina 2: [34 (9), 25 (50), 8 (26), 30 (54), 16 (66), 40 (36), 23 (53), 27 (91)]";2081;"Maquina 3: [24 (64), 49 (11), 13 (71), 43 (28), 7 (21), 0 (96), 48 (52), 14 (89)]";2183;"Maquina 4: [6 (21), 2 (32), 46 (44), 11 (39), 18 (60), 35 (50), 38 (69), 44 (80), 42 (91), 20 (99)]";3211;"Maquina 5: [21 (32), 39 (19), 45 (91), 19 (52), 12 (41), 47 (57), 17 (93), 10 (85), 37 (67)]";2812;"Maquina 6: [32 (14), 5 (71), 1 (35), 9 (87), 28 (75), 22 (47), 31 (60)]";1663
Multiarranque;50;6;13519;82.0;25;"Maquina 1: [29 (48), 49 (11), 1 (35), 43 (28), 28 (75), 30 (54), 10 (85), 20 (99)]";1933;"Maquina 2: [32 (14), 2 (32), 21 (32), 48 (52), 13 (71), 37 (67), 31 (60), 14 (89)]";2107;"Maquina 3: [40 (36), 3 (2), 8 (26), 41 (53), 33 (65), 35 (50), 44 (80), 17 (93), 27 (91)]";2387;"Maquina 4: [46 (44), 16 (66), 25 (50), 39 (19), 42 (91), 15 (91), 24 (64), 4 (75)]";2390;"Maquina 5: [47 (57), 12 (41), 6 (21), 36 (35), 19 (52), 23 (53), 9 (87), 0 (96)]";2205;"Maquina 6: [34 (9), 22 (47), 7 (21), 38 (69), 5 (71), 11 (39), 18 (60), 45 (91), 26 (97)]";2497
GREEDY;50;6;14130;0.0;1;"Maquina 1: [32 (1), 34 (20), 33 (38), 14 (56), 42 (47), 21 (29), 20 (95), 37 (67), 6 (83)]";2488;"Maquina 2: [13 (30), 24 (22), 18 (4), 31 (37), 11 (48), 16 (70), 39 (58), 22 (79), 30 (91)]";2303;"Maquina 3: [41 (34), 26 (4), 9 (59), 15 (48), 44 (74), 29 (99), 35 (24), 43 (85)]";2580;"Maquina 4: [28 (31), 7 (5), 45 (75), 17 (43), 48 (24), 38 (52), 3 (60), 0 (89)]";1980;"Maquina 5: [4 (28), 36 (13), 8 (55), 5 (44), 23 (30), 46 (77), 27 (91), 12 (62)]";2247;"Maquina 6: [10 (29), 49 (32), 1 (18), 19 (85), 2 (47), 47 (96), 25 (54), 40 (64)]";2532
GRASP;50;6;11693;81.0;25;"Maquina 1: [32 (1), 18 (4), 11 (48), 26 (4), 49 (32), 17 (43), 40 (64), 28 (31), 30 (91)]";1373;"Maquina 2: [39 (58), 34 (20), 7 (5), 45 (75), 19 (85), 47 (96), 43 (85), 0 (89)]";2267;"Maquina 3: [4 (28), 36 (13), 14 (56), 10 (29), 23 (30), 16 (70), 42 (47), 3 (60)]";1684;"Maquina 4: [13 (30), 15 (48), 44 (74), 31 (37), 6 (83), 12 (62), 9 (59), 29 (99)]";2242;"Maquina 5: [1 (18), 2 (47), 8 (55), 48 (24), 33 (38), 35 (24), 22 (79), 38 (52)]";1748;"Maquina 6: [24 (22), 41 (34), 21 (29), 5 (44), 37 (67), 25 (54), 20 (95), 46 (77), 27 (91)]";2379
LNS;50;6;14118;4.0;25;"Maquina 1: [32 (1), 34 (20), 33 (38), 14 (56), 42 (47), 21 (29), 20 (95), 37 (67), 6 (83)]";2488;"Maquina 2: [13 (30), 24 (22), 18 (4), 31 (37), 11 (48), 16 (70), 39 (58), 22 (79), 30 (91)]";2303;"Maquina 3: [41 (34), 26 (4), 9 (59), 15 (48), 44 (74), 29 (99), 35 (24), 43 (85)]";2580;"Maquina 4: [28 (31), 7 (5), 45 (75), 17 (43), 48 (24), 38 (52), 3 (60), 0 (89)]";1980;"Maquina 5: [8 (55), 36 (13), 4 (28), 5 (44), 23 (30), 46 (77), 27 (91), 12 (62)]";2235;"Maquina 6: [10 (29), 49 (32), 1 (18), 19 (85), 2 (47), 47 (96), 25 (54), 40 (64)]";2532
TABÚ;50;6;11769;35.0;25;"Maquina 1: [23 (30), 8 (55), 48 (24), 13 (30), 40 (64), 43 (85), 3 (60), 20 (95)]";1937;"Maquina 2: [34 (20), 33 (38), 42 (47), 26 (4), 14 (56), 0 (89), 29 (99), 35 (24)]";1965;"Maquina 3: [41 (34), 4 (28), 31 (37), 17 (43), 2 (47), 27 (91), 30 (91), 47 (96)]";1974;"Maquina 4: [32 (1), 1 (18), 28 (31), 16 (70), 12 (62), 9 (59), 10 (29), 38 (52), 46 (77)]";2042;"Maquina 5: [7 (5), 21 (29), 37 (67), 49 (32), 6 (83), 36 (13), 25 (54), 19 (85)]";1763;"Maquina 6: [24 (22), 18 (4), 5 (44), 11 (48), 15 (48), 44 (74), 39 (58), 22 (79), 45 (75)]";2088
VNS;50;6;13042;1692.0;25;"Maquina 1: [32 (1), 34 (20), 33 (38), 14 (56), 21 (29), 20 (95), 37 (67), 6 (83)]";1651;"Maquina 2: [13 (30), 24 (22), 18 (4), 31 (37), 11 (48), 16 (70), 39 (58), 22 (79), 40 (64)]";2277;"Maquina 3: [41 (34), 9 (59), 15 (48), 44 (74), 29 (99), 35 (24), 43 (85)]";1868;"Maquina 4: [42 (47), 28 (31), 7 (5), 45 (75), 17 (43), 48 (24), 38 (52), 3 (60), 0 (89)]";2523;"Maquina 5: [26 (4), 4 (28), 36 (13), 8 (55), 5 (44), 23 (30), 46 (77), 27 (91), 12 (62)]";2363;"Maquina 6: [10 (29), 49 (32), 1 (18), 19 (85), 2 (47), 30 (91), 25 (54), 47 (96)]";2360
Multiarranque;50;6;12516;87.0;25;"Maquina 1: [24 (22), 41 (34), 18 (4), 5 (44), 3 (60), 0 (89), 6 (83), 15 (48)]";2036;"Maquina 2: [10 (29), 17 (43), 39 (58), 34 (20), 9 (59), 38 (52), 22 (79), 45 (75)]";2007;"Maquina 3: [21 (29), 4 (28), 36 (13), 48 (24), 13 (30), 40 (64), 43 (85), 11 (48), 47 (96)]";2110;"Maquina 4: [33 (38), 35 (24), 1 (18), 12 (62), 16 (70), 46 (77), 27 (91), 30 (91)]";2094;"Maquina 5: [26 (4), 49 (32), 28 (31), 44 (74), 42 (47), 2 (47), 29 (99), 20 (95)]";1887;"Maquina 6: [7 (5), 32 (1), 8 (55), 31 (37), 14 (56), 23 (30), 25 (54), 37 (67), 19 (85)]";2382
GREEDY;50;6;14348;0.0;1;"Maquina 1: [2 (28), 6 (2), 47 (88), 18 (55), 20 (51), 49 (62), 0 (72), 4 (41)]";1926;"Maquina 2: [22 (2), 3 (57), 10 (31), 38 (42), 19 (71), 21 (45), 44 (61), 24 (80), 39 (96)]";2646;"Maquina 3: [32 (7), 41 (32), 36 (80), 12 (44), 27 (38), 37 (56), 1 (72), 46 (61), 17 (96)]";2517;"Maquina 4: [28 (16), 34 (59), 48 (49), 30 (33), 8 (43), 45 (73), 16 (68), 25 (93)]";2397;"Maquina 5: [9 (24), 42 (33), 13 (43), 33 (76), 29 (60), 7 (48), 11 (95), 40 (70)]";2447;"Maquina 6: [14 (25), 31 (36), 15 (43), 26 (76), 35 (48), 5 (58), 43 (90), 23 (67)]";2415
GRASP;50;6;13094;79.0;25;"Maquina 1: [9 (24), 42 (33), 18 (55), 22 (2), 29 (60), 0 (72), 43 (90), 20 (51), 24 (80)]";2309;"Maquina 2: [6 (2), 28 (16), 37 (56), 13 (43), 30 (33), 5 (58), 36 (80), 33 (76)]";1870;"Maquina 3: [21 (45), 32 (7), 41 (32), 45 (73), 35 (48), 38 (42), 7 (48), 11 (95), 40 (70)]";2369;"Maquina 4: [15 (43), 10 (31), 48 (49), 27 (38), 4 (41), 25 (93), 3 (57), 49 (62)]";1946;"Maquina 5: [2 (28), 12 (44), 26 (76), 34 (59), 47 (88), 17 (96), 46 (61), 39 (96)]";2609;"Maquina 6: [8 (43), 14 (25), 31 (36), 16 (68), 44 (61), 1 (72), 19 (71), 23 (67)]";1991
LNS;50;6;14348;2.0;25;"Maquina 1: [2 (28), 6 (2), 47 (88), 18 (55), 20 (51), 49 (62), 0 (72), 4 (41)]";1926;"Maquina 2: [22 (2), 3 (57), 10 (31), 38 (42), 19 (71), 21 (45), 44 (61), 24 (80), 39 (96)]";2646;"Maquina 3: [32 (7), 41 (32), 36 (80), 12 (44), 27 (38), 37 (56), 1 (72), 46 (61), 17 (96)]";2517;"Maquina 4: [28 (16), 34 (59), 48 (49), 30 (33), 8 (43), 45 (73), 16 (68), 25 (93)]";2397;"Maquina 5: [9 (24), 42 (33), 13 (43), 33 (76), 29 (60), 7 (48), 11 (95), 40 (70)]";2447;"Maquina 6: [14 (25), 31 (36), 15 (43), 26 (76), 35 (48), 5 (58), 43 (90), 23 (67)]";2415
TABÚ;50;6;13147;30.0;25;"Maquina 1: [22 (2), 12 (44), 9 (24), 43 (90), 38 (42), 19 (71), 3 (57), 16 (68), 44 (61)]";2251;"Maquina 2: [28 (16), 31 (36), 2 (28), 36 (80), 29 (60), 5 (58), 20 (51), 23 (67)]";2058;"Maquina 3: [6 (2), 15 (43), 49 (62), 7 (48), 30 (33), 1 (72), 33 (76), 45 (73), 47 (88)]";2571;"Maquina 4: [32 (7), 41 (32), 4 (41), 14 (25), 18 (55), 34 (59), 17 (96), 26 (76)]";1535;"Maquina 5: [42 (33), 13 (43), 27 (38), 25 (93), 8 (43), 11 (95), 40 (70), 39 (96)]";2204;"Maquina 6: [37 (56), 35 (48), 10 (31), 48 (49), 21 (45), 46 (61), 0 (72), 24 (80)]";2528
VNS;50;6;13845;1757.0;25;"Maquina 1: [2 (28), 6 (2), 47 (88), 18 (55), 20 (51), 49 (62), 0 (72), 4 (41)]";1926;"Maquina 2: [22 (2), 3 (57), 10 (31), 38 (42), 19 (71), 44 (61), 24 (80), 39 (96)]";2127;"Maquina 3: [32 (7), 41 (32), 36 (80), 33 (76), 27 (38), 37 (56), 1 (72), 46 (61), 16 (68)]";2519;"Maquina 4: [28 (16), 34 (59), 21 (45), 48 (49), 30 (33), 8 (43), 45 (73), 17 (96), 25 (93)]";2934;"Maquina 5: [9 (24), 42 (33), 13 (43), 12 (44), 29 (60), 7 (48), 11 (95), 40 (70)]";1924;"Maquina 6: [14 (25), 31 (36), 15 (43), 26 (76), 35 (48), 5 (58), 43 (90), 23 (67)]";2415
Multiarranque;50;6;13792;79.0;25;"Maquina 1: [2 (28), 6 (2), 7 (48), 45 (73), 3 (57), 4 (41), 46 (61), 43 (90)]";2119;"Maquina 2: [32 (7), 27 (38), 16 (68), 5 (58), 20 (51), 30 (33), 1 (72), 11 (95)]";2300;"Maquina 3: [22 (2), 12 (44), 10 (31), 38 (42), 19 (71), 29 (60), 36 (80), 37 (56), 39 (96)]";2406;"Maquina 4: [48 (49), 13 (43), 9 (24), 31 (36), 23 (67), 21 (45), 33 (76), 44 (61)]";2125;"Maquina 5: [28 (16), 42 (33), 26 (76), 35 (48), 8 (43), 40 (70), 34 (59), 47 (88)]";2211;"Maquina 6: [14 (25), 18 (55), 41 (32), 15 (43), 49 (62), 0 (72), 25 (93), 24 (80), 17 (96)]";2631
GREEDY;50;6;12728;0.0;1;"Maquina 1: [32 (12), 1 (5), 40 (44), 19 (33), 48 (77), 9 (51), 8 (64), 6 (88)]";2096;"Maquina 2: [38 (13), 12 (7), 18 (19), 41 (49), 29 (45), 5 (73), 28 (33), 37 (61), 36 (82)]";1968;"Maquina 3: [22 (36), 0 (14), 31 (66), 13 (10), 30 (48), 45 (89), 33 (59), 17 (77)]";2294;"Maquina 4: [23 (10), 16 (15), 44 (28), 24 (40), 15 (48), 35 (51), 2 (66), 43 (81), 25 (98)]";2530;"Maquina 5: [39 (10), 27 (15), 20 (24), 7 (45), 21 (50), 10 (62), 34 (84), 11 (71)]";2000;"Maquina 6: [4 (12), 3 (36), 46 (46), 49 (18), 14 (49), 42 (60), 26 (82), 47 (66)]";1840
GRASP;50;6;10852;83.0;25;"Maquina 1: [44 (28), 24 (40), 13 (10), 10 (62), 15 (48), 5 (73), 26 (82), 31 (66)]";1893;"Maquina 2: [12 (7), 16 (15), 20 (24), 18 (19), 41 (49), 7 (45), 36 (82), 34 (84), 6 (88), 11 (71)]";2331;"Maquina 3: [39 (10), 27 (15), 19 (33), 35 (51), 21 (50), 4 (12), 47 (66), 25 (98)]";1519;"Maquina 4: [46 (46), 32 (12), 1 (5), 0 (14), 33 (59), 42 (60), 17 (77), 43 (81)]";1854;"Maquina 5: [23 (10), 3 (36), 22 (36), 40 (44), 37 (61), 45 (89), 29 (45), 8 (64)]";1812;"Maquina 6: [49 (18), 38 (13), 28 (33), 9 (51), 14 (49), 30 (48), 2 (66), 48 (77)]";1443
LNS;50;6;12728;2.0;25;"Maquina 1: [32 (12), 1 (5), 40 (44), 19 (33), 48 (77), 9 (51), 8 (64), 6 (88)]";2096;"Maquina 2: [38 (13), 12 (7), 18 (19), 41 (49), 29 (45), 5 (73), 28 (33), 37 (61), 36 (82)]";1968;"Maquina 3: [22 (36), 0 (14), 31 (66), 13 (10), 30 (48), 45 (89), 33 (59), 17 (77)]";2294;"Maquina 4: [23 (10), 16 (15), 44 (28), 24 (40), 15 (48), 35 (51), 2 (66), 43 (81), 25 (98)]";2530;"Maquina 5: [39 (10), 27 (15), 20 (24), 7 (45), 21 (50), 10 (62), 34 (84), 11 (71)]";2000;"Maquina 6: [4 (12), 3 (36), 46 (46), 49 (18), 14 (49), 42 (60), 26 (82), 47 (66)]";1840
TABÚ;50;6;11368;22.0;25;"Maquina 1: [18 (19), 41 (49), 38 (13), 13 (10), 10 (62), 15 (48), 29 (45), 5 (73)]";1617;"Maquina 2: [12 (7), 1 (5), 44 (28), 24 (40), 25 (98), 8 (64), 30 (48), 2 (66), 7 (45)]";2119;"Maquina 3: [46 (46), 23 (10), 16 (15), 20 (24), 19 (33), 35 (51), 34 (84), 6 (88)]";1519;"Maquina 4: [39 (10), 0 (14), 43 (81), 3 (36), 17 (77), 42 (60), 48 (77), 33 (59)]";2181;"Maquina 5: [9 (51), 27 (15), 4 (12), 47 (66), 40 (44), 37 (61), 11 (71), 45 (89)]";1808;"Maquina 6: [28 (33), 32 (12), 21 (50), 49 (18), 14 (49), 22 (36), 31 (66), 36 (82), 26 (82)]";2124
VNS;50;6;11916;1683.0;25;"Maquina 1: [32 (12), 1 (5), 40 (44), 19 (33), 48 (77), 9 (51), 25 (98)]";1523;"Maquina 2: [38 (13), 12 (7), 18 (19), 41 (49), 29 (45), 33 (59), 5 (73), 28 (33), 37 (61), 36 (82)]";2545;"Maquina 3: [0 (14), 31 (66), 13 (10), 30 (48), 47 (66), 6 (88)]";1253;"Maquina 4: [23 (10), 16 (15), 44 (28), 24 (40), 15 (48), 35 (51), 2 (66), 3 (36), 43 (81)]";2211;"Maquina 5: [39 (10), 27 (15), 17 (77), 20 (24), 7 (45), 21 (50), 10 (62), 45 (89), 11 (71)]";2196;"Maquina 6: [4 (12), 46 (46), 49 (18), 14 (49), 22 (36), 8 (64), 42 (60), 26 (82), 34 (84)]";2188
Multiarranque;50;6;12026;76.0;25;"Maquina 1: [12 (7), 32 (12), 47 (66), 22 (36), 40 (44), 26 (82), 25 (98), 10 (62)]";1956;"Maquina 2: [23 (10), 3 (36), 38 (13), 16 (15), 42 (60), 29 (45), 43 (81), 33 (59)]";1766;"Maquina 3: [39 (10), 27 (15), 28 (33), 9 (51), 14 (49), 7 (45), 48 (77), 36 (82), 31 (66)]";2305;"Maquina 4: [44 (28), 4 (12), 30 (48), 2 (66), 20 (24), 41 (49), 34 (84), 5 (73)]";1986;"Maquina 5: [49 (18), 1 (5), 0 (14), 37 (61), 15 (48), 35 (51), 24 (40), 45 (89), 17 (77)]";1901;"Maquina 6: [13 (10), 18 (19), 46 (46), 8 (64), 19 (33), 6 (88), 11 (71), 21 (50)]";2112
GREEDY;50;6;14443;0.0;1;"Maquina 1: [48 (19), 10 (56), 19 (2), 22 (59), 27 (68), 15 (40), 46 (75), 24 (94)]";2218;"Maquina 2: [7 (10), 38 (21), 36 (44), 44 (33), 32 (73), 29 (47), 35 (88), 33 (63), 30 (95)]";2489;"Maquina 3: [13 (43), 1 (24), 8 (52), 39 (14), 20 (60), 12 (85), 4 (69), 21 (95)]";2411;"Maquina 4: [5 (15), 0 (40), 6 (45), 47 (27), 18 (54), 45 (69), 40 (89), 42 (97), 11 (62)]";2510;"Maquina 5: [49 (60), 16 (47), 34 (17), 26 (28), 17 (69), 23 (96), 9 (37), 37 (92)]";2426;"Maquina 6: [3 (58), 2 (30), 28 (64), 41 (89), 25 (43), 43 (17), 14 (97), 31 (70)]";2389
GRASP;50;6;12706;74.0;25;"Maquina 1: [34 (17), 39 (14), 3 (58), 38 (21), 18 (54), 32 (73), 20 (60), 14 (97)]";1690;"Maquina 2: [7 (10), 47 (27), 27 (68), 29 (47), 13 (43), 4 (69), 40 (89), 31 (70), 21 (95)]";2647;"Maquina 3: [5 (15), 0 (40), 1 (24), 36 (44), 9 (37), 46 (75), 49 (60), 30 (95)]";1619;"Maquina 4: [25 (43), 43 (17), 15 (40), 45 (69), 37 (92), 16 (47), 35 (88), 12 (85)]";2075;"Maquina 5: [48 (19), 10 (56), 44 (33), 22 (59), 26 (28), 28 (64), 11 (62), 23 (96), 24 (94)]";2652;"Maquina 6: [8 (52), 2 (30), 33 (63), 17 (69), 19 (2), 6 (45), 41 (89), 42 (97)]";2023
LNS;50;6;14443;3.0;25;"Maquina 1: [48 (19), 10 (56), 19 (2), 22 (59), 27 (68), 15 (40), 46 (75), 24 (94)]";2218;"Maquina 2: [7 (10), 38 (21), 36 (44), 44 (33), 32 (73), 29 (47), 35 (88), 33 (63), 30 (95)]";2489;"Maquina 3: [13 (43), 1 (24), 8 (52), 39 (14), 20 (60), 12 (85), 4 (69), 21 (95)]";2411;"Maquina 4: [5 (15), 0 (40), 6 (45), 47 (27), 18 (54), 45 (69), 40 (89), 42 (97), 11 (62)]";2510;"Maquina 5: [49 (60), 16 (47), 34 (17), 26 (28), 17 (69), 23 (96), 9 (37), 37 (92)]";2426;"Maquina 6: [3 (58), 2 (30), 28 (64), 41 (89), 25 (43), 43 (17), 14 (97), 31 (70)]";2389
TABÚ;50;6;12754;21.0;25;"Maquina 1: [18 (54), 47 (27), 39 (14), 22 (59), 35 (88), 24 (94), 27 (68), 4 (69)]";2159;"Maquina 2: [19 (2), 1 (24), 9 (37), 25 (43), 43 (17), 10 (56), 33 (63), 31 (70), 42 (97)]";1820;"Maquina 3: [34 (17), 15 (40), 45 (69), 26 (28), 6 (45), 13 (43), 37 (92), 41 (89)]";1970;"Maquina 4: [17 (69), 5 (15), 49 (60), 16 (47), 14 (97), 29 (47), 40 (89), 30 (95)]";2408;"Maquina 5: [2 (30), 7 (10), 38 (21), 3 (58), 0 (40), 20 (60), 32 (73), 12 (85), 23 (96)]";2339;"Maquina 6: [48 (19), 36 (44), 44 (33), 8 (52), 46 (75), 21 (95), 11 (62), 28 (64)]";2058
VNS;50;6;13920;1689.0;25;"Maquina 1: [48 (19), 10 (56), 19 (2), 22 (59), 27 (68), 15 (40), 46 (75), 24 (94)]";2218;"Maquina 2: [7 (10), 38 (21), 36 (44), 44 (33), 32 (73), 29 (47), 35 (88), 33 (63), 30 (95)]";2489;"Maquina 3: [26 (28), 13 (43), 1 (24), 3 (58), 20 (60), 12 (85), 4 (69), 21 (95)]";2323;"Maquina 4: [5 (15), 0 (40), 6 (45), 47 (27), 18 (54), 45 (69), 40 (89), 42 (97), 11 (62)]";2510;"Maquina 5: [49 (60), 16 (47), 34 (17), 17 (69), 23 (96), 9 (37), 37 (92)]";1777;"Maquina 6: [39 (14), 8 (52), 2 (30), 28 (64), 41 (89), 25 (43), 43 (17), 14 (97), 31 (70)]";2603
Multiarranque;50;6;13800;81.0;25;"Maquina 1: [44 (33), 19 (2), 25 (43), 33 (63), 17 (69), 11 (62), 42 (97), 46 (75), 0 (40)]";2446;"Maquina 2: [47 (27), 38 (21), 23 (96), 34 (17), 45 (69), 8 (52), 14 (97), 32 (73)]";2220;"Maquina 3: [1 (24), 6 (45), 7 (10), 39 (14), 20 (60), 5 (15), 49 (60), 16 (47), 30 (95)]";2050;"Maquina 4: [13 (43), 28 (64), 43 (17), 10 (56), 3 (58), 37 (92), 41 (89), 21 (95)]";2418;"Maquina 5: [48 (19), 2 (30), 35 (88), 12 (85), 9 (37), 4 (69), 18 (54), 29 (47)]";2412;"Maquina 6: [15 (40), 22 (59), 26 (28), 36 (44), 24 (94), 27 (68), 40 (89), 31 (70)]";2254
GREEDY;50;6;14394;0.0;1;"Maquina 1: [3 (4), 8 (41), 43 (23), 37 (51), 2 (43), 16 (73), 13 (58), 26 (84), 34 (93)]";2402;"Maquina 2: [32 (24), 20 (44), 30 (11), 9 (51), 29 (55), 36 (62), 18 (77), 12 (86)]";2139;"Maquina 3: [23 (17), 46 (51), 47 (65), 21 (25), 19 (79), 15 (58), 10 (39), 33 (92)]";2305;"Maquina 4: [31 (19), 5 (43), 7 (30), 49 (50), 6 (55), 14 (60), 39 (76), 0 (98), 1 (85)]";2792;"Maquina 5: [38 (67), 4 (45), 44 (84), 41 (30), 28 (58), 11 (21), 48 (54), 25 (93)]";2440;"Maquina 6: [45 (22), 22 (34), 17 (56), 27 (63), 40 (35), 35 (51), 42 (80), 24 (92)]";2316
GRASP;50;6;13093;75.0;25;"Maquina 1: [30 (11), 9 (51), 7 (30), 26 (84), 34 (93), 13 (58), 6 (55), 25 (93)]";2111;"Maquina 2: [17 (56), 3 (4), 32 (24), 49 (50), 46 (51), 47 (65), 36 (62), 43 (23), 0 (98)]";2156;"Maquina 3: [41 (30), 14 (60), 2 (43), 18 (77), 23 (17), 48 (54), 5 (43), 20 (44), 24 (92)]";2649;"Maquina 4: [40 (35), 11 (21), 16 (73), 8 (41), 21 (25), 35 (51), 12 (86), 44 (84)]";1908;"Maquina 5: [4 (45), 22 (34), 28 (58), 42 (80), 37 (51), 38 (67), 19 (79), 1 (85)]";2367;"Maquina 6: [10 (39), 29 (55), 31 (19), 45 (22), 27 (63), 39 (76), 33 (92), 15 (58)]";1902
LNS;50;6;14132;2.0;25;"Maquina 1: [3 (4), 8 (41), 43 (23), 37 (51), 2 (43), 16 (73), 13 (58), 26 (84), 34 (93)]";2402;"Maquina 2: [30 (11), 20 (44), 32 (24), 36 (62), 29 (55), 9 (51), 18 (77), 12 (86)]";2069;"Maquina 3: [21 (25), 46 (51), 47 (65), 23 (17), 19 (79), 15 (58), 10 (39), 33 (92)]";2113;"Maquina 4: [31 (19), 5 (43), 7 (30), 49 (50), 6 (55), 14 (60), 39 (76), 0 (98), 1 (85)]";2792;"Maquina 5: [38 (67), 4 (45), 44 (84), 41 (30), 28 (58), 11 (21), 48 (54), 25 (93)]";2440;"Maquina 6: [45 (22), 22 (34), 17 (56), 27 (63), 40 (35), 35 (51), 42 (80), 24 (92)]";2316
TABÚ;50;6;13887;23.0;25;"Maquina 1: [3 (4), 21 (25), 19 (79), 48 (54), 27 (63), 49 (50), 16 (73), 39 (76), 25 (93)]";2425;"Maquina 2: [4 (45), 22 (34), 17 (56), 20 (44), 18 (77), 0 (98), 31 (19), 33 (92), 15 (58)]";2821;"Maquina 3: [37 (51), 7 (30), 29 (55), 23 (17), 46 (51), 44 (84), 47 (65), 1 (85)]";2154;"Maquina 4: [13 (58), 8 (41), 41 (30), 32 (24), 38 (67), 11 (21), 34 (93), 26 (84)]";2101;"Maquina 5: [40 (35), 35 (51), 2 (43), 45 (22), 42 (80), 28 (58), 10 (39), 24 (92)]";2299;"Maquina 6: [9 (51), 14 (60), 30 (11), 36 (62), 43 (23), 5 (43), 6 (55), 12 (86)]";2087
VNS;50;6;14109;1621.0;25;"Maquina 1: [3 (4), 8 (41), 43 (23), 37 (51), 2 (43), 16 (73), 13 (58), 26 (84), 34 (93)]";2402;"Maquina 2: [32 (24), 20 (44), 30 (11), 9 (51), 29 (55), 36 (62), 18 (77), 12 (86)]";2139;"Maquina 3: [23 (17), 46 (51), 47 (65), 21 (25), 19 (79), 48 (54), 10 (39), 1 (85)]";2148;"Maquina 4: [31 (19), 5 (43), 7 (30), 49 (50), 6 (55), 14 (60), 39 (76), 0 (98), 33 (92)]";2769;"Maquina 5: [38 (67), 4 (45), 44 (84), 41 (30), 28 (58), 11 (21), 15 (58), 25 (93)]";2335;"Maquina 6: [45 (22), 22 (34), 17 (56), 27 (63), 40 (35), 35 (51), 42 (80), 24 (92)]";2316
Multiarranque;50;6;14172;80.0;25;"Maquina 1: [23 (17), 28 (58), 10 (39), 20 (44), 47 (65), 14 (60), 34 (93), 33 (92)]";2358;"Maquina 2: [7 (30), 29 (55), 9 (51), 35 (51), 43 (23), 5 (43), 16 (73), 21 (25), 26 (84)]";2511;"Maquina 3: [41 (30), 30 (11), 11 (21), 37 (51), 15 (58), 27 (63), 19 (79), 6 (55), 42 (80)]";2375;"Maquina 4: [32 (24), 36 (62), 46 (51), 44 (84), 17 (56), 13 (58), 18 (77), 12 (86)]";2649;"Maquina 5: [31 (19), 8 (41), 4 (45), 22 (34), 39 (76), 0 (98), 1 (85), 38 (67)]";2525;"Maquina 6: [45 (22), 3 (4), 48 (54), 40 (35), 24 (92), 2 (43), 25 (93), 49 (50)]";1754
GREEDY;50;6;12849;0.0;1;"Maquina 1: [2 (4), 49 (56), 43 (31), 0 (14), 35 (51), 3 (74), 45 (43), 5 (91)]";2174;"Maquina 2: [18 (48), 7 (14), 11 (10), 8 (23), 42 (69), 10 (53), 9 (79), 26 (37), 28 (94)]";2402;"Maquina 3: [23 (10), 6 (44), 39 (28), 40 (14), 33 (52), 36 (49), 31 (58), 41 (78), 27 (92)]";2219;"Maquina 4: [14 (12), 16 (17), 46 (53), 20 (65), 22 (42), 37 (27), 17 (50), 4 (81)]";1867;"Maquina 5: [24 (12), 34 (34), 12 (42), 1 (53), 38 (18), 47 (86), 25 (64), 48 (45)]";1880;"Maquina 6: [29 (21), 19 (28), 15 (43), 21 (51), 13 (78), 32 (55), 30 (13), 44 (92)]";2307
GRASP;50;6;10582;74.0;25;"Maquina 1: [2 (4), 40 (14), 8 (23), 49 (56), 1 (53), 17 (50), 3 (74), 42 (69)]";1633;"Maquina 2: [18 (48), 11 (10), 30 (13), 37 (27), 43 (31), 27 (92), 46 (53), 4 (81)]";1493;"Maquina 3: [14 (12), 39 (28), 48 (45), 29 (21), 32 (55), 36 (49), 9 (79), 5 (91)]";1887;"Maquina 4: [34 (34), 21 (51), 23 (10), 6 (44), 38 (18), 35 (51), 47 (86), 44 (92)]";1743;"Maquina 5: [7 (14), 19 (28), 0 (14), 33 (52), 15 (43), 25 (64), 26 (37), 13 (78), 41 (78)]";1837;"Maquina 6: [24 (12), 16 (17), 31 (58), 12 (42), 45 (43), 22 (42), 10 (53), 20 (65), 28 (94)]";1989
LNS;50;6;12849;3.0;25;"Maquina 1: [2 (4), 49 (56), 43 (31), 0 (14), 35 (51), 3 (74), 45 (43), 5 (91)]";2174;"Maquina 2: [18 (48), 7 (14), 11 (10), 8 (23), 42 (69), 10 (53), 9 (79), 26 (37), 28 (94)]";2402;"Maquina 3: [23 (10), 6 (44), 39 (28), 40 (14), 33 (52), 36 (49), 31 (58), 41 (78), 27 (92)]";2219;"Maquina 4: [14 (12), 16 (17), 46 (53), 20 (65), 22 (42), 37 (27), 17 (50), 4 (81)]";1867;"Maquina 5: [24 (12), 34 (34), 12 (42), 1 (53), 38 (18), 47 (86), 25 (64), 48 (45)]";1880;"Maquina 6: [29 (21), 19 (28), 15 (43), 21 (51), 13 (78), 32 (55), 30 (13), 44 (92)]";2307
TABÚ;50;6;11061;22.0;25;"Maquina 1: [16 (17), 43 (31), 22 (42), 11 (10), 25 (64), 9 (79), 6 (44), 10 (53), 47 (86)]";2181;"Maquina 2: [2 (4), 42 (69), 1 (53), 7 (14), 21 (51), 28 (94), 29 (21), 26 (37), 44 (92)]";2255;"Maquina 3: [40 (14), 12 (42), 34 (34), 24 (12), 48 (45), 49 (56), 39 (28), 27 (92)]";1596;"Maquina 4: [14 (12), 19 (28), 0 (14), 17 (50), 41 (78), 15 (43), 3 (74), 13 (78)]";1521;"Maquina 5: [30 (13), 5 (91), 8 (23), 32 (55), 18 (48), 20 (65), 33 (52), 31 (58)]";1885;"Maquina 6: [46 (53), 38 (18), 37 (27), 36 (49), 23 (10), 45 (43), 35 (51), 4 (81)]";1623
VNS;50;6;12427;1622.0;25;"Maquina 1: [2 (4), 16 (17), 43 (31), 0 (14), 35 (51), 3 (74), 45 (43), 5 (91)]";1606;"Maquina 2: [18 (48), 7 (14), 11 (10), 8 (23), 42 (69), 10 (53), 41 (78), 30 (13), 26 (37), 28 (94)]";2725;"Maquina 3: [23 (10), 6 (44), 39 (28), 40 (14), 33 (52), 36 (49), 31 (58), 27 (92)]";1699;"Maquina 4: [14 (12), 49 (56), 46 (53), 20 (65), 22 (42), 37 (27), 17 (50), 4 (81)]";2153;"Maquina 5: [24 (12), 34 (34), 12 (42), 1 (53), 38 (18), 47 (86), 25 (64), 48 (45)]";1880;"Maquina 6: [29 (21), 19 (28), 15 (43), 21 (51), 13 (78), 32 (55), 9 (79), 44 (92)]";2364
Multiarranque;50;6;11475;81.0;25;"Maquina 1: [38 (18), 34 (34), 2 (4), 4 (81), 45 (43), 22 (42), 35 (51), 9 (79)]";1778;"Maquina 2: [37 (27), 0 (14), 33 (52), 31 (58), 49 (56), 1 (53), 5 (91), 20 (65)]";1842;"Maquina 3: [16 (17), 7 (14), 23 (10), 25 (64), 6 (44), 12 (42), 42 (69), 28 (94)]";1863;"Maquina 4: [11 (10), 21 (51), 24 (12), 8 (23), 32 (55), 36 (49), 15 (43), 27 (92), 44 (92)]";2021;"Maquina 5: [30 (13), 14 (12), 19 (28), 48 (45), 29 (21), 26 (37), 13 (78), 46 (53), 47 (86)]";2168;"Maquina 6: [39 (28), 40 (14), 17 (50), 18 (48), 43 (31), 10 (53), 3 (74), 41 (78)]";1803
GREEDY;50;6;11570;0.0;1;"Maquina 1: [33 (1), 9 (20), 2 (36), 22 (72), 39 (53), 41 (60), 13 (46), 19 (88)]";1789;"Maquina 2: [30 (22), 31 (7), 12 (44), 48 (32), 29 (51), 14 (66), 23 (57), 0 (97), 6 (81)]";2079;"Maquina 3: [40 (12), 24 (51), 7 (56), 36 (40), 3 (28), 25 (64), 4 (79), 47 (92)]";1882;"Maquina 4: [49 (13), 1 (29), 17 (35), 11 (45), 16 (81), 38 (67), 34 (59), 43 (52), 18 (99)]";2233;"Maquina 5: [8 (14), 15 (29), 5 (56), 37 (49), 26 (37), 44 (60), 20 (91), 27 (76)]";1792;"Maquina 6: [46 (30), 21 (19), 10 (40), 35 (54), 28 (49), 42 (60), 32 (90), 45 (72)]";1795
GRASP;50;6;10743;84.0;25;"Maquina 1: [31 (7), 46 (30), 1 (29), 23 (57), 25 (64), 38 (67), 24 (51), 16 (81), 47 (92)]";2125;"Maquina 2: [49 (13), 15 (29), 10 (40), 12 (44), 37 (49), 39 (53), 45 (72), 22 (72)]";1520;"Maquina 3: [33 (1), 36 (40), 28 (49), 9 (20), 34 (59), 43 (52), 32 (90), 13 (46), 0 (97)]";1979;"Maquina 4: [40 (12), 8 (14), 2 (36), 11 (45), 35 (54), 4 (79), 44 (60), 20 (91)]";1462;"Maquina 5: [3 (28), 21 (19), 5 (56), 41 (60), 42 (60), 26 (37), 27 (76), 6 (81)]";1777;"Maquina 6: [17 (35), 30 (22), 48 (32), 7 (56), 29 (51), 14 (66), 18 (99), 19 (88)]";1880
LNS;50;6;11570;2.0;25;"Maquina 1: [33 (1), 9 (20), 2 (36), 22 (72), 39 (53), 41 (60), 13 (46), 19 (88)]";1789;"Maquina 2: [30 (22), 31 (7), 12 (44), 48 (32), 29 (51), 14 (66), 23 (57), 0 (97), 6 (81)]";2079;"Maquina 3: [40 (12), 24 (51), 7 (56), 36 (40), 3 (28), 25 (64), 4 (79), 47 (92)]";1882;"Maquina 4: [49 (13), 1 (29), 17 (35), 11 (45), 16 (81), 38 (67), 34 (59), 43 (52), 18 (99)]";2233;"Maquina 5: [8 (14), 15 (29), 5 (56), 37 (49), 26 (37), 44 (60), 20 (91), 27 (76)]";1792;"Maquina 6: [46 (30), 21 (19), 10 (40), 35 (54), 28 (49), 42 (60), 32 (90), 45 (72)]";1795
TABÚ;50;6;10626;22.0;25;"Maquina 1: [30 (22), 3 (28), 29 (51), 23 (57), 48 (32), 45 (72), 22 (72), 20 (91)]";1767;"Maquina 2: [31 (7), 40 (12), 1 (29), 13 (46), 12 (44), 37 (49), 5 (56), 4 (79), 18 (99)]";1765;"Maquina 3: [33 (1), 8 (14), 28 (49), 26 (37), 44 (60), 39 (53), 7 (56), 19 (88)]";1389;"Maquina 4: [49 (13), 15 (29), 2 (36), 11 (45), 35 (54), 42 (60), 32 (90), 41 (60), 6 (81)]";2027;"Maquina 5: [9 (20), 34 (59), 25 (64), 17 (35), 24 (51), 16 (81), 38 (67), 0 (97)]";1999;"Maquina 6: [46 (30), 21 (19), 36 (40), 43 (52), 10 (40), 27 (76), 14 (66), 47 (92)]";1679
VNS;50;6;11166;1590.0;25;"Maquina 1: [49 (13), 9 (20), 2 (36), 22 (72), 39 (53), 41 (60), 45 (72), 23 (57), 0 (97)]";2150;"Maquina 2: [30 (22), 31 (7), 12 (44), 48 (32), 29 (51), 14 (66), 4 (79), 6 (81)]";1497;"Maquina 3: [40 (12), 24 (51), 7 (56), 36 (40), 3 (28), 25 (64), 13 (46), 47 (92)]";1735;"Maquina 4: [33 (1), 1 (29), 17 (35), 11 (45), 16 (81), 38 (67), 34 (59), 43 (52), 18 (99)]";2197;"Maquina 5: [8 (14), 15 (29), 5 (56), 37 (49), 26 (37), 44 (60), 20 (91), 27 (76)]";1792;"Maquina 6: [46 (30), 21 (19), 10 (40), 35 (54), 28 (49), 42 (60), 32 (90), 19 (88)]";1795
Multiarranque;50;6;10996;81.0;25;"Maquina 1: [33 (1), 36 (40), 43 (52), 44 (60), 6 (81), 18 (99), 47 (92)]";1428;"Maquina 2: [30 (22), 21 (19), 5 (56), 48 (32), 11 (45), 42 (60), 26 (37), 32 (90), 4 (79)]";2009;"Maquina 3: [31 (7), 10 (40), 40 (12), 1 (29), 17 (35), 39 (53), 38 (67), 45 (72), 22 (72)]";1785;"Maquina 4: [37 (49), 9 (20), 34 (59), 41 (60), 35 (54), 0 (97), 7 (56), 16 (81)]";2123;"Maquina 5: [49 (13), 15 (29), 29 (51), 46 (30), 2 (36), 25 (64), 14 (66), 27 (76), 20 (91)]";2078;"Maquina 6: [3 (28), 8 (14), 24 (51), 28 (49), 13 (46), 12 (44), 23 (57), 19 (88)]";1573
GREEDY;50;6;11873;0.0;1;"Maquina 1: [29 (13), 48 (2), 16 (64), 40 (34), 6 (43), 19 (55), 32 (84), 11 (90)]";1771;"Maquina 2: [13 (3), 2 (19), 38 (56), 15 (36), 22 (68), 3 (87), 37 (49), 35 (92)]";1941;"Maquina 3: [47 (5), 14 (53), 41 (22), 25 (57), 43 (38), 39 (65), 12 (85), 4 (92)]";1847;"Maquina 4: [44 (7), 45 (22), 1 (59), 7 (34), 31 (42), 9 (55), 46 (79), 26 (94), 8 (90)]";2095;"Maquina 5: [36 (8), 33 (37), 5 (49), 42 (24), 49 (55), 17 (61), 27 (82), 10 (90), 0 (97)]";2288;"Maquina 6: [34 (50), 21 (27), 20 (9), 18 (57), 30 (89), 24 (42), 28 (73), 23 (93)]";1931
GRASP;50;6;10602;75.0;25;"Maquina 1: [47 (5), 15 (36), 45 (22), 19 (55), 1 (59), 34 (50), 32 (84), 4 (92)]";1615;"Maquina 2: [29 (13), 37 (49), 48 (2), 28 (73), 42 (24), 39 (65), 46 (79), 30 (89), 3 (87)]";2006;"Maquina 3: [36 (8), 7 (34), 43 (38), 24 (42), 17 (61), 27 (82), 10 (90), 26 (94)]";1654;"Maquina 4: [44 (7), 14 (53), 20 (9), 33 (37), 16 (64), 18 (57), 49 (55), 35 (92), 11 (90)]";2083;"Maquina 5: [13 (3), 6 (43), 41 (22), 25 (57), 9 (55), 40 (34), 12 (85), 0 (97)]";1481;"Maquina 6: [2 (19), 38 (56), 21 (27), 5 (49), 31 (42), 8 (90), 22 (68), 23 (93)]";1763
LNS;50;6;11625;2.0;25;"Maquina 1: [29 (13), 48 (2), 16 (64), 6 (43), 40 (34), 19 (55), 32 (84), 11 (90)]";1748;"Maquina 2: [2 (19), 38 (56), 13 (3), 15 (36), 22 (68), 3 (87), 37 (49), 35 (92)]";1734;"Maquina 3: [47 (5), 14 (53), 41 (22), 25 (57), 43 (38), 39 (65), 12 (85), 4 (92)]";1847;"Maquina 4: [44 (7), 45 (22), 1 (59), 7 (34), 31 (42), 9 (55), 46 (79), 26 (94), 8 (90)]";2095;"Maquina 5: [36 (8), 33 (37), 5 (49), 49 (55), 42 (24), 17 (61), 27 (82), 10 (90), 0 (97)]";2270;"Maquina 6: [34 (50), 21 (27), 20 (9), 18 (57), 30 (89), 24 (42), 28 (73), 23 (93)]";1931
TABÚ;50;6;10592;23.0;25;"Maquina 1: [44 (7), 45 (22), 24 (42), 40 (34), 22 (68), 3 (87), 35 (92), 11 (90), 10 (90)]";2110;"Maquina 2: [47 (5), 29 (13), 33 (37), 37 (49), 28 (73), 38 (56), 26 (94), 12 (85)]";1507;"Maquina 3: [36 (8), 34 (50), 21 (27), 15 (36), 16 (64), 18 (57), 32 (84), 0 (97)]";1676;"Maquina 4: [48 (2), 13 (3), 41 (22), 27 (82), 39 (65), 46 (79), 17 (61), 4 (92), 8 (90)]";2050;"Maquina 5: [42 (24), 1 (59), 7 (34), 25 (57), 9 (55), 6 (43), 49 (55), 30 (89)]";1784;"Maquina 6: [20 (9), 2 (19), 43 (38), 5 (49), 31 (42), 19 (55), 14 (53), 23 (93)]";1465
VNS;50;6;11227;1031.0;25;"Maquina 1: [13 (3), 15 (36), 48 (2), 19 (55), 14 (53), 6 (43), 16 (64), 32 (84), 11 (90)]";2002;"Maquina 2: [2 (19), 29 (13), 38 (56), 22 (68), 3 (87), 37 (49), 35 (92)]";1397;"Maquina 3: [47 (5), 40 (34), 41 (22), 25 (57), 43 (38), 39 (65), 12 (85), 4 (92)]";1514;"Maquina 4: [44 (7), 45 (22), 1 (59), 7 (34), 31 (42), 9 (55), 46 (79), 26 (94), 8 (90)]";2095;"Maquina 5: [36 (8), 33 (37), 5 (49), 42 (24), 49 (55), 17 (61), 27 (82), 10 (90), 0 (97)]";2288;"Maquina 6: [34 (50), 21 (27), 20 (9), 18 (57), 30 (89), 24 (42), 28 (73), 23 (93)]";1931
Multiarranque;50;6;11161;78.0;25;"Maquina 1: [45 (22), 36 (8), 41 (22), 37 (49), 5 (49), 33 (37), 16 (64), 12 (85), 23 (93)]";1847;"Maquina 2: [21 (27), 1 (59), 40 (34), 8 (90), 19 (55), 25 (57), 3 (87)]";1730;"Maquina 3: [44 (7), 15 (36), 34 (50), 35 (92), 9 (55), 0 (97), 11 (90), 30 (89)]";1986;"Maquina 4: [31 (42), 7 (34), 32 (84), 14 (53), 6 (43), 28 (73), 38 (56), 10 (90)]";2039;"Maquina 5: [20 (9), 47 (5), 29 (13), 24 (42), 2 (19), 43 (38), 49 (55), 48 (2), 27 (82), 39 (65), 26 (94)]";2087;"Maquina 6: [13 (3), 22 (68), 42 (24), 17 (61), 46 (79), 18 (57), 4 (92)]";1472
GREEDY;50;6;10791;0.0;1;"Maquina 1: [6 (9), 16 (1), 29 (42), 1 (21), 47 (53), 21 (64), 31 (94), 14 (74), 34 (99)]";2032;"Maquina 2: [22 (9), 26 (2), 18 (32), 3 (48), 36 (70), 12 (84), 5 (59), 46 (97)]";1758;"Maquina 3: [24 (9), 35 (2), 19 (44), 9 (28), 7 (54), 17 (65), 20 (95), 39 (76)]";1606;"Maquina 4: [8 (3), 48 (9), 25 (20), 32 (33), 10 (71), 42 (62), 45 (48), 30 (99), 11 (90)]";1976;"Maquina 5: [15 (11), 27 (32), 38 (6), 33 (61), 37 (96), 23 (47), 44 (68), 40 (79)]";1599;"Maquina 6: [4 (15), 49 (6), 41 (61), 43 (28), 0 (70), 13 (46), 28 (80), 2 (99)]";1820
GRASP;50;6;9349;75.0;25;"Maquina 1: [26 (2), 35 (2), 1 (21), 7 (54), 15 (11), 44 (68), 39 (76), 37 (96)]";1080;"Maquina 2: [48 (9), 24 (9), 22 (9), 27 (32), 41 (61), 13 (46), 21 (64), 31 (94), 46 (97)]";1675;"Maquina 3: [4 (15), 38 (6), 33 (61), 9 (28), 14 (74), 10 (71), 2 (99), 28 (80)]";1695;"Maquina 4: [49 (6), 29 (42), 43 (28), 3 (48), 19 (44), 30 (99), 36 (70), 34 (99)]";1632;"Maquina 5: [8 (3), 6 (9), 18 (32), 47 (53), 5 (59), 0 (70), 17 (65), 12 (84), 11 (90)]";1831;"Maquina 6: [25 (20), 16 (1), 32 (33), 23 (47), 45 (48), 42 (62), 20 (95), 40 (79)]";1436
LNS;50;6;10544;2.0;25;"Maquina 1: [6 (9), 16 (1), 29 (42), 1 (21), 47 (53), 21 (64), 31 (94), 14 (74), 34 (99)]";2032;"Maquina 2: [22 (9), 26 (2), 18 (32), 3 (48), 36 (70), 12 (84), 5 (59), 46 (97)]";1758;"Maquina 3: [35 (2), 19 (44), 24 (9), 9 (28), 7 (54), 17 (65), 20 (95), 39 (76)]";1426;"Maquina 4: [25 (20), 48 (9), 8 (3), 32 (33), 10 (71), 30 (99), 45 (48), 42 (62), 11 (90)]";1909;"Maquina 5: [15 (11), 27 (32), 38 (6), 33 (61), 37 (96), 23 (47), 44 (68), 40 (79)]";1599;"Maquina 6: [4 (15), 49 (6), 41 (61), 43 (28), 0 (70), 13 (46), 28 (80), 2 (99)]";1820
TABÚ;50;6;9663;22.0;25;"Maquina 1: [24 (9), 4 (15), 49 (6), 32 (33), 41 (61), 19 (44), 2 (99), 37 (96), 12 (84)]";1753;"Maquina 2: [8 (3), 16 (1), 42 (62), 9 (28), 7 (54), 29 (42), 14 (74), 31 (94)]";1386;"Maquina 3: [15 (11), 25 (20), 5 (59), 10 (71), 11 (90), 45 (48), 39 (76), 34 (99)]";1841;"Maquina 4: [26 (2), 35 (2), 1 (21), 36 (70), 47 (53), 3 (48), 21 (64), 17 (65), 30 (99)]";1777;"Maquina 5: [6 (9), 18 (32), 43 (28), 38 (6), 0 (70), 23 (47), 46 (97), 28 (80)]";1328;"Maquina 6: [48 (9), 44 (68), 22 (9), 27 (32), 13 (46), 40 (79), 33 (61), 20 (95)]";1578
VNS;50;6;10364;1561.0;25;"Maquina 1: [6 (9), 16 (1), 43 (28), 1 (21), 45 (48), 21 (64), 31 (94), 14 (74), 34 (99)]";1933;"Maquina 2: [41 (61), 26 (2), 18 (32), 3 (48), 36 (70), 12 (84), 5 (59), 46 (97)]";1943;"Maquina 3: [24 (9), 35 (2), 19 (44), 9 (28), 7 (54), 17 (65), 20 (95), 28 (80)]";1592;"Maquina 4: [8 (3), 48 (9), 47 (53), 32 (33), 10 (71), 42 (62), 25 (20), 30 (99), 11 (90)]";1880;"Maquina 5: [15 (11), 27 (32), 38 (6), 33 (61), 37 (96), 23 (47), 44 (68), 40 (79)]";1599;"Maquina 6: [4 (15), 49 (6), 22 (9), 29 (42), 0 (70), 13 (46), 39 (76), 2 (99)]";1417
Multiarranque;50;6;9849;81.0;25;"Maquina 1: [8 (3), 43 (28), 22 (9), 21 (64), 19 (44), 10 (71), 11 (90), 34 (99)]";1535;"Maquina 2: [26 (2), 35 (2), 1 (21), 18 (32), 45 (48), 36 (70), 14 (74), 37 (96), 41 (61)]";1567;"Maquina 3: [49 (6), 15 (11), 25 (20), 27 (32), 0 (70), 12 (84), 33 (61), 2 (99)]";1478;"Maquina 4: [4 (15), 5 (59), 38 (6), 7 (54), 44 (68), 31 (94), 29 (42), 28 (80)]";1829;"Maquina 5: [6 (9), 16 (1), 32 (33), 23 (47), 47 (53), 39 (76), 13 (46), 20 (95), 46 (97)]";1857;"Maquina 6: [48 (9), 24 (9), 3 (48), 42 (62), 9 (28), 40 (79), 17 (65), 30 (99)]";1583
GREEDY;50;6;12626;0.0;1;"Maquina 1: [47 (2), 15 (30), 48 (60), 17 (17), 23 (51), 37 (72), 19 (80), 46 (97), 8 (89)]";2404;"Maquina 2: [25 (4), 16 (41), 43 (17), 9 (53), 40 (90), 27 (81), 34 (61), 26 (94), 2 (73)]";2341;"Maquina 3: [10 (7), 39 (21), 1 (38), 32 (57), 42 (62), 24 (91), 6 (74), 12 (84)]";1896;"Maquina 4: [5 (44), 45 (8), 28 (75), 20 (24), 11 (70), 13 (59), 49 (92), 14 (88)]";2071;"Maquina 5: [29 (24), 7 (15), 41 (49), 4 (68), 44 (76), 31 (59), 3 (92), 18 (87)]";1965;"Maquina 6: [0 (27), 38 (15), 33 (42), 35 (84), 36 (65), 21 (74), 30 (91), 22 (58)]";1949
GRASP;50;6;11364;74.0;25;"Maquina 1: [47 (2), 43 (17), 33 (42), 48 (60), 42 (62), 14 (88), 2 (73), 26 (94), 21 (74)]";2100;"Maquina 2: [25 (4), 34 (61), 20 (24), 28 (75), 45 (8), 18 (87), 6 (74), 46 (97)]";1734;"Maquina 3: [39 (21), 29 (24), 13 (59), 31 (59), 9 (53), 44 (76), 3 (92), 8 (89)]";1810;"Maquina 4: [17 (17), 10 (7), 15 (30), 41 (49), 4 (68), 22 (58), 12 (84), 49 (92), 30 (91)]";2025;"Maquina 5: [0 (27), 38 (15), 1 (38), 27 (81), 11 (70), 40 (90), 37 (72), 19 (80)]";1853;"Maquina 6: [5 (44), 7 (15), 16 (41), 32 (57), 23 (51), 35 (84), 36 (65), 24 (91)]";1842
LNS;50;6;12626;2.0;25;"Maquina 1: [47 (2), 15 (30), 48 (60), 17 (17), 23 (51), 37 (72), 19 (80), 46 (97), 8 (89)]";2404;"Maquina 2: [25 (4), 16 (41), 43 (17), 9 (53), 40 (90), 27 (81), 34 (61), 26 (94), 2 (73)]";2341;"Maquina 3: [10 (7), 39 (21), 1 (38), 32 (57), 42 (62), 24 (91), 6 (74), 12 (84)]";1896;"Maquina 4: [5 (44), 45 (8), 28 (75), 20 (24), 11 (70), 13 (59), 49 (92), 14 (88)]";2071;"Maquina 5: [29 (24), 7 (15), 41 (49), 4 (68), 44 (76), 31 (59), 3 (92), 18 (87)]";1965;"Maquina 6: [0 (27), 38 (15), 33 (42), 35 (84), 36 (65), 21 (74), 30 (91), 22 (58)]";1949
TABÚ;50;6;11466;22.0;25;"Maquina 1: [7 (15), 10 (7), 20 (24), 31 (59), 9 (53), 37 (72), 2 (73), 21 (74)]";1456;"Maquina 2: [25 (4), 16 (41), 15 (30), 48 (60), 44 (76), 5 (44), 8 (89), 46 (97)]";1612;"Maquina 3: [42 (62), 17 (17), 36 (65), 32 (57), 27 (81), 22 (58), 6 (74), 49 (92), 30 (91)]";2772;"Maquina 4: [45 (8), 39 (21), 29 (24), 13 (59), 28 (75), 11 (70), 3 (92), 18 (87)]";1592;"Maquina 5: [38 (15), 1 (38), 19 (80), 23 (51), 0 (27), 34 (61), 26 (94), 14 (88)]";1877;"Maquina 6: [47 (2), 43 (17), 33 (42), 12 (84), 41 (49), 4 (68), 35 (84), 24 (91), 40 (90)]";2157
VNS;50;6;12267;1630.0;25;"Maquina 1: [47 (2), 15 (30), 48 (60), 29 (24), 23 (51), 37 (72), 19 (80), 30 (91), 8 (89)]";2307;"Maquina 2: [25 (4), 16 (41), 43 (17), 9 (53), 40 (90), 27 (81), 34 (61), 26 (94), 2 (73)]";2341;"Maquina 3: [10 (7), 39 (21), 1 (38), 32 (57), 42 (62), 24 (91), 6 (74), 49 (92)]";1909;"Maquina 4: [5 (44), 45 (8), 28 (75), 20 (24), 11 (70), 13 (59), 12 (84), 14 (88)]";2034;"Maquina 5: [17 (17), 7 (15), 41 (49), 4 (68), 44 (76), 31 (59), 3 (92), 18 (87)]";1741;"Maquina 6: [0 (27), 38 (15), 33 (42), 35 (84), 36 (65), 21 (74), 46 (97), 22 (58)]";1935
Multiarranque;50;6;11915;78.0;25;"Maquina 1: [47 (2), 43 (17), 33 (42), 20 (24), 16 (41), 32 (57), 28 (75), 24 (91), 44 (76), 3 (92)]";2249;"Maquina 2: [45 (8), 39 (21), 13 (59), 1 (38), 41 (49), 37 (72), 27 (81), 30 (91), 46 (97)]";2173;"Maquina 3: [38 (15), 35 (84), 5 (44), 15 (30), 48 (60), 49 (92), 12 (84), 11 (70)]";2171;"Maquina 4: [23 (51), 29 (24), 31 (59), 9 (53), 2 (73), 26 (94), 36 (65)]";1757;"Maquina 5: [7 (15), 10 (7), 34 (61), 22 (58), 6 (74), 8 (89), 21 (74), 40 (90)]";1826;"Maquina 6: [25 (4), 17 (17), 0 (27), 42 (62), 14 (88), 4 (68), 18 (87), 19 (80)]";1739
GREEDY;50;6;10074;1.0;1;"Maquina 1: [11 (1), 30 (9), 14 (23), 44 (43), 10 (30), 27 (77), 29 (70), 40 (60), 26 (97)]";1903;"Maquina 2: [48 (9), 6 (2), 31 (17), 32 (58), 20 (29), 46 (69), 15 (77), 41 (39), 17 (97)]";1829;"Maquina 3: [35 (12), 45 (6), 36 (26), 7 (33), 12 (54), 37 (69), 39 (90), 9 (77)]";1641;"Maquina 4: [2 (7), 3 (14), 21 (25), 23 (84), 13 (50), 24 (31), 43 (75), 0 (69)]";1621;"Maquina 5: [28 (16), 42 (8), 5 (48), 16 (24), 49 (30), 25 (72), 19 (62), 22 (79)]";1534;"Maquina 6: [47 (8), 1 (17), 33 (25), 34 (32), 38 (53), 18 (82), 8 (68), 4 (74)]";1546
GRASP;50;6;8432;73.0;25;"Maquina 1: [6 (2), 3 (14), 34 (32), 16 (24), 0 (69), 4 (74), 8 (68), 26 (97), 46 (69)]";1879;"Maquina 2: [2 (7), 11 (1), 20 (29), 7 (33), 12 (54), 13 (50), 17 (97), 39 (90)]";1127;"Maquina 3: [47 (8), 21 (25), 14 (23), 30 (9), 1 (17), 32 (58), 38 (53), 29 (70)]";1058;"Maquina 4: [28 (16), 42 (8), 35 (12), 19 (62), 5 (48), 37 (69), 23 (84), 9 (77)]";1358;"Maquina 5: [45 (6), 31 (17), 49 (30), 10 (30), 36 (26), 44 (43), 40 (60), 43 (75), 22 (79)]";1478;"Maquina 6: [24 (31), 48 (9), 33 (25), 41 (39), 27 (77), 18 (82), 15 (77), 25 (72)]";1532
LNS;50;6;10069;2.0;25;"Maquina 1: [11 (1), 30 (9), 40 (60), 44 (43), 10 (30), 27 (77), 29 (70), 14 (23), 26 (97)]";1900;"Maquina 2: [48 (9), 6 (2), 31 (17), 32 (58), 20 (29), 46 (69), 15 (77), 41 (39), 17 (97)]";1829;"Maquina 3: [35 (12), 36 (26), 45 (6), 7 (33), 12 (54), 37 (69), 39 (90), 9 (77)]";1639;"Maquina 4: [2 (7), 3 (14), 21 (25), 23 (84), 13 (50), 24 (31), 43 (75), 0 (69)]";1621;"Maquina 5: [28 (16), 42 (8), 5 (48), 16 (24), 49 (30), 25 (72), 19 (62), 22 (79)]";1534;"Maquina 6: [47 (8), 1 (17), 33 (25), 34 (32), 38 (53), 18 (82), 8 (68), 4 (74)]";1546
TABÚ;50;6;8676;27.0;25;"Maquina 1: [6 (2), 3 (14), 20 (29), 16 (24), 44 (43), 13 (50), 23 (84), 26 (97), 9 (77)]";1644;"Maquina 2: [47 (8), 45 (6), 48 (9), 5 (48), 19 (62), 21 (25), 18 (82), 15 (77)]";1156;"Maquina 3: [14 (23), 28 (16), 2 (7), 24 (31), 32 (58), 8 (68), 37 (69), 39 (90)]";1301;"Maquina 4: [41 (39), 1 (17), 49 (30), 10 (30), 46 (69), 38 (53), 25 (72), 22 (79)]";1621;"Maquina 5: [42 (8), 36 (26), 33 (25), 34 (32), 0 (69), 30 (9), 43 (75), 27 (77), 4 (74)]";1675;"Maquina 6: [11 (1), 31 (17), 35 (12), 7 (33), 12 (54), 29 (70), 40 (60), 17 (97)]";1279
VNS;50;6;9575;1527.0;25;"Maquina 1: [3 (14), 30 (9), 1 (17), 44 (43), 10 (30), 27 (77), 29 (70), 40 (60), 26 (97)]";1629;"Maquina 2: [48 (9), 6 (2), 31 (17), 32 (58), 20 (29), 46 (69), 22 (79), 17 (97)]";1365;"Maquina 3: [14 (23), 45 (6), 36 (26), 7 (33), 12 (54), 37 (69), 39 (90), 9 (77)]";1610;"Maquina 4: [2 (7), 11 (1), 47 (8), 21 (25), 23 (84), 13 (50), 24 (31), 43 (75), 0 (69)]";1789;"Maquina 5: [28 (16), 42 (8), 5 (48), 16 (24), 49 (30), 25 (72), 19 (62), 15 (77)]";1521;"Maquina 6: [41 (39), 35 (12), 33 (25), 34 (32), 38 (53), 18 (82), 8 (68), 4 (74)]";1661
Multiarranque;50;6;9192;81.0;25;"Maquina 1: [1 (17), 11 (1), 49 (30), 36 (26), 21 (25), 15 (77), 12 (54), 27 (77), 43 (75)]";1613;"Maquina 2: [16 (24), 2 (7), 24 (31), 6 (2), 31 (17), 32 (58), 19 (62), 39 (90), 25 (72)]";1512;"Maquina 3: [10 (30), 48 (9), 5 (48), 47 (8), 4 (74), 17 (97), 37 (69)]";1336;"Maquina 4: [30 (9), 35 (12), 40 (60), 44 (43), 38 (53), 33 (25), 41 (39), 26 (97)]";1363;"Maquina 5: [28 (16), 42 (8), 45 (6), 13 (50), 34 (32), 0 (69), 18 (82), 9 (77), 23 (84)]";1720;"Maquina 6: [14 (23), 3 (14), 20 (29), 7 (33), 29 (70), 8 (68), 46 (69), 22 (79)]";1648
GREEDY;50;6;13987;0.0;1;"Maquina 1: [3 (6), 6 (59), 29 (17), 22 (29), 24 (47), 39 (91), 18 (64), 7 (81)]";2022;"Maquina 2: [37 (8), 48 (17), 12 (28), 45 (39), 14 (54), 20 (73), 35 (83), 21 (94), 38 (61)]";2638;"Maquina 3: [44 (10), 23 (46), 28 (36), 40 (21), 32 (57), 31 (70), 5 (82), 0 (92)]";2354;"Maquina 4: [19 (29), 1 (14), 34 (24), 46 (42), 47 (94), 25 (57), 9 (62), 13 (75), 16 (85)]";2605;"Maquina 5: [49 (16), 30 (93), 11 (25), 42 (71), 10 (29), 2 (83), 43 (46), 41 (57)]";2369;"Maquina 6: [26 (25), 15 (39), 33 (59), 8 (17), 17 (67), 4 (80), 36 (47), 27 (87)]";1999
GRASP;50;6;11484;80.0;25;"Maquina 1: [43 (46), 3 (6), 15 (39), 29 (17), 10 (29), 13 (75), 20 (73), 27 (87)]";1550;"Maquina 2: [19 (29), 1 (14), 49 (16), 8 (17), 17 (67), 32 (57), 7 (81), 21 (94)]";1517;"Maquina 3: [45 (39), 36 (47), 11 (25), 33 (59), 41 (57), 0 (92), 42 (71), 5 (82)]";2151;"Maquina 4: [12 (28), 26 (25), 48 (17), 9 (62), 28 (36), 4 (80), 25 (57), 23 (46), 16 (85)]";2000;"Maquina 5: [37 (8), 44 (10), 34 (24), 14 (54), 38 (61), 2 (83), 47 (94), 30 (93)]";1702;"Maquina 6: [46 (42), 40 (21), 22 (29), 6 (59), 24 (47), 39 (91), 18 (64), 31 (70), 35 (83)]";2564
LNS;50;6;13987;3.0;25;"Maquina 1: [3 (6), 6 (59), 29 (17), 22 (29), 24 (47), 39 (91), 18 (64), 7 (81)]";2022;"Maquina 2: [37 (8), 48 (17), 12 (28), 45 (39), 14 (54), 20 (73), 35 (83), 21 (94), 38 (61)]";2638;"Maquina 3: [44 (10), 23 (46), 28 (36), 40 (21), 32 (57), 31 (70), 5 (82), 0 (92)]";2354;"Maquina 4: [19 (29), 1 (14), 34 (24), 46 (42), 47 (94), 25 (57), 9 (62), 13 (75), 16 (85)]";2605;"Maquina 5: [49 (16), 30 (93), 11 (25), 42 (71), 10 (29), 2 (83), 43 (46), 41 (57)]";2369;"Maquina 6: [26 (25), 15 (39), 33 (59), 8 (17), 17 (67), 4 (80), 36 (47), 27 (87)]";1999
TABÚ;50;6;12038;23.0;25;"Maquina 1: [48 (17), 10 (29), 6 (59), 43 (46), 3 (6), 42 (71), 17 (67), 39 (91), 7 (81)]";2312;"Maquina 2: [15 (39), 24 (47), 28 (36), 19 (29), 1 (14), 0 (92), 41 (57), 4 (80)]";2006;"Maquina 3: [37 (8), 40 (21), 34 (24), 14 (54), 23 (46), 16 (85), 38 (61), 2 (83)]";1633;"Maquina 4: [22 (29), 26 (25), 44 (10), 25 (57), 9 (62), 27 (87), 21 (94), 31 (70)]";1784;"Maquina 5: [33 (59), 8 (17), 20 (73), 12 (28), 36 (47), 30 (93), 5 (82), 32 (57)]";2194;"Maquina 6: [29 (17), 11 (25), 45 (39), 46 (42), 47 (94), 49 (16), 18 (64), 13 (75), 35 (83)]";2109
VNS;50;6;13120;1444.0;25;"Maquina 1: [3 (6), 6 (59), 29 (17), 22 (29), 10 (29), 39 (91), 18 (64), 7 (81)]";1675;"Maquina 2: [37 (8), 48 (17), 12 (28), 45 (39), 14 (54), 20 (73), 35 (83), 0 (92)]";1987;"Maquina 3: [44 (10), 23 (46), 28 (36), 40 (21), 38 (61), 43 (46), 5 (82), 21 (94)]";1987;"Maquina 4: [19 (29), 1 (14), 34 (24), 46 (42), 25 (57), 9 (62), 13 (75), 16 (85)]";1977;"Maquina 5: [49 (16), 30 (93), 11 (25), 42 (71), 24 (47), 2 (83), 32 (57), 31 (70), 41 (57)]";2983;"Maquina 6: [26 (25), 15 (39), 33 (59), 8 (17), 47 (94), 17 (67), 4 (80), 36 (47), 27 (87)]";2511
Multiarranque;50;6;12991;83.0;25;"Maquina 1: [37 (8), 0 (92), 48 (17), 10 (29), 14 (54), 28 (36), 30 (93), 7 (81)]";1977;"Maquina 2: [45 (39), 44 (10), 25 (57), 40 (21), 13 (75), 32 (57), 27 (87), 16 (85)]";2076;"Maquina 3: [19 (29), 1 (14), 22 (29), 2 (83), 46 (42), 4 (80), 36 (47), 9 (62)]";2028;"Maquina 4: [34 (24), 3 (6), 8 (17), 49 (16), 41 (57), 29 (17), 31 (70), 21 (94), 17 (67), 5 (82)]";2605;"Maquina 5: [23 (46), 12 (28), 11 (25), 42 (71), 24 (47), 39 (91), 18 (64), 20 (73)]";2197;"Maquina 6: [26 (25), 15 (39), 38 (61), 33 (59), 43 (46), 35 (83), 6 (59), 47 (94)]";2108
GREEDY;50;6;12515;0.0;1;"Maquina 1: [17 (1), 16 (12), 11 (36), 2 (29), 47 (43), 19 (73), 31 (90), 8 (56), 20 (80)]";1884;"Maquina 2: [18 (12), 21 (2), 34 (41), 45 (62), 36 (46), 14 (95), 9 (87), 23 (76)]";2002;"Maquina 3: [5 (3), 29 (12), 46 (34), 7 (42), 6 (56), 24 (71), 35 (89), 27 (79), 1 (97)]";2489;"Maquina 4: [12 (35), 39 (3), 40 (18), 28 (50), 41 (76), 4 (61), 0 (86), 37 (91)]";1916;"Maquina 5: [26 (24), 42 (3), 30 (48), 3 (39), 49 (58), 15 (72), 43 (80), 38 (91)]";2044;"Maquina 6: [48 (41), 13 (5), 32 (53), 10 (25), 25 (70), 22 (79), 44 (96), 33 (88)]";2180
GRASP;50;6;10495;76.0;25;"Maquina 1: [21 (2), 24 (71), 6 (56), 11 (36), 19 (73), 31 (90), 0 (86), 44 (96)]";2073;"Maquina 2: [17 (1), 39 (3), 47 (43), 46 (34), 30 (48), 23 (76), 43 (80), 37 (91)]";1325;"Maquina 3: [5 (3), 42 (3), 12 (35), 26 (24), 48 (41), 34 (41), 45 (62), 35 (89), 14 (95)]";1480;"Maquina 4: [13 (5), 16 (12), 29 (12), 36 (46), 28 (50), 2 (29), 8 (56), 25 (70), 1 (97)]";1476;"Maquina 5: [40 (18), 32 (53), 3 (39), 15 (72), 22 (79), 9 (87), 38 (91), 41 (76)]";2241;"Maquina 6: [18 (12), 4 (61), 10 (25), 49 (58), 7 (42), 27 (79), 20 (80), 33 (88)]";1900
LNS;50;6;12368;3.0;25;"Maquina 1: [17 (1), 16 (12), 11 (36), 2 (29), 47 (43), 19 (73), 31 (90), 8 (56), 20 (80)]";1884;"Maquina 2: [18 (12), 21 (2), 34 (41), 45 (62), 36 (46), 14 (95), 9 (87), 23 (76)]";2002;"Maquina 3: [5 (3), 29 (12), 46 (34), 7 (42), 6 (56), 24 (71), 35 (89), 27 (79), 1 (97)]";2489;"Maquina 4: [12 (35), 40 (18), 39 (3), 28 (50), 41 (76), 4 (61), 0 (86), 37 (91)]";1769;"Maquina 5: [26 (24), 42 (3), 30 (48), 3 (39), 49 (58), 15 (72), 43 (80), 38 (91)]";2044;"Maquina 6: [48 (41), 13 (5), 32 (53), 10 (25), 25 (70), 22 (79), 44 (96), 33 (88)]";2180
TABÚ;50;6;11829;22.0;25;"Maquina 1: [26 (24), 5 (3), 3 (39), 0 (86), 24 (71), 41 (76), 20 (80), 37 (91), 33 (88)]";2744;"Maquina 2: [42 (3), 16 (12), 18 (12), 29 (12), 36 (46), 15 (72), 25 (70), 23 (76)]";1320;"Maquina 3: [21 (2), 48 (41), 8 (56), 2 (29), 11 (36), 19 (73), 6 (56), 44 (96), 31 (90)]";2206;"Maquina 4: [13 (5), 32 (53), 30 (48), 40 (18), 9 (87), 7 (42), 45 (62), 14 (95)]";1786;"Maquina 5: [34 (41), 47 (43), 46 (34), 10 (25), 22 (79), 43 (80), 35 (89), 38 (91)]";2067;"Maquina 6: [17 (1), 39 (3), 28 (50), 27 (79), 4 (61), 12 (35), 49 (58), 1 (97)]";1706
VNS;50;6;11976;1697.0;25;"Maquina 1: [17 (1), 16 (12), 11 (36), 2 (29), 47 (43), 19 (73), 31 (90), 8 (56), 20 (80)]";1884;"Maquina 2: [18 (12), 48 (41), 34 (41), 45 (62), 36 (46), 14 (95), 9 (87), 23 (76)]";1928;"Maquina 3: [5 (3), 29 (12), 46 (34), 7 (42), 6 (56), 24 (71), 35 (89), 27 (79), 1 (97)]";2489;"Maquina 4: [12 (35), 40 (18), 39 (3), 28 (50), 41 (76), 4 (61), 0 (86), 38 (91), 37 (91)]";2377;"Maquina 5: [26 (24), 42 (3), 30 (48), 3 (39), 49 (58), 15 (72), 43 (80)]";1416;"Maquina 6: [21 (2), 13 (5), 32 (53), 10 (25), 25 (70), 22 (79), 44 (96), 33 (88)]";1882
Multiarranque;50;6;11996;83.0;25;"Maquina 1: [17 (1), 16 (12), 11 (36), 2 (29), 47 (43), 19 (73), 31 (90), 8 (56), 20 (80)]";1884;"Maquina 2: [18 (12), 48 (41), 34 (41), 45 (62), 36 (46), 14 (95), 9 (87), 23 (76)]";1928;"Maquina 3: [5 (3), 29 (12), 46 (34), 7 (42), 6 (56), 24 (71), 35 (89), 27 (79), 1 (97)]";2489;"Maquina 4: [12 (35), 40 (18), 39 (3), 28 (50), 41 (76), 4 (61), 0 (86), 37 (91)]";1769;"Maquina 5: [26 (24), 42 (3), 30 (48), 3 (39), 49 (58), 15 (72), 43 (80), 38 (91)]";2044;"Maquina 6: [21 (2), 13 (5), 32 (53), 10 (25), 25 (70), 22 (79), 44 (96), 33 (88)]";1882
