GREEDY;40;2;16721;1.0;1;"Maquina 1: [37 (15), 36 (6), 26 (2), 9 (12), 25 (19), 23 (32), 1 (58), 38 (34), 5 (29), 22 (33), 16 (23), 21 (63), 13 (44), 27 (74), 24 (89), 15 (43), 12 (83), 20 (92), 33 (98), 7 (94)]";8022;"Maquina 2: [28 (25), 11 (7), 35 (6), 2 (34), 4 (19), 32 (21), 18 (30), 17 (13), 10 (36), 34 (32), 19 (43), 3 (61), 8 (51), 31 (86), 14 (79), 39 (91), 29 (66), 6 (94), 0 (97), 30 (99)]";8699
GRASP;40;2;16623;27.0;25;"Maquina 1: [26 (2), 9 (12), 35 (6), 16 (23), 2 (34), 4 (19), 32 (21), 13 (44), 18 (30), 14 (79), 22 (33), 10 (36), 23 (32), 21 (63), 8 (51), 3 (61), 27 (74), 6 (94), 24 (89), 7 (94), 31 (86)]";8627;"Maquina 2: [28 (25), 11 (7), 37 (15), 36 (6), 5 (29), 17 (13), 19 (43), 15 (43), 34 (32), 25 (19), 1 (58), 38 (34), 12 (83), 33 (98), 29 (66), 0 (97), 39 (91), 20 (92), 30 (99)]";7996
LNS;40;2;16687;4.0;25;"Maquina 1: [37 (15), 36 (6), 26 (2), 9 (12), 25 (19), 23 (32), 1 (58), 38 (34), 5 (29), 22 (33), 16 (23), 21 (63), 13 (44), 27 (74), 33 (98), 15 (43), 12 (83), 20 (92), 24 (89), 7 (94)]";7988;"Maquina 2: [28 (25), 11 (7), 35 (6), 2 (34), 4 (19), 32 (21), 18 (30), 17 (13), 10 (36), 34 (32), 19 (43), 3 (61), 8 (51), 31 (86), 14 (79), 39 (91), 29 (66), 6 (94), 0 (97), 30 (99)]";8699
TABÚ;40;2;17071;9.0;25;"Maquina 1: [37 (15), 36 (6), 26 (2), 9 (12), 34 (32), 13 (44), 32 (21), 4 (19), 22 (33), 18 (30), 38 (34), 23 (32), 1 (58), 3 (61), 27 (74), 33 (98), 7 (94), 31 (86), 24 (89), 0 (97)]";7896;"Maquina 2: [11 (7), 35 (6), 25 (19), 28 (25), 2 (34), 17 (13), 19 (43), 16 (23), 8 (51), 15 (43), 5 (29), 21 (63), 12 (83), 10 (36), 29 (66), 6 (94), 14 (79), 39 (91), 20 (92), 30 (99)]";9175
VNS;40;2;16398;589.0;25;"Maquina 1: [37 (15), 36 (6), 26 (2), 9 (12), 25 (19), 34 (32), 1 (58), 38 (34), 5 (29), 22 (33), 16 (23), 21 (63), 13 (44), 27 (74), 24 (89), 15 (43), 12 (83), 20 (92), 33 (98), 7 (94)]";8044;"Maquina 2: [28 (25), 11 (7), 35 (6), 2 (34), 4 (19), 32 (21), 18 (30), 17 (13), 10 (36), 23 (32), 19 (43), 3 (61), 8 (51), 31 (86), 14 (79), 39 (91), 29 (66), 6 (94), 0 (97), 30 (99)]";8354
Multiarranque;40;2;16335;38.0;25;"Maquina 1: [26 (2), 9 (12), 28 (25), 11 (7), 36 (6), 16 (23), 37 (15), 1 (58), 18 (30), 38 (34), 17 (13), 13 (44), 3 (61), 8 (51), 14 (79), 39 (91), 31 (86), 24 (89), 0 (97), 29 (66), 6 (94)]";8476;"Maquina 2: [35 (6), 2 (34), 4 (19), 32 (21), 5 (29), 22 (33), 19 (43), 15 (43), 25 (19), 34 (32), 23 (32), 21 (63), 30 (99), 12 (83), 10 (36), 33 (98), 27 (74), 7 (94), 20 (92)]";7859
GREEDY;40;2;19956;0.0;1;"Maquina 1: [2 (14), 31 (5), 20 (20), 39 (24), 25 (74), 4 (29), 10 (27), 22 (39), 8 (59), 15 (49), 19 (31), 37 (51), 17 (62), 24 (69), 18 (50), 9 (64), 13 (71), 3 (75), 36 (98), 14 (88)]";9767;"Maquina 2: [7 (17), 0 (10), 38 (16), 16 (29), 6 (28), 35 (25), 5 (61), 33 (46), 27 (50), 29 (38), 34 (63), 11 (53), 12 (50), 32 (65), 1 (74), 26 (77), 30 (74), 23 (70), 28 (99), 21 (95)]";10189
GRASP;40;2;18926;29.0;25;"Maquina 1: [16 (29), 0 (10), 38 (16), 20 (20), 15 (49), 39 (24), 25 (74), 4 (29), 29 (38), 35 (25), 5 (61), 32 (65), 12 (50), 11 (53), 3 (75), 17 (62), 36 (98), 14 (88), 28 (99), 21 (95)]";9329;"Maquina 2: [6 (28), 2 (14), 31 (5), 19 (31), 7 (17), 10 (27), 33 (46), 22 (39), 18 (50), 34 (63), 37 (51), 27 (50), 30 (74), 8 (59), 26 (77), 1 (74), 24 (69), 13 (71), 23 (70), 9 (64)]";9597
LNS;40;2;19792;4.0;25;"Maquina 1: [4 (29), 31 (5), 20 (20), 39 (24), 25 (74), 2 (14), 10 (27), 22 (39), 8 (59), 15 (49), 19 (31), 37 (51), 17 (62), 24 (69), 18 (50), 9 (64), 13 (71), 3 (75), 36 (98), 14 (88)]";9668;"Maquina 2: [7 (17), 0 (10), 38 (16), 16 (29), 6 (28), 35 (25), 5 (61), 33 (46), 27 (50), 29 (38), 1 (74), 11 (53), 12 (50), 32 (65), 26 (77), 34 (63), 30 (74), 23 (70), 28 (99), 21 (95)]";10124
TABÚ;40;2;18638;9.0;25;"Maquina 1: [39 (24), 38 (16), 2 (14), 10 (27), 4 (29), 29 (38), 27 (50), 18 (50), 6 (28), 12 (50), 19 (31), 9 (64), 11 (53), 3 (75), 25 (74), 17 (62), 24 (69), 36 (98), 1 (74), 14 (88)]";9013;"Maquina 2: [31 (5), 7 (17), 16 (29), 0 (10), 35 (25), 20 (20), 33 (46), 22 (39), 5 (61), 37 (51), 8 (59), 15 (49), 26 (77), 34 (63), 30 (74), 23 (70), 28 (99), 13 (71), 32 (65), 21 (95)]";9625
VNS;40;2;19760;453.0;25;"Maquina 1: [2 (14), 31 (5), 20 (20), 39 (24), 25 (74), 4 (29), 6 (28), 22 (39), 8 (59), 15 (49), 19 (31), 37 (51), 17 (62), 24 (69), 18 (50), 9 (64), 13 (71), 3 (75), 36 (98), 14 (88)]";9698;"Maquina 2: [7 (17), 0 (10), 38 (16), 16 (29), 10 (27), 35 (25), 5 (61), 33 (46), 27 (50), 29 (38), 34 (63), 11 (53), 12 (50), 32 (65), 1 (74), 26 (77), 30 (74), 23 (70), 28 (99), 21 (95)]";10062
Multiarranque;40;2;18630;46.0;25;"Maquina 1: [16 (29), 19 (31), 4 (29), 2 (14), 10 (27), 39 (24), 38 (16), 12 (50), 27 (50), 22 (39), 33 (46), 5 (61), 30 (74), 1 (74), 14 (88), 25 (74), 34 (63), 23 (70), 28 (99), 21 (95)]";9517;"Maquina 2: [31 (5), 20 (20), 7 (17), 0 (10), 6 (28), 18 (50), 29 (38), 35 (25), 8 (59), 15 (49), 26 (77), 37 (51), 9 (64), 11 (53), 3 (75), 32 (65), 17 (62), 24 (69), 13 (71), 36 (98)]";9113
GREEDY;40;2;21937;1.0;1;"Maquina 1: [25 (25), 19 (10), 7 (2), 13 (29), 35 (96), 30 (8), 10 (39), 39 (32), 4 (41), 29 (16), 31 (49), 2 (74), 20 (59), 6 (91), 18 (55), 15 (69), 37 (79), 27 (74), 1 (94), 14 (87)]";11222;"Maquina 2: [22 (8), 32 (18), 26 (45), 12 (27), 16 (19), 28 (16), 33 (91), 23 (39), 34 (33), 17 (10), 11 (74), 3 (31), 0 (79), 5 (88), 9 (54), 36 (94), 38 (69), 21 (56), 8 (85), 24 (63)]";10715
GRASP;40;2;21020;30.0;25;"Maquina 1: [16 (19), 19 (10), 7 (2), 13 (29), 24 (63), 30 (8), 39 (32), 4 (41), 28 (16), 31 (49), 2 (74), 21 (56), 35 (96), 0 (79), 11 (74), 27 (74), 1 (94), 38 (69), 36 (94)]";9786;"Maquina 2: [25 (25), 22 (8), 32 (18), 26 (45), 17 (10), 29 (16), 12 (27), 23 (39), 34 (33), 3 (31), 20 (59), 18 (55), 15 (69), 33 (91), 10 (39), 37 (79), 5 (88), 9 (54), 14 (87), 8 (85), 6 (91)]";11234
LNS;40;2;21937;5.0;25;"Maquina 1: [25 (25), 19 (10), 7 (2), 13 (29), 35 (96), 30 (8), 10 (39), 39 (32), 4 (41), 29 (16), 31 (49), 2 (74), 20 (59), 6 (91), 18 (55), 15 (69), 37 (79), 27 (74), 1 (94), 14 (87)]";11222;"Maquina 2: [22 (8), 32 (18), 26 (45), 12 (27), 16 (19), 28 (16), 33 (91), 23 (39), 34 (33), 17 (10), 11 (74), 3 (31), 0 (79), 5 (88), 9 (54), 36 (94), 38 (69), 21 (56), 8 (85), 24 (63)]";10715
TABÚ;40;2;21712;10.0;25;"Maquina 1: [32 (18), 29 (16), 17 (10), 18 (55), 25 (25), 19 (10), 12 (27), 30 (8), 23 (39), 39 (32), 21 (56), 35 (96), 34 (33), 14 (87), 11 (74), 38 (69), 20 (59), 6 (91), 8 (85), 9 (54)]";10174;"Maquina 2: [7 (2), 13 (29), 3 (31), 15 (69), 22 (8), 28 (16), 10 (39), 16 (19), 36 (94), 4 (41), 26 (45), 31 (49), 2 (74), 0 (79), 24 (63), 37 (79), 5 (88), 27 (74), 33 (91), 1 (94)]";11538
VNS;40;2;21463;644.0;25;"Maquina 1: [25 (25), 19 (10), 7 (2), 13 (29), 24 (63), 30 (8), 10 (39), 39 (32), 4 (41), 29 (16), 31 (49), 2 (74), 20 (59), 6 (91), 18 (55), 15 (69), 37 (79), 27 (74), 1 (94), 8 (85)]";10766;"Maquina 2: [22 (8), 32 (18), 26 (45), 12 (27), 16 (19), 28 (16), 33 (91), 23 (39), 34 (33), 17 (10), 11 (74), 3 (31), 0 (79), 5 (88), 9 (54), 36 (94), 38 (69), 21 (56), 14 (87), 35 (96)]";10697
Multiarranque;40;2;20678;40.0;25;"Maquina 1: [29 (16), 16 (19), 28 (16), 31 (49), 39 (32), 4 (41), 23 (39), 19 (10), 21 (56), 30 (8), 34 (33), 9 (54), 14 (87), 15 (69), 10 (39), 20 (59), 36 (94), 11 (74), 27 (74), 8 (85)]";10154;"Maquina 2: [3 (31), 17 (10), 25 (25), 7 (2), 13 (29), 32 (18), 26 (45), 12 (27), 22 (8), 35 (96), 0 (79), 24 (63), 37 (79), 5 (88), 33 (91), 1 (94), 38 (69), 2 (74), 6 (91), 18 (55)]";10524
GREEDY;40;2;14179;1.0;1;"Maquina 1: [13 (5), 12 (3), 30 (15), 26 (18), 35 (6), 27 (16), 0 (3), 22 (60), 1 (22), 16 (40), 10 (65), 33 (45), 24 (29), 20 (55), 21 (51), 9 (29), 36 (54), 11 (90), 34 (95), 2 (71)]";6957;"Maquina 2: [37 (4), 7 (5), 25 (10), 39 (27), 38 (16), 8 (3), 19 (14), 6 (31), 23 (29), 29 (19), 3 (52), 18 (61), 14 (55), 5 (49), 31 (69), 28 (55), 4 (42), 17 (90), 15 (81), 32 (99)]";7222
GRASP;40;2;13411;27.0;25;"Maquina 1: [37 (4), 12 (3), 30 (15), 0 (3), 19 (14), 1 (22), 38 (16), 7 (5), 24 (29), 26 (18), 29 (19), 33 (45), 20 (55), 18 (61), 5 (49), 36 (54), 21 (51), 11 (90), 15 (81), 32 (99)]";6041;"Maquina 2: [35 (6), 8 (3), 13 (5), 25 (10), 16 (40), 6 (31), 27 (16), 39 (27), 9 (29), 14 (55), 23 (29), 28 (55), 4 (42), 22 (60), 3 (52), 31 (69), 34 (95), 10 (65), 17 (90), 2 (71)]";7370
LNS;40;2;13896;4.0;25;"Maquina 1: [13 (5), 12 (3), 30 (15), 26 (18), 35 (6), 27 (16), 0 (3), 22 (60), 1 (22), 16 (40), 10 (65), 33 (45), 24 (29), 20 (55), 21 (51), 9 (29), 36 (54), 11 (90), 34 (95), 2 (71)]";6957;"Maquina 2: [37 (4), 7 (5), 25 (10), 39 (27), 19 (14), 8 (3), 38 (16), 6 (31), 23 (29), 29 (19), 3 (52), 18 (61), 14 (55), 5 (49), 31 (69), 28 (55), 4 (42), 17 (90), 15 (81), 32 (99)]";6939
TABÚ;40;2;13869;8.0;25;"Maquina 1: [37 (4), 35 (6), 8 (3), 39 (27), 9 (29), 30 (15), 27 (16), 19 (14), 1 (22), 6 (31), 5 (49), 22 (60), 3 (52), 31 (69), 20 (55), 15 (81), 18 (61), 2 (71), 17 (90)]";6551;"Maquina 2: [13 (5), 12 (3), 7 (5), 25 (10), 0 (3), 38 (16), 33 (45), 24 (29), 26 (18), 23 (29), 29 (19), 14 (55), 36 (54), 16 (40), 28 (55), 4 (42), 21 (51), 11 (90), 34 (95), 10 (65), 32 (99)]";7318
VNS;40;2;13782;582.0;25;"Maquina 1: [13 (5), 12 (3), 30 (15), 26 (18), 35 (6), 27 (16), 39 (27), 22 (60), 1 (22), 16 (40), 28 (55), 33 (45), 24 (29), 20 (55), 21 (51), 9 (29), 36 (54), 11 (90), 34 (95), 2 (71)]";7182;"Maquina 2: [37 (4), 7 (5), 25 (10), 0 (3), 38 (16), 8 (3), 19 (14), 6 (31), 23 (29), 29 (19), 3 (52), 18 (61), 14 (55), 5 (49), 31 (69), 10 (65), 4 (42), 17 (90), 15 (81), 32 (99)]";6600
Multiarranque;40;2;13447;41.0;25;"Maquina 1: [30 (15), 37 (4), 7 (5), 27 (16), 5 (49), 8 (3), 39 (27), 19 (14), 9 (29), 26 (18), 36 (54), 16 (40), 4 (42), 20 (55), 31 (69), 10 (65), 22 (60), 11 (90), 2 (71), 32 (99)]";6952;"Maquina 2: [13 (5), 12 (3), 24 (29), 35 (6), 25 (10), 0 (3), 38 (16), 1 (22), 3 (52), 29 (19), 6 (31), 23 (29), 14 (55), 33 (45), 28 (55), 18 (61), 21 (51), 15 (81), 34 (95), 17 (90)]";6495
GREEDY;40;2;22661;0.0;1;"Maquina 1: [26 (31), 9 (22), 11 (41), 38 (5), 17 (25), 22 (17), 3 (44), 13 (50), 28 (34), 6 (55), 34 (46), 12 (46), 0 (70), 1 (82), 24 (55), 30 (70), 23 (62), 35 (86), 7 (93), 19 (96)]";11082;"Maquina 2: [5 (33), 21 (48), 29 (25), 25 (17), 37 (13), 15 (47), 18 (18), 4 (23), 32 (34), 8 (51), 33 (59), 2 (68), 36 (43), 10 (76), 31 (94), 27 (70), 20 (44), 16 (82), 39 (90), 14 (98)]";11579
GRASP;40;2;20893;27.0;25;"Maquina 1: [22 (17), 26 (31), 28 (34), 37 (13), 27 (70), 38 (5), 17 (25), 32 (34), 23 (62), 36 (43), 0 (70), 21 (48), 15 (47), 35 (86), 34 (46), 19 (96), 8 (51), 14 (98), 33 (59), 1 (82)]";10543;"Maquina 2: [5 (33), 29 (25), 25 (17), 9 (22), 12 (46), 4 (23), 18 (18), 13 (50), 20 (44), 3 (44), 2 (68), 7 (93), 10 (76), 6 (55), 16 (82), 24 (55), 30 (70), 11 (41), 39 (90), 31 (94)]";10350
LNS;40;2;21419;5.0;25;"Maquina 1: [26 (31), 9 (22), 11 (41), 38 (5), 17 (25), 22 (17), 24 (55), 13 (50), 28 (34), 6 (55), 34 (46), 12 (46), 0 (70), 1 (82), 3 (44), 30 (70), 23 (62), 35 (86), 7 (93), 19 (96)]";10688;"Maquina 2: [5 (33), 21 (48), 29 (25), 25 (17), 37 (13), 15 (47), 4 (23), 18 (18), 27 (70), 8 (51), 33 (59), 2 (68), 36 (43), 10 (76), 31 (94), 32 (34), 20 (44), 16 (82), 39 (90), 14 (98)]";10731
TABÚ;40;2;21368;8.0;25;"Maquina 1: [38 (5), 13 (50), 20 (44), 5 (33), 25 (17), 9 (22), 34 (46), 12 (46), 21 (48), 17 (25), 29 (25), 24 (55), 2 (68), 7 (93), 39 (90), 19 (96), 35 (86), 0 (70), 10 (76), 31 (94)]";10616;"Maquina 2: [4 (23), 15 (47), 18 (18), 37 (13), 26 (31), 28 (34), 32 (34), 23 (62), 36 (43), 6 (55), 22 (17), 3 (44), 8 (51), 33 (59), 1 (82), 11 (41), 30 (70), 27 (70), 16 (82), 14 (98)]";10752
VNS;40;2;22103;439.0;25;"Maquina 1: [26 (31), 9 (22), 11 (41), 38 (5), 17 (25), 22 (17), 24 (55), 13 (50), 28 (34), 6 (55), 34 (46), 32 (34), 0 (70), 1 (82), 3 (44), 30 (70), 23 (62), 35 (86), 7 (93), 14 (98)]";11114;"Maquina 2: [5 (33), 21 (48), 29 (25), 25 (17), 37 (13), 15 (47), 18 (18), 4 (23), 12 (46), 8 (51), 33 (59), 2 (68), 36 (43), 10 (76), 31 (94), 27 (70), 20 (44), 16 (82), 39 (90), 19 (96)]";10989
Multiarranque;40;2;21572;45.0;25;"Maquina 1: [25 (17), 37 (13), 17 (25), 11 (41), 26 (31), 23 (62), 5 (33), 13 (50), 20 (44), 34 (46), 12 (46), 8 (51), 4 (23), 1 (82), 32 (34), 7 (93), 10 (76), 33 (59), 2 (68), 30 (70), 35 (86)]";11389;"Maquina 2: [22 (17), 21 (48), 29 (25), 24 (55), 28 (34), 18 (18), 6 (55), 9 (22), 15 (47), 16 (82), 0 (70), 36 (43), 38 (5), 27 (70), 3 (44), 39 (90), 31 (94), 19 (96), 14 (98)]";10183
GREEDY;40;2;22507;1.0;1;"Maquina 1: [18 (1), 10 (10), 34 (40), 24 (17), 16 (37), 30 (16), 8 (36), 35 (38), 3 (24), 7 (18), 4 (66), 17 (63), 37 (72), 29 (84), 12 (56), 23 (70), 20 (78), 13 (88), 11 (97), 2 (86)]";11502;"Maquina 2: [38 (23), 9 (9), 15 (13), 6 (16), 32 (17), 14 (64), 33 (31), 0 (59), 26 (36), 21 (17), 31 (39), 22 (34), 25 (67), 28 (76), 1 (86), 19 (45), 39 (93), 36 (83), 27 (70), 5 (87)]";11005
GRASP;40;2;21571;27.0;25;"Maquina 1: [34 (40), 24 (17), 9 (9), 15 (13), 30 (16), 32 (17), 22 (34), 7 (18), 4 (66), 35 (38), 19 (45), 11 (97), 16 (37), 14 (64), 1 (86), 39 (93), 37 (72), 23 (70), 5 (87), 29 (84)]";10635;"Maquina 2: [18 (1), 10 (10), 38 (23), 6 (16), 12 (56), 8 (36), 33 (31), 21 (17), 20 (78), 31 (39), 3 (24), 26 (36), 2 (86), 27 (70), 28 (76), 0 (59), 17 (63), 36 (83), 25 (67), 13 (88)]";10936
LNS;40;2;21847;3.0;25;"Maquina 1: [18 (1), 10 (10), 34 (40), 24 (17), 16 (37), 30 (16), 8 (36), 35 (38), 3 (24), 4 (66), 7 (18), 17 (63), 37 (72), 29 (84), 12 (56), 23 (70), 20 (78), 13 (88), 11 (97), 2 (86)]";11441;"Maquina 2: [31 (39), 9 (9), 15 (13), 6 (16), 32 (17), 14 (64), 33 (31), 0 (59), 36 (83), 21 (17), 38 (23), 22 (34), 25 (67), 28 (76), 1 (86), 19 (45), 26 (36), 39 (93), 27 (70), 5 (87)]";10406
TABÚ;40;2;21162;8.0;25;"Maquina 1: [34 (40), 18 (1), 10 (10), 30 (16), 32 (17), 16 (37), 22 (34), 35 (38), 3 (24), 26 (36), 0 (59), 17 (63), 25 (67), 28 (76), 29 (84), 20 (78), 36 (83), 11 (97), 39 (93)]";10082;"Maquina 2: [38 (23), 9 (9), 15 (13), 6 (16), 24 (17), 12 (56), 33 (31), 4 (66), 7 (18), 8 (36), 21 (17), 14 (64), 37 (72), 2 (86), 31 (39), 27 (70), 5 (87), 19 (45), 23 (70), 13 (88), 1 (86)]";11080
VNS;40;2;21479;512.0;25;"Maquina 1: [18 (1), 10 (10), 34 (40), 24 (17), 16 (37), 30 (16), 8 (36), 21 (17), 35 (38), 3 (24), 7 (18), 4 (66), 17 (63), 29 (84), 12 (56), 23 (70), 5 (87), 20 (78), 11 (97), 2 (86)]";9688;"Maquina 2: [38 (23), 9 (9), 15 (13), 6 (16), 32 (17), 14 (64), 33 (31), 0 (59), 26 (36), 31 (39), 22 (34), 25 (67), 28 (76), 1 (86), 19 (45), 39 (93), 27 (70), 36 (83), 13 (88), 37 (72)]";11791
Multiarranque;40;2;20503;39.0;25;"Maquina 1: [31 (39), 9 (9), 38 (23), 6 (16), 30 (16), 35 (38), 16 (37), 3 (24), 4 (66), 32 (17), 14 (64), 20 (78), 36 (83), 33 (31), 29 (84), 28 (76), 37 (72), 2 (86), 11 (97)]";9498;"Maquina 2: [15 (13), 18 (1), 26 (36), 19 (45), 10 (10), 34 (40), 24 (17), 21 (17), 22 (34), 7 (18), 1 (86), 12 (56), 8 (36), 0 (59), 23 (70), 5 (87), 17 (63), 25 (67), 13 (88), 27 (70), 39 (93)]";11005
GREEDY;40;2;22377;0.0;1;"Maquina 1: [24 (3), 35 (25), 21 (21), 17 (19), 18 (22), 16 (11), 13 (26), 36 (43), 28 (58), 37 (66), 12 (34), 29 (26), 25 (63), 39 (73), 20 (67), 10 (71), 2 (72), 26 (92), 1 (48)]";10607;"Maquina 2: [3 (5), 0 (27), 22 (26), 5 (22), 7 (24), 30 (27), 32 (11), 8 (50), 34 (89), 38 (31), 14 (71), 6 (20), 19 (37), 27 (59), 9 (80), 4 (56), 11 (44), 31 (64), 33 (69), 15 (94), 23 (72)]";11770
GRASP;40;2;20357;26.0;25;"Maquina 1: [3 (5), 0 (27), 22 (26), 24 (3), 18 (22), 13 (26), 21 (21), 5 (22), 36 (43), 7 (24), 1 (48), 23 (72), 19 (37), 37 (66), 27 (59), 14 (71), 31 (64), 2 (72), 15 (94), 33 (69), 26 (92)]";10450;"Maquina 2: [30 (27), 29 (26), 16 (11), 6 (20), 12 (34), 32 (11), 25 (63), 10 (71), 38 (31), 17 (19), 28 (58), 35 (25), 20 (67), 8 (50), 34 (89), 11 (44), 9 (80), 4 (56), 39 (73)]";9907
LNS;40;2;20670;4.0;25;"Maquina 1: [24 (3), 13 (26), 21 (21), 17 (19), 18 (22), 16 (11), 12 (34), 36 (43), 28 (58), 37 (66), 35 (25), 29 (26), 20 (67), 39 (73), 25 (63), 10 (71), 2 (72), 26 (92), 1 (48)]";9388;"Maquina 2: [3 (5), 0 (27), 22 (26), 5 (22), 7 (24), 30 (27), 32 (11), 8 (50), 34 (89), 27 (59), 14 (71), 6 (20), 38 (31), 19 (37), 9 (80), 4 (56), 11 (44), 31 (64), 33 (69), 15 (94), 23 (72)]";11282
TABÚ;40;2;21187;9.0;25;"Maquina 1: [35 (25), 18 (22), 17 (19), 5 (22), 6 (20), 16 (11), 12 (34), 8 (50), 29 (26), 13 (26), 36 (43), 28 (58), 19 (37), 37 (66), 39 (73), 10 (71), 2 (72), 32 (11), 15 (94), 33 (69)]";10292;"Maquina 2: [0 (27), 22 (26), 24 (3), 21 (21), 38 (31), 30 (27), 3 (5), 25 (63), 34 (89), 27 (59), 11 (44), 31 (64), 9 (80), 7 (24), 1 (48), 20 (67), 26 (92), 4 (56), 14 (71), 23 (72)]";10895
VNS;40;2;21587;464.0;25;"Maquina 1: [24 (3), 35 (25), 21 (21), 17 (19), 18 (22), 16 (11), 13 (26), 36 (43), 28 (58), 37 (66), 29 (26), 25 (63), 39 (73), 20 (67), 38 (31), 1 (48), 10 (71), 2 (72), 26 (92)]";10458;"Maquina 2: [3 (5), 0 (27), 22 (26), 5 (22), 7 (24), 30 (27), 32 (11), 8 (50), 34 (89), 27 (59), 14 (71), 6 (20), 19 (37), 9 (80), 4 (56), 11 (44), 31 (64), 12 (34), 33 (69), 15 (94), 23 (72)]";11129
Multiarranque;40;2;20489;38.0;25;"Maquina 1: [22 (26), 24 (3), 35 (25), 5 (22), 16 (11), 6 (20), 30 (27), 29 (26), 32 (11), 31 (64), 33 (69), 37 (66), 7 (24), 28 (58), 21 (21), 19 (37), 27 (59), 1 (48), 10 (71), 26 (92), 23 (72)]";10519;"Maquina 2: [38 (31), 17 (19), 18 (22), 13 (26), 0 (27), 12 (34), 3 (5), 36 (43), 11 (44), 9 (80), 4 (56), 14 (71), 8 (50), 15 (94), 34 (89), 25 (63), 39 (73), 20 (67), 2 (72)]";9970
GREEDY;40;2;17120;0.0;1;"Maquina 1: [7 (10), 19 (2), 18 (25), 1 (4), 6 (29), 23 (25), 17 (36), 3 (35), 28 (29), 25 (48), 33 (44), 26 (45), 22 (55), 34 (41), 13 (72), 0 (64), 29 (73), 30 (84), 12 (97), 39 (90)]";8119;"Maquina 2: [8 (3), 15 (4), 21 (28), 14 (46), 10 (25), 35 (9), 31 (35), 16 (44), 27 (28), 4 (30), 38 (67), 24 (41), 37 (44), 5 (54), 36 (72), 11 (58), 32 (85), 2 (80), 20 (92), 9 (98)]";9001
GRASP;40;2;17141;27.0;25;"Maquina 1: [7 (10), 15 (4), 25 (48), 24 (41), 8 (3), 27 (28), 33 (44), 10 (25), 22 (55), 21 (28), 23 (25), 6 (29), 5 (54), 3 (35), 9 (98), 13 (72), 2 (80), 38 (67), 30 (84), 39 (90)]";8649;"Maquina 2: [31 (35), 35 (9), 28 (29), 1 (4), 19 (2), 18 (25), 37 (44), 4 (30), 17 (36), 11 (58), 26 (45), 14 (46), 16 (44), 34 (41), 29 (73), 20 (92), 36 (72), 0 (64), 32 (85), 12 (97)]";8492
LNS;40;2;17119;4.0;25;"Maquina 1: [7 (10), 19 (2), 18 (25), 1 (4), 6 (29), 23 (25), 17 (36), 3 (35), 28 (29), 25 (48), 33 (44), 26 (45), 22 (55), 34 (41), 13 (72), 0 (64), 29 (73), 30 (84), 12 (97), 39 (90)]";8119;"Maquina 2: [8 (3), 15 (4), 21 (28), 14 (46), 10 (25), 35 (9), 31 (35), 16 (44), 27 (28), 38 (67), 4 (30), 24 (41), 37 (44), 5 (54), 36 (72), 11 (58), 32 (85), 2 (80), 20 (92), 9 (98)]";9000
TABÚ;40;2;16488;8.0;25;"Maquina 1: [7 (10), 8 (3), 1 (4), 10 (25), 28 (29), 35 (9), 6 (29), 21 (28), 25 (48), 31 (35), 33 (44), 26 (45), 14 (46), 24 (41), 0 (64), 32 (85), 11 (58), 12 (97), 30 (84), 9 (98), 20 (92)]";8700;"Maquina 2: [15 (4), 19 (2), 3 (35), 4 (30), 23 (25), 17 (36), 16 (44), 27 (28), 18 (25), 22 (55), 37 (44), 5 (54), 36 (72), 34 (41), 29 (73), 13 (72), 2 (80), 38 (67), 39 (90)]";7788
VNS;40;2;16926;548.0;25;"Maquina 1: [7 (10), 19 (2), 18 (25), 1 (4), 6 (29), 23 (25), 17 (36), 3 (35), 28 (29), 25 (48), 33 (44), 26 (45), 38 (67), 34 (41), 13 (72), 0 (64), 29 (73), 30 (84), 12 (97), 39 (90)]";8212;"Maquina 2: [8 (3), 15 (4), 21 (28), 14 (46), 10 (25), 35 (9), 31 (35), 16 (44), 27 (28), 4 (30), 22 (55), 24 (41), 37 (44), 5 (54), 36 (72), 11 (58), 32 (85), 2 (80), 20 (92), 9 (98)]";8714
Multiarranque;40;2;16739;37.0;25;"Maquina 1: [31 (35), 7 (10), 8 (3), 1 (4), 18 (25), 21 (28), 14 (46), 10 (25), 16 (44), 34 (41), 11 (58), 25 (48), 5 (54), 24 (41), 22 (55), 6 (29), 0 (64), 29 (73), 20 (92), 39 (90)]";7961;"Maquina 2: [15 (4), 19 (2), 3 (35), 37 (44), 4 (30), 28 (29), 35 (9), 23 (25), 17 (36), 27 (28), 33 (44), 26 (45), 36 (72), 38 (67), 12 (97), 30 (84), 9 (98), 13 (72), 32 (85), 2 (80)]";8778
GREEDY;40;2;19956;0.0;1;"Maquina 1: [2 (14), 31 (5), 20 (20), 39 (24), 25 (74), 4 (29), 10 (27), 22 (39), 8 (59), 15 (49), 19 (31), 37 (51), 17 (62), 24 (69), 18 (50), 9 (64), 13 (71), 3 (75), 36 (98), 14 (88)]";9767;"Maquina 2: [7 (17), 0 (10), 38 (16), 16 (29), 6 (28), 35 (25), 5 (61), 33 (46), 27 (50), 29 (38), 34 (63), 11 (53), 12 (50), 32 (65), 1 (74), 26 (77), 30 (74), 23 (70), 28 (99), 21 (95)]";10189
GRASP;40;2;18935;29.0;25;"Maquina 1: [0 (10), 38 (16), 2 (14), 10 (27), 35 (25), 31 (5), 15 (49), 18 (50), 29 (38), 22 (39), 8 (59), 25 (74), 12 (50), 37 (51), 34 (63), 30 (74), 24 (69), 21 (95), 23 (70), 36 (98)]";8777;"Maquina 2: [4 (29), 16 (29), 7 (17), 20 (20), 39 (24), 6 (28), 33 (46), 9 (64), 11 (53), 19 (31), 17 (62), 3 (75), 27 (50), 5 (61), 26 (77), 13 (71), 32 (65), 1 (74), 14 (88), 28 (99)]";10158
LNS;40;2;19792;4.0;25;"Maquina 1: [4 (29), 31 (5), 20 (20), 39 (24), 25 (74), 2 (14), 10 (27), 22 (39), 8 (59), 15 (49), 19 (31), 37 (51), 17 (62), 24 (69), 18 (50), 9 (64), 13 (71), 3 (75), 36 (98), 14 (88)]";9668;"Maquina 2: [7 (17), 0 (10), 38 (16), 16 (29), 6 (28), 35 (25), 5 (61), 33 (46), 27 (50), 29 (38), 1 (74), 11 (53), 12 (50), 32 (65), 26 (77), 34 (63), 30 (74), 23 (70), 28 (99), 21 (95)]";10124
TABÚ;40;2;19016;7.0;25;"Maquina 1: [31 (5), 15 (49), 35 (25), 22 (39), 7 (17), 0 (10), 16 (29), 19 (31), 18 (50), 29 (38), 27 (50), 17 (62), 24 (69), 30 (74), 5 (61), 13 (71), 23 (70), 1 (74), 14 (88), 28 (99)]";9454;"Maquina 2: [20 (20), 38 (16), 2 (14), 10 (27), 12 (50), 4 (29), 39 (24), 6 (28), 33 (46), 9 (64), 11 (53), 34 (63), 37 (51), 8 (59), 26 (77), 3 (75), 25 (74), 32 (65), 21 (95), 36 (98)]";9562
VNS;40;2;19442;441.0;25;"Maquina 1: [2 (14), 31 (5), 20 (20), 39 (24), 25 (74), 4 (29), 6 (28), 33 (46), 22 (39), 8 (59), 15 (49), 19 (31), 37 (51), 17 (62), 24 (69), 18 (50), 9 (64), 13 (71), 12 (50), 36 (98), 14 (88)]";10203;"Maquina 2: [7 (17), 0 (10), 38 (16), 16 (29), 10 (27), 35 (25), 5 (61), 27 (50), 29 (38), 34 (63), 11 (53), 3 (75), 32 (65), 1 (74), 26 (77), 30 (74), 23 (70), 28 (99), 21 (95)]";9239
Multiarranque;40;2;18751;40.0;25;"Maquina 1: [29 (38), 35 (25), 39 (24), 7 (17), 16 (29), 19 (31), 5 (61), 33 (46), 22 (39), 8 (59), 26 (77), 1 (74), 11 (53), 17 (62), 24 (69), 30 (74), 13 (71), 14 (88), 21 (95)]";9610;"Maquina 2: [0 (10), 38 (16), 2 (14), 10 (27), 27 (50), 31 (5), 20 (20), 15 (49), 12 (50), 4 (29), 6 (28), 18 (50), 34 (63), 37 (51), 3 (75), 32 (65), 25 (74), 9 (64), 23 (70), 28 (99), 36 (98)]";9141
GREEDY;40;2;27223;0.0;1;"Maquina 1: [10 (4), 29 (17), 35 (8), 33 (20), 32 (68), 34 (37), 8 (44), 30 (59), 14 (70), 19 (72), 7 (77), 11 (54), 21 (97), 5 (88), 28 (30), 15 (25), 20 (83), 25 (95), 26 (91), 4 (90)]";13118;"Maquina 2: [0 (38), 38 (12), 39 (30), 6 (75), 1 (30), 17 (5), 9 (81), 2 (49), 22 (20), 31 (71), 13 (35), 16 (61), 23 (55), 36 (83), 27 (61), 3 (90), 37 (99), 12 (90), 18 (97), 24 (92)]";14105
GRASP;40;2;23160;27.0;25;"Maquina 1: [10 (4), 29 (17), 17 (5), 30 (59), 35 (8), 33 (20), 0 (38), 2 (49), 28 (30), 31 (71), 20 (83), 39 (30), 16 (61), 36 (83), 27 (61), 24 (92), 4 (90), 5 (88), 14 (70), 26 (91), 3 (90)]";11260;"Maquina 2: [38 (12), 8 (44), 32 (68), 15 (25), 22 (20), 6 (75), 1 (30), 34 (37), 13 (35), 11 (54), 7 (77), 37 (99), 12 (90), 9 (81), 21 (97), 23 (55), 25 (95), 19 (72), 18 (97)]";11900
LNS;40;2;26877;3.0;25;"Maquina 1: [10 (4), 29 (17), 35 (8), 33 (20), 32 (68), 34 (37), 8 (44), 30 (59), 14 (70), 19 (72), 7 (77), 11 (54), 21 (97), 5 (88), 28 (30), 15 (25), 20 (83), 25 (95), 26 (91), 4 (90)]";13118;"Maquina 2: [0 (38), 38 (12), 39 (30), 6 (75), 1 (30), 17 (5), 18 (97), 2 (49), 22 (20), 31 (71), 13 (35), 16 (61), 23 (55), 36 (83), 27 (61), 3 (90), 37 (99), 12 (90), 9 (81), 24 (92)]";13759
TABÚ;40;2;24262;9.0;25;"Maquina 1: [10 (4), 29 (17), 39 (30), 13 (35), 35 (8), 1 (30), 15 (25), 30 (59), 8 (44), 32 (68), 12 (90), 2 (49), 5 (88), 31 (71), 14 (70), 36 (83), 37 (99), 21 (97), 24 (92), 6 (75), 11 (54)]";12425;"Maquina 2: [17 (5), 4 (90), 33 (20), 22 (20), 23 (55), 25 (95), 38 (12), 28 (30), 0 (38), 34 (37), 19 (72), 27 (61), 9 (81), 7 (77), 18 (97), 16 (61), 3 (90), 20 (83), 26 (91)]";11837
VNS;40;2;26647;605.0;25;"Maquina 1: [10 (4), 29 (17), 35 (8), 33 (20), 32 (68), 34 (37), 8 (44), 30 (59), 14 (70), 19 (72), 7 (77), 11 (54), 9 (81), 21 (97), 5 (88), 28 (30), 23 (55), 20 (83), 25 (95), 26 (91), 4 (90)]";14459;"Maquina 2: [0 (38), 38 (12), 39 (30), 6 (75), 1 (30), 17 (5), 2 (49), 22 (20), 31 (71), 13 (35), 16 (61), 15 (25), 36 (83), 27 (61), 3 (90), 37 (99), 12 (90), 18 (97), 24 (92)]";12188
Multiarranque;40;2;23866;39.0;25;"Maquina 1: [10 (4), 32 (68), 29 (17), 17 (5), 39 (30), 13 (35), 0 (38), 20 (83), 28 (30), 5 (88), 1 (30), 23 (55), 19 (72), 30 (59), 14 (70), 27 (61), 24 (92), 4 (90), 7 (77), 37 (99)]";11206;"Maquina 2: [33 (20), 22 (20), 35 (8), 15 (25), 31 (71), 38 (12), 34 (37), 8 (44), 2 (49), 26 (91), 9 (81), 16 (61), 36 (83), 25 (95), 11 (54), 12 (90), 18 (97), 3 (90), 6 (75), 21 (97)]";12660
GREEDY;40;2;17957;0.0;1;"Maquina 1: [35 (20), 28 (5), 36 (46), 15 (25), 2 (2), 24 (3), 32 (22), 39 (13), 10 (35), 9 (31), 0 (58), 6 (27), 22 (38), 3 (63), 16 (55), 1 (67), 27 (73), 12 (94), 29 (75), 26 (86)]";8491;"Maquina 2: [38 (3), 4 (6), 21 (40), 25 (14), 23 (3), 30 (25), 34 (49), 19 (29), 14 (19), 31 (31), 7 (58), 18 (35), 11 (80), 13 (48), 17 (91), 8 (63), 33 (56), 20 (84), 37 (69), 5 (97)]";9466
GRASP;40;2;16750;27.0;25;"Maquina 1: [38 (3), 23 (3), 10 (35), 21 (40), 25 (14), 4 (6), 24 (3), 30 (25), 13 (48), 32 (22), 6 (27), 22 (38), 3 (63), 18 (35), 29 (75), 34 (49), 5 (97), 37 (69), 17 (91), 26 (86)]";8501;"Maquina 2: [14 (19), 31 (31), 28 (5), 36 (46), 35 (20), 15 (25), 39 (13), 7 (58), 8 (63), 19 (29), 2 (2), 9 (31), 0 (58), 16 (55), 33 (56), 20 (84), 1 (67), 27 (73), 12 (94), 11 (80)]";8249
LNS;40;2;17878;4.0;25;"Maquina 1: [35 (20), 28 (5), 36 (46), 15 (25), 2 (2), 24 (3), 32 (22), 39 (13), 10 (35), 9 (31), 0 (58), 6 (27), 22 (38), 3 (63), 16 (55), 1 (67), 27 (73), 12 (94), 29 (75), 26 (86)]";8491;"Maquina 2: [19 (29), 4 (6), 21 (40), 25 (14), 23 (3), 30 (25), 34 (49), 38 (3), 14 (19), 31 (31), 7 (58), 18 (35), 11 (80), 13 (48), 17 (91), 8 (63), 33 (56), 20 (84), 37 (69), 5 (97)]";9387
TABÚ;40;2;17217;8.0;25;"Maquina 1: [25 (14), 39 (13), 38 (3), 22 (38), 19 (29), 2 (2), 16 (55), 30 (25), 15 (25), 21 (40), 36 (46), 14 (19), 27 (73), 7 (58), 6 (27), 0 (58), 5 (97), 34 (49), 20 (84), 26 (86)]";8223;"Maquina 2: [35 (20), 18 (35), 28 (5), 23 (3), 4 (6), 31 (31), 11 (80), 24 (3), 32 (22), 3 (63), 10 (35), 9 (31), 13 (48), 12 (94), 8 (63), 29 (75), 33 (56), 37 (69), 17 (91), 1 (67)]";8994
VNS;40;2;17750;709.0;25;"Maquina 1: [35 (20), 28 (5), 36 (46), 15 (25), 2 (2), 24 (3), 32 (22), 39 (13), 10 (35), 9 (31), 0 (58), 4 (6), 22 (38), 3 (63), 16 (55), 1 (67), 27 (73), 12 (94), 29 (75), 26 (86)]";8236;"Maquina 2: [38 (3), 6 (27), 21 (40), 25 (14), 23 (3), 30 (25), 34 (49), 19 (29), 14 (19), 31 (31), 7 (58), 18 (35), 11 (80), 13 (48), 17 (91), 8 (63), 33 (56), 20 (84), 37 (69), 5 (97)]";9514
Multiarranque;40;2;17060;43.0;25;"Maquina 1: [25 (14), 23 (3), 1 (67), 15 (25), 2 (2), 24 (3), 0 (58), 7 (58), 14 (19), 31 (31), 13 (48), 32 (22), 20 (84), 37 (69), 16 (55), 29 (75), 34 (49), 11 (80), 12 (94)]";8046;"Maquina 2: [4 (6), 28 (5), 36 (46), 39 (13), 38 (3), 6 (27), 19 (29), 10 (35), 21 (40), 22 (38), 18 (35), 9 (31), 26 (86), 33 (56), 35 (20), 30 (25), 17 (91), 27 (73), 8 (63), 3 (63), 5 (97)]";9014
GREEDY;40;2;22994;1.0;1;"Maquina 1: [12 (16), 1 (2), 5 (11), 3 (29), 4 (23), 39 (57), 2 (50), 29 (32), 22 (29), 13 (57), 0 (61), 15 (53), 18 (68), 19 (52), 31 (78), 30 (71), 23 (91), 24 (83), 7 (99), 33 (89), 9 (83)]";12041;"Maquina 2: [21 (18), 34 (34), 25 (2), 26 (32), 27 (15), 28 (25), 38 (50), 6 (81), 36 (68), 10 (53), 8 (44), 16 (68), 35 (53), 32 (57), 37 (84), 14 (77), 17 (83), 11 (91), 20 (92)]";10953
GRASP;40;2;22557;29.0;25;"Maquina 1: [1 (2), 25 (2), 27 (15), 35 (53), 3 (29), 4 (23), 8 (44), 28 (25), 38 (50), 6 (81), 16 (68), 32 (57), 9 (83), 0 (61), 15 (53), 10 (53), 11 (91), 17 (83), 30 (71), 33 (89)]";10746;"Maquina 2: [12 (16), 39 (57), 21 (18), 29 (32), 5 (11), 34 (34), 26 (32), 22 (29), 13 (57), 2 (50), 31 (78), 37 (84), 36 (68), 23 (91), 24 (83), 19 (52), 14 (77), 20 (92), 18 (68), 7 (99)]";11811
LNS;40;2;22914;4.0;25;"Maquina 1: [12 (16), 1 (2), 5 (11), 3 (29), 4 (23), 39 (57), 2 (50), 29 (32), 22 (29), 13 (57), 0 (61), 15 (53), 24 (83), 19 (52), 31 (78), 30 (71), 23 (91), 18 (68), 7 (99), 33 (89), 9 (83)]";12015;"Maquina 2: [21 (18), 34 (34), 25 (2), 26 (32), 27 (15), 28 (25), 38 (50), 6 (81), 36 (68), 10 (53), 8 (44), 16 (68), 32 (57), 35 (53), 37 (84), 11 (91), 17 (83), 14 (77), 20 (92)]";10899
TABÚ;40;2;22104;9.0;25;"Maquina 1: [25 (2), 12 (16), 8 (44), 21 (18), 5 (11), 3 (29), 9 (83), 34 (34), 15 (53), 10 (53), 38 (50), 13 (57), 2 (50), 37 (84), 14 (77), 24 (83), 16 (68), 20 (92), 6 (81), 7 (99)]";10601;"Maquina 2: [1 (2), 26 (32), 27 (15), 28 (25), 29 (32), 35 (53), 22 (29), 4 (23), 39 (57), 0 (61), 17 (83), 30 (71), 32 (57), 19 (52), 31 (78), 18 (68), 36 (68), 33 (89), 11 (91), 23 (91)]";11503
VNS;40;2;22456;611.0;25;"Maquina 1: [12 (16), 1 (2), 5 (11), 3 (29), 4 (23), 39 (57), 2 (50), 29 (32), 22 (29), 13 (57), 0 (61), 15 (53), 18 (68), 19 (52), 31 (78), 30 (71), 23 (91), 24 (83), 33 (89), 9 (83)]";10559;"Maquina 2: [21 (18), 34 (34), 25 (2), 26 (32), 27 (15), 28 (25), 38 (50), 6 (81), 35 (53), 36 (68), 10 (53), 8 (44), 16 (68), 7 (99), 32 (57), 37 (84), 14 (77), 17 (83), 11 (91), 20 (92)]";11897
Multiarranque;40;2;21967;39.0;25;"Maquina 1: [29 (32), 25 (2), 26 (32), 27 (15), 12 (16), 9 (83), 21 (18), 13 (57), 19 (52), 0 (61), 15 (53), 10 (53), 22 (29), 14 (77), 16 (68), 20 (92), 18 (68), 11 (91), 17 (83), 6 (81)]";10468;"Maquina 2: [28 (25), 5 (11), 32 (57), 1 (2), 8 (44), 3 (29), 4 (23), 39 (57), 2 (50), 35 (53), 38 (50), 34 (34), 31 (78), 37 (84), 36 (68), 33 (89), 30 (71), 23 (91), 24 (83), 7 (99)]";11499
GREEDY;40;2;14873;1.0;1;"Maquina 1: [10 (13), 3 (4), 9 (2), 31 (10), 18 (29), 12 (5), 23 (7), 33 (20), 2 (27), 26 (33), 6 (43), 16 (67), 15 (56), 11 (48), 1 (66), 27 (74), 36 (82), 37 (77), 39 (96), 29 (89)]";7357;"Maquina 2: [8 (8), 30 (2), 38 (18), 17 (6), 4 (23), 7 (4), 13 (52), 19 (9), 35 (31), 20 (20), 22 (98), 25 (56), 0 (34), 34 (67), 21 (76), 28 (46), 14 (67), 32 (80), 24 (90), 5 (85)]";7516
GRASP;40;2;14391;26.0;25;"Maquina 1: [8 (8), 30 (2), 20 (20), 19 (9), 12 (5), 10 (13), 33 (20), 2 (27), 31 (10), 11 (48), 0 (34), 13 (52), 34 (67), 26 (33), 21 (76), 5 (85), 37 (77), 14 (67), 24 (90), 39 (96)]";6854;"Maquina 2: [7 (4), 3 (4), 9 (2), 38 (18), 17 (6), 4 (23), 23 (7), 18 (29), 35 (31), 32 (80), 6 (43), 16 (67), 1 (66), 25 (56), 29 (89), 15 (56), 28 (46), 27 (74), 22 (98), 36 (82)]";7537
LNS;40;2;14721;4.0;25;"Maquina 1: [10 (13), 3 (4), 9 (2), 31 (10), 18 (29), 12 (5), 23 (7), 33 (20), 2 (27), 26 (33), 6 (43), 16 (67), 1 (66), 11 (48), 15 (56), 27 (74), 36 (82), 37 (77), 39 (96), 29 (89)]";7205;"Maquina 2: [8 (8), 30 (2), 38 (18), 17 (6), 4 (23), 7 (4), 13 (52), 19 (9), 35 (31), 20 (20), 22 (98), 25 (56), 0 (34), 34 (67), 21 (76), 28 (46), 14 (67), 32 (80), 24 (90), 5 (85)]";7516
TABÚ;40;2;14919;8.0;25;"Maquina 1: [10 (13), 3 (4), 9 (2), 38 (18), 30 (2), 26 (33), 12 (5), 18 (29), 14 (67), 11 (48), 15 (56), 0 (34), 19 (9), 5 (85), 27 (74), 21 (76), 32 (80), 29 (89), 24 (90), 22 (98)]";7720;"Maquina 2: [8 (8), 23 (7), 33 (20), 17 (6), 31 (10), 7 (4), 2 (27), 28 (46), 4 (23), 35 (31), 13 (52), 20 (20), 6 (43), 16 (67), 25 (56), 39 (96), 34 (67), 37 (77), 1 (66), 36 (82)]";7199
VNS;40;2;14721;549.0;25;"Maquina 1: [10 (13), 3 (4), 9 (2), 31 (10), 18 (29), 12 (5), 23 (7), 33 (20), 2 (27), 26 (33), 6 (43), 16 (67), 1 (66), 11 (48), 15 (56), 27 (74), 36 (82), 37 (77), 39 (96), 29 (89)]";7205;"Maquina 2: [8 (8), 30 (2), 38 (18), 17 (6), 4 (23), 7 (4), 13 (52), 19 (9), 35 (31), 20 (20), 22 (98), 25 (56), 0 (34), 34 (67), 21 (76), 28 (46), 14 (67), 32 (80), 24 (90), 5 (85)]";7516
Multiarranque;40;2;14139;38.0;25;"Maquina 1: [38 (18), 30 (2), 23 (7), 33 (20), 9 (2), 7 (4), 10 (13), 28 (46), 31 (10), 13 (52), 4 (23), 6 (43), 25 (56), 0 (34), 39 (96), 34 (67), 21 (76), 5 (85), 29 (89), 36 (82)]";6669;"Maquina 2: [3 (4), 20 (20), 19 (9), 35 (31), 17 (6), 12 (5), 18 (29), 8 (8), 15 (56), 2 (27), 26 (33), 16 (67), 1 (66), 11 (48), 27 (74), 14 (67), 32 (80), 24 (90), 22 (98), 37 (77)]";7470
GREEDY;40;2;22319;1.0;1;"Maquina 1: [22 (5), 26 (3), 33 (54), 25 (12), 39 (10), 2 (37), 31 (24), 10 (23), 28 (40), 13 (41), 18 (43), 24 (89), 5 (71), 36 (80), 0 (85), 12 (75), 15 (91), 35 (58), 23 (68), 3 (99)]";11149;"Maquina 2: [6 (7), 8 (5), 4 (32), 9 (17), 30 (49), 20 (12), 21 (23), 37 (40), 7 (34), 1 (58), 17 (42), 32 (98), 29 (70), 27 (99), 19 (76), 34 (63), 38 (79), 16 (71), 14 (84), 11 (90)]";11170
GRASP;40;2;22777;26.0;25;"Maquina 1: [4 (32), 25 (12), 22 (5), 26 (3), 16 (71), 2 (37), 10 (23), 20 (12), 13 (41), 18 (43), 7 (34), 12 (75), 23 (68), 30 (49), 29 (70), 33 (54), 11 (90), 38 (79), 32 (98), 27 (99), 24 (89)]";12276;"Maquina 2: [6 (7), 21 (23), 39 (10), 17 (42), 31 (24), 8 (5), 37 (40), 28 (40), 9 (17), 15 (91), 34 (63), 3 (99), 35 (58), 19 (76), 0 (85), 1 (58), 5 (71), 36 (80), 14 (84)]";10501
LNS;40;2;22319;4.0;25;"Maquina 1: [22 (5), 26 (3), 33 (54), 25 (12), 39 (10), 2 (37), 31 (24), 10 (23), 28 (40), 13 (41), 18 (43), 24 (89), 5 (71), 36 (80), 0 (85), 12 (75), 15 (91), 35 (58), 23 (68), 3 (99)]";11149;"Maquina 2: [6 (7), 8 (5), 4 (32), 9 (17), 30 (49), 20 (12), 21 (23), 37 (40), 7 (34), 1 (58), 17 (42), 32 (98), 29 (70), 27 (99), 19 (76), 34 (63), 38 (79), 16 (71), 14 (84), 11 (90)]";11170
TABÚ;40;2;21484;9.0;25;"Maquina 1: [25 (12), 17 (42), 8 (5), 4 (32), 9 (17), 2 (37), 1 (58), 37 (40), 5 (71), 20 (12), 13 (41), 33 (54), 35 (58), 11 (90), 3 (99), 16 (71), 24 (89), 14 (84), 36 (80)]";10440;"Maquina 2: [22 (5), 6 (7), 26 (3), 39 (10), 18 (43), 31 (24), 10 (23), 28 (40), 29 (70), 23 (68), 21 (23), 34 (63), 7 (34), 12 (75), 38 (79), 32 (98), 30 (49), 19 (76), 0 (85), 15 (91), 27 (99)]";11044
VNS;40;2;22248;768.0;25;"Maquina 1: [22 (5), 26 (3), 33 (54), 25 (12), 39 (10), 2 (37), 31 (24), 10 (23), 28 (40), 13 (41), 18 (43), 24 (89), 5 (71), 36 (80), 0 (85), 12 (75), 15 (91), 35 (58), 27 (99), 3 (99)]";11296;"Maquina 2: [6 (7), 8 (5), 4 (32), 9 (17), 30 (49), 20 (12), 21 (23), 37 (40), 7 (34), 1 (58), 17 (42), 32 (98), 29 (70), 23 (68), 19 (76), 34 (63), 38 (79), 16 (71), 14 (84), 11 (90)]";10952
Multiarranque;40;2;21597;38.0;25;"Maquina 1: [6 (7), 8 (5), 26 (3), 39 (10), 18 (43), 28 (40), 2 (37), 10 (23), 14 (84), 30 (49), 29 (70), 35 (58), 34 (63), 0 (85), 24 (89), 5 (71), 36 (80), 3 (99), 12 (75)]";9749;"Maquina 2: [23 (68), 21 (23), 9 (17), 20 (12), 25 (12), 22 (5), 37 (40), 7 (34), 1 (58), 17 (42), 31 (24), 4 (32), 16 (71), 13 (41), 33 (54), 11 (90), 27 (99), 19 (76), 38 (79), 32 (98), 15 (91)]";11848
GREEDY;40;2;20515;0.0;1;"Maquina 1: [25 (28), 28 (2), 9 (1), 2 (7), 27 (32), 26 (46), 4 (34), 38 (59), 24 (11), 22 (59), 0 (61), 37 (34), 19 (23), 30 (85), 10 (38), 6 (71), 15 (63), 5 (91), 33 (74), 13 (98), 39 (79)]";10447;"Maquina 2: [18 (37), 20 (28), 23 (2), 3 (20), 11 (33), 36 (59), 14 (81), 31 (4), 34 (42), 29 (53), 21 (34), 17 (30), 35 (79), 8 (68), 12 (63), 7 (60), 32 (88), 16 (73), 1 (98)]";10068
GRASP;40;2;20745;28.0;25;"Maquina 1: [19 (23), 3 (20), 2 (7), 26 (46), 21 (34), 17 (30), 28 (2), 29 (53), 10 (38), 4 (34), 33 (74), 6 (71), 11 (33), 36 (59), 27 (32), 7 (60), 30 (85), 1 (98), 32 (88), 5 (91)]";10395;"Maquina 2: [37 (34), 31 (4), 24 (11), 9 (1), 34 (42), 23 (2), 0 (61), 35 (79), 20 (28), 25 (28), 22 (59), 38 (59), 18 (37), 39 (79), 15 (63), 12 (63), 16 (73), 8 (68), 13 (98), 14 (81)]";10350
LNS;40;2;20470;4.0;25;"Maquina 1: [25 (28), 28 (2), 9 (1), 2 (7), 27 (32), 26 (46), 4 (34), 38 (59), 24 (11), 22 (59), 0 (61), 37 (34), 19 (23), 30 (85), 10 (38), 6 (71), 15 (63), 5 (91), 33 (74), 13 (98), 39 (79)]";10447;"Maquina 2: [18 (37), 20 (28), 23 (2), 3 (20), 11 (33), 36 (59), 14 (81), 31 (4), 34 (42), 29 (53), 21 (34), 17 (30), 35 (79), 8 (68), 7 (60), 12 (63), 16 (73), 32 (88), 1 (98)]";10023
TABÚ;40;2;19646;9.0;25;"Maquina 1: [11 (33), 9 (1), 2 (7), 23 (2), 26 (46), 20 (28), 4 (34), 29 (53), 37 (34), 17 (30), 22 (59), 38 (59), 10 (38), 15 (63), 32 (88), 6 (71), 8 (68), 13 (98), 16 (73), 1 (98)]";9452;"Maquina 2: [19 (23), 28 (2), 25 (28), 31 (4), 24 (11), 35 (79), 3 (20), 27 (32), 36 (59), 21 (34), 0 (61), 34 (42), 18 (37), 7 (60), 12 (63), 33 (74), 30 (85), 14 (81), 5 (91), 39 (79)]";10194
VNS;40;2;20482;793.0;25;"Maquina 1: [25 (28), 28 (2), 9 (1), 2 (7), 27 (32), 26 (46), 4 (34), 38 (59), 24 (11), 22 (59), 0 (61), 37 (34), 19 (23), 30 (85), 10 (38), 6 (71), 8 (68), 5 (91), 33 (74), 13 (98), 39 (79)]";10426;"Maquina 2: [18 (37), 20 (28), 23 (2), 3 (20), 11 (33), 36 (59), 14 (81), 31 (4), 34 (42), 29 (53), 21 (34), 17 (30), 35 (79), 15 (63), 12 (63), 7 (60), 32 (88), 16 (73), 1 (98)]";10056
Multiarranque;40;2;19884;40.0;25;"Maquina 1: [37 (34), 31 (4), 20 (28), 4 (34), 24 (11), 35 (79), 3 (20), 27 (32), 19 (23), 12 (63), 11 (33), 15 (63), 32 (88), 5 (91), 33 (74), 22 (59), 6 (71), 16 (73), 0 (61)]";9610;"Maquina 2: [18 (37), 28 (2), 9 (1), 2 (7), 23 (2), 34 (42), 29 (53), 25 (28), 21 (34), 30 (85), 10 (38), 17 (30), 26 (46), 7 (60), 14 (81), 38 (59), 13 (98), 8 (68), 1 (98), 39 (79), 36 (59)]";10274
GREEDY;40;2;21444;1.0;1;"Maquina 1: [28 (19), 0 (3), 9 (60), 6 (10), 3 (6), 30 (91), 32 (28), 18 (21), 8 (40), 12 (48), 22 (46), 5 (61), 11 (78), 21 (68), 14 (79), 33 (80), 39 (82), 7 (86), 38 (89)]";10384;"Maquina 2: [26 (15), 35 (5), 20 (7), 1 (50), 4 (6), 27 (31), 31 (26), 19 (82), 15 (20), 10 (17), 24 (41), 2 (76), 36 (61), 13 (78), 29 (46), 23 (60), 25 (80), 37 (87), 34 (93), 17 (83), 16 (91)]";11060
GRASP;40;2;21284;27.0;25;"Maquina 1: [35 (5), 20 (7), 28 (19), 4 (6), 0 (3), 32 (28), 31 (26), 25 (80), 8 (40), 12 (48), 22 (46), 39 (82), 2 (76), 36 (61), 11 (78), 29 (46), 23 (60), 7 (86), 30 (91), 37 (87)]";10621;"Maquina 2: [3 (6), 10 (17), 26 (15), 5 (61), 6 (10), 15 (20), 27 (31), 18 (21), 9 (60), 1 (50), 24 (41), 16 (91), 21 (68), 14 (79), 19 (82), 17 (83), 33 (80), 13 (78), 34 (93), 38 (89)]";10663
LNS;40;2;21444;4.0;25;"Maquina 1: [28 (19), 0 (3), 9 (60), 6 (10), 3 (6), 30 (91), 32 (28), 18 (21), 8 (40), 12 (48), 22 (46), 5 (61), 11 (78), 21 (68), 14 (79), 33 (80), 39 (82), 7 (86), 38 (89)]";10384;"Maquina 2: [26 (15), 35 (5), 20 (7), 1 (50), 4 (6), 27 (31), 31 (26), 19 (82), 15 (20), 10 (17), 24 (41), 2 (76), 36 (61), 13 (78), 29 (46), 23 (60), 25 (80), 37 (87), 34 (93), 17 (83), 16 (91)]";11060
TABÚ;40;2;20781;9.0;25;"Maquina 1: [32 (28), 35 (5), 20 (7), 28 (19), 3 (6), 26 (15), 12 (48), 6 (10), 9 (60), 22 (46), 2 (76), 27 (31), 18 (21), 23 (60), 5 (61), 11 (78), 17 (83), 16 (91), 34 (93), 38 (89), 39 (82)]";10649;"Maquina 2: [4 (6), 0 (3), 15 (20), 10 (17), 24 (41), 31 (26), 25 (80), 8 (40), 1 (50), 29 (46), 36 (61), 13 (78), 21 (68), 14 (79), 30 (91), 33 (80), 37 (87), 7 (86), 19 (82)]";10132
VNS;40;2;21347;701.0;25;"Maquina 1: [28 (19), 0 (3), 9 (60), 6 (10), 3 (6), 30 (91), 32 (28), 18 (21), 8 (40), 2 (76), 22 (46), 5 (61), 11 (78), 21 (68), 14 (79), 33 (80), 39 (82), 7 (86), 38 (89)]";10675;"Maquina 2: [26 (15), 35 (5), 20 (7), 1 (50), 4 (6), 27 (31), 31 (26), 19 (82), 15 (20), 10 (17), 24 (41), 12 (48), 36 (61), 13 (78), 29 (46), 23 (60), 25 (80), 37 (87), 34 (93), 17 (83), 16 (91)]";10672
Multiarranque;40;2;20023;39.0;25;"Maquina 1: [26 (15), 35 (5), 20 (7), 3 (6), 6 (10), 15 (20), 24 (41), 12 (48), 5 (61), 32 (28), 31 (26), 9 (60), 1 (50), 11 (78), 16 (91), 25 (80), 23 (60), 38 (89), 14 (79), 7 (86), 30 (91)]";9957;"Maquina 2: [10 (17), 27 (31), 0 (3), 19 (82), 28 (19), 21 (68), 4 (6), 8 (40), 22 (46), 2 (76), 13 (78), 18 (21), 29 (46), 36 (61), 17 (83), 33 (80), 37 (87), 39 (82), 34 (93)]";10066
