GREEDY;40;4;7675;6.0;1;"Maquina 1: [7 (5), 27 (16), 0 (3), 23 (29), 21 (51), 26 (18), 16 (40), 10 (65), 20 (55), 11 (90)]";1715;"Maquina 2: [8 (3), 19 (14), 1 (22), 13 (5), 24 (29), 22 (60), 36 (54), 33 (45), 2 (71), 34 (95)]";1917;"Maquina 3: [35 (6), 12 (3), 30 (15), 3 (52), 9 (29), 29 (19), 17 (90), 28 (55), 4 (42), 31 (69)]";1839;"Maquina 4: [25 (10), 37 (4), 38 (16), 6 (31), 5 (49), 39 (27), 14 (55), 15 (81), 18 (61), 32 (99)]";2204
GRASP;40;4;7066;167.0;25;"Maquina 1: [8 (3), 35 (6), 6 (31), 26 (18), 39 (27), 9 (29), 28 (55), 33 (45), 15 (81), 32 (99)]";1689;"Maquina 2: [12 (3), 30 (15), 25 (10), 16 (40), 10 (65), 23 (29), 21 (51), 20 (55), 18 (61), 11 (90)]";2042;"Maquina 3: [37 (4), 7 (5), 27 (16), 38 (16), 13 (5), 24 (29), 22 (60), 5 (49), 31 (69), 17 (90)]";1379;"Maquina 4: [0 (3), 19 (14), 1 (22), 3 (52), 29 (19), 14 (55), 36 (54), 4 (42), 2 (71), 34 (95)]";1956
LNS;40;4;7675;5.0;25;"Maquina 1: [7 (5), 27 (16), 0 (3), 23 (29), 21 (51), 26 (18), 16 (40), 10 (65), 20 (55), 11 (90)]";1715;"Maquina 2: [8 (3), 19 (14), 1 (22), 13 (5), 24 (29), 22 (60), 36 (54), 33 (45), 2 (71), 34 (95)]";1917;"Maquina 3: [35 (6), 12 (3), 30 (15), 3 (52), 9 (29), 29 (19), 17 (90), 28 (55), 4 (42), 31 (69)]";1839;"Maquina 4: [25 (10), 37 (4), 38 (16), 6 (31), 5 (49), 39 (27), 14 (55), 15 (81), 18 (61), 32 (99)]";2204
TABÚ;40;4;7194;22.0;25;"Maquina 1: [37 (4), 24 (29), 26 (18), 39 (27), 16 (40), 4 (42), 33 (45), 20 (55), 11 (90), 17 (90)]";2053;"Maquina 2: [13 (5), 12 (3), 8 (3), 35 (6), 6 (31), 31 (69), 9 (29), 28 (55), 10 (65), 18 (61)]";1523;"Maquina 3: [38 (16), 7 (5), 25 (10), 30 (15), 36 (54), 23 (29), 21 (51), 22 (60), 15 (81), 2 (71)]";1860;"Maquina 4: [27 (16), 0 (3), 19 (14), 1 (22), 29 (19), 3 (52), 14 (55), 5 (49), 34 (95), 32 (99)]";1758
VNS;40;4;7360;1340.0;25;"Maquina 1: [7 (5), 27 (16), 0 (3), 23 (29), 21 (51), 26 (18), 16 (40), 10 (65), 31 (69), 11 (90)]";1725;"Maquina 2: [19 (14), 1 (22), 37 (4), 24 (29), 22 (60), 36 (54), 33 (45), 2 (71), 34 (95)]";1732;"Maquina 3: [8 (3), 35 (6), 12 (3), 30 (15), 3 (52), 9 (29), 29 (19), 17 (90), 28 (55), 4 (42), 18 (61)]";1898;"Maquina 4: [25 (10), 13 (5), 38 (16), 6 (31), 5 (49), 39 (27), 14 (55), 15 (81), 20 (55), 32 (99)]";2005
Multiarranque;40;4;7449;52.0;25;"Maquina 1: [7 (5), 27 (16), 0 (3), 23 (29), 21 (51), 26 (18), 16 (40), 10 (65), 20 (55), 11 (90)]";1715;"Maquina 2: [8 (3), 19 (14), 1 (22), 37 (4), 24 (29), 22 (60), 36 (54), 33 (45), 2 (71), 34 (95)]";1879;"Maquina 3: [35 (6), 12 (3), 30 (15), 3 (52), 9 (29), 29 (19), 17 (90), 28 (55), 4 (42), 31 (69)]";1839;"Maquina 4: [38 (16), 13 (5), 25 (10), 6 (31), 5 (49), 39 (27), 14 (55), 15 (81), 18 (61), 32 (99)]";2016
GREEDY;40;4;9548;0.0;1;"Maquina 1: [19 (2), 4 (30), 35 (9), 6 (29), 5 (54), 24 (41), 37 (44), 2 (80), 38 (67), 20 (92)]";2350;"Maquina 2: [7 (10), 8 (3), 28 (29), 23 (25), 17 (36), 33 (44), 25 (48), 29 (73), 0 (64), 32 (85), 9 (98)]";2649;"Maquina 3: [1 (4), 10 (25), 16 (44), 3 (35), 21 (28), 11 (58), 26 (45), 36 (72), 39 (90)]";2040;"Maquina 4: [15 (4), 34 (41), 27 (28), 18 (25), 14 (46), 13 (72), 31 (35), 22 (55), 12 (97), 30 (84)]";2509
GRASP;40;4;8958;43.0;25;"Maquina 1: [1 (4), 18 (25), 25 (48), 27 (28), 33 (44), 16 (44), 38 (67), 12 (97), 29 (73)]";1902;"Maquina 2: [8 (3), 15 (4), 19 (2), 3 (35), 6 (29), 21 (28), 11 (58), 26 (45), 5 (54), 30 (84), 9 (98)]";2132;"Maquina 3: [31 (35), 7 (10), 23 (25), 4 (30), 17 (36), 36 (72), 24 (41), 22 (55), 20 (92), 39 (90)]";2329;"Maquina 4: [10 (25), 35 (9), 28 (29), 34 (41), 14 (46), 13 (72), 0 (64), 37 (44), 32 (85), 2 (80)]";2595
LNS;40;4;9548;2.0;25;"Maquina 1: [19 (2), 4 (30), 35 (9), 6 (29), 5 (54), 24 (41), 37 (44), 2 (80), 38 (67), 20 (92)]";2350;"Maquina 2: [7 (10), 8 (3), 28 (29), 23 (25), 17 (36), 33 (44), 25 (48), 29 (73), 0 (64), 32 (85), 9 (98)]";2649;"Maquina 3: [1 (4), 10 (25), 16 (44), 3 (35), 21 (28), 11 (58), 26 (45), 36 (72), 39 (90)]";2040;"Maquina 4: [15 (4), 34 (41), 27 (28), 18 (25), 14 (46), 13 (72), 31 (35), 22 (55), 12 (97), 30 (84)]";2509
TABÚ;40;4;8971;25.0;25;"Maquina 1: [8 (3), 15 (4), 21 (28), 4 (30), 34 (41), 29 (73), 36 (72), 11 (58), 14 (46), 9 (98)]";2219;"Maquina 2: [7 (10), 27 (28), 33 (44), 25 (48), 5 (54), 10 (25), 16 (44), 2 (80), 20 (92)]";1950;"Maquina 3: [35 (9), 23 (25), 31 (35), 28 (29), 17 (36), 3 (35), 37 (44), 13 (72), 39 (90), 32 (85)]";2329;"Maquina 4: [1 (4), 6 (29), 19 (2), 18 (25), 22 (55), 24 (41), 26 (45), 38 (67), 0 (64), 30 (84), 12 (97)]";2473
VNS;40;4;9262;1053.0;25;"Maquina 1: [19 (2), 3 (35), 4 (30), 35 (9), 6 (29), 5 (54), 24 (41), 37 (44), 2 (80), 38 (67), 20 (92)]";2671;"Maquina 2: [7 (10), 8 (3), 28 (29), 23 (25), 17 (36), 33 (44), 25 (48), 29 (73), 0 (64), 32 (85), 9 (98)]";2649;"Maquina 3: [1 (4), 10 (25), 16 (44), 21 (28), 11 (58), 26 (45), 36 (72), 39 (90), 30 (84)]";2018;"Maquina 4: [15 (4), 34 (41), 27 (28), 18 (25), 14 (46), 13 (72), 31 (35), 22 (55), 12 (97)]";1924
Multiarranque;40;4;8855;57.0;25;"Maquina 1: [7 (10), 8 (3), 27 (28), 10 (25), 22 (55), 24 (41), 3 (35), 29 (73), 38 (67), 32 (85)]";1965;"Maquina 2: [14 (46), 16 (44), 21 (28), 4 (30), 37 (44), 0 (64), 30 (84), 12 (97), 9 (98)]";2536;"Maquina 3: [15 (4), 19 (2), 18 (25), 34 (41), 23 (25), 31 (35), 33 (44), 26 (45), 36 (72), 11 (58), 13 (72)]";2151;"Maquina 4: [35 (9), 6 (29), 1 (4), 17 (36), 28 (29), 25 (48), 39 (90), 20 (92), 5 (54), 2 (80)]";2203
GREEDY;40;4;12835;0.0;1;"Maquina 1: [28 (34), 18 (18), 8 (51), 23 (62), 34 (46), 38 (5), 36 (43), 30 (70), 35 (86), 19 (96)]";3221;"Maquina 2: [37 (13), 26 (31), 9 (22), 7 (93), 32 (34), 20 (44), 21 (48), 1 (82), 0 (70), 24 (55)]";2976;"Maquina 3: [4 (23), 22 (17), 33 (59), 29 (25), 27 (70), 11 (41), 13 (50), 16 (82), 12 (46), 31 (94)]";3182;"Maquina 4: [17 (25), 25 (17), 3 (44), 6 (55), 15 (47), 10 (76), 5 (33), 39 (90), 14 (98), 2 (68)]";3456
GRASP;40;4;11755;38.0;25;"Maquina 1: [8 (51), 9 (22), 11 (41), 30 (70), 5 (33), 3 (44), 32 (34), 14 (98), 31 (94)]";2540;"Maquina 2: [22 (17), 28 (34), 25 (17), 36 (43), 0 (70), 21 (48), 12 (46), 24 (55), 13 (50), 16 (82), 19 (96)]";3241;"Maquina 3: [18 (18), 4 (23), 38 (5), 35 (86), 34 (46), 2 (68), 7 (93), 39 (90), 23 (62)]";2439;"Maquina 4: [26 (31), 37 (13), 27 (70), 29 (25), 6 (55), 17 (25), 20 (44), 15 (47), 10 (76), 33 (59), 1 (82)]";3535
LNS;40;4;12752;6.0;25;"Maquina 1: [28 (34), 18 (18), 8 (51), 23 (62), 34 (46), 36 (43), 38 (5), 30 (70), 35 (86), 19 (96)]";3200;"Maquina 2: [37 (13), 26 (31), 9 (22), 7 (93), 32 (34), 0 (70), 21 (48), 1 (82), 20 (44), 24 (55)]";2914;"Maquina 3: [4 (23), 22 (17), 33 (59), 29 (25), 27 (70), 11 (41), 13 (50), 16 (82), 12 (46), 31 (94)]";3182;"Maquina 4: [17 (25), 25 (17), 3 (44), 6 (55), 15 (47), 10 (76), 5 (33), 39 (90), 14 (98), 2 (68)]";3456
TABÚ;40;4;11141;18.0;25;"Maquina 1: [21 (48), 11 (41), 38 (5), 30 (70), 5 (33), 3 (44), 2 (68), 34 (46), 19 (96), 39 (90)]";2988;"Maquina 2: [28 (34), 37 (13), 12 (46), 26 (31), 6 (55), 16 (82), 4 (23), 22 (17), 31 (94), 10 (76)]";2826;"Maquina 3: [17 (25), 18 (18), 24 (55), 13 (50), 20 (44), 15 (47), 23 (62), 32 (34), 7 (93), 14 (98)]";2800;"Maquina 4: [29 (25), 25 (17), 9 (22), 27 (70), 8 (51), 33 (59), 36 (43), 0 (70), 1 (82), 35 (86)]";2527
VNS;40;4;12286;932.0;25;"Maquina 1: [28 (34), 18 (18), 8 (51), 20 (44), 34 (46), 36 (43), 30 (70), 35 (86), 19 (96)]";2561;"Maquina 2: [37 (13), 26 (31), 9 (22), 7 (93), 32 (34), 23 (62), 21 (48), 1 (82), 0 (70)]";2372;"Maquina 3: [4 (23), 22 (17), 33 (59), 29 (25), 24 (55), 27 (70), 11 (41), 38 (5), 13 (50), 16 (82), 12 (46), 31 (94)]";3897;"Maquina 4: [17 (25), 25 (17), 3 (44), 6 (55), 15 (47), 10 (76), 5 (33), 39 (90), 14 (98), 2 (68)]";3456
Multiarranque;40;4;11700;54.0;25;"Maquina 1: [37 (13), 12 (46), 4 (23), 17 (25), 29 (25), 10 (76), 6 (55), 30 (70), 35 (86), 7 (93), 1 (82)]";3336;"Maquina 2: [22 (17), 5 (33), 25 (17), 9 (22), 15 (47), 16 (82), 8 (51), 2 (68), 21 (48), 31 (94)]";2788;"Maquina 3: [26 (31), 28 (34), 18 (18), 27 (70), 11 (41), 20 (44), 34 (46), 19 (96), 14 (98), 23 (62)]";2921;"Maquina 4: [32 (34), 0 (70), 36 (43), 24 (55), 38 (5), 13 (50), 3 (44), 39 (90), 33 (59)]";2655
GREEDY;40;4;10904;0.0;1;"Maquina 1: [31 (31), 28 (5), 30 (25), 14 (19), 2 (2), 33 (56), 21 (40), 7 (58), 29 (75), 12 (94)]";2775;"Maquina 2: [4 (6), 16 (55), 6 (27), 23 (3), 10 (35), 35 (20), 36 (46), 8 (63), 27 (73), 26 (86)]";2567;"Maquina 3: [15 (25), 39 (13), 22 (38), 19 (29), 11 (80), 13 (48), 24 (3), 1 (67), 0 (58), 17 (91)]";2555;"Maquina 4: [34 (49), 38 (3), 9 (31), 32 (22), 3 (63), 25 (14), 37 (69), 5 (97), 18 (35), 20 (84)]";3007
GRASP;40;4;8831;41.0;25;"Maquina 1: [18 (35), 28 (5), 30 (25), 34 (49), 24 (3), 32 (22), 20 (84), 0 (58), 8 (63), 12 (94)]";2201;"Maquina 2: [38 (3), 6 (27), 19 (29), 4 (6), 36 (46), 9 (31), 26 (86), 13 (48), 5 (97), 11 (80)]";2194;"Maquina 3: [2 (2), 35 (20), 15 (25), 39 (13), 29 (75), 10 (35), 16 (55), 33 (56), 37 (69), 17 (91)]";2200;"Maquina 4: [25 (14), 23 (3), 1 (67), 14 (19), 31 (31), 21 (40), 22 (38), 27 (73), 7 (58), 3 (63)]";2236
LNS;40;4;10663;3.0;25;"Maquina 1: [31 (31), 28 (5), 30 (25), 21 (40), 2 (2), 33 (56), 7 (58), 14 (19), 29 (75), 12 (94)]";2549;"Maquina 2: [4 (6), 16 (55), 6 (27), 23 (3), 10 (35), 8 (63), 36 (46), 35 (20), 27 (73), 26 (86)]";2552;"Maquina 3: [15 (25), 39 (13), 22 (38), 19 (29), 11 (80), 13 (48), 24 (3), 1 (67), 0 (58), 17 (91)]";2555;"Maquina 4: [34 (49), 38 (3), 9 (31), 32 (22), 3 (63), 25 (14), 37 (69), 5 (97), 18 (35), 20 (84)]";3007
TABÚ;40;4;9391;19.0;25;"Maquina 1: [4 (6), 24 (3), 33 (56), 36 (46), 39 (13), 22 (38), 19 (29), 12 (94), 30 (25), 1 (67), 0 (58)]";2611;"Maquina 2: [15 (25), 38 (3), 2 (2), 31 (31), 21 (40), 16 (55), 7 (58), 8 (63), 29 (75), 11 (80)]";2156;"Maquina 3: [23 (3), 10 (35), 34 (49), 5 (97), 14 (19), 35 (20), 18 (35), 37 (69), 17 (91)]";2094;"Maquina 4: [6 (27), 28 (5), 25 (14), 9 (31), 13 (48), 32 (22), 3 (63), 20 (84), 26 (86), 27 (73)]";2530
VNS;40;4;10265;880.0;25;"Maquina 1: [31 (31), 28 (5), 30 (25), 15 (25), 21 (40), 2 (2), 33 (56), 37 (69), 29 (75), 7 (58)]";2055;"Maquina 2: [4 (6), 16 (55), 6 (27), 23 (3), 10 (35), 8 (63), 36 (46), 35 (20), 27 (73), 26 (86)]";2552;"Maquina 3: [14 (19), 39 (13), 22 (38), 19 (29), 11 (80), 13 (48), 24 (3), 1 (67), 0 (58), 17 (91), 12 (94)]";3210;"Maquina 4: [34 (49), 38 (3), 9 (31), 32 (22), 3 (63), 25 (14), 5 (97), 18 (35), 20 (84)]";2448
Multiarranque;40;4;9387;52.0;25;"Maquina 1: [4 (6), 36 (46), 35 (20), 18 (35), 23 (3), 8 (63), 27 (73), 0 (58), 11 (80)]";2105;"Maquina 2: [39 (13), 31 (31), 28 (5), 30 (25), 15 (25), 10 (35), 21 (40), 5 (97), 37 (69), 1 (67), 26 (86)]";2815;"Maquina 3: [25 (14), 24 (3), 38 (3), 9 (31), 13 (48), 32 (22), 29 (75), 16 (55), 7 (58), 17 (91)]";2139;"Maquina 4: [14 (19), 2 (2), 19 (29), 6 (27), 22 (38), 3 (63), 34 (49), 33 (56), 20 (84), 12 (94)]";2328
GREEDY;40;4;10541;1.0;1;"Maquina 1: [31 (5), 19 (31), 7 (17), 10 (27), 15 (49), 37 (51), 17 (62), 24 (69), 14 (88), 25 (74)]";2389;"Maquina 2: [20 (20), 0 (10), 6 (28), 11 (53), 12 (50), 29 (38), 34 (63), 30 (74), 23 (70), 21 (95)]";2630;"Maquina 3: [4 (29), 2 (14), 18 (50), 39 (24), 22 (39), 9 (64), 8 (59), 26 (77), 13 (71), 36 (98)]";2769;"Maquina 4: [35 (25), 5 (61), 38 (16), 16 (29), 27 (50), 32 (65), 33 (46), 1 (74), 3 (75), 28 (99)]";2753
GRASP;40;4;9940;42.0;25;"Maquina 1: [2 (14), 0 (10), 27 (50), 4 (29), 5 (61), 6 (28), 8 (59), 26 (77), 13 (71), 21 (95)]";2412;"Maquina 2: [7 (17), 38 (16), 16 (29), 19 (31), 18 (50), 12 (50), 32 (65), 17 (62), 3 (75), 28 (99)]";2315;"Maquina 3: [10 (27), 35 (25), 39 (24), 37 (51), 29 (38), 1 (74), 24 (69), 11 (53), 14 (88), 25 (74)]";2762;"Maquina 4: [31 (5), 20 (20), 33 (46), 22 (39), 15 (49), 34 (63), 30 (74), 9 (64), 23 (70), 36 (98)]";2451
LNS;40;4;10541;3.0;25;"Maquina 1: [31 (5), 19 (31), 7 (17), 10 (27), 15 (49), 37 (51), 17 (62), 24 (69), 14 (88), 25 (74)]";2389;"Maquina 2: [20 (20), 0 (10), 6 (28), 11 (53), 12 (50), 29 (38), 34 (63), 30 (74), 23 (70), 21 (95)]";2630;"Maquina 3: [4 (29), 2 (14), 18 (50), 39 (24), 22 (39), 9 (64), 8 (59), 26 (77), 13 (71), 36 (98)]";2769;"Maquina 4: [35 (25), 5 (61), 38 (16), 16 (29), 27 (50), 32 (65), 33 (46), 1 (74), 3 (75), 28 (99)]";2753
TABÚ;40;4;10005;14.0;25;"Maquina 1: [19 (31), 4 (29), 29 (38), 35 (25), 12 (50), 32 (65), 18 (50), 24 (69), 21 (95), 30 (74)]";2757;"Maquina 2: [31 (5), 17 (62), 0 (10), 27 (50), 8 (59), 22 (39), 9 (64), 11 (53), 36 (98), 26 (77)]";2570;"Maquina 3: [38 (16), 2 (14), 10 (27), 15 (49), 34 (63), 5 (61), 37 (51), 3 (75), 25 (74), 13 (71)]";2369;"Maquina 4: [7 (17), 20 (20), 39 (24), 6 (28), 33 (46), 16 (29), 1 (74), 14 (88), 23 (70), 28 (99)]";2309
VNS;40;4;10360;948.0;25;"Maquina 1: [31 (5), 19 (31), 7 (17), 10 (27), 15 (49), 39 (24), 17 (62), 24 (69), 36 (98), 25 (74)]";2290;"Maquina 2: [20 (20), 0 (10), 6 (28), 12 (50), 11 (53), 37 (51), 34 (63), 30 (74), 23 (70), 14 (88)]";2689;"Maquina 3: [4 (29), 2 (14), 18 (50), 29 (38), 22 (39), 9 (64), 8 (59), 26 (77), 13 (71), 21 (95)]";2628;"Maquina 4: [35 (25), 5 (61), 38 (16), 16 (29), 27 (50), 32 (65), 33 (46), 1 (74), 3 (75), 28 (99)]";2753
Multiarranque;40;4;10023;50.0;25;"Maquina 1: [39 (24), 38 (16), 2 (14), 5 (61), 18 (50), 12 (50), 11 (53), 3 (75), 28 (99), 21 (95)]";2432;"Maquina 2: [31 (5), 20 (20), 0 (10), 16 (29), 8 (59), 10 (27), 4 (29), 24 (69), 13 (71), 1 (74), 14 (88)]";2371;"Maquina 3: [7 (17), 33 (46), 6 (28), 37 (51), 17 (62), 15 (49), 26 (77), 30 (74), 23 (70)]";2474;"Maquina 4: [27 (50), 29 (38), 35 (25), 22 (39), 9 (64), 19 (31), 34 (63), 32 (65), 25 (74), 36 (98)]";2746
GREEDY;40;4;9049;0.0;1;"Maquina 1: [26 (2), 9 (12), 34 (32), 25 (19), 28 (25), 8 (51), 31 (86), 10 (36), 29 (66), 6 (94), 30 (99)]";2515;"Maquina 2: [35 (6), 17 (13), 32 (21), 38 (34), 23 (32), 21 (63), 13 (44), 20 (92), 33 (98), 12 (83)]";2313;"Maquina 3: [37 (15), 36 (6), 16 (23), 22 (33), 18 (30), 19 (43), 3 (61), 14 (79), 7 (94), 24 (89)]";2054;"Maquina 4: [11 (7), 2 (34), 4 (19), 5 (29), 15 (43), 1 (58), 27 (74), 0 (97), 39 (91)]";2167
GRASP;40;4;8842;37.0;25;"Maquina 1: [4 (19), 35 (6), 16 (23), 22 (33), 18 (30), 34 (32), 27 (74), 20 (92), 30 (99), 0 (97)]";2198;"Maquina 2: [32 (21), 26 (2), 9 (12), 13 (44), 10 (36), 23 (32), 19 (43), 15 (43), 29 (66), 21 (63), 6 (94)]";2171;"Maquina 3: [17 (13), 2 (34), 25 (19), 31 (86), 5 (29), 8 (51), 3 (61), 12 (83), 33 (98)]";2170;"Maquina 4: [28 (25), 11 (7), 36 (6), 37 (15), 1 (58), 38 (34), 39 (91), 24 (89), 7 (94), 14 (79)]";2303
LNS;40;4;9029;3.0;25;"Maquina 1: [26 (2), 9 (12), 34 (32), 25 (19), 28 (25), 8 (51), 31 (86), 10 (36), 29 (66), 6 (94), 30 (99)]";2515;"Maquina 2: [35 (6), 17 (13), 32 (21), 38 (34), 23 (32), 21 (63), 13 (44), 20 (92), 33 (98), 12 (83)]";2313;"Maquina 3: [37 (15), 36 (6), 16 (23), 22 (33), 18 (30), 19 (43), 3 (61), 14 (79), 7 (94), 24 (89)]";2054;"Maquina 4: [1 (58), 2 (34), 4 (19), 5 (29), 15 (43), 11 (7), 27 (74), 0 (97), 39 (91)]";2147
TABÚ;40;4;8883;18.0;25;"Maquina 1: [37 (15), 26 (2), 29 (66), 32 (21), 13 (44), 10 (36), 28 (25), 30 (99), 27 (74), 7 (94)]";2141;"Maquina 2: [35 (6), 36 (6), 16 (23), 5 (29), 22 (33), 15 (43), 23 (32), 21 (63), 12 (83), 33 (98)]";1878;"Maquina 3: [11 (7), 38 (34), 18 (30), 17 (13), 8 (51), 14 (79), 39 (91), 6 (94), 3 (61), 24 (89)]";2695;"Maquina 4: [4 (19), 9 (12), 34 (32), 19 (43), 25 (19), 1 (58), 2 (34), 31 (86), 20 (92), 0 (97)]";2169
VNS;40;4;8804;1287.0;25;"Maquina 1: [26 (2), 9 (12), 34 (32), 25 (19), 28 (25), 8 (51), 31 (86), 10 (36), 1 (58), 6 (94), 39 (91)]";2450;"Maquina 2: [35 (6), 17 (13), 32 (21), 38 (34), 23 (32), 21 (63), 13 (44), 20 (92), 33 (98), 12 (83)]";2313;"Maquina 3: [37 (15), 36 (6), 16 (23), 22 (33), 18 (30), 19 (43), 3 (61), 14 (79), 7 (94), 24 (89)]";2054;"Maquina 4: [11 (7), 2 (34), 4 (19), 5 (29), 15 (43), 29 (66), 27 (74), 0 (97), 30 (99)]";1987
Multiarranque;40;4;8810;64.0;25;"Maquina 1: [26 (2), 9 (12), 34 (32), 25 (19), 28 (25), 8 (51), 31 (86), 10 (36), 1 (58), 6 (94), 30 (99)]";2469;"Maquina 2: [35 (6), 17 (13), 32 (21), 38 (34), 23 (32), 21 (63), 13 (44), 20 (92), 33 (98), 12 (83)]";2313;"Maquina 3: [37 (15), 36 (6), 16 (23), 22 (33), 18 (30), 19 (43), 3 (61), 14 (79), 7 (94), 24 (89)]";2054;"Maquina 4: [11 (7), 2 (34), 4 (19), 5 (29), 15 (43), 29 (66), 27 (74), 0 (97), 39 (91)]";1974
GREEDY;40;4;8373;0.0;1;"Maquina 1: [10 (13), 12 (5), 9 (2), 0 (34), 4 (23), 13 (52), 27 (74), 22 (98), 1 (66), 5 (85)]";2381;"Maquina 2: [30 (2), 20 (20), 17 (6), 31 (10), 18 (29), 16 (67), 15 (56), 6 (43), 29 (89), 37 (77)]";1790;"Maquina 3: [3 (4), 23 (7), 33 (20), 19 (9), 35 (31), 32 (80), 25 (56), 28 (46), 34 (67), 24 (90)]";1996;"Maquina 4: [7 (4), 2 (27), 38 (18), 8 (8), 14 (67), 11 (48), 21 (76), 26 (33), 36 (82), 39 (96)]";2206
GRASP;40;4;7786;57.0;25;"Maquina 1: [30 (2), 23 (7), 6 (43), 20 (20), 11 (48), 38 (18), 14 (67), 32 (80), 24 (90), 16 (67)]";2068;"Maquina 2: [3 (4), 35 (31), 33 (20), 19 (9), 1 (66), 28 (46), 27 (74), 36 (82), 5 (85)]";1879;"Maquina 3: [10 (13), 2 (27), 31 (10), 18 (29), 34 (67), 0 (34), 13 (52), 25 (56), 29 (89), 37 (77)]";2134;"Maquina 4: [9 (2), 17 (6), 12 (5), 8 (8), 15 (56), 7 (4), 26 (33), 21 (76), 4 (23), 39 (96), 22 (98)]";1705
LNS;40;4;8284;4.0;25;"Maquina 1: [10 (13), 12 (5), 9 (2), 0 (34), 27 (74), 13 (52), 4 (23), 22 (98), 1 (66), 5 (85)]";2361;"Maquina 2: [30 (2), 20 (20), 17 (6), 31 (10), 18 (29), 16 (67), 15 (56), 6 (43), 29 (89), 37 (77)]";1790;"Maquina 3: [3 (4), 23 (7), 33 (20), 19 (9), 35 (31), 34 (67), 28 (46), 25 (56), 32 (80), 24 (90)]";1927;"Maquina 4: [7 (4), 2 (27), 38 (18), 8 (8), 14 (67), 11 (48), 21 (76), 26 (33), 36 (82), 39 (96)]";2206
TABÚ;40;4;7589;22.0;25;"Maquina 1: [23 (7), 8 (8), 30 (2), 33 (20), 37 (77), 4 (23), 38 (18), 15 (56), 32 (80), 39 (96)]";1655;"Maquina 2: [19 (9), 35 (31), 26 (33), 12 (5), 6 (43), 34 (67), 21 (76), 1 (66), 5 (85)]";1837;"Maquina 3: [7 (4), 9 (2), 10 (13), 2 (27), 13 (52), 0 (34), 27 (74), 36 (82), 14 (67), 24 (90)]";2027;"Maquina 4: [17 (6), 31 (10), 18 (29), 3 (4), 20 (20), 11 (48), 16 (67), 28 (46), 25 (56), 29 (89), 22 (98)]";2070
VNS;40;4;7959;916.0;25;"Maquina 1: [10 (13), 3 (4), 9 (2), 0 (34), 4 (23), 13 (52), 26 (33), 22 (98), 5 (85), 1 (66)]";1956;"Maquina 2: [30 (2), 20 (20), 17 (6), 31 (10), 18 (29), 16 (67), 32 (80), 15 (56), 29 (89), 37 (77)]";1914;"Maquina 3: [12 (5), 23 (7), 33 (20), 19 (9), 35 (31), 6 (43), 34 (67), 28 (46), 25 (56), 24 (90)]";1795;"Maquina 4: [7 (4), 2 (27), 38 (18), 8 (8), 14 (67), 11 (48), 21 (76), 27 (74), 36 (82), 39 (96)]";2294
Multiarranque;40;4;7791;57.0;25;"Maquina 1: [3 (4), 9 (2), 7 (4), 2 (27), 31 (10), 18 (29), 14 (67), 27 (74), 13 (52), 24 (90), 29 (89)]";1953;"Maquina 2: [10 (13), 12 (5), 23 (7), 26 (33), 38 (18), 25 (56), 39 (96), 36 (82), 1 (66), 21 (76)]";2105;"Maquina 3: [8 (8), 30 (2), 20 (20), 11 (48), 4 (23), 6 (43), 16 (67), 32 (80), 34 (67), 37 (77)]";1935;"Maquina 4: [33 (20), 19 (9), 35 (31), 17 (6), 28 (46), 0 (34), 22 (98), 15 (56), 5 (85)]";1798
GREEDY;40;4;12039;1.0;1;"Maquina 1: [18 (1), 6 (16), 32 (17), 22 (34), 35 (38), 25 (67), 38 (23), 0 (59), 39 (93), 28 (76), 1 (86)]";3078;"Maquina 2: [34 (40), 9 (9), 3 (24), 26 (36), 17 (63), 30 (16), 20 (78), 13 (88), 23 (70)]";2779;"Maquina 3: [8 (36), 21 (17), 10 (10), 31 (39), 7 (18), 4 (66), 29 (84), 19 (45), 37 (72), 2 (86), 11 (97)]";3403;"Maquina 4: [33 (31), 24 (17), 16 (37), 12 (56), 27 (70), 15 (13), 14 (64), 5 (87), 36 (83)]";2779
GRASP;40;4;11590;62.0;25;"Maquina 1: [10 (10), 26 (36), 38 (23), 36 (83), 11 (97), 14 (64), 30 (16), 17 (63), 1 (86), 39 (93)]";3289;"Maquina 2: [24 (17), 9 (9), 32 (17), 22 (34), 25 (67), 4 (66), 2 (86), 8 (36), 31 (39), 28 (76)]";2788;"Maquina 3: [7 (18), 34 (40), 18 (1), 16 (37), 3 (24), 15 (13), 29 (84), 12 (56), 27 (70), 5 (87)]";2444;"Maquina 4: [33 (31), 6 (16), 21 (17), 35 (38), 19 (45), 0 (59), 20 (78), 37 (72), 23 (70), 13 (88)]";3069
LNS;40;4;12039;5.0;25;"Maquina 1: [18 (1), 6 (16), 32 (17), 22 (34), 35 (38), 25 (67), 38 (23), 0 (59), 39 (93), 28 (76), 1 (86)]";3078;"Maquina 2: [34 (40), 9 (9), 3 (24), 26 (36), 17 (63), 30 (16), 20 (78), 13 (88), 23 (70)]";2779;"Maquina 3: [8 (36), 21 (17), 10 (10), 31 (39), 7 (18), 4 (66), 29 (84), 19 (45), 37 (72), 2 (86), 11 (97)]";3403;"Maquina 4: [33 (31), 24 (17), 16 (37), 12 (56), 27 (70), 15 (13), 14 (64), 5 (87), 36 (83)]";2779
TABÚ;40;4;11082;26.0;25;"Maquina 1: [21 (17), 38 (23), 18 (1), 16 (37), 31 (39), 34 (40), 5 (87), 13 (88), 14 (64), 1 (86)]";2832;"Maquina 2: [24 (17), 9 (9), 3 (24), 26 (36), 2 (86), 12 (56), 0 (59), 36 (83), 11 (97), 39 (93)]";3136;"Maquina 3: [22 (34), 7 (18), 35 (38), 10 (10), 27 (70), 32 (17), 20 (78), 29 (84), 28 (76)]";2363;"Maquina 4: [15 (13), 6 (16), 30 (16), 8 (36), 33 (31), 4 (66), 17 (63), 19 (45), 37 (72), 23 (70), 25 (67)]";2751
VNS;40;4;11526;942.0;25;"Maquina 1: [18 (1), 6 (16), 32 (17), 22 (34), 25 (67), 38 (23), 0 (59), 39 (93), 11 (97), 1 (86)]";2456;"Maquina 2: [34 (40), 9 (9), 3 (24), 26 (36), 17 (63), 29 (84), 20 (78), 36 (83), 23 (70)]";2715;"Maquina 3: [8 (36), 21 (17), 10 (10), 31 (39), 7 (18), 4 (66), 30 (16), 19 (45), 37 (72), 2 (86), 28 (76)]";3191;"Maquina 4: [33 (31), 24 (17), 35 (38), 16 (37), 12 (56), 27 (70), 15 (13), 14 (64), 5 (87), 13 (88)]";3164
Multiarranque;40;4;10827;48.0;25;"Maquina 1: [27 (70), 21 (17), 31 (39), 34 (40), 12 (56), 4 (66), 2 (86), 20 (78)]";2492;"Maquina 2: [15 (13), 18 (1), 10 (10), 26 (36), 0 (59), 7 (18), 17 (63), 14 (64), 37 (72), 13 (88), 25 (67)]";2740;"Maquina 3: [8 (36), 33 (31), 30 (16), 35 (38), 11 (97), 16 (37), 23 (70), 5 (87), 28 (76)]";2600;"Maquina 4: [9 (9), 38 (23), 6 (16), 24 (17), 22 (34), 29 (84), 32 (17), 3 (24), 1 (86), 19 (45), 39 (93), 36 (83)]";2995
GREEDY;40;4;13604;1.0;1;"Maquina 1: [19 (10), 7 (2), 18 (55), 4 (41), 16 (19), 39 (32), 15 (69), 1 (94), 14 (87), 27 (74)]";3376;"Maquina 2: [3 (31), 25 (25), 22 (8), 28 (16), 23 (39), 8 (85), 9 (54), 11 (74), 24 (63), 35 (96), 6 (91)]";3701;"Maquina 3: [29 (16), 13 (29), 30 (8), 34 (33), 20 (59), 26 (45), 37 (79), 33 (91), 38 (69)]";2959;"Maquina 4: [17 (10), 32 (18), 12 (27), 31 (49), 2 (74), 0 (79), 10 (39), 21 (56), 36 (94), 5 (88)]";3568
GRASP;40;4;11779;55.0;25;"Maquina 1: [23 (39), 34 (33), 22 (8), 32 (18), 38 (69), 12 (27), 31 (49), 4 (41), 35 (96), 0 (79)]";2628;"Maquina 2: [19 (10), 21 (56), 7 (2), 13 (29), 11 (74), 29 (16), 6 (91), 18 (55), 27 (74), 1 (94), 33 (91)]";3240;"Maquina 3: [26 (45), 17 (10), 30 (8), 39 (32), 16 (19), 24 (63), 2 (74), 14 (87), 37 (79), 5 (88)]";3353;"Maquina 4: [3 (31), 25 (25), 9 (54), 28 (16), 15 (69), 10 (39), 20 (59), 36 (94), 8 (85)]";2558
LNS;40;4;13056;6.0;25;"Maquina 1: [19 (10), 7 (2), 18 (55), 4 (41), 16 (19), 39 (32), 15 (69), 1 (94), 14 (87), 27 (74)]";3376;"Maquina 2: [3 (31), 25 (25), 22 (8), 28 (16), 23 (39), 8 (85), 9 (54), 11 (74), 24 (63), 35 (96), 6 (91)]";3701;"Maquina 3: [29 (16), 13 (29), 20 (59), 34 (33), 30 (8), 26 (45), 37 (79), 33 (91), 38 (69)]";2412;"Maquina 4: [21 (56), 32 (18), 12 (27), 31 (49), 2 (74), 0 (79), 10 (39), 17 (10), 36 (94), 5 (88)]";3567
TABÚ;40;4;11071;20.0;25;"Maquina 1: [34 (33), 22 (8), 32 (18), 29 (16), 26 (45), 2 (74), 0 (79), 5 (88), 37 (79), 1 (94)]";2814;"Maquina 2: [10 (39), 16 (19), 28 (16), 15 (69), 33 (91), 39 (32), 21 (56), 35 (96), 6 (91), 11 (74)]";3060;"Maquina 3: [4 (41), 20 (59), 3 (31), 17 (10), 38 (69), 31 (49), 25 (25), 9 (54), 14 (87), 24 (63)]";2931;"Maquina 4: [30 (8), 23 (39), 18 (55), 19 (10), 7 (2), 13 (29), 27 (74), 12 (27), 36 (94), 8 (85)]";2266
VNS;40;4;12922;698.0;25;"Maquina 1: [19 (10), 7 (2), 18 (55), 4 (41), 16 (19), 39 (32), 15 (69), 1 (94), 14 (87), 27 (74)]";3376;"Maquina 2: [3 (31), 25 (25), 22 (8), 28 (16), 23 (39), 8 (85), 9 (54), 32 (18), 24 (63), 35 (96), 6 (91)]";3420;"Maquina 3: [29 (16), 13 (29), 20 (59), 34 (33), 30 (8), 26 (45), 37 (79), 33 (91), 38 (69)]";2412;"Maquina 4: [17 (10), 11 (74), 12 (27), 31 (49), 2 (74), 0 (79), 10 (39), 21 (56), 36 (94), 5 (88)]";3714
Multiarranque;40;4;11608;44.0;25;"Maquina 1: [28 (16), 23 (39), 34 (33), 9 (54), 31 (49), 37 (79), 4 (41), 20 (59), 14 (87), 0 (79)]";3030;"Maquina 2: [18 (55), 19 (10), 30 (8), 39 (32), 38 (69), 12 (27), 15 (69), 22 (8), 33 (91), 24 (63)]";2743;"Maquina 3: [21 (56), 32 (18), 29 (16), 16 (19), 26 (45), 36 (94), 11 (74), 1 (94), 8 (85), 27 (74)]";3235;"Maquina 4: [3 (31), 17 (10), 25 (25), 7 (2), 13 (29), 10 (39), 6 (91), 2 (74), 5 (88), 35 (96)]";2600
GREEDY;40;4;12217;0.0;1;"Maquina 1: [24 (3), 35 (25), 18 (22), 17 (19), 36 (43), 8 (50), 34 (89), 30 (27), 20 (67), 14 (71)]";3002;"Maquina 2: [3 (5), 2 (72), 22 (26), 1 (48), 27 (59), 6 (20), 25 (63), 38 (31), 9 (80)]";2773;"Maquina 3: [21 (21), 13 (26), 39 (73), 16 (11), 19 (37), 37 (66), 10 (71), 26 (92), 4 (56), 29 (26)]";3260;"Maquina 4: [5 (22), 7 (24), 0 (27), 32 (11), 15 (94), 12 (34), 11 (44), 31 (64), 33 (69), 28 (58), 23 (72)]";3182
GRASP;40;4;10244;46.0;25;"Maquina 1: [12 (34), 3 (5), 0 (27), 22 (26), 30 (27), 29 (26), 20 (67), 4 (56), 14 (71), 26 (92)]";2164;"Maquina 2: [38 (31), 17 (19), 18 (22), 6 (20), 32 (11), 8 (50), 35 (25), 28 (58), 37 (66), 33 (69), 25 (63)]";2760;"Maquina 3: [5 (22), 7 (24), 1 (48), 10 (71), 16 (11), 31 (64), 19 (37), 39 (73), 23 (72), 2 (72)]";2970;"Maquina 4: [21 (21), 36 (43), 24 (3), 13 (26), 11 (44), 15 (94), 34 (89), 27 (59), 9 (80)]";2350
LNS;40;4;12210;3.0;25;"Maquina 1: [24 (3), 35 (25), 18 (22), 17 (19), 36 (43), 8 (50), 34 (89), 30 (27), 20 (67), 14 (71)]";3002;"Maquina 2: [3 (5), 2 (72), 22 (26), 1 (48), 27 (59), 25 (63), 6 (20), 38 (31), 9 (80)]";2766;"Maquina 3: [21 (21), 13 (26), 39 (73), 16 (11), 19 (37), 37 (66), 10 (71), 26 (92), 4 (56), 29 (26)]";3260;"Maquina 4: [5 (22), 7 (24), 0 (27), 32 (11), 15 (94), 12 (34), 11 (44), 31 (64), 33 (69), 28 (58), 23 (72)]";3182
TABÚ;40;4;11721;20.0;25;"Maquina 1: [38 (31), 35 (25), 21 (21), 37 (66), 27 (59), 16 (11), 31 (64), 39 (73), 10 (71), 11 (44)]";3067;"Maquina 2: [18 (22), 30 (27), 32 (11), 12 (34), 36 (43), 33 (69), 28 (58), 34 (89), 25 (63)]";2180;"Maquina 3: [22 (26), 24 (3), 17 (19), 5 (22), 14 (71), 1 (48), 23 (72), 4 (56), 29 (26), 20 (67), 2 (72)]";3615;"Maquina 4: [3 (5), 0 (27), 7 (24), 13 (26), 26 (92), 6 (20), 19 (37), 8 (50), 15 (94), 9 (80)]";2859
VNS;40;4;11767;903.0;25;"Maquina 1: [24 (3), 35 (25), 18 (22), 17 (19), 36 (43), 38 (31), 8 (50), 34 (89), 30 (27), 20 (67), 14 (71)]";3220;"Maquina 2: [3 (5), 2 (72), 22 (26), 1 (48), 27 (59), 6 (20), 29 (26), 25 (63), 9 (80)]";2817;"Maquina 3: [21 (21), 13 (26), 39 (73), 16 (11), 19 (37), 37 (66), 10 (71), 26 (92), 4 (56)]";2548;"Maquina 4: [5 (22), 7 (24), 0 (27), 32 (11), 15 (94), 12 (34), 11 (44), 31 (64), 33 (69), 28 (58), 23 (72)]";3182
Multiarranque;40;4;11444;47.0;25;"Maquina 1: [38 (31), 17 (19), 18 (22), 16 (11), 23 (72), 10 (71), 7 (24), 28 (58), 2 (72), 31 (64), 33 (69)]";3307;"Maquina 2: [25 (63), 4 (56), 30 (27), 35 (25), 21 (21), 37 (66), 39 (73), 0 (27), 14 (71)]";2727;"Maquina 3: [29 (26), 13 (26), 36 (43), 11 (44), 12 (34), 3 (5), 15 (94), 9 (80), 20 (67)]";2283;"Maquina 4: [22 (26), 5 (22), 24 (3), 32 (11), 8 (50), 6 (20), 19 (37), 1 (48), 27 (59), 34 (89), 26 (92)]";3127
GREEDY;40;4;14097;1.0;1;"Maquina 1: [10 (4), 29 (17), 14 (70), 8 (44), 30 (59), 28 (30), 7 (77), 26 (91), 5 (88), 21 (97)]";3716;"Maquina 2: [17 (5), 9 (81), 2 (49), 22 (20), 13 (35), 16 (61), 3 (90), 31 (71), 37 (99), 24 (92)]";3841;"Maquina 3: [35 (8), 1 (30), 36 (83), 33 (20), 34 (37), 19 (72), 18 (97), 11 (54), 12 (90), 27 (61)]";3382;"Maquina 4: [23 (55), 0 (38), 38 (12), 39 (30), 6 (75), 32 (68), 15 (25), 20 (83), 25 (95), 4 (90)]";3158
GRASP;40;4;12484;44.0;25;"Maquina 1: [10 (4), 1 (30), 23 (55), 24 (92), 32 (68), 33 (20), 0 (38), 36 (83), 20 (83), 25 (95)]";3098;"Maquina 2: [2 (49), 22 (20), 35 (8), 30 (59), 19 (72), 27 (61), 3 (90), 16 (61), 4 (90), 26 (91)]";3267;"Maquina 3: [15 (25), 29 (17), 34 (37), 8 (44), 37 (99), 21 (97), 31 (71), 5 (88), 12 (90)]";2691;"Maquina 4: [17 (5), 39 (30), 13 (35), 38 (12), 28 (30), 7 (77), 11 (54), 9 (81), 14 (70), 6 (75), 18 (97)]";3428
LNS;40;4;14097;2.0;25;"Maquina 1: [10 (4), 29 (17), 14 (70), 8 (44), 30 (59), 28 (30), 7 (77), 26 (91), 5 (88), 21 (97)]";3716;"Maquina 2: [17 (5), 9 (81), 2 (49), 22 (20), 13 (35), 16 (61), 3 (90), 31 (71), 37 (99), 24 (92)]";3841;"Maquina 3: [35 (8), 1 (30), 36 (83), 33 (20), 34 (37), 19 (72), 18 (97), 11 (54), 12 (90), 27 (61)]";3382;"Maquina 4: [23 (55), 0 (38), 38 (12), 39 (30), 6 (75), 32 (68), 15 (25), 20 (83), 25 (95), 4 (90)]";3158
TABÚ;40;4;12580;12.0;25;"Maquina 1: [35 (8), 0 (38), 2 (49), 16 (61), 28 (30), 7 (77), 11 (54), 27 (61), 3 (90), 19 (72)]";3023;"Maquina 2: [33 (20), 38 (12), 8 (44), 32 (68), 17 (5), 30 (59), 31 (71), 20 (83), 24 (92), 18 (97)]";2704;"Maquina 3: [10 (4), 15 (25), 29 (17), 14 (70), 39 (30), 6 (75), 4 (90), 9 (81), 21 (97), 5 (88)]";3151;"Maquina 4: [1 (30), 34 (37), 22 (20), 13 (35), 26 (91), 23 (55), 25 (95), 36 (83), 37 (99), 12 (90)]";3702
VNS;40;4;13827;922.0;25;"Maquina 1: [10 (4), 29 (17), 14 (70), 15 (25), 30 (59), 28 (30), 7 (77), 26 (91), 5 (88), 31 (71)]";3300;"Maquina 2: [17 (5), 9 (81), 2 (49), 22 (20), 13 (35), 16 (61), 3 (90), 21 (97), 37 (99), 24 (92)]";3936;"Maquina 3: [35 (8), 1 (30), 36 (83), 33 (20), 34 (37), 19 (72), 18 (97), 11 (54), 12 (90), 27 (61)]";3382;"Maquina 4: [23 (55), 0 (38), 38 (12), 39 (30), 6 (75), 32 (68), 8 (44), 20 (83), 25 (95), 4 (90)]";3209
Multiarranque;40;4;12998;44.0;25;"Maquina 1: [15 (25), 22 (20), 26 (91), 0 (38), 38 (12), 9 (81), 11 (54), 36 (83), 21 (97), 4 (90)]";3689;"Maquina 2: [17 (5), 39 (30), 13 (35), 30 (59), 16 (61), 19 (72), 20 (83), 24 (92), 7 (77), 5 (88)]";3439;"Maquina 3: [27 (61), 28 (30), 31 (71), 10 (4), 23 (55), 2 (49), 37 (99), 12 (90), 18 (97)]";2988;"Maquina 4: [33 (20), 35 (8), 1 (30), 34 (37), 8 (44), 32 (68), 29 (17), 3 (90), 6 (75), 14 (70), 25 (95)]";2882
GREEDY;40;4;11756;0.0;1;"Maquina 1: [0 (3), 20 (7), 28 (19), 11 (78), 32 (28), 17 (83), 22 (46), 23 (60), 25 (80), 16 (91)]";2718;"Maquina 2: [6 (10), 35 (5), 18 (21), 29 (46), 9 (60), 27 (31), 19 (82), 21 (68), 13 (78), 34 (93), 37 (87)]";3284;"Maquina 3: [3 (6), 26 (15), 39 (82), 1 (50), 15 (20), 8 (40), 36 (61), 38 (89), 14 (79)]";2763;"Maquina 4: [10 (17), 4 (6), 24 (41), 31 (26), 12 (48), 5 (61), 2 (76), 33 (80), 30 (91), 7 (86)]";2991
GRASP;40;4;11103;39.0;25;"Maquina 1: [4 (6), 0 (3), 32 (28), 22 (46), 1 (50), 11 (78), 36 (61), 17 (83), 33 (80), 34 (93)]";2905;"Maquina 2: [10 (17), 35 (5), 23 (60), 5 (61), 3 (6), 38 (89), 9 (60), 29 (46), 14 (79), 16 (91)]";2678;"Maquina 3: [20 (7), 26 (15), 12 (48), 25 (80), 2 (76), 13 (78), 28 (19), 37 (87), 8 (40), 30 (91)]";2929;"Maquina 4: [6 (10), 15 (20), 21 (68), 18 (21), 24 (41), 31 (26), 27 (31), 19 (82), 39 (82), 7 (86)]";2591
LNS;40;4;11683;2.0;25;"Maquina 1: [0 (3), 20 (7), 28 (19), 11 (78), 32 (28), 17 (83), 22 (46), 23 (60), 25 (80), 16 (91)]";2718;"Maquina 2: [6 (10), 35 (5), 18 (21), 29 (46), 9 (60), 27 (31), 19 (82), 21 (68), 13 (78), 34 (93), 37 (87)]";3284;"Maquina 3: [3 (6), 26 (15), 39 (82), 36 (61), 15 (20), 8 (40), 1 (50), 38 (89), 14 (79)]";2690;"Maquina 4: [10 (17), 4 (6), 24 (41), 31 (26), 12 (48), 5 (61), 2 (76), 33 (80), 30 (91), 7 (86)]";2991
TABÚ;40;4;11240;11.0;25;"Maquina 1: [3 (6), 26 (15), 24 (41), 18 (21), 23 (60), 13 (78), 31 (26), 34 (93), 38 (89), 19 (82)]";2678;"Maquina 2: [0 (3), 20 (7), 28 (19), 9 (60), 29 (46), 36 (61), 11 (78), 33 (80), 25 (80), 37 (87)]";2760;"Maquina 3: [15 (20), 10 (17), 35 (5), 32 (28), 1 (50), 22 (46), 5 (61), 2 (76), 14 (79), 30 (91)]";2573;"Maquina 4: [6 (10), 21 (68), 4 (6), 27 (31), 17 (83), 7 (86), 8 (40), 12 (48), 16 (91), 39 (82)]";3229
VNS;40;4;11279;999.0;25;"Maquina 1: [0 (3), 20 (7), 28 (19), 11 (78), 32 (28), 17 (83), 22 (46), 23 (60), 25 (80), 16 (91)]";2718;"Maquina 2: [6 (10), 35 (5), 18 (21), 29 (46), 9 (60), 27 (31), 19 (82), 21 (68), 13 (78), 34 (93), 37 (87)]";3284;"Maquina 3: [3 (6), 26 (15), 39 (82), 1 (50), 4 (6), 8 (40), 36 (61), 38 (89), 14 (79)]";2318;"Maquina 4: [10 (17), 15 (20), 24 (41), 31 (26), 12 (48), 5 (61), 2 (76), 33 (80), 30 (91), 7 (86)]";2959
Multiarranque;40;4;11279;47.0;25;"Maquina 1: [0 (3), 20 (7), 28 (19), 11 (78), 32 (28), 17 (83), 22 (46), 23 (60), 25 (80), 16 (91)]";2718;"Maquina 2: [6 (10), 35 (5), 18 (21), 29 (46), 9 (60), 27 (31), 19 (82), 21 (68), 13 (78), 34 (93), 37 (87)]";3284;"Maquina 3: [3 (6), 26 (15), 39 (82), 1 (50), 4 (6), 8 (40), 36 (61), 38 (89), 14 (79)]";2318;"Maquina 4: [10 (17), 15 (20), 24 (41), 31 (26), 12 (48), 5 (61), 2 (76), 33 (80), 30 (91), 7 (86)]";2959
GREEDY;40;4;11970;0.0;1;"Maquina 1: [9 (1), 2 (7), 11 (33), 29 (53), 18 (37), 20 (28), 5 (91), 39 (79), 7 (60), 8 (68)]";3017;"Maquina 2: [4 (34), 24 (11), 35 (79), 23 (2), 25 (28), 34 (42), 0 (61), 22 (59), 6 (71), 32 (88)]";2754;"Maquina 3: [3 (20), 28 (2), 33 (74), 37 (34), 17 (30), 26 (46), 15 (63), 1 (98), 38 (59), 14 (81)]";3086;"Maquina 4: [31 (4), 27 (32), 19 (23), 21 (34), 30 (85), 36 (59), 10 (38), 16 (73), 13 (98), 12 (63)]";3113
GRASP;40;4;11232;49.0;25;"Maquina 1: [24 (11), 16 (73), 23 (2), 27 (32), 21 (34), 8 (68), 18 (37), 34 (42), 0 (61), 13 (98)]";2835;"Maquina 2: [3 (20), 9 (1), 37 (34), 31 (4), 12 (63), 33 (74), 6 (71), 7 (60), 38 (59), 5 (91)]";3012;"Maquina 3: [2 (7), 10 (38), 25 (28), 11 (33), 29 (53), 22 (59), 20 (28), 30 (85), 1 (98), 14 (81)]";2630;"Maquina 4: [4 (34), 19 (23), 28 (2), 17 (30), 26 (46), 15 (63), 32 (88), 36 (59), 35 (79), 39 (79)]";2755
LNS;40;4;11650;3.0;25;"Maquina 1: [9 (1), 2 (7), 11 (33), 7 (60), 18 (37), 20 (28), 5 (91), 29 (53), 39 (79), 8 (68)]";2882;"Maquina 2: [4 (34), 24 (11), 35 (79), 23 (2), 25 (28), 34 (42), 0 (61), 22 (59), 6 (71), 32 (88)]";2754;"Maquina 3: [3 (20), 28 (2), 33 (74), 37 (34), 17 (30), 26 (46), 15 (63), 1 (98), 38 (59), 14 (81)]";3086;"Maquina 4: [31 (4), 27 (32), 19 (23), 21 (34), 30 (85), 10 (38), 16 (73), 36 (59), 13 (98), 12 (63)]";2928
TABÚ;40;4;10297;12.0;25;"Maquina 1: [20 (28), 23 (2), 3 (20), 11 (33), 7 (60), 18 (37), 39 (79), 15 (63), 32 (88), 5 (91), 21 (34)]";3114;"Maquina 2: [27 (32), 19 (23), 10 (38), 17 (30), 0 (61), 33 (74), 6 (71), 35 (79), 38 (59)]";2370;"Maquina 3: [28 (2), 9 (1), 34 (42), 2 (7), 26 (46), 12 (63), 36 (59), 8 (68), 13 (98), 14 (81)]";2185;"Maquina 4: [37 (34), 31 (4), 24 (11), 22 (59), 4 (34), 29 (53), 25 (28), 16 (73), 1 (98), 30 (85)]";2628
VNS;40;4;11573;883.0;25;"Maquina 1: [9 (1), 2 (7), 25 (28), 11 (33), 29 (53), 18 (37), 20 (28), 5 (91), 39 (79), 8 (68), 7 (60)]";3460;"Maquina 2: [4 (34), 24 (11), 35 (79), 23 (2), 34 (42), 0 (61), 22 (59), 6 (71), 30 (85)]";2293;"Maquina 3: [3 (20), 28 (2), 33 (74), 37 (34), 17 (30), 26 (46), 15 (63), 1 (98), 14 (81), 38 (59)]";3056;"Maquina 4: [31 (4), 27 (32), 19 (23), 21 (34), 32 (88), 36 (59), 10 (38), 16 (73), 13 (98), 12 (63)]";2764
Multiarranque;40;4;11068;48.0;25;"Maquina 1: [20 (28), 23 (2), 3 (20), 38 (59), 13 (98), 22 (59), 0 (61), 33 (74), 32 (88), 5 (91)]";2926;"Maquina 2: [34 (42), 2 (7), 17 (30), 26 (46), 15 (63), 12 (63), 29 (53), 6 (71), 30 (85), 1 (98)]";3169;"Maquina 3: [31 (4), 27 (32), 7 (60), 4 (34), 24 (11), 9 (1), 19 (23), 16 (73), 37 (34), 14 (81)]";2431;"Maquina 4: [18 (37), 28 (2), 25 (28), 11 (33), 36 (59), 10 (38), 35 (79), 39 (79), 21 (34), 8 (68)]";2542
GREEDY;40;4;13101;0.0;1;"Maquina 1: [12 (16), 1 (2), 18 (68), 3 (29), 34 (34), 11 (91), 13 (57), 19 (52), 17 (83), 14 (77)]";2990;"Maquina 2: [21 (18), 8 (44), 25 (2), 26 (32), 10 (53), 16 (68), 32 (57), 31 (78), 24 (83), 23 (91)]";3269;"Maquina 3: [35 (53), 29 (32), 5 (11), 33 (89), 30 (71), 4 (23), 39 (57), 7 (99), 38 (50), 9 (83)]";3489;"Maquina 4: [27 (15), 28 (25), 0 (61), 15 (53), 22 (29), 37 (84), 2 (50), 36 (68), 6 (81), 20 (92)]";3353
GRASP;40;4;11270;43.0;25;"Maquina 1: [28 (25), 5 (11), 34 (34), 2 (50), 29 (32), 39 (57), 17 (83), 31 (78), 37 (84), 11 (91)]";2853;"Maquina 2: [1 (2), 25 (2), 12 (16), 0 (61), 26 (32), 19 (52), 38 (50), 9 (83), 36 (68), 33 (89), 14 (77)]";2940;"Maquina 3: [22 (29), 3 (29), 27 (15), 32 (57), 18 (68), 10 (53), 16 (68), 7 (99), 23 (91)]";2349;"Maquina 4: [4 (23), 8 (44), 21 (18), 13 (57), 15 (53), 6 (81), 35 (53), 30 (71), 24 (83), 20 (92)]";3128
LNS;40;4;13041;2.0;25;"Maquina 1: [12 (16), 1 (2), 18 (68), 3 (29), 34 (34), 11 (91), 13 (57), 19 (52), 17 (83), 14 (77)]";2990;"Maquina 2: [25 (2), 8 (44), 21 (18), 26 (32), 10 (53), 16 (68), 32 (57), 31 (78), 24 (83), 23 (91)]";3209;"Maquina 3: [35 (53), 29 (32), 5 (11), 33 (89), 30 (71), 4 (23), 39 (57), 7 (99), 38 (50), 9 (83)]";3489;"Maquina 4: [27 (15), 28 (25), 0 (61), 15 (53), 22 (29), 37 (84), 2 (50), 36 (68), 6 (81), 20 (92)]";3353
TABÚ;40;4;12034;12.0;25;"Maquina 1: [21 (18), 5 (11), 3 (29), 2 (50), 37 (84), 14 (77), 4 (23), 8 (44), 20 (92), 23 (91)]";2743;"Maquina 2: [25 (2), 19 (52), 26 (32), 22 (29), 31 (78), 13 (57), 0 (61), 11 (91), 36 (68)]";2535;"Maquina 3: [27 (15), 28 (25), 29 (32), 38 (50), 30 (71), 16 (68), 32 (57), 33 (89), 15 (53), 17 (83)]";3062;"Maquina 4: [39 (57), 12 (16), 1 (2), 10 (53), 18 (68), 34 (34), 6 (81), 35 (53), 9 (83), 24 (83), 7 (99)]";3694
VNS;40;4;12598;872.0;25;"Maquina 1: [12 (16), 1 (2), 8 (44), 3 (29), 9 (83), 34 (34), 11 (91), 13 (57), 19 (52), 17 (83), 30 (71)]";3376;"Maquina 2: [21 (18), 18 (68), 25 (2), 26 (32), 10 (53), 16 (68), 32 (57), 24 (83), 23 (91)]";2576;"Maquina 3: [35 (53), 29 (32), 5 (11), 33 (89), 14 (77), 4 (23), 39 (57), 2 (50), 38 (50), 31 (78)]";3193;"Maquina 4: [27 (15), 28 (25), 0 (61), 15 (53), 22 (29), 37 (84), 7 (99), 36 (68), 6 (81), 20 (92)]";3453
Multiarranque;40;4;12068;50.0;25;"Maquina 1: [21 (18), 29 (32), 39 (57), 0 (61), 2 (50), 16 (68), 14 (77), 3 (29), 6 (81)]";2605;"Maquina 2: [34 (34), 26 (32), 22 (29), 13 (57), 28 (25), 30 (71), 31 (78), 35 (53), 23 (91), 37 (84)]";3122;"Maquina 3: [5 (11), 25 (2), 12 (16), 1 (2), 27 (15), 36 (68), 10 (53), 11 (91), 18 (68), 9 (83), 32 (57), 33 (89)]";3226;"Maquina 4: [4 (23), 8 (44), 15 (53), 24 (83), 19 (52), 38 (50), 17 (83), 7 (99), 20 (92)]";3115
GREEDY;40;4;12877;0.0;1;"Maquina 1: [26 (3), 39 (10), 1 (58), 17 (42), 28 (40), 16 (71), 10 (23), 29 (70), 36 (80), 15 (91)]";2923;"Maquina 2: [31 (24), 8 (5), 13 (41), 20 (12), 7 (34), 12 (75), 34 (63), 14 (84), 27 (99), 30 (49), 11 (90)]";3727;"Maquina 3: [21 (23), 25 (12), 22 (5), 35 (58), 18 (43), 24 (89), 5 (71), 38 (79), 2 (37), 3 (99)]";3178;"Maquina 4: [4 (32), 9 (17), 33 (54), 6 (7), 37 (40), 32 (98), 23 (68), 19 (76), 0 (85)]";3049
GRASP;40;4;11949;58.0;25;"Maquina 1: [10 (23), 28 (40), 2 (37), 1 (58), 23 (68), 3 (99), 35 (58), 11 (90), 32 (98)]";2975;"Maquina 2: [25 (12), 6 (7), 20 (12), 26 (3), 22 (5), 18 (43), 24 (89), 19 (76), 34 (63), 36 (80), 0 (85)]";2890;"Maquina 3: [21 (23), 39 (10), 16 (71), 4 (32), 13 (41), 33 (54), 29 (70), 27 (99), 12 (75), 14 (84)]";3293;"Maquina 4: [8 (5), 17 (42), 31 (24), 9 (17), 7 (34), 37 (40), 5 (71), 38 (79), 30 (49), 15 (91)]";2791
LNS;40;4;12877;4.0;25;"Maquina 1: [26 (3), 39 (10), 1 (58), 17 (42), 28 (40), 16 (71), 10 (23), 29 (70), 36 (80), 15 (91)]";2923;"Maquina 2: [31 (24), 8 (5), 13 (41), 20 (12), 7 (34), 12 (75), 34 (63), 14 (84), 27 (99), 30 (49), 11 (90)]";3727;"Maquina 3: [21 (23), 25 (12), 22 (5), 35 (58), 18 (43), 24 (89), 5 (71), 38 (79), 2 (37), 3 (99)]";3178;"Maquina 4: [4 (32), 9 (17), 33 (54), 6 (7), 37 (40), 32 (98), 23 (68), 19 (76), 0 (85)]";3049
TABÚ;40;4;11796;18.0;25;"Maquina 1: [8 (5), 20 (12), 26 (3), 17 (42), 31 (24), 19 (76), 7 (34), 34 (63), 3 (99), 36 (80)]";2602;"Maquina 2: [25 (12), 6 (7), 21 (23), 16 (71), 2 (37), 1 (58), 24 (89), 5 (71), 37 (40), 35 (58)]";2706;"Maquina 3: [4 (32), 9 (17), 30 (49), 29 (70), 22 (5), 0 (85), 13 (41), 15 (91), 38 (79), 32 (98)]";3178;"Maquina 4: [33 (54), 39 (10), 18 (43), 28 (40), 10 (23), 23 (68), 12 (75), 14 (84), 11 (90), 27 (99)]";3310
VNS;40;4;11839;887.0;25;"Maquina 1: [26 (3), 39 (10), 1 (58), 17 (42), 28 (40), 16 (71), 10 (23), 29 (70), 23 (68), 3 (99)]";2801;"Maquina 2: [31 (24), 8 (5), 13 (41), 20 (12), 7 (34), 12 (75), 14 (84), 11 (90), 33 (54), 27 (99)]";2902;"Maquina 3: [21 (23), 25 (12), 6 (7), 18 (43), 24 (89), 5 (71), 38 (79), 2 (37), 34 (63), 15 (91)]";3013;"Maquina 4: [22 (5), 4 (32), 9 (17), 30 (49), 35 (58), 37 (40), 32 (98), 36 (80), 19 (76), 0 (85)]";3123
Multiarranque;40;4;11833;48.0;25;"Maquina 1: [4 (32), 28 (40), 10 (23), 1 (58), 13 (41), 23 (68), 12 (75), 15 (91), 34 (63)]";2628;"Maquina 2: [7 (34), 39 (10), 20 (12), 36 (80), 31 (24), 14 (84), 30 (49), 27 (99), 5 (71), 0 (85)]";3197;"Maquina 3: [8 (5), 25 (12), 22 (5), 6 (7), 21 (23), 16 (71), 38 (79), 11 (90), 33 (54), 19 (76), 24 (89)]";2920;"Maquina 4: [37 (40), 35 (58), 18 (43), 26 (3), 9 (17), 2 (37), 17 (42), 32 (98), 29 (70), 3 (99)]";3088
