GREEDY;40;6;8797;0.0;1;"Maquina 1: [1 (2), 30 (71), 13 (57), 19 (52), 4 (23), 7 (99), 24 (83)]";1620;"Maquina 2: [25 (2), 28 (25), 34 (34), 15 (53), 17 (83), 16 (68), 11 (91)]";1503;"Maquina 3: [5 (11), 3 (29), 32 (57), 18 (68), 8 (44), 20 (92), 6 (81)]";1470;"Maquina 4: [38 (50), 27 (15), 0 (61), 22 (29), 31 (78), 33 (89)]";1424;"Maquina 5: [12 (16), 39 (57), 26 (32), 10 (53), 37 (84), 14 (77)]";1268;"Maquina 6: [21 (18), 2 (50), 29 (32), 35 (53), 9 (83), 36 (68), 23 (91)]";1512
GRASP;40;6;7713;52.0;25;"Maquina 1: [8 (44), 28 (25), 5 (11), 31 (78), 35 (53), 30 (71), 32 (57)]";1375;"Maquina 2: [21 (18), 13 (57), 15 (53), 6 (81), 16 (68), 20 (92), 18 (68)]";1650;"Maquina 3: [27 (15), 34 (34), 26 (32), 19 (52), 17 (83), 14 (77), 24 (83)]";1289;"Maquina 4: [22 (29), 1 (2), 10 (53), 39 (57), 2 (50), 37 (84), 7 (99)]";1332;"Maquina 5: [29 (32), 25 (2), 12 (16), 9 (83), 36 (68), 33 (89)]";828;"Maquina 6: [3 (29), 4 (23), 38 (50), 0 (61), 11 (91), 23 (91)]";1239
LNS;40;6;8747;1.0;25;"Maquina 1: [1 (2), 30 (71), 13 (57), 19 (52), 4 (23), 7 (99), 24 (83)]";1620;"Maquina 2: [25 (2), 28 (25), 34 (34), 15 (53), 17 (83), 16 (68), 11 (91)]";1503;"Maquina 3: [5 (11), 3 (29), 32 (57), 18 (68), 8 (44), 20 (92), 6 (81)]";1470;"Maquina 4: [38 (50), 27 (15), 0 (61), 22 (29), 31 (78), 33 (89)]";1424;"Maquina 5: [26 (32), 39 (57), 12 (16), 10 (53), 37 (84), 14 (77)]";1218;"Maquina 6: [21 (18), 2 (50), 29 (32), 35 (53), 9 (83), 36 (68), 23 (91)]";1512
TABÚ;40;6;8286;14.0;25;"Maquina 1: [26 (32), 22 (29), 3 (29), 32 (57), 37 (84), 36 (68), 17 (83)]";1477;"Maquina 2: [1 (2), 27 (15), 34 (34), 21 (18), 18 (68), 11 (91), 10 (53)]";1017;"Maquina 3: [5 (11), 16 (68), 7 (99), 23 (91), 13 (57), 6 (81)]";1376;"Maquina 4: [2 (50), 25 (2), 12 (16), 9 (83), 35 (53), 38 (50), 24 (83)]";1318;"Maquina 5: [14 (77), 4 (23), 29 (32), 39 (57), 19 (52), 31 (78)]";1266;"Maquina 6: [8 (44), 28 (25), 0 (61), 15 (53), 30 (71), 33 (89), 20 (92)]";1832
VNS;40;6;8537;1046.0;25;"Maquina 1: [1 (2), 30 (71), 13 (57), 19 (52), 4 (23), 7 (99), 24 (83)]";1620;"Maquina 2: [25 (2), 28 (25), 0 (61), 15 (53), 17 (83), 16 (68), 11 (91)]";1560;"Maquina 3: [5 (11), 3 (29), 32 (57), 18 (68), 8 (44), 20 (92), 6 (81)]";1470;"Maquina 4: [38 (50), 27 (15), 34 (34), 22 (29), 31 (78), 33 (89)]";1162;"Maquina 5: [12 (16), 39 (57), 10 (53), 26 (32), 37 (84), 14 (77)]";1213;"Maquina 6: [21 (18), 2 (50), 29 (32), 35 (53), 9 (83), 36 (68), 23 (91)]";1512
Multiarranque;40;6;8676;50.0;25;"Maquina 1: [1 (2), 5 (11), 33 (89), 30 (71), 13 (57), 6 (81), 24 (83)]";1589;"Maquina 2: [26 (32), 22 (29), 9 (83), 2 (50), 36 (68), 23 (91)]";1365;"Maquina 3: [21 (18), 18 (68), 34 (34), 15 (53), 35 (53), 16 (68)]";1196;"Maquina 4: [29 (32), 25 (2), 28 (25), 38 (50), 31 (78), 4 (23), 8 (44), 20 (92)]";1517;"Maquina 5: [27 (15), 32 (57), 19 (52), 0 (61), 11 (91), 14 (77)]";1303;"Maquina 6: [12 (16), 3 (29), 10 (53), 39 (57), 7 (99), 17 (83), 37 (84)]";1706
GREEDY;40;6;9347;0.0;1;"Maquina 1: [3 (20), 9 (1), 29 (53), 37 (34), 15 (63), 1 (98), 35 (79)]";1757;"Maquina 2: [23 (2), 38 (59), 10 (38), 19 (23), 12 (63), 13 (98), 39 (79)]";1797;"Maquina 3: [28 (2), 20 (28), 4 (34), 7 (60), 34 (42), 32 (88), 16 (73)]";1486;"Maquina 4: [25 (28), 11 (33), 31 (4), 0 (61), 33 (74), 5 (91), 26 (46)]";1641;"Maquina 5: [2 (7), 21 (34), 17 (30), 8 (68), 14 (81), 22 (59)]";1325;"Maquina 6: [27 (32), 24 (11), 36 (59), 6 (71), 18 (37), 30 (85)]";1341
GRASP;40;6;7098;50.0;25;"Maquina 1: [19 (23), 28 (2), 25 (28), 11 (33), 36 (59), 21 (34), 6 (71)]";879;"Maquina 2: [23 (2), 29 (53), 22 (59), 0 (61), 15 (63), 32 (88), 5 (91)]";1546;"Maquina 3: [9 (1), 2 (7), 4 (34), 33 (74), 14 (81), 39 (79)]";790;"Maquina 4: [7 (60), 18 (37), 10 (38), 26 (46), 20 (28), 30 (85), 1 (98)]";1495;"Maquina 5: [37 (34), 17 (30), 27 (32), 16 (73), 8 (68), 13 (98)]";1238;"Maquina 6: [31 (4), 24 (11), 35 (79), 3 (20), 38 (59), 34 (42), 12 (63)]";1150
LNS;40;6;9283;2.0;25;"Maquina 1: [3 (20), 9 (1), 29 (53), 37 (34), 15 (63), 1 (98), 35 (79)]";1757;"Maquina 2: [23 (2), 38 (59), 10 (38), 19 (23), 12 (63), 13 (98), 39 (79)]";1797;"Maquina 3: [28 (2), 20 (28), 4 (34), 32 (88), 34 (42), 7 (60), 16 (73)]";1422;"Maquina 4: [25 (28), 11 (33), 31 (4), 0 (61), 33 (74), 5 (91), 26 (46)]";1641;"Maquina 5: [2 (7), 21 (34), 17 (30), 8 (68), 14 (81), 22 (59)]";1325;"Maquina 6: [27 (32), 24 (11), 36 (59), 6 (71), 18 (37), 30 (85)]";1341
TABÚ;40;6;7526;14.0;25;"Maquina 1: [20 (28), 4 (34), 23 (2), 26 (46), 21 (34), 15 (63), 39 (79)]";1086;"Maquina 2: [18 (37), 19 (23), 22 (59), 10 (38), 17 (30), 14 (81), 5 (91)]";1463;"Maquina 3: [2 (7), 27 (32), 16 (73), 29 (53), 1 (98), 32 (88)]";1266;"Maquina 4: [31 (4), 6 (71), 34 (42), 36 (59), 8 (68), 33 (74), 30 (85)]";1544;"Maquina 5: [28 (2), 25 (28), 11 (33), 0 (61), 35 (79), 38 (59), 13 (98)]";1200;"Maquina 6: [24 (11), 9 (1), 37 (34), 12 (63), 3 (20), 7 (60)]";967
VNS;40;6;8651;973.0;25;"Maquina 1: [3 (20), 9 (1), 29 (53), 37 (34), 6 (71), 1 (98), 35 (79)]";1715;"Maquina 2: [23 (2), 38 (59), 10 (38), 7 (60), 12 (63), 13 (98)]";1158;"Maquina 3: [28 (2), 20 (28), 4 (34), 32 (88), 34 (42), 19 (23), 16 (73)]";1418;"Maquina 4: [25 (28), 11 (33), 31 (4), 15 (63), 5 (91), 33 (74)]";1018;"Maquina 5: [2 (7), 26 (46), 21 (34), 17 (30), 8 (68), 14 (81), 22 (59)]";1387;"Maquina 6: [27 (32), 24 (11), 36 (59), 0 (61), 18 (37), 39 (79), 30 (85)]";1955
Multiarranque;40;6;7972;44.0;25;"Maquina 1: [24 (11), 16 (73), 29 (53), 13 (98), 3 (20), 15 (63)]";1301;"Maquina 2: [37 (34), 31 (4), 6 (71), 8 (68), 4 (34), 38 (59), 32 (88)]";1343;"Maquina 3: [27 (32), 19 (23), 22 (59), 9 (1), 20 (28), 30 (85), 14 (81)]";1422;"Maquina 4: [34 (42), 2 (7), 11 (33), 18 (37), 5 (91), 39 (79)]";1150;"Maquina 5: [28 (2), 23 (2), 26 (46), 33 (74), 17 (30), 0 (61), 1 (98)]";1290;"Maquina 6: [10 (38), 25 (28), 21 (34), 7 (60), 12 (63), 36 (59), 35 (79)]";1466
GREEDY;40;6;7905;0.0;1;"Maquina 1: [2 (2), 19 (29), 39 (13), 18 (35), 17 (91), 33 (56), 37 (69)]";1375;"Maquina 2: [25 (14), 23 (3), 30 (25), 3 (63), 10 (35), 12 (94), 34 (49), 11 (80)]";1510;"Maquina 3: [14 (19), 31 (31), 24 (3), 36 (46), 7 (58), 27 (73)]";1048;"Maquina 4: [6 (27), 38 (3), 35 (20), 21 (40), 20 (84), 0 (58)]";1057;"Maquina 5: [28 (5), 16 (55), 1 (67), 26 (86), 32 (22), 9 (31)]";1355;"Maquina 6: [4 (6), 22 (38), 8 (63), 15 (25), 13 (48), 29 (75), 5 (97)]";1560
GRASP;40;6;6026;78.0;25;"Maquina 1: [35 (20), 28 (5), 36 (46), 30 (25), 37 (69), 17 (91), 27 (73)]";1165;"Maquina 2: [24 (3), 32 (22), 3 (63), 10 (35), 18 (35), 29 (75), 11 (80)]";1074;"Maquina 3: [38 (3), 9 (31), 31 (31), 21 (40), 16 (55), 8 (63), 1 (67)]";1028;"Maquina 4: [13 (48), 23 (3), 22 (38), 19 (29), 7 (58), 26 (86), 12 (94)]";1302;"Maquina 5: [15 (25), 2 (2), 33 (56), 34 (49), 5 (97), 0 (58)]";889;"Maquina 6: [39 (13), 25 (14), 4 (6), 6 (27), 14 (19), 20 (84)]";568
LNS;40;6;7631;2.0;25;"Maquina 1: [39 (13), 19 (29), 2 (2), 18 (35), 17 (91), 33 (56), 37 (69)]";1287;"Maquina 2: [25 (14), 23 (3), 30 (25), 3 (63), 10 (35), 12 (94), 34 (49), 11 (80)]";1510;"Maquina 3: [24 (3), 36 (46), 14 (19), 31 (31), 7 (58), 27 (73)]";862;"Maquina 4: [6 (27), 38 (3), 35 (20), 21 (40), 20 (84), 0 (58)]";1057;"Maquina 5: [28 (5), 16 (55), 1 (67), 26 (86), 32 (22), 9 (31)]";1355;"Maquina 6: [4 (6), 22 (38), 8 (63), 15 (25), 13 (48), 29 (75), 5 (97)]";1560
TABÚ;40;6;6425;40.0;25;"Maquina 1: [24 (3), 16 (55), 27 (73), 0 (58), 5 (97), 26 (86)]";1173;"Maquina 2: [19 (29), 25 (14), 7 (58), 6 (27), 21 (40), 17 (91), 29 (75)]";1243;"Maquina 3: [28 (5), 38 (3), 23 (3), 10 (35), 33 (56), 37 (69), 1 (67)]";967;"Maquina 4: [15 (25), 2 (2), 18 (35), 9 (31), 31 (31), 20 (84)]";718;"Maquina 5: [35 (20), 14 (19), 39 (13), 13 (48), 12 (94), 22 (38), 8 (63)]";1150;"Maquina 6: [4 (6), 36 (46), 30 (25), 32 (22), 3 (63), 34 (49), 11 (80)]";1174
VNS;40;6;7268;1075.0;25;"Maquina 1: [2 (2), 19 (29), 39 (13), 18 (35), 17 (91), 33 (56), 37 (69)]";1375;"Maquina 2: [25 (14), 23 (3), 30 (25), 3 (63), 10 (35), 12 (94), 34 (49), 11 (80)]";1510;"Maquina 3: [14 (19), 31 (31), 21 (40), 36 (46), 9 (31), 7 (58), 27 (73)]";1263;"Maquina 4: [6 (27), 38 (3), 35 (20), 28 (5), 20 (84), 29 (75)]";805;"Maquina 5: [24 (3), 16 (55), 1 (67), 26 (86), 32 (22), 0 (58)]";1247;"Maquina 6: [4 (6), 22 (38), 8 (63), 15 (25), 13 (48), 5 (97)]";1068
Multiarranque;40;6;6634;51.0;25;"Maquina 1: [2 (2), 19 (29), 4 (6), 7 (58), 8 (63), 33 (56), 37 (69)]";1099;"Maquina 2: [24 (3), 38 (3), 35 (20), 28 (5), 25 (14), 30 (25), 1 (67), 0 (58), 17 (91)]";1201;"Maquina 3: [14 (19), 18 (35), 29 (75), 34 (49), 20 (84), 11 (80)]";1268;"Maquina 4: [6 (27), 36 (46), 3 (63), 26 (86), 13 (48)]";1018;"Maquina 5: [39 (13), 9 (31), 31 (31), 22 (38), 27 (73), 5 (97)]";863;"Maquina 6: [15 (25), 23 (3), 10 (35), 21 (40), 16 (55), 12 (94), 32 (22)]";1185
GREEDY;40;6;9632;0.0;1;"Maquina 1: [15 (47), 4 (23), 38 (5), 30 (70), 24 (55), 32 (34), 39 (90)]";1482;"Maquina 2: [37 (13), 17 (25), 11 (41), 31 (94), 10 (76), 33 (59), 34 (46)]";1629;"Maquina 3: [22 (17), 29 (25), 0 (70), 36 (43), 13 (50), 35 (86)]";1326;"Maquina 4: [26 (31), 25 (17), 3 (44), 2 (68), 16 (82), 21 (48), 14 (98)]";1879;"Maquina 5: [12 (46), 5 (33), 18 (18), 6 (55), 27 (70), 7 (93)]";1480;"Maquina 6: [9 (22), 8 (51), 28 (34), 23 (62), 1 (82), 20 (44), 19 (96)]";1836
GRASP;40;6;7550;44.0;25;"Maquina 1: [26 (31), 9 (22), 11 (41), 30 (70), 31 (94), 19 (96)]";1092;"Maquina 2: [28 (34), 37 (13), 7 (93), 15 (47), 16 (82), 24 (55), 2 (68)]";1578;"Maquina 3: [29 (25), 25 (17), 36 (43), 6 (55), 34 (46), 14 (98), 39 (90)]";1412;"Maquina 4: [5 (33), 21 (48), 17 (25), 18 (18), 27 (70), 10 (76), 33 (59)]";1373;"Maquina 5: [4 (23), 22 (17), 3 (44), 32 (34), 0 (70), 1 (82), 35 (86)]";1280;"Maquina 6: [38 (5), 13 (50), 20 (44), 12 (46), 8 (51), 23 (62)]";815
LNS;40;6;9534;1.0;25;"Maquina 1: [15 (47), 4 (23), 38 (5), 30 (70), 24 (55), 32 (34), 39 (90)]";1482;"Maquina 2: [37 (13), 17 (25), 11 (41), 31 (94), 10 (76), 33 (59), 34 (46)]";1629;"Maquina 3: [22 (17), 29 (25), 0 (70), 36 (43), 13 (50), 35 (86)]";1326;"Maquina 4: [26 (31), 25 (17), 3 (44), 2 (68), 16 (82), 21 (48), 14 (98)]";1879;"Maquina 5: [12 (46), 18 (18), 6 (55), 5 (33), 27 (70), 7 (93)]";1382;"Maquina 6: [9 (22), 8 (51), 28 (34), 23 (62), 1 (82), 20 (44), 19 (96)]";1836
TABÚ;40;6;7939;15.0;25;"Maquina 1: [4 (23), 17 (25), 26 (31), 16 (82), 30 (70), 15 (47), 35 (86)]";1418;"Maquina 2: [28 (34), 38 (5), 10 (76), 22 (17), 23 (62), 5 (33), 39 (90)]";1256;"Maquina 3: [21 (48), 29 (25), 8 (51), 33 (59), 3 (44), 27 (70)]";1202;"Maquina 4: [37 (13), 7 (93), 20 (44), 12 (46), 24 (55), 2 (68)]";1150;"Maquina 5: [18 (18), 6 (55), 34 (46), 1 (82), 32 (34), 36 (43), 31 (94)]";1511;"Maquina 6: [25 (17), 9 (22), 11 (41), 0 (70), 19 (96), 13 (50), 14 (98)]";1402
VNS;40;6;8742;873.0;25;"Maquina 1: [15 (47), 4 (23), 38 (5), 30 (70), 5 (33), 35 (86), 7 (93)]";1322;"Maquina 2: [17 (25), 11 (41), 31 (94), 10 (76), 33 (59), 19 (96)]";1453;"Maquina 3: [20 (44), 22 (17), 29 (25), 0 (70), 36 (43), 13 (50), 1 (82)]";1695;"Maquina 4: [37 (13), 26 (31), 25 (17), 3 (44), 2 (68), 21 (48), 14 (98)]";1512;"Maquina 5: [12 (46), 24 (55), 18 (18), 6 (55), 16 (82), 27 (70), 39 (90)]";1737;"Maquina 6: [9 (22), 8 (51), 28 (34), 32 (34), 23 (62), 34 (46)]";1023
Multiarranque;40;6;8324;49.0;25;"Maquina 1: [29 (25), 25 (17), 20 (44), 12 (46), 8 (51), 32 (34), 7 (93)]";1294;"Maquina 2: [22 (17), 5 (33), 34 (46), 2 (68), 31 (94), 19 (96)]";1203;"Maquina 3: [4 (23), 38 (5), 27 (70), 17 (25), 0 (70), 36 (43), 14 (98)]";1485;"Maquina 4: [28 (34), 18 (18), 24 (55), 16 (82), 21 (48), 35 (86), 23 (62)]";1545;"Maquina 5: [3 (44), 30 (70), 11 (41), 6 (55), 1 (82), 39 (90)]";1536;"Maquina 6: [37 (13), 26 (31), 9 (22), 13 (50), 15 (47), 10 (76), 33 (59)]";1261
GREEDY;40;6;7350;0.0;1;"Maquina 1: [31 (35), 19 (2), 11 (58), 10 (25), 37 (44), 2 (80), 9 (98)]";1449;"Maquina 2: [33 (44), 18 (25), 8 (3), 36 (72), 3 (35), 22 (55), 20 (92)]";1236;"Maquina 3: [1 (4), 23 (25), 4 (30), 34 (41), 25 (48), 13 (72), 39 (90)]";1143;"Maquina 4: [15 (4), 21 (28), 28 (29), 16 (44), 5 (54), 29 (73), 12 (97)]";1406;"Maquina 5: [35 (9), 24 (41), 0 (64), 27 (28), 26 (45), 30 (84)]";1020;"Maquina 6: [7 (10), 14 (46), 6 (29), 17 (36), 32 (85), 38 (67)]";1096
GRASP;40;6;6016;48.0;25;"Maquina 1: [35 (9), 31 (35), 26 (45), 14 (46), 13 (72), 2 (80)]";830;"Maquina 2: [15 (4), 21 (28), 10 (25), 17 (36), 28 (29), 20 (92), 36 (72)]";975;"Maquina 3: [1 (4), 4 (30), 23 (25), 6 (29), 11 (58), 32 (85), 12 (97)]";1104;"Maquina 4: [8 (3), 27 (28), 18 (25), 22 (55), 25 (48), 30 (84), 9 (98)]";1037;"Maquina 5: [19 (2), 34 (41), 7 (10), 5 (54), 24 (41), 0 (64), 29 (73)]";1032;"Maquina 6: [3 (35), 37 (44), 33 (44), 16 (44), 38 (67), 39 (90)]";1038
LNS;40;6;7278;1.0;25;"Maquina 1: [31 (35), 19 (2), 11 (58), 10 (25), 37 (44), 2 (80), 9 (98)]";1449;"Maquina 2: [33 (44), 18 (25), 8 (3), 36 (72), 3 (35), 22 (55), 20 (92)]";1236;"Maquina 3: [1 (4), 4 (30), 23 (25), 34 (41), 13 (72), 25 (48), 39 (90)]";1115;"Maquina 4: [15 (4), 29 (73), 16 (44), 21 (28), 28 (29), 5 (54), 12 (97)]";1362;"Maquina 5: [35 (9), 24 (41), 0 (64), 27 (28), 26 (45), 30 (84)]";1020;"Maquina 6: [7 (10), 14 (46), 6 (29), 17 (36), 32 (85), 38 (67)]";1096
TABÚ;40;6;6253;15.0;25;"Maquina 1: [1 (4), 10 (25), 17 (36), 16 (44), 38 (67), 22 (55), 2 (80)]";1035;"Maquina 2: [8 (3), 24 (41), 14 (46), 21 (28), 11 (58), 12 (97), 9 (98)]";1260;"Maquina 3: [19 (2), 3 (35), 18 (25), 37 (44), 6 (29), 0 (64), 39 (90)]";1073;"Maquina 4: [28 (29), 35 (9), 31 (35), 26 (45), 36 (72), 5 (54), 29 (73)]";1124;"Maquina 5: [15 (4), 7 (10), 33 (44), 34 (41), 13 (72), 20 (92)]";771;"Maquina 6: [23 (25), 4 (30), 25 (48), 27 (28), 32 (85), 30 (84)]";990
VNS;40;6;6710;654.0;25;"Maquina 1: [19 (2), 11 (58), 10 (25), 22 (55), 2 (80), 9 (98)]";1104;"Maquina 2: [33 (44), 18 (25), 8 (3), 36 (72), 3 (35), 37 (44), 20 (92)]";1216;"Maquina 3: [1 (4), 23 (25), 4 (30), 17 (36), 25 (48), 13 (72), 39 (90)]";1146;"Maquina 4: [15 (4), 21 (28), 6 (29), 27 (28), 16 (44), 38 (67), 12 (97)]";1029;"Maquina 5: [35 (9), 5 (54), 24 (41), 0 (64), 31 (35), 26 (45), 30 (84)]";1265;"Maquina 6: [7 (10), 14 (46), 28 (29), 34 (41), 32 (85), 29 (73)]";950
Multiarranque;40;6;6565;42.0;25;"Maquina 1: [3 (35), 18 (25), 1 (4), 10 (25), 11 (58), 26 (45), 38 (67)]";1046;"Maquina 2: [15 (4), 35 (9), 37 (44), 0 (64), 30 (84), 32 (85)]";885;"Maquina 3: [6 (29), 21 (28), 23 (25), 31 (35), 16 (44), 12 (97), 9 (98)]";1232;"Maquina 4: [19 (2), 34 (41), 24 (41), 22 (55), 36 (72), 27 (28), 29 (73)]";1213;"Maquina 5: [7 (10), 8 (3), 20 (92), 17 (36), 33 (44), 13 (72), 2 (80)]";1135;"Maquina 6: [4 (30), 28 (29), 25 (48), 39 (90), 14 (46), 5 (54)]";1054
GREEDY;40;6;5832;0.0;1;"Maquina 1: [35 (6), 0 (3), 5 (49), 39 (27), 14 (55), 10 (65), 32 (99)]";1162;"Maquina 2: [8 (3), 25 (10), 33 (45), 23 (29), 28 (55), 15 (81)]";848;"Maquina 3: [19 (14), 12 (3), 1 (22), 24 (29), 22 (60), 17 (90), 21 (51)]";966;"Maquina 4: [30 (15), 37 (4), 9 (29), 4 (42), 20 (55), 2 (71)]";807;"Maquina 5: [26 (18), 7 (5), 27 (16), 3 (52), 18 (61), 6 (31), 11 (90)]";918;"Maquina 6: [13 (5), 38 (16), 16 (40), 31 (69), 29 (19), 36 (54), 34 (95)]";1131
GRASP;40;6;4930;43.0;25;"Maquina 1: [13 (5), 25 (10), 6 (31), 14 (55), 5 (49), 18 (61)]";596;"Maquina 2: [23 (29), 30 (15), 37 (4), 3 (52), 31 (69), 34 (95), 32 (99)]";1124;"Maquina 3: [8 (3), 35 (6), 19 (14), 36 (54), 16 (40), 4 (42), 21 (51)]";721;"Maquina 4: [26 (18), 12 (3), 33 (45), 24 (29), 20 (55), 10 (65), 17 (90)]";993;"Maquina 5: [7 (5), 27 (16), 39 (27), 9 (29), 2 (71), 28 (55)]";617;"Maquina 6: [0 (3), 38 (16), 1 (22), 29 (19), 22 (60), 11 (90), 15 (81)]";879
LNS;40;6;5750;1.0;25;"Maquina 1: [35 (6), 0 (3), 5 (49), 39 (27), 14 (55), 10 (65), 32 (99)]";1162;"Maquina 2: [8 (3), 28 (55), 33 (45), 25 (10), 23 (29), 15 (81)]";773;"Maquina 3: [19 (14), 12 (3), 1 (22), 24 (29), 22 (60), 17 (90), 21 (51)]";966;"Maquina 4: [30 (15), 37 (4), 20 (55), 9 (29), 4 (42), 2 (71)]";800;"Maquina 5: [26 (18), 7 (5), 27 (16), 3 (52), 18 (61), 6 (31), 11 (90)]";918;"Maquina 6: [13 (5), 38 (16), 16 (40), 31 (69), 29 (19), 36 (54), 34 (95)]";1131
TABÚ;40;6;5011;12.0;25;"Maquina 1: [19 (14), 0 (3), 29 (19), 3 (52), 31 (69), 24 (29), 32 (99)]";939;"Maquina 2: [13 (5), 25 (10), 16 (40), 4 (42), 20 (55), 11 (90)]";631;"Maquina 3: [37 (4), 1 (22), 38 (16), 6 (31), 28 (55), 10 (65), 17 (90)]";929;"Maquina 4: [30 (15), 8 (3), 36 (54), 21 (51), 9 (29), 34 (95)]";769;"Maquina 5: [26 (18), 35 (6), 12 (3), 23 (29), 14 (55), 33 (45), 2 (71)]";751;"Maquina 6: [7 (5), 27 (16), 5 (49), 39 (27), 22 (60), 15 (81), 18 (61)]";992
VNS;40;6;5464;658.0;25;"Maquina 1: [5 (49), 39 (27), 14 (55), 9 (29), 2 (71)]";782;"Maquina 2: [8 (3), 35 (6), 25 (10), 33 (45), 23 (29), 28 (55), 15 (81)]";808;"Maquina 3: [0 (3), 19 (14), 12 (3), 1 (22), 29 (19), 22 (60), 36 (54), 21 (51)]";867;"Maquina 4: [30 (15), 37 (4), 10 (65), 4 (42), 20 (55), 11 (90)]";900;"Maquina 5: [26 (18), 7 (5), 27 (16), 3 (52), 18 (61), 6 (31), 32 (99)]";898;"Maquina 6: [13 (5), 38 (16), 16 (40), 31 (69), 24 (29), 17 (90), 34 (95)]";1209
Multiarranque;40;6;5343;50.0;25;"Maquina 1: [37 (4), 35 (6), 12 (3), 29 (19), 20 (55), 5 (49), 31 (69)]";782;"Maquina 2: [27 (16), 38 (16), 39 (27), 24 (29), 22 (60), 3 (52), 10 (65)]";1050;"Maquina 3: [9 (29), 30 (15), 6 (31), 14 (55), 15 (81), 2 (71)]";889;"Maquina 4: [8 (3), 0 (3), 19 (14), 13 (5), 23 (29), 21 (51), 4 (42), 17 (90)]";785;"Maquina 5: [1 (22), 7 (5), 25 (10), 11 (90), 36 (54), 32 (99)]";826;"Maquina 6: [26 (18), 18 (61), 16 (40), 28 (55), 33 (45), 34 (95)]";1011
GREEDY;40;6;6095;0.0;1;"Maquina 1: [4 (23), 23 (7), 9 (2), 28 (46), 14 (67), 37 (77), 22 (98)]";1204;"Maquina 2: [8 (8), 30 (2), 20 (20), 15 (56), 27 (74), 26 (33), 29 (89)]";951;"Maquina 3: [18 (29), 3 (4), 19 (9), 11 (48), 16 (67), 36 (82)]";820;"Maquina 4: [33 (20), 7 (4), 31 (10), 6 (43), 1 (66), 32 (80), 39 (96)]";1161;"Maquina 5: [12 (5), 10 (13), 2 (27), 0 (34), 25 (56), 24 (90), 21 (76)]";1068;"Maquina 6: [38 (18), 17 (6), 34 (67), 35 (31), 13 (52), 5 (85)]";891
GRASP;40;6;5274;46.0;25;"Maquina 1: [30 (2), 20 (20), 19 (9), 17 (6), 34 (67), 0 (34), 29 (89), 21 (76)]";1064;"Maquina 2: [8 (8), 31 (10), 18 (29), 14 (67), 1 (66), 32 (80)]";708;"Maquina 3: [12 (5), 10 (13), 33 (20), 37 (77), 28 (46), 13 (52), 24 (90)]";975;"Maquina 4: [9 (2), 38 (18), 15 (56), 2 (27), 39 (96), 22 (98)]";778;"Maquina 5: [7 (4), 3 (4), 23 (7), 6 (43), 27 (74), 36 (82), 5 (85)]";862;"Maquina 6: [4 (23), 35 (31), 26 (33), 25 (56), 11 (48), 16 (67)]";887
LNS;40;6;6095;1.0;25;"Maquina 1: [4 (23), 23 (7), 9 (2), 28 (46), 14 (67), 37 (77), 22 (98)]";1204;"Maquina 2: [8 (8), 30 (2), 20 (20), 15 (56), 27 (74), 26 (33), 29 (89)]";951;"Maquina 3: [18 (29), 3 (4), 19 (9), 11 (48), 16 (67), 36 (82)]";820;"Maquina 4: [33 (20), 7 (4), 31 (10), 6 (43), 1 (66), 32 (80), 39 (96)]";1161;"Maquina 5: [12 (5), 10 (13), 2 (27), 0 (34), 25 (56), 24 (90), 21 (76)]";1068;"Maquina 6: [38 (18), 17 (6), 34 (67), 35 (31), 13 (52), 5 (85)]";891
TABÚ;40;6;5277;14.0;25;"Maquina 1: [8 (8), 30 (2), 0 (34), 38 (18), 25 (56), 29 (89), 24 (90)]";848;"Maquina 2: [9 (2), 7 (4), 4 (23), 6 (43), 27 (74), 21 (76), 37 (77)]";988;"Maquina 3: [12 (5), 10 (13), 2 (27), 14 (67), 35 (31), 34 (67)]";664;"Maquina 4: [17 (6), 31 (10), 20 (20), 19 (9), 1 (66), 32 (80), 22 (98)]";820;"Maquina 5: [18 (29), 3 (4), 28 (46), 13 (52), 11 (48), 16 (67), 5 (85)]";1110;"Maquina 6: [23 (7), 26 (33), 33 (20), 15 (56), 39 (96), 36 (82)]";847
VNS;40;6;5684;933.0;25;"Maquina 1: [4 (23), 23 (7), 9 (2), 36 (82), 14 (67), 37 (77), 5 (85)]";1185;"Maquina 2: [8 (8), 30 (2), 20 (20), 35 (31), 15 (56), 27 (74), 29 (89)]";979;"Maquina 3: [18 (29), 3 (4), 6 (43), 16 (67), 28 (46)]";600;"Maquina 4: [33 (20), 19 (9), 7 (4), 31 (10), 11 (48), 1 (66), 32 (80), 39 (96)]";1169;"Maquina 5: [12 (5), 10 (13), 2 (27), 26 (33), 25 (56), 24 (90), 21 (76)]";963;"Maquina 6: [38 (18), 17 (6), 34 (67), 0 (34), 13 (52), 22 (98)]";788
Multiarranque;40;6;5837;47.0;25;"Maquina 1: [33 (20), 19 (9), 22 (98), 13 (52), 11 (48), 27 (74)]";1030;"Maquina 2: [30 (2), 23 (7), 18 (29), 14 (67), 37 (77), 39 (96), 36 (82)]";1224;"Maquina 3: [9 (2), 17 (6), 31 (10), 20 (20), 8 (8), 10 (13), 2 (27), 29 (89), 24 (90)]";998;"Maquina 4: [4 (23), 35 (31), 26 (33), 38 (18), 15 (56), 5 (85)]";877;"Maquina 5: [12 (5), 6 (43), 7 (4), 3 (4), 16 (67), 1 (66), 32 (80)]";876;"Maquina 6: [28 (46), 25 (56), 0 (34), 34 (67), 21 (76)]";832
GREEDY;40;6;6965;1.0;1;"Maquina 1: [37 (15), 26 (2), 38 (34), 5 (29), 13 (44), 27 (74), 20 (92)]";1011;"Maquina 2: [4 (19), 35 (6), 18 (30), 10 (36), 3 (61), 31 (86), 0 (97)]";1260;"Maquina 3: [36 (6), 25 (19), 23 (32), 19 (43), 39 (91), 21 (63), 30 (99)]";1275;"Maquina 4: [11 (7), 32 (21), 34 (32), 8 (51), 14 (79), 7 (94)]";1047;"Maquina 5: [9 (12), 22 (33), 16 (23), 15 (43), 33 (98), 29 (66), 24 (89)]";1296;"Maquina 6: [17 (13), 1 (58), 2 (34), 28 (25), 12 (83), 6 (94)]";1076
GRASP;40;6;6242;39.0;25;"Maquina 1: [35 (6), 2 (34), 38 (34), 28 (25), 21 (63), 6 (94), 33 (98)]";1139;"Maquina 2: [26 (2), 10 (36), 25 (19), 37 (15), 31 (86), 0 (97), 30 (99)]";1081;"Maquina 3: [4 (19), 9 (12), 13 (44), 18 (30), 14 (79), 39 (91), 27 (74)]";1085;"Maquina 4: [16 (23), 11 (7), 23 (32), 12 (83), 8 (51), 20 (92)]";948;"Maquina 5: [36 (6), 34 (32), 19 (43), 15 (43), 29 (66), 1 (58), 24 (89)]";1164;"Maquina 6: [22 (33), 17 (13), 32 (21), 5 (29), 3 (61), 7 (94)]";825
LNS;40;6;6965;1.0;25;"Maquina 1: [37 (15), 26 (2), 38 (34), 5 (29), 13 (44), 27 (74), 20 (92)]";1011;"Maquina 2: [4 (19), 35 (6), 18 (30), 10 (36), 3 (61), 31 (86), 0 (97)]";1260;"Maquina 3: [36 (6), 25 (19), 23 (32), 19 (43), 39 (91), 21 (63), 30 (99)]";1275;"Maquina 4: [11 (7), 32 (21), 34 (32), 8 (51), 14 (79), 7 (94)]";1047;"Maquina 5: [9 (12), 22 (33), 16 (23), 15 (43), 33 (98), 29 (66), 24 (89)]";1296;"Maquina 6: [17 (13), 1 (58), 2 (34), 28 (25), 12 (83), 6 (94)]";1076
TABÚ;40;6;6363;12.0;25;"Maquina 1: [36 (6), 34 (32), 8 (51), 17 (13), 24 (89), 21 (63), 30 (99)]";1281;"Maquina 2: [15 (43), 11 (7), 38 (34), 22 (33), 31 (86), 27 (74), 6 (94)]";1340;"Maquina 3: [2 (34), 25 (19), 23 (32), 19 (43), 39 (91), 14 (79)]";915;"Maquina 4: [35 (6), 16 (23), 28 (25), 32 (21), 3 (61), 12 (83), 33 (98)]";990;"Maquina 5: [9 (12), 1 (58), 18 (30), 13 (44), 20 (92), 0 (97)]";1000;"Maquina 6: [4 (19), 37 (15), 26 (2), 10 (36), 5 (29), 29 (66), 7 (94)]";837
VNS;40;6;6645;921.0;25;"Maquina 1: [37 (15), 26 (2), 38 (34), 5 (29), 6 (94), 27 (74), 20 (92)]";1071;"Maquina 2: [4 (19), 35 (6), 18 (30), 10 (36), 28 (25), 31 (86), 13 (44)]";1054;"Maquina 3: [36 (6), 34 (32), 25 (19), 23 (32), 19 (43), 39 (91), 21 (63), 30 (99)]";1403;"Maquina 4: [11 (7), 32 (21), 8 (51), 14 (79), 7 (94)]";727;"Maquina 5: [9 (12), 22 (33), 16 (23), 15 (43), 33 (98), 29 (66), 24 (89)]";1296;"Maquina 6: [17 (13), 1 (58), 2 (34), 3 (61), 12 (83), 0 (97)]";1094
Multiarranque;40;6;6601;43.0;25;"Maquina 1: [9 (12), 17 (13), 5 (29), 6 (94), 0 (97), 13 (44)]";1103;"Maquina 2: [32 (21), 21 (63), 8 (51), 3 (61), 27 (74), 30 (99)]";1197;"Maquina 3: [18 (30), 28 (25), 16 (23), 20 (92), 33 (98), 39 (91)]";1138;"Maquina 4: [35 (6), 2 (34), 26 (2), 10 (36), 25 (19), 15 (43), 29 (66), 24 (89)]";1097;"Maquina 5: [4 (19), 37 (15), 36 (6), 34 (32), 19 (43), 22 (33), 12 (83), 31 (86)]";1133;"Maquina 6: [11 (7), 23 (32), 1 (58), 38 (34), 14 (79), 7 (94)]";933
GREEDY;40;6;8237;1.0;1;"Maquina 1: [31 (5), 33 (46), 11 (53), 39 (24), 32 (65), 30 (74), 28 (99)]";1622;"Maquina 2: [0 (10), 35 (25), 37 (51), 29 (38), 34 (63), 13 (71), 14 (88)]";1388;"Maquina 3: [2 (14), 10 (27), 17 (62), 19 (31), 18 (50), 21 (95), 1 (74)]";1389;"Maquina 4: [6 (28), 38 (16), 24 (69), 8 (59), 15 (49), 3 (75)]";1188;"Maquina 5: [7 (17), 4 (29), 27 (50), 22 (39), 9 (64), 25 (74), 36 (98)]";1399;"Maquina 6: [20 (20), 16 (29), 12 (50), 5 (61), 26 (77), 23 (70)]";1251
GRASP;40;6;7113;40.0;25;"Maquina 1: [4 (29), 35 (25), 5 (61), 37 (51), 14 (88), 25 (74)]";1057;"Maquina 2: [0 (10), 12 (50), 10 (27), 27 (50), 9 (64), 23 (70), 28 (99)]";1278;"Maquina 3: [2 (14), 31 (5), 24 (69), 11 (53), 34 (63), 30 (74), 36 (98)]";1313;"Maquina 4: [7 (17), 38 (16), 19 (31), 18 (50), 29 (38), 22 (39), 21 (95)]";1073;"Maquina 5: [39 (24), 6 (28), 33 (46), 13 (71), 17 (62), 3 (75), 32 (65)]";1375;"Maquina 6: [20 (20), 15 (49), 16 (29), 8 (59), 26 (77), 1 (74)]";1017
LNS;40;6;8182;2.0;25;"Maquina 1: [31 (5), 33 (46), 11 (53), 39 (24), 32 (65), 30 (74), 28 (99)]";1622;"Maquina 2: [0 (10), 35 (25), 13 (71), 29 (38), 34 (63), 37 (51), 14 (88)]";1376;"Maquina 3: [2 (14), 10 (27), 17 (62), 19 (31), 18 (50), 21 (95), 1 (74)]";1389;"Maquina 4: [6 (28), 38 (16), 24 (69), 15 (49), 8 (59), 3 (75)]";1147;"Maquina 5: [7 (17), 4 (29), 27 (50), 22 (39), 9 (64), 25 (74), 36 (98)]";1399;"Maquina 6: [12 (50), 16 (29), 20 (20), 5 (61), 26 (77), 23 (70)]";1249
TABÚ;40;6;7060;13.0;25;"Maquina 1: [16 (29), 0 (10), 19 (31), 37 (51), 5 (61), 26 (77), 1 (74)]";1160;"Maquina 2: [31 (5), 7 (17), 33 (46), 22 (39), 9 (64), 23 (70), 24 (69)]";1162;"Maquina 3: [38 (16), 2 (14), 18 (50), 32 (65), 34 (63), 8 (59), 3 (75)]";1295;"Maquina 4: [4 (29), 10 (27), 12 (50), 11 (53), 17 (62), 36 (98)]";1051;"Maquina 5: [39 (24), 6 (28), 30 (74), 15 (49), 21 (95), 25 (74)]";1076;"Maquina 6: [29 (38), 35 (25), 20 (20), 27 (50), 13 (71), 14 (88), 28 (99)]";1316
VNS;40;6;7629;619.0;25;"Maquina 1: [31 (5), 12 (50), 11 (53), 39 (24), 25 (74), 30 (74), 15 (49)]";1313;"Maquina 2: [0 (10), 35 (25), 8 (59), 29 (38), 23 (70), 13 (71), 14 (88)]";1373;"Maquina 3: [2 (14), 10 (27), 3 (75), 19 (31), 18 (50), 21 (95), 1 (74)]";1391;"Maquina 4: [6 (28), 38 (16), 16 (29), 37 (51), 17 (62), 28 (99)]";905;"Maquina 5: [7 (17), 4 (29), 27 (50), 22 (39), 9 (64), 32 (65), 24 (69), 36 (98)]";1916;"Maquina 6: [20 (20), 33 (46), 5 (61), 26 (77), 34 (63)]";731
Multiarranque;40;6;7246;47.0;25;"Maquina 1: [35 (25), 22 (39), 5 (61), 33 (46), 9 (64), 36 (98)]";1096;"Maquina 2: [23 (70), 15 (49), 12 (50), 32 (65), 1 (74), 26 (77)]";1406;"Maquina 3: [16 (29), 19 (31), 20 (20), 37 (51), 34 (63), 30 (74), 24 (69)]";1207;"Maquina 4: [0 (10), 8 (59), 29 (38), 38 (16), 13 (71), 3 (75), 28 (99)]";1356;"Maquina 5: [4 (29), 2 (14), 18 (50), 6 (28), 11 (53), 14 (88), 25 (74)]";1140;"Maquina 6: [31 (5), 7 (17), 10 (27), 39 (24), 27 (50), 17 (62), 21 (95)]";1041
GREEDY;40;6;9026;0.0;1;"Maquina 1: [26 (15), 27 (31), 0 (3), 2 (76), 19 (82), 1 (50), 16 (91)]";1528;"Maquina 2: [10 (17), 35 (5), 32 (28), 11 (78), 12 (48), 39 (82), 30 (91)]";1634;"Maquina 3: [28 (19), 3 (6), 38 (89), 9 (60), 21 (68), 33 (80), 8 (40)]";1454;"Maquina 4: [17 (83), 4 (6), 15 (20), 24 (41), 23 (60), 13 (78)]";1332;"Maquina 5: [20 (7), 18 (21), 25 (80), 37 (87), 5 (61), 22 (46), 34 (93)]";1787;"Maquina 6: [31 (26), 6 (10), 36 (61), 14 (79), 7 (86), 29 (46)]";1291
GRASP;40;6;7244;41.0;25;"Maquina 1: [0 (3), 20 (7), 5 (61), 24 (41), 8 (40), 2 (76), 14 (79)]";1204;"Maquina 2: [28 (19), 3 (6), 9 (60), 36 (61), 13 (78), 30 (91), 7 (86)]";1384;"Maquina 3: [6 (10), 15 (20), 16 (91), 34 (93), 31 (26), 37 (87)]";1056;"Maquina 4: [26 (15), 35 (5), 29 (46), 12 (48), 21 (68), 33 (80), 25 (80)]";1173;"Maquina 5: [27 (31), 18 (21), 23 (60), 1 (50), 11 (78), 17 (83), 19 (82)]";1601;"Maquina 6: [4 (6), 32 (28), 10 (17), 22 (46), 38 (89), 39 (82)]";826
LNS;40;6;8936;2.0;25;"Maquina 1: [26 (15), 27 (31), 0 (3), 2 (76), 19 (82), 1 (50), 16 (91)]";1528;"Maquina 2: [10 (17), 35 (5), 32 (28), 11 (78), 12 (48), 39 (82), 30 (91)]";1634;"Maquina 3: [28 (19), 3 (6), 38 (89), 9 (60), 21 (68), 33 (80), 8 (40)]";1454;"Maquina 4: [17 (83), 15 (20), 24 (41), 4 (6), 23 (60), 13 (78)]";1242;"Maquina 5: [20 (7), 18 (21), 25 (80), 37 (87), 5 (61), 22 (46), 34 (93)]";1787;"Maquina 6: [31 (26), 6 (10), 36 (61), 14 (79), 7 (86), 29 (46)]";1291
TABÚ;40;6;7819;13.0;25;"Maquina 1: [26 (15), 35 (5), 23 (60), 1 (50), 5 (61), 14 (79), 33 (80)]";1327;"Maquina 2: [31 (26), 32 (28), 10 (17), 22 (46), 36 (61), 34 (93), 7 (86)]";1628;"Maquina 3: [4 (6), 3 (6), 38 (89), 13 (78), 29 (46), 30 (91)]";1048;"Maquina 4: [0 (3), 20 (7), 9 (60), 12 (48), 16 (91), 37 (87), 11 (78)]";1327;"Maquina 5: [27 (31), 18 (21), 17 (83), 28 (19), 19 (82), 21 (68), 25 (80)]";1475;"Maquina 6: [6 (10), 15 (20), 24 (41), 2 (76), 39 (82), 8 (40)]";1014
VNS;40;6;8267;693.0;25;"Maquina 1: [20 (7), 26 (15), 27 (31), 0 (3), 8 (40), 2 (76), 19 (82), 16 (91)]";1473;"Maquina 2: [10 (17), 35 (5), 32 (28), 1 (50), 12 (48), 39 (82), 30 (91)]";1389;"Maquina 3: [28 (19), 3 (6), 38 (89), 9 (60), 21 (68), 33 (80), 34 (93)]";1522;"Maquina 4: [17 (83), 15 (20), 24 (41), 4 (6), 23 (60), 13 (78)]";1242;"Maquina 5: [18 (21), 25 (80), 37 (87), 5 (61), 22 (46), 11 (78)]";1350;"Maquina 6: [31 (26), 6 (10), 36 (61), 14 (79), 7 (86), 29 (46)]";1291
Multiarranque;40;6;8197;47.0;25;"Maquina 1: [10 (17), 17 (83), 4 (6), 22 (46), 23 (60), 33 (80), 34 (93)]";1651;"Maquina 2: [20 (7), 15 (20), 24 (41), 2 (76), 36 (61), 39 (82), 1 (50)]";1407;"Maquina 3: [5 (61), 6 (10), 9 (60), 25 (80), 8 (40), 30 (91)]";1251;"Maquina 4: [0 (3), 18 (21), 29 (46), 13 (78), 12 (48), 38 (89)]";1144;"Maquina 5: [35 (5), 28 (19), 3 (6), 7 (86), 31 (26), 11 (78), 21 (68)]";1175;"Maquina 6: [32 (28), 26 (15), 27 (31), 19 (82), 14 (79), 16 (91), 37 (87)]";1569
GREEDY;40;6;9622;1.0;1;"Maquina 1: [26 (3), 25 (12), 30 (49), 7 (34), 5 (71), 24 (89)]";1463;"Maquina 2: [8 (5), 37 (40), 35 (58), 9 (17), 32 (98), 36 (80), 23 (68)]";1498;"Maquina 3: [22 (5), 13 (41), 10 (23), 34 (63), 19 (76), 11 (90)]";1491;"Maquina 4: [6 (7), 27 (99), 2 (37), 1 (58), 21 (23), 0 (85), 12 (75)]";1813;"Maquina 5: [33 (54), 39 (10), 17 (42), 31 (24), 16 (71), 3 (99), 14 (84)]";1743;"Maquina 6: [20 (12), 4 (32), 28 (40), 29 (70), 18 (43), 38 (79), 15 (91)]";1614
GRASP;40;6;7898;41.0;25;"Maquina 1: [8 (5), 25 (12), 23 (68), 21 (23), 27 (99), 30 (49), 3 (99)]";1300;"Maquina 2: [6 (7), 18 (43), 26 (3), 19 (76), 0 (85), 11 (90), 35 (58)]";1428;"Maquina 3: [37 (40), 10 (23), 20 (12), 4 (32), 16 (71), 13 (41), 15 (91)]";1328;"Maquina 4: [22 (5), 17 (42), 31 (24), 28 (40), 29 (70), 32 (98), 14 (84)]";1477;"Maquina 5: [33 (54), 39 (10), 34 (63), 7 (34), 12 (75), 38 (79)]";1035;"Maquina 6: [9 (17), 2 (37), 1 (58), 24 (89), 5 (71), 36 (80)]";1330
LNS;40;6;9622;1.0;25;"Maquina 1: [26 (3), 25 (12), 30 (49), 7 (34), 5 (71), 24 (89)]";1463;"Maquina 2: [8 (5), 37 (40), 35 (58), 9 (17), 32 (98), 36 (80), 23 (68)]";1498;"Maquina 3: [22 (5), 13 (41), 10 (23), 34 (63), 19 (76), 11 (90)]";1491;"Maquina 4: [6 (7), 27 (99), 2 (37), 1 (58), 21 (23), 0 (85), 12 (75)]";1813;"Maquina 5: [33 (54), 39 (10), 17 (42), 31 (24), 16 (71), 3 (99), 14 (84)]";1743;"Maquina 6: [20 (12), 4 (32), 28 (40), 29 (70), 18 (43), 38 (79), 15 (91)]";1614
TABÚ;40;6;8110;13.0;25;"Maquina 1: [22 (5), 17 (42), 15 (91), 13 (41), 33 (54), 11 (90)]";1156;"Maquina 2: [7 (34), 37 (40), 5 (71), 26 (3), 16 (71), 10 (23), 14 (84)]";1484;"Maquina 3: [8 (5), 35 (58), 18 (43), 28 (40), 1 (58), 36 (80), 0 (85)]";1418;"Maquina 4: [9 (17), 30 (49), 3 (99), 4 (32), 23 (68), 12 (75)]";1315;"Maquina 5: [25 (12), 6 (7), 27 (99), 2 (37), 21 (23), 34 (63), 38 (79)]";1284;"Maquina 6: [39 (10), 20 (12), 24 (89), 31 (24), 32 (98), 29 (70), 19 (76)]";1453
VNS;40;6;8839;868.0;25;"Maquina 1: [26 (3), 25 (12), 30 (49), 29 (70), 37 (40), 5 (71), 3 (99)]";1471;"Maquina 2: [8 (5), 35 (58), 9 (17), 32 (98), 36 (80), 23 (68)]";1121;"Maquina 3: [22 (5), 13 (41), 10 (23), 34 (63), 38 (79), 11 (90)]";1396;"Maquina 4: [6 (7), 27 (99), 2 (37), 15 (91), 21 (23), 0 (85), 12 (75)]";1930;"Maquina 5: [33 (54), 39 (10), 17 (42), 31 (24), 16 (71), 24 (89), 14 (84)]";1664;"Maquina 6: [20 (12), 4 (32), 28 (40), 7 (34), 18 (43), 19 (76), 1 (58)]";1257
Multiarranque;40;6;8758;42.0;25;"Maquina 1: [28 (40), 21 (23), 37 (40), 26 (3), 0 (85), 24 (89), 14 (84)]";1564;"Maquina 2: [22 (5), 4 (32), 23 (68), 19 (76), 38 (79), 33 (54)]";1286;"Maquina 3: [8 (5), 13 (41), 16 (71), 10 (23), 20 (12), 12 (75), 11 (90)]";1417;"Maquina 4: [39 (10), 34 (63), 9 (17), 35 (58), 18 (43), 29 (70), 3 (99)]";1488;"Maquina 5: [7 (34), 27 (99), 2 (37), 17 (42), 15 (91), 36 (80)]";1553;"Maquina 6: [1 (58), 25 (12), 6 (7), 31 (24), 5 (71), 32 (98), 30 (49)]";1450
GREEDY;40;6;8436;0.0;1;"Maquina 1: [22 (26), 24 (3), 21 (21), 19 (37), 9 (80), 33 (69), 4 (56)]";1287;"Maquina 2: [3 (5), 0 (27), 5 (22), 36 (43), 27 (59), 20 (67), 39 (73)]";1337;"Maquina 3: [18 (22), 16 (11), 8 (50), 29 (26), 25 (63), 26 (92), 14 (71)]";1537;"Maquina 4: [10 (71), 7 (24), 32 (11), 12 (34), 28 (58), 34 (89)]";1572;"Maquina 5: [38 (31), 35 (25), 17 (19), 31 (64), 2 (72), 15 (94), 11 (44)]";1571;"Maquina 6: [13 (26), 6 (20), 30 (27), 23 (72), 37 (66), 1 (48)]";1132
GRASP;40;6;7613;41.0;25;"Maquina 1: [21 (21), 36 (43), 38 (31), 30 (27), 15 (94), 11 (44), 26 (92)]";1428;"Maquina 2: [3 (5), 0 (27), 31 (64), 19 (37), 9 (80), 4 (56), 5 (22), 25 (63)]";1553;"Maquina 3: [29 (26), 20 (67), 10 (71), 37 (66), 1 (48), 27 (59)]";1274;"Maquina 4: [7 (24), 28 (58), 17 (19), 14 (71), 32 (11), 2 (72)]";1113;"Maquina 5: [13 (26), 6 (20), 22 (26), 16 (11), 39 (73), 8 (50)]";1025;"Maquina 6: [24 (3), 35 (25), 18 (22), 23 (72), 12 (34), 33 (69), 34 (89)]";1220
LNS;40;6;8436;2.0;25;"Maquina 1: [22 (26), 24 (3), 21 (21), 19 (37), 9 (80), 33 (69), 4 (56)]";1287;"Maquina 2: [3 (5), 0 (27), 5 (22), 36 (43), 27 (59), 20 (67), 39 (73)]";1337;"Maquina 3: [18 (22), 16 (11), 8 (50), 29 (26), 25 (63), 26 (92), 14 (71)]";1537;"Maquina 4: [10 (71), 7 (24), 32 (11), 12 (34), 28 (58), 34 (89)]";1572;"Maquina 5: [38 (31), 35 (25), 17 (19), 31 (64), 2 (72), 15 (94), 11 (44)]";1571;"Maquina 6: [13 (26), 6 (20), 30 (27), 23 (72), 37 (66), 1 (48)]";1132
TABÚ;40;6;7365;12.0;25;"Maquina 1: [36 (43), 11 (44), 27 (59), 16 (11), 4 (56), 14 (71)]";1173;"Maquina 2: [30 (27), 3 (5), 0 (27), 32 (11), 9 (80), 7 (24), 39 (73)]";1003;"Maquina 3: [28 (58), 5 (22), 25 (63), 10 (71), 1 (48), 20 (67), 26 (92)]";1851;"Maquina 4: [22 (26), 24 (3), 17 (19), 18 (22), 31 (64), 19 (37), 37 (66), 33 (69)]";1327;"Maquina 5: [13 (26), 6 (20), 12 (34), 8 (50), 23 (72), 34 (89)]";998;"Maquina 6: [38 (31), 35 (25), 21 (21), 29 (26), 2 (72), 15 (94)]";1013
VNS;40;6;7861;1069.0;25;"Maquina 1: [24 (3), 21 (21), 19 (37), 9 (80), 4 (56), 33 (69)]";1079;"Maquina 2: [3 (5), 0 (27), 22 (26), 5 (22), 36 (43), 27 (59), 25 (63), 39 (73)]";1243;"Maquina 3: [18 (22), 16 (11), 8 (50), 29 (26), 20 (67), 26 (92), 34 (89)]";1415;"Maquina 4: [7 (24), 32 (11), 12 (34), 28 (58), 14 (71)]";998;"Maquina 5: [38 (31), 35 (25), 17 (19), 31 (64), 2 (72), 15 (94), 11 (44)]";1571;"Maquina 6: [13 (26), 6 (20), 30 (27), 23 (72), 10 (71), 37 (66), 1 (48)]";1555
Multiarranque;40;6;8112;49.0;25;"Maquina 1: [6 (20), 30 (27), 29 (26), 20 (67), 2 (72), 1 (48), 23 (72)]";1617;"Maquina 2: [10 (71), 26 (92), 5 (22), 34 (89), 27 (59)]";1091;"Maquina 3: [3 (5), 0 (27), 32 (11), 8 (50), 22 (26), 33 (69), 28 (58), 14 (71)]";1402;"Maquina 4: [38 (31), 35 (25), 21 (21), 36 (43), 4 (56), 19 (37), 11 (44)]";1457;"Maquina 5: [17 (19), 7 (24), 13 (26), 12 (34), 15 (94), 9 (80)]";1230;"Maquina 6: [24 (3), 37 (66), 18 (22), 16 (11), 31 (64), 39 (73), 25 (63)]";1315
GREEDY;40;6;10141;0.0;1;"Maquina 1: [5 (88), 31 (71), 10 (4), 23 (55), 25 (95), 33 (20)]";1488;"Maquina 2: [17 (5), 11 (54), 15 (25), 14 (70), 36 (83), 24 (92)]";1586;"Maquina 3: [35 (8), 1 (30), 34 (37), 19 (72), 30 (59), 20 (83), 26 (91)]";1457;"Maquina 4: [38 (12), 28 (30), 0 (38), 6 (75), 18 (97), 16 (61), 3 (90)]";1744;"Maquina 5: [29 (17), 39 (30), 8 (44), 32 (68), 7 (77), 12 (90), 21 (97)]";1894;"Maquina 6: [22 (20), 13 (35), 2 (49), 37 (99), 9 (81), 27 (61), 4 (90)]";1972
GRASP;40;6;8191;44.0;25;"Maquina 1: [39 (30), 13 (35), 16 (61), 4 (90), 7 (77), 21 (97)]";1228;"Maquina 2: [10 (4), 1 (30), 28 (30), 29 (17), 2 (49), 5 (88), 12 (90)]";1148;"Maquina 3: [38 (12), 8 (44), 23 (55), 19 (72), 18 (97), 3 (90)]";1244;"Maquina 4: [17 (5), 35 (8), 30 (59), 26 (91), 9 (81), 14 (70), 36 (83)]";1361;"Maquina 5: [33 (20), 0 (38), 34 (37), 32 (68), 37 (99), 6 (75), 25 (95)]";1657;"Maquina 6: [15 (25), 22 (20), 31 (71), 20 (83), 11 (54), 27 (61), 24 (92)]";1553
LNS;40;6;10141;2.0;25;"Maquina 1: [5 (88), 31 (71), 10 (4), 23 (55), 25 (95), 33 (20)]";1488;"Maquina 2: [17 (5), 11 (54), 15 (25), 14 (70), 36 (83), 24 (92)]";1586;"Maquina 3: [35 (8), 1 (30), 34 (37), 19 (72), 30 (59), 20 (83), 26 (91)]";1457;"Maquina 4: [38 (12), 28 (30), 0 (38), 6 (75), 18 (97), 16 (61), 3 (90)]";1744;"Maquina 5: [29 (17), 39 (30), 8 (44), 32 (68), 7 (77), 12 (90), 21 (97)]";1894;"Maquina 6: [22 (20), 13 (35), 2 (49), 37 (99), 9 (81), 27 (61), 4 (90)]";1972
TABÚ;40;6;9279;30.0;25;"Maquina 1: [34 (37), 19 (72), 18 (97), 2 (49), 37 (99), 11 (54)]";1472;"Maquina 2: [29 (17), 22 (20), 8 (44), 32 (68), 10 (4), 6 (75), 25 (95)]";1313;"Maquina 3: [27 (61), 38 (12), 9 (81), 1 (30), 3 (90), 21 (97), 24 (92)]";1831;"Maquina 4: [35 (8), 0 (38), 28 (30), 5 (88), 31 (71), 20 (83), 23 (55)]";1522;"Maquina 5: [17 (5), 39 (30), 33 (20), 12 (90), 7 (77), 14 (70), 26 (91)]";1687;"Maquina 6: [15 (25), 36 (83), 13 (35), 30 (59), 16 (61), 4 (90)]";1454
VNS;40;6;9765;1114.0;25;"Maquina 1: [5 (88), 31 (71), 10 (4), 23 (55), 25 (95), 33 (20)]";1488;"Maquina 2: [17 (5), 11 (54), 15 (25), 14 (70), 36 (83), 24 (92)]";1586;"Maquina 3: [35 (8), 1 (30), 34 (37), 19 (72), 30 (59), 20 (83), 26 (91)]";1457;"Maquina 4: [38 (12), 28 (30), 0 (38), 6 (75), 18 (97), 16 (61), 3 (90)]";1744;"Maquina 5: [29 (17), 39 (30), 13 (35), 32 (68), 7 (77), 12 (90), 21 (97)]";1453;"Maquina 6: [22 (20), 8 (44), 2 (49), 37 (99), 9 (81), 27 (61), 4 (90)]";2037
Multiarranque;40;6;9445;44.0;25;"Maquina 1: [10 (4), 27 (61), 17 (5), 4 (90), 31 (71), 21 (97)]";1344;"Maquina 2: [0 (38), 2 (49), 9 (81), 7 (77), 34 (37), 18 (97)]";1556;"Maquina 3: [33 (20), 38 (12), 28 (30), 1 (30), 15 (25), 29 (17), 5 (88), 24 (92)]";1551;"Maquina 4: [22 (20), 35 (8), 23 (55), 14 (70), 36 (83), 20 (83), 26 (91)]";1555;"Maquina 5: [39 (30), 13 (35), 30 (59), 8 (44), 32 (68), 3 (90), 25 (95)]";1625;"Maquina 6: [6 (75), 11 (54), 12 (90), 16 (61), 19 (72), 37 (99)]";1814
GREEDY;40;6;8574;0.0;1;"Maquina 1: [21 (17), 19 (45), 18 (1), 26 (36), 5 (87), 4 (66), 28 (76)]";1378;"Maquina 2: [24 (17), 9 (9), 33 (31), 29 (84), 31 (39), 25 (67), 39 (93)]";1558;"Maquina 3: [10 (10), 37 (72), 32 (17), 11 (97), 8 (36), 0 (59), 36 (83)]";1496;"Maquina 4: [7 (18), 35 (38), 17 (63), 15 (13), 23 (70), 1 (86)]";1284;"Maquina 5: [38 (23), 6 (16), 34 (40), 22 (34), 14 (64), 20 (78), 13 (88)]";1522;"Maquina 6: [30 (16), 16 (37), 3 (24), 12 (56), 27 (70), 2 (86)]";1336
GRASP;40;6;7535;45.0;25;"Maquina 1: [10 (10), 38 (23), 34 (40), 8 (36), 31 (39), 36 (83), 23 (70)]";1344;"Maquina 2: [21 (17), 35 (38), 3 (24), 4 (66), 29 (84), 12 (56), 27 (70)]";1463;"Maquina 3: [18 (1), 6 (16), 24 (17), 16 (37), 2 (86), 39 (93)]";670;"Maquina 4: [30 (16), 32 (17), 19 (45), 22 (34), 25 (67), 28 (76), 37 (72)]";1307;"Maquina 5: [9 (9), 15 (13), 14 (64), 5 (87), 20 (78), 13 (88)]";1073;"Maquina 6: [0 (59), 7 (18), 1 (86), 33 (31), 26 (36), 17 (63), 11 (97)]";1678
LNS;40;6;8574;3.0;25;"Maquina 1: [21 (17), 19 (45), 18 (1), 26 (36), 5 (87), 4 (66), 28 (76)]";1378;"Maquina 2: [24 (17), 9 (9), 33 (31), 29 (84), 31 (39), 25 (67), 39 (93)]";1558;"Maquina 3: [10 (10), 37 (72), 32 (17), 11 (97), 8 (36), 0 (59), 36 (83)]";1496;"Maquina 4: [7 (18), 35 (38), 17 (63), 15 (13), 23 (70), 1 (86)]";1284;"Maquina 5: [38 (23), 6 (16), 34 (40), 22 (34), 14 (64), 20 (78), 13 (88)]";1522;"Maquina 6: [30 (16), 16 (37), 3 (24), 12 (56), 27 (70), 2 (86)]";1336
TABÚ;40;6;7905;13.0;25;"Maquina 1: [38 (23), 9 (9), 33 (31), 4 (66), 20 (78), 31 (39), 28 (76)]";1476;"Maquina 2: [10 (10), 34 (40), 22 (34), 29 (84), 12 (56), 0 (59), 39 (93)]";1358;"Maquina 3: [26 (36), 32 (17), 23 (70), 6 (16), 35 (38), 11 (97), 1 (86)]";1383;"Maquina 4: [18 (1), 16 (37), 14 (64), 5 (87), 17 (63), 15 (13)]";1076;"Maquina 5: [30 (16), 8 (36), 19 (45), 3 (24), 25 (67), 13 (88), 27 (70)]";1312;"Maquina 6: [7 (18), 21 (17), 37 (72), 24 (17), 36 (83), 2 (86)]";1300
VNS;40;6;8217;1059.0;25;"Maquina 1: [21 (17), 35 (38), 19 (45), 18 (1), 26 (36), 5 (87), 20 (78), 28 (76)]";1607;"Maquina 2: [24 (17), 9 (9), 33 (31), 29 (84), 31 (39), 25 (67), 39 (93)]";1558;"Maquina 3: [10 (10), 37 (72), 32 (17), 11 (97), 8 (36), 0 (59), 36 (83)]";1496;"Maquina 4: [7 (18), 17 (63), 15 (13), 14 (64), 1 (86)]";772;"Maquina 5: [38 (23), 6 (16), 34 (40), 22 (34), 23 (70), 4 (66), 13 (88)]";1448;"Maquina 6: [30 (16), 16 (37), 3 (24), 12 (56), 27 (70), 2 (86)]";1336
Multiarranque;40;6;8238;43.0;25;"Maquina 1: [9 (9), 33 (31), 26 (36), 5 (87), 25 (67), 20 (78)]";1358;"Maquina 2: [32 (17), 3 (24), 18 (1), 4 (66), 38 (23), 0 (59), 31 (39), 36 (83)]";1447;"Maquina 3: [21 (17), 24 (17), 16 (37), 2 (86), 12 (56), 11 (97)]";1251;"Maquina 4: [19 (45), 10 (10), 13 (88), 6 (16), 35 (38), 23 (70), 17 (63)]";1377;"Maquina 5: [7 (18), 8 (36), 15 (13), 14 (64), 1 (86), 39 (93)]";1018;"Maquina 6: [30 (16), 34 (40), 22 (34), 27 (70), 29 (84), 28 (76), 37 (72)]";1787
GREEDY;40;6;9560;0.0;1;"Maquina 1: [29 (16), 23 (39), 7 (2), 21 (56), 2 (74), 5 (88)]";1437;"Maquina 2: [22 (8), 32 (18), 31 (49), 3 (31), 15 (69), 37 (79), 1 (94)]";1526;"Maquina 3: [30 (8), 4 (41), 20 (59), 27 (74), 33 (91), 16 (19)]";1416;"Maquina 4: [26 (45), 17 (10), 25 (25), 39 (32), 0 (79), 24 (63), 6 (91)]";1380;"Maquina 5: [12 (27), 19 (10), 38 (69), 34 (33), 9 (54), 36 (94), 8 (85)]";1834;"Maquina 6: [28 (16), 13 (29), 11 (74), 14 (87), 10 (39), 18 (55), 35 (96)]";1967
GRASP;40;6;7824;40.0;25;"Maquina 1: [25 (25), 9 (54), 39 (32), 22 (8), 8 (85), 24 (63), 36 (94)]";1583;"Maquina 2: [32 (18), 30 (8), 34 (33), 14 (87), 18 (55), 0 (79), 5 (88)]";1451;"Maquina 3: [23 (39), 4 (41), 26 (45), 15 (69), 7 (2), 27 (74), 38 (69)]";1463;"Maquina 4: [19 (10), 10 (39), 31 (49), 3 (31), 20 (59), 33 (91)]";988;"Maquina 5: [29 (16), 16 (19), 28 (16), 2 (74), 21 (56), 35 (96), 1 (94)]";1161;"Maquina 6: [17 (10), 13 (29), 12 (27), 37 (79), 6 (91), 11 (74)]";1178
LNS;40;6;9482;1.0;25;"Maquina 1: [29 (16), 23 (39), 2 (74), 21 (56), 7 (2), 5 (88)]";1421;"Maquina 2: [22 (8), 32 (18), 31 (49), 3 (31), 15 (69), 37 (79), 1 (94)]";1526;"Maquina 3: [30 (8), 4 (41), 20 (59), 27 (74), 33 (91), 16 (19)]";1416;"Maquina 4: [26 (45), 17 (10), 25 (25), 39 (32), 0 (79), 24 (63), 6 (91)]";1380;"Maquina 5: [12 (27), 19 (10), 38 (69), 34 (33), 9 (54), 36 (94), 8 (85)]";1834;"Maquina 6: [18 (55), 13 (29), 11 (74), 14 (87), 10 (39), 28 (16), 35 (96)]";1905
TABÚ;40;6;7878;12.0;25;"Maquina 1: [10 (39), 39 (32), 22 (8), 32 (18), 1 (94), 0 (79), 27 (74)]";1428;"Maquina 2: [12 (27), 30 (8), 24 (63), 6 (91), 11 (74), 38 (69), 36 (94)]";1816;"Maquina 3: [3 (31), 7 (2), 15 (69), 33 (91), 9 (54), 37 (79)]";1249;"Maquina 4: [29 (16), 13 (29), 19 (10), 21 (56), 31 (49), 2 (74), 5 (88)]";1124;"Maquina 5: [26 (45), 17 (10), 18 (55), 4 (41), 25 (25), 14 (87)]";907;"Maquina 6: [16 (19), 28 (16), 23 (39), 8 (85), 34 (33), 20 (59), 35 (96)]";1354
VNS;40;6;8104;666.0;25;"Maquina 1: [13 (29), 20 (59), 21 (56), 2 (74), 5 (88)]";1121;"Maquina 2: [22 (8), 32 (18), 29 (16), 31 (49), 3 (31), 15 (69), 37 (79), 1 (94)]";1452;"Maquina 3: [19 (10), 7 (2), 27 (74), 33 (91), 23 (39)]";635;"Maquina 4: [26 (45), 17 (10), 25 (25), 39 (32), 4 (41), 0 (79), 24 (63), 6 (91)]";1683;"Maquina 5: [12 (27), 30 (8), 38 (69), 34 (33), 9 (54), 36 (94), 8 (85)]";1741;"Maquina 6: [16 (19), 28 (16), 11 (74), 14 (87), 18 (55), 10 (39), 35 (96)]";1472
Multiarranque;40;6;8535;42.0;25;"Maquina 1: [9 (54), 34 (33), 14 (87), 10 (39), 37 (79), 27 (74)]";1419;"Maquina 2: [23 (39), 16 (19), 24 (63), 31 (49), 2 (74), 1 (94)]";1407;"Maquina 3: [22 (8), 32 (18), 26 (45), 25 (25), 19 (10), 8 (85), 38 (69), 35 (96)]";1698;"Maquina 4: [3 (31), 29 (16), 13 (29), 20 (59), 36 (94), 5 (88)]";1114;"Maquina 5: [7 (2), 15 (69), 39 (32), 4 (41), 28 (16), 0 (79), 33 (91)]";1377;"Maquina 6: [17 (10), 11 (74), 12 (27), 30 (8), 21 (56), 6 (91), 18 (55)]";1520
