GREEDY;40;8;7892;1.0;1;"Maquina 1: [1 (2), 19 (52), 17 (83), 3 (29), 16 (68)]";865;"Maquina 2: [25 (2), 7 (99), 22 (29), 9 (83), 0 (61)]";1129;"Maquina 3: [5 (11), 26 (32), 13 (57), 11 (91), 36 (68)]";931;"Maquina 4: [29 (32), 27 (15), 37 (84), 10 (53), 18 (68)]";973;"Maquina 5: [39 (57), 12 (16), 34 (34), 30 (71), 24 (83)]";884;"Maquina 6: [8 (44), 21 (18), 35 (53), 23 (91), 14 (77)]";1053;"Maquina 7: [4 (23), 32 (57), 2 (50), 20 (92), 6 (81)]";1081;"Maquina 8: [15 (53), 28 (25), 38 (50), 31 (78), 33 (89)]";976
GRASP;40;8;6266;44.0;25;"Maquina 1: [25 (2), 35 (53), 3 (29), 32 (57), 33 (89)]";699;"Maquina 2: [26 (32), 18 (68), 29 (32), 38 (50), 6 (81)]";772;"Maquina 3: [1 (2), 27 (15), 36 (68), 15 (53), 10 (53), 11 (91)]";796;"Maquina 4: [0 (61), 34 (34), 30 (71), 4 (23), 7 (99)]";926;"Maquina 5: [24 (83), 19 (52), 17 (83), 9 (83)]";771;"Maquina 6: [28 (25), 5 (11), 2 (50), 31 (78), 37 (84)]";712;"Maquina 7: [22 (29), 12 (16), 39 (57), 23 (91), 14 (77)]";779;"Maquina 8: [21 (18), 13 (57), 8 (44), 16 (68), 20 (92)]";811
LNS;40;8;7803;1.0;25;"Maquina 1: [1 (2), 19 (52), 17 (83), 3 (29), 16 (68)]";865;"Maquina 2: [22 (29), 7 (99), 25 (2), 9 (83), 0 (61)]";1058;"Maquina 3: [5 (11), 26 (32), 13 (57), 11 (91), 36 (68)]";931;"Maquina 4: [29 (32), 27 (15), 37 (84), 10 (53), 18 (68)]";973;"Maquina 5: [39 (57), 12 (16), 34 (34), 30 (71), 24 (83)]";884;"Maquina 6: [21 (18), 8 (44), 35 (53), 23 (91), 14 (77)]";1035;"Maquina 7: [4 (23), 32 (57), 2 (50), 20 (92), 6 (81)]";1081;"Maquina 8: [15 (53), 28 (25), 38 (50), 31 (78), 33 (89)]";976
TABÚ;40;8;6363;15.0;25;"Maquina 1: [1 (2), 8 (44), 16 (68), 7 (99), 6 (81)]";773;"Maquina 2: [5 (11), 34 (34), 2 (50), 36 (68), 24 (83)]";796;"Maquina 3: [22 (29), 12 (16), 9 (83), 10 (53), 11 (91)]";839;"Maquina 4: [3 (29), 27 (15), 28 (25), 39 (57), 33 (89)]";665;"Maquina 5: [4 (23), 38 (50), 0 (61), 15 (53), 20 (92)]";870;"Maquina 6: [25 (2), 35 (53), 30 (71), 32 (57), 37 (84)]";714;"Maquina 7: [26 (32), 19 (52), 31 (78), 17 (83), 23 (91)]";945;"Maquina 8: [29 (32), 21 (18), 13 (57), 18 (68), 14 (77)]";761
VNS;40;8;7086;900.0;25;"Maquina 1: [1 (2), 19 (52), 17 (83), 18 (68), 3 (29), 16 (68)]";1232;"Maquina 2: [25 (2), 35 (53), 22 (29), 9 (83), 0 (61)]";710;"Maquina 3: [34 (34), 26 (32), 13 (57), 11 (91), 36 (68)]";790;"Maquina 4: [29 (32), 27 (15), 12 (16), 37 (84), 14 (77)]";628;"Maquina 5: [5 (11), 39 (57), 33 (89), 30 (71)]";668;"Maquina 6: [8 (44), 21 (18), 7 (99), 23 (91), 10 (53)]";1033;"Maquina 7: [4 (23), 32 (57), 2 (50), 20 (92), 6 (81)]";1081;"Maquina 8: [15 (53), 28 (25), 38 (50), 31 (78), 24 (83)]";944
Multiarranque;40;8;6822;49.0;25;"Maquina 1: [27 (15), 32 (57), 19 (52), 0 (61), 11 (91)]";848;"Maquina 2: [8 (44), 26 (32), 29 (32), 17 (83), 33 (89)]";918;"Maquina 3: [1 (2), 22 (29), 9 (83), 36 (68), 14 (77)]";902;"Maquina 4: [25 (2), 12 (16), 21 (18), 13 (57), 38 (50), 24 (83)]";799;"Maquina 5: [16 (68), 34 (34), 15 (53), 30 (71), 31 (78)]";1074;"Maquina 6: [35 (53), 5 (11), 3 (29), 6 (81), 28 (25), 20 (92)]";923;"Maquina 7: [10 (53), 18 (68), 23 (91), 7 (99)]";823;"Maquina 8: [4 (23), 39 (57), 2 (50), 37 (84)]";535
GREEDY;40;8;7333;0.0;1;"Maquina 1: [9 (1), 22 (59), 6 (71), 20 (28), 5 (91)]";961;"Maquina 2: [23 (2), 25 (28), 7 (60), 18 (37), 35 (79)]";686;"Maquina 3: [28 (2), 17 (30), 15 (63), 34 (42), 14 (81)]";864;"Maquina 4: [31 (4), 27 (32), 30 (85), 10 (38), 0 (61)]";908;"Maquina 5: [2 (7), 26 (46), 12 (63), 11 (33), 39 (79)]";711;"Maquina 6: [4 (34), 24 (11), 8 (68), 29 (53), 32 (88)]";942;"Maquina 7: [21 (34), 1 (98), 3 (20), 38 (59), 16 (73)]";1078;"Maquina 8: [37 (34), 19 (23), 36 (59), 33 (74), 13 (98)]";1183
GRASP;40;8;5690;43.0;25;"Maquina 1: [19 (23), 28 (2), 11 (33), 16 (73), 8 (68)]";590;"Maquina 2: [9 (1), 36 (59), 35 (79), 38 (59), 13 (98)]";850;"Maquina 3: [23 (2), 3 (20), 7 (60), 18 (37), 32 (88)]";507;"Maquina 4: [24 (11), 39 (79), 26 (46), 15 (63), 12 (63)]";925;"Maquina 5: [27 (32), 29 (53), 22 (59), 6 (71)]";559;"Maquina 6: [10 (38), 34 (42), 17 (30), 0 (61), 1 (98)]";730;"Maquina 7: [2 (7), 31 (4), 4 (34), 33 (74), 14 (81), 5 (91)]";917;"Maquina 8: [25 (28), 37 (34), 21 (34), 20 (28), 30 (85)]";612
LNS;40;8;7119;0.0;25;"Maquina 1: [22 (59), 9 (1), 6 (71), 20 (28), 5 (91)]";932;"Maquina 2: [23 (2), 25 (28), 7 (60), 18 (37), 35 (79)]";686;"Maquina 3: [17 (30), 28 (2), 15 (63), 34 (42), 14 (81)]";829;"Maquina 4: [27 (32), 31 (4), 30 (85), 10 (38), 0 (61)]";880;"Maquina 5: [2 (7), 26 (46), 12 (63), 11 (33), 39 (79)]";711;"Maquina 6: [4 (34), 24 (11), 8 (68), 29 (53), 32 (88)]";942;"Maquina 7: [21 (34), 1 (98), 3 (20), 38 (59), 16 (73)]";1078;"Maquina 8: [36 (59), 37 (34), 19 (23), 33 (74), 13 (98)]";1061
TABÚ;40;8;6003;14.0;25;"Maquina 1: [23 (2), 29 (53), 37 (34), 17 (30), 34 (42)]";553;"Maquina 2: [3 (20), 2 (7), 26 (46), 7 (60), 30 (85)]";615;"Maquina 3: [31 (4), 8 (68), 4 (34), 16 (73), 1 (98)]";793;"Maquina 4: [9 (1), 15 (63), 12 (63), 22 (59), 39 (79)]";893;"Maquina 5: [38 (59), 24 (11), 33 (74), 27 (32), 13 (98)]";929;"Maquina 6: [19 (23), 28 (2), 18 (37), 5 (91), 36 (59)]";601;"Maquina 7: [11 (33), 0 (61), 20 (28), 14 (81), 35 (79)]";917;"Maquina 8: [10 (38), 25 (28), 21 (34), 6 (71), 32 (88)]";702
VNS;40;8;6532;776.0;25;"Maquina 1: [9 (1), 36 (59), 6 (71), 34 (42), 32 (88)]";756;"Maquina 2: [23 (2), 25 (28), 7 (60), 18 (37), 39 (79)]";616;"Maquina 3: [28 (2), 17 (30), 0 (61), 20 (28), 14 (81)]";693;"Maquina 4: [27 (32), 31 (4), 30 (85), 10 (38), 16 (73)]";860;"Maquina 5: [2 (7), 26 (46), 12 (63), 11 (33), 35 (79)]";675;"Maquina 6: [4 (34), 24 (11), 8 (68), 29 (53), 5 (91)]";985;"Maquina 7: [21 (34), 1 (98), 3 (20), 38 (59), 15 (63)]";996;"Maquina 8: [37 (34), 19 (23), 22 (59), 13 (98), 33 (74)]";951
Multiarranque;40;8;6282;46.0;25;"Maquina 1: [24 (11), 2 (7), 12 (63), 33 (74), 16 (73)]";747;"Maquina 2: [10 (38), 34 (42), 17 (30), 0 (61), 35 (79)]";720;"Maquina 3: [27 (32), 4 (34), 1 (98), 30 (85)]";622;"Maquina 4: [36 (59), 11 (33), 7 (60), 22 (59), 38 (59)]";978;"Maquina 5: [19 (23), 3 (20), 31 (4), 21 (34), 14 (81)]";700;"Maquina 6: [20 (28), 23 (2), 25 (28), 29 (53), 32 (88), 39 (79)]";960;"Maquina 7: [37 (34), 18 (37), 5 (91), 6 (71)]";728;"Maquina 8: [28 (2), 9 (1), 26 (46), 15 (63), 13 (98), 8 (68)]";827
GREEDY;40;8;5353;1.0;1;"Maquina 1: [2 (34), 26 (2), 21 (63), 25 (19), 20 (92)]";620;"Maquina 2: [35 (6), 32 (21), 10 (36), 27 (74), 0 (97)]";736;"Maquina 3: [36 (6), 16 (23), 22 (33), 1 (58), 24 (89)]";587;"Maquina 4: [28 (25), 11 (7), 38 (34), 39 (91), 3 (61)]";583;"Maquina 5: [9 (12), 8 (51), 31 (86), 5 (29), 30 (99)]";786;"Maquina 6: [17 (13), 13 (44), 18 (30), 14 (79), 7 (94)]";677;"Maquina 7: [37 (15), 23 (32), 15 (43), 12 (83), 33 (98)]";736;"Maquina 8: [4 (19), 34 (32), 19 (43), 29 (66), 6 (94)]";628
GRASP;40;8;4824;43.0;25;"Maquina 1: [26 (2), 22 (33), 19 (43), 27 (74), 33 (98)]";605;"Maquina 2: [11 (7), 23 (32), 21 (63), 18 (30), 20 (92)]";584;"Maquina 3: [17 (13), 8 (51), 31 (86), 5 (29), 30 (99)]";743;"Maquina 4: [28 (25), 32 (21), 13 (44), 24 (89), 0 (97)]";661;"Maquina 5: [35 (6), 25 (19), 1 (58), 38 (34), 39 (91)]";535;"Maquina 6: [2 (34), 4 (19), 15 (43), 29 (66), 6 (94)]";660;"Maquina 7: [9 (12), 34 (32), 10 (36), 14 (79), 7 (94)]";616;"Maquina 8: [37 (15), 36 (6), 16 (23), 3 (61), 12 (83)]";420
LNS;40;8;5336;0.0;25;"Maquina 1: [2 (34), 26 (2), 21 (63), 25 (19), 20 (92)]";620;"Maquina 2: [35 (6), 32 (21), 10 (36), 27 (74), 0 (97)]";736;"Maquina 3: [36 (6), 22 (33), 16 (23), 1 (58), 24 (89)]";580;"Maquina 4: [28 (25), 11 (7), 38 (34), 39 (91), 3 (61)]";583;"Maquina 5: [9 (12), 8 (51), 31 (86), 5 (29), 30 (99)]";786;"Maquina 6: [17 (13), 13 (44), 18 (30), 14 (79), 7 (94)]";677;"Maquina 7: [37 (15), 15 (43), 23 (32), 12 (83), 33 (98)]";726;"Maquina 8: [4 (19), 34 (32), 19 (43), 29 (66), 6 (94)]";628
TABÚ;40;8;4753;14.0;25;"Maquina 1: [35 (6), 16 (23), 8 (51), 31 (86), 0 (97)]";608;"Maquina 2: [10 (36), 25 (19), 28 (25), 24 (89), 39 (91)]";646;"Maquina 3: [36 (6), 5 (29), 26 (2), 21 (63), 12 (83)]";423;"Maquina 4: [17 (13), 32 (21), 15 (43), 29 (66), 6 (94)]";610;"Maquina 5: [9 (12), 13 (44), 18 (30), 14 (79), 7 (94)]";604;"Maquina 6: [37 (15), 1 (58), 38 (34), 22 (33), 33 (98)]";637;"Maquina 7: [11 (7), 23 (32), 19 (43), 3 (61), 30 (99)]";596;"Maquina 8: [2 (34), 4 (19), 34 (32), 27 (74), 20 (92)]";629
VNS;40;8;5062;996.0;25;"Maquina 1: [26 (2), 9 (12), 21 (63), 8 (51), 20 (92)]";495;"Maquina 2: [35 (6), 2 (34), 32 (21), 10 (36), 27 (74), 0 (97)]";885;"Maquina 3: [36 (6), 16 (23), 22 (33), 13 (44), 24 (89)]";478;"Maquina 4: [28 (25), 11 (7), 38 (34), 39 (91), 3 (61)]";583;"Maquina 5: [25 (19), 31 (86), 5 (29), 30 (99)]";537;"Maquina 6: [17 (13), 1 (58), 18 (30), 14 (79), 7 (94)]";720;"Maquina 7: [37 (15), 23 (32), 15 (43), 12 (83), 33 (98)]";736;"Maquina 8: [4 (19), 34 (32), 19 (43), 29 (66), 6 (94)]";628
Multiarranque;40;8;5100;45.0;25;"Maquina 1: [28 (25), 15 (43), 30 (99), 27 (74), 0 (97)]";895;"Maquina 2: [38 (34), 9 (12), 2 (34), 3 (61), 8 (51)]";623;"Maquina 3: [4 (19), 34 (32), 25 (19), 10 (36), 33 (98)]";557;"Maquina 4: [32 (21), 5 (29), 14 (79), 39 (91)]";464;"Maquina 5: [22 (33), 18 (30), 7 (94), 24 (89)]";550;"Maquina 6: [23 (32), 19 (43), 29 (66), 1 (58), 6 (94)]";775;"Maquina 7: [11 (7), 35 (6), 17 (13), 36 (6), 16 (23), 21 (63), 12 (83)]";652;"Maquina 8: [37 (15), 26 (2), 31 (86), 13 (44), 20 (92)]";584
GREEDY;40;8;5987;0.0;1;"Maquina 1: [31 (5), 10 (27), 15 (49), 17 (62), 25 (74)]";626;"Maquina 2: [0 (10), 6 (28), 12 (50), 30 (74), 34 (63)]";668;"Maquina 3: [4 (29), 2 (14), 3 (75), 27 (50), 32 (65)]";624;"Maquina 4: [38 (16), 16 (29), 18 (50), 9 (64), 26 (77)]";725;"Maquina 5: [19 (31), 7 (17), 24 (69), 37 (51), 36 (98)]";844;"Maquina 6: [20 (20), 8 (59), 29 (38), 23 (70), 14 (88)]";791;"Maquina 7: [39 (24), 22 (39), 11 (53), 1 (74), 28 (99)]";905;"Maquina 8: [35 (25), 5 (61), 33 (46), 13 (71), 21 (95)]";804
GRASP;40;8;5515;47.0;25;"Maquina 1: [0 (10), 16 (29), 19 (31), 25 (74), 34 (63)]";530;"Maquina 2: [29 (38), 38 (16), 24 (69), 11 (53), 21 (95)]";765;"Maquina 3: [22 (39), 7 (17), 30 (74), 9 (64), 26 (77)]";750;"Maquina 4: [20 (20), 15 (49), 35 (25), 5 (61), 37 (51), 14 (88)]";919;"Maquina 5: [39 (24), 18 (50), 6 (28), 33 (46), 1 (74)]";637;"Maquina 6: [31 (5), 12 (50), 32 (65), 17 (62), 36 (98)]";706;"Maquina 7: [10 (27), 4 (29), 13 (71), 23 (70)]";429;"Maquina 8: [2 (14), 3 (75), 27 (50), 8 (59), 28 (99)]";779
LNS;40;8;5959;0.0;25;"Maquina 1: [31 (5), 10 (27), 15 (49), 17 (62), 25 (74)]";626;"Maquina 2: [0 (10), 6 (28), 12 (50), 30 (74), 34 (63)]";668;"Maquina 3: [4 (29), 2 (14), 3 (75), 27 (50), 32 (65)]";624;"Maquina 4: [38 (16), 16 (29), 18 (50), 9 (64), 26 (77)]";725;"Maquina 5: [7 (17), 19 (31), 24 (69), 37 (51), 36 (98)]";823;"Maquina 6: [20 (20), 8 (59), 29 (38), 23 (70), 14 (88)]";791;"Maquina 7: [39 (24), 1 (74), 11 (53), 22 (39), 28 (99)]";898;"Maquina 8: [35 (25), 5 (61), 33 (46), 13 (71), 21 (95)]";804
TABÚ;40;8;5566;16.0;25;"Maquina 1: [0 (10), 4 (29), 24 (69), 29 (38), 36 (98)]";637;"Maquina 2: [38 (16), 16 (29), 37 (51), 3 (75), 32 (65)]";644;"Maquina 3: [19 (31), 2 (14), 5 (61), 26 (77), 1 (74)]";740;"Maquina 4: [20 (20), 33 (46), 22 (39), 9 (64), 21 (95)]";672;"Maquina 5: [31 (5), 7 (17), 18 (50), 34 (63), 30 (74)]";576;"Maquina 6: [15 (49), 12 (50), 27 (50), 13 (71), 14 (88)]";889;"Maquina 7: [39 (24), 6 (28), 11 (53), 17 (62), 23 (70)]";653;"Maquina 8: [10 (27), 35 (25), 8 (59), 28 (99), 25 (74)]";755
VNS;40;8;5738;898.0;25;"Maquina 1: [31 (5), 10 (27), 15 (49), 17 (62), 25 (74)]";626;"Maquina 2: [0 (10), 6 (28), 11 (53), 14 (88), 34 (63)]";645;"Maquina 3: [4 (29), 2 (14), 18 (50), 32 (65), 24 (69)]";636;"Maquina 4: [38 (16), 16 (29), 27 (50), 9 (64), 26 (77)]";650;"Maquina 5: [19 (31), 7 (17), 3 (75), 37 (51), 36 (98)]";770;"Maquina 6: [20 (20), 8 (59), 29 (38), 23 (70), 30 (74)]";782;"Maquina 7: [39 (24), 22 (39), 12 (50), 1 (74), 28 (99)]";825;"Maquina 8: [35 (25), 5 (61), 33 (46), 13 (71), 21 (95)]";804
Multiarranque;40;8;5861;45.0;25;"Maquina 1: [39 (24), 15 (49), 6 (28), 11 (53), 5 (61)]";667;"Maquina 2: [31 (5), 7 (17), 30 (74), 23 (70), 12 (50)]";620;"Maquina 3: [2 (14), 0 (10), 19 (31), 9 (64), 24 (69), 21 (95)]";804;"Maquina 4: [27 (50), 4 (29), 13 (71), 3 (75), 14 (88)]";913;"Maquina 5: [16 (29), 8 (59), 28 (99), 32 (65)]";631;"Maquina 6: [10 (27), 33 (46), 26 (77), 1 (74), 37 (51)]";830;"Maquina 7: [35 (25), 38 (16), 25 (74), 17 (62), 34 (63)]";759;"Maquina 8: [20 (20), 22 (39), 18 (50), 29 (38), 36 (98)]";637
GREEDY;40;8;5063;0.0;1;"Maquina 1: [19 (9), 9 (2), 18 (29), 32 (80), 25 (56)]";553;"Maquina 2: [31 (10), 30 (2), 6 (43), 16 (67), 24 (90)]";653;"Maquina 3: [10 (13), 3 (4), 35 (31), 15 (56), 22 (98), 37 (77)]";828;"Maquina 4: [7 (4), 38 (18), 0 (34), 1 (66), 5 (85)]";641;"Maquina 5: [26 (33), 12 (5), 20 (20), 36 (82), 14 (67)]";563;"Maquina 6: [33 (20), 17 (6), 34 (67), 28 (46), 29 (89)]";647;"Maquina 7: [4 (23), 23 (7), 11 (48), 27 (74), 39 (96)]";703;"Maquina 8: [8 (8), 2 (27), 13 (52), 21 (76)]";475
GRASP;40;8;4172;46.0;25;"Maquina 1: [31 (10), 18 (29), 30 (2), 0 (34), 37 (77)]";371;"Maquina 2: [3 (4), 20 (20), 8 (8), 27 (74), 13 (52), 24 (90)]";652;"Maquina 3: [12 (5), 28 (46), 26 (33), 6 (43), 22 (98)]";570;"Maquina 4: [9 (2), 38 (18), 25 (56), 5 (85), 29 (89)]";561;"Maquina 5: [4 (23), 7 (4), 10 (13), 11 (48), 32 (80)]";393;"Maquina 6: [23 (7), 33 (20), 16 (67), 15 (56), 39 (96)]";623;"Maquina 7: [2 (27), 17 (6), 34 (67), 21 (76)]";354;"Maquina 8: [19 (9), 35 (31), 1 (66), 36 (82), 14 (67)]";648
LNS;40;8;5054;1.0;25;"Maquina 1: [19 (9), 9 (2), 18 (29), 32 (80), 25 (56)]";553;"Maquina 2: [31 (10), 30 (2), 16 (67), 6 (43), 24 (90)]";644;"Maquina 3: [10 (13), 3 (4), 35 (31), 15 (56), 22 (98), 37 (77)]";828;"Maquina 4: [7 (4), 38 (18), 0 (34), 1 (66), 5 (85)]";641;"Maquina 5: [26 (33), 12 (5), 20 (20), 36 (82), 14 (67)]";563;"Maquina 6: [33 (20), 17 (6), 34 (67), 28 (46), 29 (89)]";647;"Maquina 7: [4 (23), 23 (7), 11 (48), 27 (74), 39 (96)]";703;"Maquina 8: [8 (8), 2 (27), 13 (52), 21 (76)]";475
TABÚ;40;8;4265;16.0;25;"Maquina 1: [10 (13), 2 (27), 38 (18), 14 (67), 24 (90)]";535;"Maquina 2: [30 (2), 20 (20), 6 (43), 27 (74), 32 (80)]";481;"Maquina 3: [12 (5), 17 (6), 4 (23), 35 (31), 39 (96)]";382;"Maquina 4: [19 (9), 9 (2), 36 (82), 33 (20), 21 (76)]";469;"Maquina 5: [7 (4), 26 (33), 25 (56), 34 (67), 15 (56)]";569;"Maquina 6: [18 (29), 8 (8), 16 (67), 1 (66), 29 (89)]";671;"Maquina 7: [23 (7), 13 (52), 0 (34), 37 (77), 22 (98)]";692;"Maquina 8: [3 (4), 28 (46), 31 (10), 11 (48), 5 (85)]";466
VNS;40;8;4593;820.0;25;"Maquina 1: [19 (9), 9 (2), 31 (10), 18 (29), 32 (80), 22 (98)]";569;"Maquina 2: [30 (2), 15 (56), 27 (74), 24 (90)]";521;"Maquina 3: [10 (13), 3 (4), 23 (7), 6 (43), 28 (46), 37 (77)]";614;"Maquina 4: [7 (4), 38 (18), 0 (34), 13 (52)]";285;"Maquina 5: [26 (33), 12 (5), 20 (20), 36 (82), 14 (67)]";563;"Maquina 6: [33 (20), 17 (6), 34 (67), 5 (85), 29 (89)]";663;"Maquina 7: [4 (23), 35 (31), 11 (48), 16 (67), 39 (96)]";705;"Maquina 8: [8 (8), 25 (56), 2 (27), 21 (76), 1 (66)]";673
Multiarranque;40;8;4514;45.0;25;"Maquina 1: [4 (23), 23 (7), 34 (67), 33 (20), 37 (77)]";546;"Maquina 2: [17 (6), 35 (31), 6 (43), 24 (90)]";435;"Maquina 3: [12 (5), 8 (8), 31 (10), 16 (67), 15 (56), 29 (89)]";638;"Maquina 4: [0 (34), 10 (13), 11 (48), 21 (76), 39 (96)]";702;"Maquina 5: [3 (4), 20 (20), 2 (27), 13 (52), 32 (80)]";492;"Maquina 6: [30 (2), 18 (29), 19 (9), 36 (82), 1 (66)]";531;"Maquina 7: [38 (18), 28 (46), 27 (74), 22 (98)]";538;"Maquina 8: [9 (2), 7 (4), 26 (33), 25 (56), 5 (85), 14 (67)]";632
GREEDY;40;8;6805;0.0;1;"Maquina 1: [32 (17), 19 (45), 18 (1), 4 (66), 36 (83), 11 (97)]";1041;"Maquina 2: [9 (9), 0 (59), 7 (18), 39 (93), 28 (76)]";989;"Maquina 3: [10 (10), 38 (23), 16 (37), 14 (64), 29 (84)]";695;"Maquina 4: [3 (24), 15 (13), 12 (56), 37 (72), 13 (88)]";923;"Maquina 5: [31 (39), 33 (31), 6 (16), 27 (70), 5 (87)]";810;"Maquina 6: [30 (16), 22 (34), 35 (38), 25 (67), 1 (86)]";808;"Maquina 7: [34 (40), 8 (36), 21 (17), 23 (70), 2 (86)]";868;"Maquina 8: [20 (78), 24 (17), 26 (36), 17 (63)]";671
GRASP;40;8;5638;44.0;25;"Maquina 1: [18 (1), 16 (37), 31 (39), 27 (70), 28 (76)]";599;"Maquina 2: [9 (9), 10 (10), 26 (36), 5 (87), 4 (66), 2 (86)]";849;"Maquina 3: [33 (31), 12 (56), 22 (34), 36 (83), 11 (97)]";877;"Maquina 4: [6 (16), 35 (38), 25 (67), 38 (23), 1 (86)]";748;"Maquina 5: [8 (36), 21 (17), 14 (64), 37 (72), 13 (88)]";782;"Maquina 6: [34 (40), 24 (17), 23 (70), 0 (59), 20 (78)]";786;"Maquina 7: [30 (16), 32 (17), 3 (24), 15 (13), 29 (84)]";481;"Maquina 8: [7 (18), 17 (63), 19 (45), 39 (93)]";516
LNS;40;8;6805;1.0;25;"Maquina 1: [32 (17), 19 (45), 18 (1), 4 (66), 36 (83), 11 (97)]";1041;"Maquina 2: [9 (9), 0 (59), 7 (18), 39 (93), 28 (76)]";989;"Maquina 3: [10 (10), 38 (23), 16 (37), 14 (64), 29 (84)]";695;"Maquina 4: [3 (24), 15 (13), 12 (56), 37 (72), 13 (88)]";923;"Maquina 5: [31 (39), 33 (31), 6 (16), 27 (70), 5 (87)]";810;"Maquina 6: [30 (16), 22 (34), 35 (38), 25 (67), 1 (86)]";808;"Maquina 7: [34 (40), 8 (36), 21 (17), 23 (70), 2 (86)]";868;"Maquina 8: [20 (78), 24 (17), 26 (36), 17 (63)]";671
TABÚ;40;8;6323;15.0;25;"Maquina 1: [9 (9), 38 (23), 34 (40), 5 (87), 29 (84)]";740;"Maquina 2: [28 (76), 12 (56), 24 (17), 37 (72)]";650;"Maquina 3: [18 (1), 7 (18), 22 (34), 23 (70), 20 (78)]";760;"Maquina 4: [15 (13), 6 (16), 27 (70), 2 (86), 31 (39)]";665;"Maquina 5: [33 (31), 30 (16), 17 (63), 25 (67), 13 (88)]";886;"Maquina 6: [10 (10), 26 (36), 14 (64), 36 (83), 11 (97)]";809;"Maquina 7: [8 (36), 32 (17), 16 (37), 4 (66), 39 (93)]";894;"Maquina 8: [21 (17), 35 (38), 19 (45), 3 (24), 1 (86), 0 (59)]";919
VNS;40;8;6312;1179.0;25;"Maquina 1: [32 (17), 19 (45), 18 (1), 4 (66), 36 (83), 11 (97)]";1041;"Maquina 2: [9 (9), 38 (23), 0 (59), 7 (18), 39 (93), 28 (76)]";893;"Maquina 3: [10 (10), 16 (37), 14 (64), 29 (84)]";501;"Maquina 4: [35 (38), 3 (24), 15 (13), 12 (56), 37 (72)]";787;"Maquina 5: [31 (39), 33 (31), 6 (16), 27 (70), 5 (87)]";810;"Maquina 6: [30 (16), 22 (34), 25 (67), 1 (86)]";511;"Maquina 7: [34 (40), 8 (36), 21 (17), 13 (88), 26 (36), 2 (86)]";1098;"Maquina 8: [20 (78), 24 (17), 23 (70), 17 (63)]";671
Multiarranque;40;8;6532;50.0;25;"Maquina 1: [32 (17), 19 (45), 18 (1), 4 (66), 36 (83), 11 (97)]";1041;"Maquina 2: [26 (36), 0 (59), 7 (18), 39 (93), 28 (76)]";856;"Maquina 3: [10 (10), 38 (23), 16 (37), 14 (64), 29 (84)]";695;"Maquina 4: [3 (24), 15 (13), 12 (56), 37 (72), 13 (88)]";923;"Maquina 5: [31 (39), 33 (31), 6 (16), 27 (70), 5 (87)]";810;"Maquina 6: [30 (16), 22 (34), 35 (38), 25 (67), 1 (86)]";808;"Maquina 7: [34 (40), 8 (36), 21 (17), 23 (70), 2 (86)]";868;"Maquina 8: [20 (78), 24 (17), 9 (9), 17 (63)]";531
GREEDY;40;8;7760;0.0;1;"Maquina 1: [16 (19), 7 (2), 31 (49), 33 (91), 11 (74)]";1013;"Maquina 2: [25 (25), 22 (8), 23 (39), 2 (74), 6 (91)]";984;"Maquina 3: [12 (27), 30 (8), 38 (69), 4 (41), 5 (88)]";968;"Maquina 4: [26 (45), 17 (10), 13 (29), 24 (63), 8 (85)]";815;"Maquina 5: [19 (10), 18 (55), 3 (31), 15 (69), 14 (87)]";806;"Maquina 6: [39 (32), 28 (16), 9 (54), 36 (94), 27 (74)]";1067;"Maquina 7: [29 (16), 21 (56), 35 (96), 34 (33), 37 (79)]";1111;"Maquina 8: [10 (39), 20 (59), 32 (18), 1 (94), 0 (79)]";996
GRASP;40;8;5748;50.0;25;"Maquina 1: [22 (8), 32 (18), 33 (91), 23 (39), 8 (85)]";617;"Maquina 2: [12 (27), 30 (8), 34 (33), 9 (54), 31 (49), 35 (96)]";993;"Maquina 3: [19 (10), 21 (56), 14 (87), 24 (63), 36 (94)]";893;"Maquina 4: [7 (2), 13 (29), 3 (31), 0 (79), 5 (88)]";544;"Maquina 5: [10 (39), 37 (79), 4 (41), 20 (59), 6 (91)]";903;"Maquina 6: [17 (10), 18 (55), 15 (69), 26 (45), 11 (74)]";741;"Maquina 7: [16 (19), 28 (16), 27 (74), 38 (69), 2 (74)]";677;"Maquina 8: [25 (25), 39 (32), 29 (16), 1 (94)]";380
LNS;40;8;7665;2.0;25;"Maquina 1: [16 (19), 7 (2), 31 (49), 33 (91), 11 (74)]";1013;"Maquina 2: [25 (25), 22 (8), 23 (39), 2 (74), 6 (91)]";984;"Maquina 3: [4 (41), 30 (8), 38 (69), 12 (27), 5 (88)]";890;"Maquina 4: [26 (45), 17 (10), 13 (29), 24 (63), 8 (85)]";815;"Maquina 5: [19 (10), 18 (55), 3 (31), 15 (69), 14 (87)]";806;"Maquina 6: [39 (32), 28 (16), 9 (54), 36 (94), 27 (74)]";1067;"Maquina 7: [34 (33), 21 (56), 35 (96), 29 (16), 37 (79)]";1094;"Maquina 8: [10 (39), 20 (59), 32 (18), 1 (94), 0 (79)]";996
TABÚ;40;8;6126;20.0;25;"Maquina 1: [19 (10), 21 (56), 32 (18), 27 (74), 6 (91)]";743;"Maquina 2: [4 (41), 26 (45), 17 (10), 18 (55), 15 (69)]";653;"Maquina 3: [7 (2), 38 (69), 20 (59), 33 (91), 1 (94)]";879;"Maquina 4: [12 (27), 22 (8), 34 (33), 23 (39), 36 (94)]";648;"Maquina 5: [3 (31), 29 (16), 31 (49), 2 (74), 37 (79)]";787;"Maquina 6: [10 (39), 39 (32), 13 (29), 24 (63), 35 (96)]";718;"Maquina 7: [25 (25), 9 (54), 0 (79), 30 (8), 5 (88)]";1003;"Maquina 8: [16 (19), 28 (16), 11 (74), 14 (87), 8 (85)]";695
VNS;40;8;6483;808.0;25;"Maquina 1: [25 (25), 7 (2), 15 (69), 1 (94), 8 (85)]";816;"Maquina 2: [16 (19), 22 (8), 27 (74), 4 (41), 20 (59), 6 (91)]";1125;"Maquina 3: [12 (27), 30 (8), 38 (69), 2 (74), 5 (88)]";740;"Maquina 4: [26 (45), 17 (10), 13 (29), 24 (63), 11 (74)]";744;"Maquina 5: [29 (16), 18 (55), 3 (31), 31 (49), 14 (87)]";773;"Maquina 6: [32 (18), 28 (16), 9 (54), 36 (94)]";491;"Maquina 7: [19 (10), 21 (56), 35 (96), 23 (39), 34 (33), 37 (79)]";1134;"Maquina 8: [10 (39), 39 (32), 0 (79), 33 (91)]";660
Multiarranque;40;8;6977;45.0;25;"Maquina 1: [29 (16), 12 (27), 22 (8), 0 (79), 9 (54), 36 (94)]";1171;"Maquina 2: [32 (18), 26 (45), 2 (74), 35 (96)]";533;"Maquina 3: [30 (8), 20 (59), 3 (31), 33 (91), 18 (55)]";925;"Maquina 4: [15 (69), 10 (39), 16 (19), 6 (91), 24 (63)]";919;"Maquina 5: [7 (2), 13 (29), 11 (74), 28 (16), 27 (74), 8 (85)]";894;"Maquina 6: [39 (32), 34 (33), 17 (10), 21 (56), 38 (69)]";887;"Maquina 7: [4 (41), 25 (25), 19 (10), 5 (88), 14 (87)]";1025;"Maquina 8: [23 (39), 31 (49), 37 (79), 1 (94)]";623
GREEDY;40;8;5623;0.0;1;"Maquina 1: [19 (2), 23 (25), 29 (73), 5 (54), 24 (41)]";576;"Maquina 2: [8 (3), 16 (44), 21 (28), 0 (64), 32 (85)]";686;"Maquina 3: [1 (4), 27 (28), 33 (44), 38 (67), 20 (92)]";723;"Maquina 4: [15 (4), 34 (41), 6 (29), 30 (84), 22 (55)]";678;"Maquina 5: [35 (9), 28 (29), 25 (48), 17 (36), 2 (80)]";605;"Maquina 6: [7 (10), 37 (44), 4 (30), 11 (58), 39 (90)]";713;"Maquina 7: [3 (35), 10 (25), 26 (45), 36 (72), 9 (98)]";851;"Maquina 8: [18 (25), 14 (46), 13 (72), 31 (35), 12 (97)]";791
GRASP;40;8;4665;48.0;25;"Maquina 1: [3 (35), 17 (36), 33 (44), 26 (45), 36 (72)]";635;"Maquina 2: [35 (9), 6 (29), 38 (67), 22 (55), 12 (97)]";616;"Maquina 3: [8 (3), 27 (28), 28 (29), 25 (48), 30 (84)]";454;"Maquina 4: [15 (4), 21 (28), 14 (46), 29 (73), 20 (92)]";627;"Maquina 5: [1 (4), 10 (25), 5 (54), 24 (41), 9 (98)]";557;"Maquina 6: [31 (35), 7 (10), 34 (41), 11 (58), 39 (90)]";595;"Maquina 7: [19 (2), 18 (25), 37 (44), 0 (64), 32 (85)]";500;"Maquina 8: [16 (44), 23 (25), 4 (30), 13 (72), 2 (80)]";681
LNS;40;8;5623;1.0;25;"Maquina 1: [19 (2), 23 (25), 29 (73), 5 (54), 24 (41)]";576;"Maquina 2: [8 (3), 16 (44), 21 (28), 0 (64), 32 (85)]";686;"Maquina 3: [1 (4), 27 (28), 33 (44), 38 (67), 20 (92)]";723;"Maquina 4: [15 (4), 34 (41), 6 (29), 30 (84), 22 (55)]";678;"Maquina 5: [35 (9), 28 (29), 25 (48), 17 (36), 2 (80)]";605;"Maquina 6: [7 (10), 37 (44), 4 (30), 11 (58), 39 (90)]";713;"Maquina 7: [3 (35), 10 (25), 26 (45), 36 (72), 9 (98)]";851;"Maquina 8: [18 (25), 14 (46), 13 (72), 31 (35), 12 (97)]";791
TABÚ;40;8;4917;15.0;25;"Maquina 1: [6 (29), 19 (2), 33 (44), 36 (72), 38 (67)]";540;"Maquina 2: [15 (4), 34 (41), 28 (29), 25 (48), 2 (80)]";564;"Maquina 3: [1 (4), 23 (25), 4 (30), 22 (55), 30 (84)]";545;"Maquina 4: [24 (41), 26 (45), 17 (36), 3 (35), 9 (98)]";727;"Maquina 5: [8 (3), 27 (28), 31 (35), 16 (44), 39 (90)]";457;"Maquina 6: [10 (25), 7 (10), 5 (54), 29 (73), 20 (92)]";654;"Maquina 7: [18 (25), 14 (46), 11 (58), 12 (97), 13 (72)]";841;"Maquina 8: [35 (9), 21 (28), 37 (44), 0 (64), 32 (85)]";589
VNS;40;8;5345;1107.0;25;"Maquina 1: [19 (2), 23 (25), 29 (73), 5 (54), 24 (41)]";576;"Maquina 2: [8 (3), 16 (44), 21 (28), 0 (64), 32 (85)]";686;"Maquina 3: [1 (4), 6 (29), 27 (28), 33 (44), 38 (67), 20 (92)]";753;"Maquina 4: [15 (4), 34 (41), 30 (84), 9 (98)]";470;"Maquina 5: [35 (9), 28 (29), 25 (48), 17 (36), 2 (80)]";605;"Maquina 6: [7 (10), 37 (44), 4 (30), 11 (58), 12 (97)]";703;"Maquina 7: [3 (35), 10 (25), 26 (45), 36 (72), 22 (55)]";802;"Maquina 8: [18 (25), 14 (46), 13 (72), 31 (35), 39 (90)]";750
Multiarranque;40;8;4992;49.0;25;"Maquina 1: [19 (2), 33 (44), 22 (55), 21 (28), 32 (85)]";550;"Maquina 2: [1 (4), 6 (29), 11 (58), 34 (41), 2 (80)]";562;"Maquina 3: [8 (3), 27 (28), 31 (35), 26 (45), 36 (72), 9 (98)]";735;"Maquina 4: [15 (4), 14 (46), 23 (25), 29 (73), 39 (90)]";616;"Maquina 5: [7 (10), 28 (29), 0 (64), 16 (44), 12 (97)]";685;"Maquina 6: [3 (35), 10 (25), 5 (54), 13 (72)]";531;"Maquina 7: [18 (25), 25 (48), 24 (41), 17 (36), 20 (92)]";707;"Maquina 8: [35 (9), 37 (44), 4 (30), 38 (67), 30 (84)]";606
GREEDY;40;8;7019;0.0;1;"Maquina 1: [22 (46), 28 (19), 11 (78), 0 (3), 7 (86)]";823;"Maquina 2: [35 (5), 29 (46), 15 (20), 37 (87), 2 (76)]";843;"Maquina 3: [3 (6), 25 (80), 18 (21), 23 (60), 39 (82)]";779;"Maquina 4: [1 (50), 4 (6), 38 (89), 31 (26), 13 (78)]";864;"Maquina 5: [20 (7), 9 (60), 30 (91), 32 (28), 14 (79)]";948;"Maquina 6: [27 (31), 5 (61), 6 (10), 33 (80), 16 (91)]";892;"Maquina 7: [34 (93), 26 (15), 36 (61), 8 (40), 19 (82)]";1098;"Maquina 8: [10 (17), 24 (41), 12 (48), 21 (68), 17 (83)]";772
GRASP;40;8;5657;43.0;25;"Maquina 1: [35 (5), 29 (46), 36 (61), 13 (78), 34 (93)]";687;"Maquina 2: [20 (7), 3 (6), 12 (48), 6 (10), 33 (80), 23 (60)]";763;"Maquina 3: [0 (3), 15 (20), 37 (87), 5 (61), 11 (78)]";595;"Maquina 4: [27 (31), 18 (21), 1 (50), 9 (60), 19 (82)]";764;"Maquina 5: [26 (15), 39 (82), 21 (68), 25 (80)]";611;"Maquina 6: [10 (17), 24 (41), 8 (40), 30 (91), 7 (86)]";757;"Maquina 7: [31 (26), 28 (19), 2 (76), 14 (79), 16 (91)]";835;"Maquina 8: [4 (6), 32 (28), 17 (83), 22 (46), 38 (89)]";645
LNS;40;8;7019;0.0;25;"Maquina 1: [22 (46), 28 (19), 11 (78), 0 (3), 7 (86)]";823;"Maquina 2: [35 (5), 29 (46), 15 (20), 37 (87), 2 (76)]";843;"Maquina 3: [3 (6), 25 (80), 18 (21), 23 (60), 39 (82)]";779;"Maquina 4: [1 (50), 4 (6), 38 (89), 31 (26), 13 (78)]";864;"Maquina 5: [20 (7), 9 (60), 30 (91), 32 (28), 14 (79)]";948;"Maquina 6: [27 (31), 5 (61), 6 (10), 33 (80), 16 (91)]";892;"Maquina 7: [34 (93), 26 (15), 36 (61), 8 (40), 19 (82)]";1098;"Maquina 8: [10 (17), 24 (41), 12 (48), 21 (68), 17 (83)]";772
TABÚ;40;8;5975;15.0;25;"Maquina 1: [26 (15), 35 (5), 29 (46), 5 (61), 37 (87)]";503;"Maquina 2: [4 (6), 32 (28), 31 (26), 33 (80), 13 (78), 30 (91)]";967;"Maquina 3: [27 (31), 18 (21), 25 (80), 2 (76), 38 (89)]";790;"Maquina 4: [12 (48), 6 (10), 7 (86), 21 (68), 39 (82)]";947;"Maquina 5: [28 (19), 3 (6), 9 (60), 36 (61), 22 (46), 11 (78)]";892;"Maquina 6: [20 (7), 1 (50), 24 (41), 14 (79), 16 (91)]";890;"Maquina 7: [10 (17), 17 (83), 19 (82), 23 (60)]";598;"Maquina 8: [0 (3), 15 (20), 8 (40), 34 (93)]";388
VNS;40;8;6512;1028.0;25;"Maquina 1: [22 (46), 23 (60), 0 (3), 7 (86)]";605;"Maquina 2: [35 (5), 29 (46), 28 (19), 15 (20), 37 (87), 2 (76)]";751;"Maquina 3: [3 (6), 25 (80), 18 (21), 13 (78), 11 (78)]";763;"Maquina 4: [1 (50), 4 (6), 38 (89), 39 (82)]";507;"Maquina 5: [20 (7), 9 (60), 30 (91), 32 (28), 14 (79)]";948;"Maquina 6: [31 (26), 27 (31), 5 (61), 6 (10), 33 (80), 16 (91)]";1068;"Maquina 7: [34 (93), 26 (15), 36 (61), 8 (40), 19 (82)]";1098;"Maquina 8: [10 (17), 24 (41), 12 (48), 21 (68), 17 (83)]";772
Multiarranque;40;8;6429;48.0;25;"Maquina 1: [31 (26), 6 (10), 2 (76), 3 (6), 7 (86)]";680;"Maquina 2: [28 (19), 15 (20), 24 (41), 16 (91), 14 (79)]";680;"Maquina 3: [27 (31), 9 (60), 29 (46), 1 (50), 12 (48)]";879;"Maquina 4: [4 (6), 38 (89), 19 (82), 21 (68), 33 (80)]";961;"Maquina 5: [10 (17), 35 (5), 11 (78), 36 (61), 37 (87)]";731;"Maquina 6: [20 (7), 5 (61), 22 (46), 8 (40), 30 (91)]";761;"Maquina 7: [26 (15), 0 (3), 39 (82), 23 (60), 25 (80)]";836;"Maquina 8: [32 (28), 18 (21), 13 (78), 34 (93), 17 (83)]";901
GREEDY;40;8;7684;0.0;1;"Maquina 1: [10 (23), 26 (3), 19 (76), 1 (58), 11 (90)]";1002;"Maquina 2: [21 (23), 8 (5), 35 (58), 15 (91), 5 (71)]";912;"Maquina 3: [31 (24), 29 (70), 22 (5), 0 (85), 13 (41)]";722;"Maquina 4: [12 (75), 6 (7), 18 (43), 4 (32), 32 (98)]";988;"Maquina 5: [7 (34), 39 (10), 17 (42), 14 (84), 23 (68)]";872;"Maquina 6: [27 (99), 2 (37), 20 (12), 33 (54), 38 (79)]";1194;"Maquina 7: [25 (12), 30 (49), 28 (40), 16 (71), 24 (89)]";881;"Maquina 8: [34 (63), 9 (17), 3 (99), 36 (80), 37 (40)]";1113
GRASP;40;8;6066;45.0;25;"Maquina 1: [18 (43), 26 (3), 31 (24), 12 (75), 15 (91)]";699;"Maquina 2: [8 (5), 37 (40), 5 (71), 38 (79), 32 (98)]";785;"Maquina 3: [7 (34), 39 (10), 2 (37), 10 (23), 30 (49)]";586;"Maquina 4: [22 (5), 6 (7), 0 (85), 23 (68), 3 (99)]";745;"Maquina 5: [25 (12), 17 (42), 28 (40), 29 (70), 27 (99)]";696;"Maquina 6: [4 (32), 9 (17), 16 (71), 1 (58), 24 (89)]";863;"Maquina 7: [13 (41), 33 (54), 35 (58), 11 (90), 36 (80)]";964;"Maquina 8: [20 (12), 21 (23), 34 (63), 19 (76), 14 (84)]";728
LNS;40;8;7684;1.0;25;"Maquina 1: [10 (23), 26 (3), 19 (76), 1 (58), 11 (90)]";1002;"Maquina 2: [21 (23), 8 (5), 35 (58), 15 (91), 5 (71)]";912;"Maquina 3: [31 (24), 29 (70), 22 (5), 0 (85), 13 (41)]";722;"Maquina 4: [12 (75), 6 (7), 18 (43), 4 (32), 32 (98)]";988;"Maquina 5: [7 (34), 39 (10), 17 (42), 14 (84), 23 (68)]";872;"Maquina 6: [27 (99), 2 (37), 20 (12), 33 (54), 38 (79)]";1194;"Maquina 7: [25 (12), 30 (49), 28 (40), 16 (71), 24 (89)]";881;"Maquina 8: [34 (63), 9 (17), 3 (99), 36 (80), 37 (40)]";1113
TABÚ;40;8;6228;15.0;25;"Maquina 1: [6 (7), 26 (3), 25 (12), 23 (68), 3 (99)]";479;"Maquina 2: [31 (24), 22 (5), 5 (71), 17 (42), 0 (85)]";677;"Maquina 3: [39 (10), 2 (37), 1 (58), 24 (89), 19 (76)]";825;"Maquina 4: [18 (43), 8 (5), 4 (32), 29 (70), 32 (98)]";787;"Maquina 5: [7 (34), 12 (75), 14 (84), 27 (99), 36 (80)]";1110;"Maquina 6: [10 (23), 28 (40), 9 (17), 15 (91), 34 (63)]";714;"Maquina 7: [30 (49), 20 (12), 13 (41), 33 (54), 11 (90)]";753;"Maquina 8: [21 (23), 16 (71), 38 (79), 37 (40), 35 (58)]";883
VNS;40;8;6829;812.0;25;"Maquina 1: [10 (23), 20 (12), 26 (3), 19 (76), 1 (58), 11 (90)]";993;"Maquina 2: [8 (5), 35 (58), 15 (91), 5 (71)]";593;"Maquina 3: [31 (24), 29 (70), 22 (5), 0 (85), 13 (41)]";722;"Maquina 4: [37 (40), 12 (75), 6 (7), 18 (43), 28 (40), 32 (98)]";1050;"Maquina 5: [7 (34), 39 (10), 17 (42), 38 (79), 23 (68)]";938;"Maquina 6: [27 (99), 2 (37), 33 (54), 14 (84)]";821;"Maquina 7: [4 (32), 25 (12), 30 (49), 21 (23), 16 (71), 24 (89)]";1020;"Maquina 8: [34 (63), 9 (17), 3 (99), 36 (80)]";692
Multiarranque;40;8;6866;45.0;25;"Maquina 1: [6 (7), 37 (40), 10 (23), 29 (70), 5 (71)]";742;"Maquina 2: [26 (3), 31 (24), 19 (76), 35 (58), 34 (63)]";843;"Maquina 3: [8 (5), 4 (32), 11 (90), 17 (42), 16 (71)]";848;"Maquina 4: [18 (43), 7 (34), 22 (5), 14 (84), 27 (99)]";841;"Maquina 5: [25 (12), 23 (68), 12 (75), 38 (79), 32 (98)]";894;"Maquina 6: [9 (17), 36 (80), 0 (85), 13 (41), 15 (91)]";1101;"Maquina 7: [39 (10), 1 (58), 28 (40), 21 (23), 24 (89)]";750;"Maquina 8: [2 (37), 20 (12), 30 (49), 3 (99), 33 (54)]";847
GREEDY;40;8;4435;0.0;1;"Maquina 1: [0 (3), 19 (14), 9 (29), 21 (51), 10 (65)]";459;"Maquina 2: [8 (3), 30 (15), 16 (40), 14 (55), 17 (90)]";602;"Maquina 3: [12 (3), 27 (16), 3 (52), 31 (69), 23 (29)]";447;"Maquina 4: [37 (4), 24 (29), 38 (16), 36 (54), 2 (71)]";526;"Maquina 5: [26 (18), 7 (5), 4 (42), 20 (55), 15 (81)]";502;"Maquina 6: [13 (5), 29 (19), 6 (31), 28 (55), 11 (90)]";567;"Maquina 7: [35 (6), 1 (22), 32 (99), 33 (45), 18 (61)]";730;"Maquina 8: [25 (10), 39 (27), 22 (60), 5 (49), 34 (95)]";602
GRASP;40;8;3900;45.0;25;"Maquina 1: [8 (3), 30 (15), 3 (52), 29 (19), 17 (90)]";464;"Maquina 2: [26 (18), 39 (27), 19 (14), 36 (54), 11 (90)]";454;"Maquina 3: [27 (16), 0 (3), 5 (49), 9 (29), 34 (95)]";454;"Maquina 4: [37 (4), 7 (5), 33 (45), 28 (55), 32 (99)]";466;"Maquina 5: [24 (29), 35 (6), 16 (40), 4 (42), 2 (71)]";487;"Maquina 6: [1 (22), 38 (16), 20 (55), 18 (61), 14 (55)]";583;"Maquina 7: [13 (5), 25 (10), 6 (31), 31 (69), 10 (65)]";436;"Maquina 8: [12 (3), 23 (29), 21 (51), 22 (60), 15 (81)]";556
LNS;40;8;4435;1.0;25;"Maquina 1: [0 (3), 19 (14), 9 (29), 21 (51), 10 (65)]";459;"Maquina 2: [8 (3), 30 (15), 16 (40), 14 (55), 17 (90)]";602;"Maquina 3: [12 (3), 27 (16), 3 (52), 31 (69), 23 (29)]";447;"Maquina 4: [37 (4), 24 (29), 38 (16), 36 (54), 2 (71)]";526;"Maquina 5: [26 (18), 7 (5), 4 (42), 20 (55), 15 (81)]";502;"Maquina 6: [13 (5), 29 (19), 6 (31), 28 (55), 11 (90)]";567;"Maquina 7: [35 (6), 1 (22), 32 (99), 33 (45), 18 (61)]";730;"Maquina 8: [25 (10), 39 (27), 22 (60), 5 (49), 34 (95)]";602
TABÚ;40;8;4042;17.0;25;"Maquina 1: [13 (5), 12 (3), 27 (16), 18 (61), 21 (51), 11 (90)]";555;"Maquina 2: [35 (6), 6 (31), 19 (14), 36 (54), 15 (81)]";449;"Maquina 3: [0 (3), 29 (19), 33 (45), 28 (55), 32 (99)]";563;"Maquina 4: [37 (4), 7 (5), 4 (42), 16 (40), 10 (65)]";416;"Maquina 5: [8 (3), 38 (16), 23 (29), 14 (55), 2 (71)]";515;"Maquina 6: [25 (10), 39 (27), 5 (49), 22 (60), 17 (90)]";615;"Maquina 7: [26 (18), 1 (22), 3 (52), 31 (69), 34 (95)]";607;"Maquina 8: [9 (29), 30 (15), 24 (29), 20 (55)]";322
VNS;40;8;4306;1129.0;25;"Maquina 1: [0 (3), 19 (14), 9 (29), 18 (61), 21 (51), 10 (65)]";673;"Maquina 2: [8 (3), 30 (15), 16 (40), 31 (69), 17 (90)]";591;"Maquina 3: [12 (3), 27 (16), 3 (52), 14 (55), 2 (71)]";504;"Maquina 4: [37 (4), 24 (29), 38 (16), 36 (54), 23 (29)]";450;"Maquina 5: [26 (18), 7 (5), 4 (42), 20 (55), 15 (81)]";502;"Maquina 6: [13 (5), 29 (19), 6 (31), 28 (55), 11 (90)]";567;"Maquina 7: [35 (6), 1 (22), 32 (99), 33 (45)]";417;"Maquina 8: [25 (10), 39 (27), 22 (60), 5 (49), 34 (95)]";602
Multiarranque;40;8;4264;49.0;25;"Maquina 1: [30 (15), 36 (54), 16 (40), 34 (95)]";418;"Maquina 2: [37 (4), 28 (55), 4 (42), 32 (99)]";457;"Maquina 3: [35 (6), 1 (22), 6 (31), 3 (52), 31 (69)]";530;"Maquina 4: [8 (3), 39 (27), 21 (51), 22 (60), 18 (61)]";580;"Maquina 5: [0 (3), 38 (16), 13 (5), 25 (10), 33 (45), 24 (29), 15 (81)]";627;"Maquina 6: [23 (29), 29 (19), 27 (16), 14 (55), 20 (55)]";525;"Maquina 7: [19 (14), 9 (29), 26 (18), 5 (49), 11 (90)]";515;"Maquina 8: [12 (3), 7 (5), 10 (65), 17 (90), 2 (71)]";612
GREEDY;40;8;5763;0.0;1;"Maquina 1: [14 (19), 2 (2), 37 (69), 21 (40), 11 (80)]";734;"Maquina 2: [35 (20), 23 (3), 8 (63), 13 (48), 12 (94)]";840;"Maquina 3: [24 (3), 31 (31), 32 (22), 29 (75), 0 (58)]";620;"Maquina 4: [15 (25), 38 (3), 18 (35), 7 (58), 26 (86)]";705;"Maquina 5: [28 (5), 30 (25), 10 (35), 16 (55), 27 (73)]";562;"Maquina 6: [4 (6), 6 (27), 22 (38), 33 (56), 20 (84)]";667;"Maquina 7: [36 (46), 39 (13), 19 (29), 17 (91), 3 (63)]";777;"Maquina 8: [25 (14), 9 (31), 34 (49), 5 (97), 1 (67)]";858
GRASP;40;8;4681;46.0;25;"Maquina 1: [32 (22), 2 (2), 19 (29), 10 (35), 33 (56), 20 (84)]";707;"Maquina 2: [38 (3), 22 (38), 37 (69), 18 (35), 29 (75)]";583;"Maquina 3: [24 (3), 16 (55), 30 (25), 3 (63), 26 (86)]";593;"Maquina 4: [28 (5), 25 (14), 8 (63), 6 (27), 7 (58)]";505;"Maquina 5: [4 (6), 36 (46), 21 (40), 13 (48), 17 (91)]";654;"Maquina 6: [14 (19), 35 (20), 1 (67), 0 (58), 5 (97)]";629;"Maquina 7: [39 (13), 9 (31), 31 (31), 34 (49), 11 (80)]";545;"Maquina 8: [15 (25), 23 (3), 12 (94), 27 (73)]";465
LNS;40;8;5760;1.0;25;"Maquina 1: [14 (19), 2 (2), 37 (69), 21 (40), 11 (80)]";734;"Maquina 2: [35 (20), 23 (3), 13 (48), 8 (63), 12 (94)]";837;"Maquina 3: [24 (3), 31 (31), 32 (22), 29 (75), 0 (58)]";620;"Maquina 4: [15 (25), 38 (3), 18 (35), 7 (58), 26 (86)]";705;"Maquina 5: [28 (5), 30 (25), 10 (35), 16 (55), 27 (73)]";562;"Maquina 6: [4 (6), 6 (27), 22 (38), 33 (56), 20 (84)]";667;"Maquina 7: [36 (46), 39 (13), 19 (29), 17 (91), 3 (63)]";777;"Maquina 8: [25 (14), 9 (31), 34 (49), 5 (97), 1 (67)]";858
TABÚ;40;8;5069;14.0;25;"Maquina 1: [0 (58), 14 (19), 39 (13), 7 (58), 11 (80)]";668;"Maquina 2: [24 (3), 3 (63), 16 (55), 33 (56), 17 (91)]";787;"Maquina 3: [38 (3), 21 (40), 13 (48), 30 (25), 26 (86)]";660;"Maquina 4: [6 (27), 28 (5), 15 (25), 10 (35), 12 (94)]";532;"Maquina 5: [18 (35), 32 (22), 23 (3), 8 (63), 37 (69)]";664;"Maquina 6: [19 (29), 4 (6), 36 (46), 34 (49), 5 (97)]";604;"Maquina 7: [2 (2), 9 (31), 31 (31), 20 (84), 1 (67)]";538;"Maquina 8: [25 (14), 22 (38), 35 (20), 29 (75), 27 (73)]";616
VNS;40;8;5453;1043.0;25;"Maquina 1: [14 (19), 2 (2), 37 (69), 21 (40), 11 (80)]";734;"Maquina 2: [35 (20), 23 (3), 8 (63), 13 (48), 12 (94)]";840;"Maquina 3: [24 (3), 32 (22), 29 (75), 0 (58)]";337;"Maquina 4: [15 (25), 38 (3), 6 (27), 7 (58), 26 (86)]";508;"Maquina 5: [28 (5), 30 (25), 10 (35), 16 (55), 27 (73)]";562;"Maquina 6: [4 (6), 18 (35), 22 (38), 33 (56), 20 (84)]";630;"Maquina 7: [36 (46), 39 (13), 19 (29), 17 (91), 3 (63)]";777;"Maquina 8: [25 (14), 9 (31), 31 (31), 34 (49), 5 (97), 1 (67)]";1065
Multiarranque;40;8;5466;47.0;25;"Maquina 1: [24 (3), 32 (22), 15 (25), 39 (13), 38 (3), 5 (97), 36 (46)]";860;"Maquina 2: [6 (27), 25 (14), 8 (63), 12 (94), 29 (75)]";772;"Maquina 3: [4 (6), 28 (5), 18 (35), 22 (38), 19 (29), 11 (80)]";624;"Maquina 4: [23 (3), 10 (35), 1 (67), 3 (63), 16 (55)]";651;"Maquina 5: [2 (2), 33 (56), 30 (25), 26 (86), 31 (31)]";635;"Maquina 6: [0 (58), 14 (19), 34 (49), 37 (69)]";561;"Maquina 7: [21 (40), 13 (48), 17 (91), 7 (58)]";718;"Maquina 8: [35 (20), 9 (31), 27 (73), 20 (84)]";645
GREEDY;40;8;7816;0.0;1;"Maquina 1: [24 (3), 38 (31), 18 (22), 10 (71), 28 (58)]";792;"Maquina 2: [3 (5), 34 (89), 19 (37), 7 (24), 20 (67)]";1011;"Maquina 3: [16 (11), 12 (34), 35 (25), 4 (56), 14 (71), 15 (94)]";1190;"Maquina 4: [32 (11), 2 (72), 1 (48), 13 (26)]";789;"Maquina 5: [22 (26), 27 (59), 17 (19), 31 (64), 39 (73)]";910;"Maquina 6: [6 (20), 8 (50), 29 (26), 37 (66), 9 (80)]";1016;"Maquina 7: [21 (21), 11 (44), 26 (92), 0 (27), 33 (69)]";1211;"Maquina 8: [30 (27), 5 (22), 36 (43), 23 (72), 25 (63)]";897
GRASP;40;8;5888;44.0;25;"Maquina 1: [5 (22), 36 (43), 28 (58), 23 (72), 3 (5), 2 (72)]";994;"Maquina 2: [8 (50), 22 (26), 1 (48), 20 (67), 4 (56)]";768;"Maquina 3: [35 (25), 18 (22), 17 (19), 37 (66), 11 (44)]";676;"Maquina 4: [14 (71), 6 (20), 12 (34), 15 (94)]";586;"Maquina 5: [7 (24), 27 (59), 30 (27), 29 (26), 34 (89)]";759;"Maquina 6: [16 (11), 31 (64), 19 (37), 25 (63), 9 (80)]";767;"Maquina 7: [21 (21), 13 (26), 0 (27), 38 (31), 39 (73)]";548;"Maquina 8: [24 (3), 32 (11), 33 (69), 10 (71), 26 (92)]";790
LNS;40;8;7762;1.0;25;"Maquina 1: [24 (3), 38 (31), 18 (22), 10 (71), 28 (58)]";792;"Maquina 2: [3 (5), 34 (89), 19 (37), 7 (24), 20 (67)]";1011;"Maquina 3: [16 (11), 12 (34), 35 (25), 4 (56), 14 (71), 15 (94)]";1190;"Maquina 4: [32 (11), 2 (72), 1 (48), 13 (26)]";789;"Maquina 5: [22 (26), 27 (59), 17 (19), 31 (64), 39 (73)]";910;"Maquina 6: [29 (26), 8 (50), 6 (20), 37 (66), 9 (80)]";962;"Maquina 7: [21 (21), 11 (44), 26 (92), 0 (27), 33 (69)]";1211;"Maquina 8: [30 (27), 5 (22), 36 (43), 23 (72), 25 (63)]";897
TABÚ;40;8;5771;15.0;25;"Maquina 1: [30 (27), 3 (5), 25 (63), 4 (56), 14 (71), 1 (48)]";1000;"Maquina 2: [24 (3), 28 (58), 19 (37), 37 (66), 39 (73)]";682;"Maquina 3: [8 (50), 17 (19), 18 (22), 11 (44), 26 (92)]";694;"Maquina 4: [32 (11), 31 (64), 2 (72), 20 (67)]";584;"Maquina 5: [7 (24), 0 (27), 16 (11), 23 (72), 12 (34), 15 (94)]";1008;"Maquina 6: [35 (25), 5 (22), 36 (43), 27 (59), 34 (89)]";616;"Maquina 7: [6 (20), 22 (26), 9 (80), 33 (69), 10 (71)]";819;"Maquina 8: [13 (26), 21 (21), 38 (31), 29 (26)]";368
VNS;40;8;6609;748.0;25;"Maquina 1: [24 (3), 28 (58), 18 (22), 10 (71)]";422;"Maquina 2: [3 (5), 0 (27), 19 (37), 7 (24), 30 (27), 20 (67)]";907;"Maquina 3: [16 (11), 6 (20), 12 (34), 35 (25), 4 (56), 14 (71), 15 (94)]";1420;"Maquina 4: [32 (11), 2 (72), 8 (50), 1 (48)]";603;"Maquina 5: [22 (26), 27 (59), 38 (31), 17 (19), 31 (64), 39 (73)]";1120;"Maquina 6: [29 (26), 37 (66), 9 (80)]";426;"Maquina 7: [21 (21), 13 (26), 11 (44), 26 (92), 23 (72), 33 (69)]";1214;"Maquina 8: [5 (22), 36 (43), 34 (89), 25 (63)]";497
Multiarranque;40;8;6317;45.0;25;"Maquina 1: [27 (59), 35 (25), 29 (26), 2 (72)]";672;"Maquina 2: [16 (11), 31 (64), 19 (37), 33 (69), 34 (89)]";817;"Maquina 3: [30 (27), 32 (11), 25 (63), 20 (67), 26 (92)]";859;"Maquina 4: [22 (26), 24 (3), 38 (31), 9 (80), 14 (71), 23 (72)]";1014;"Maquina 5: [4 (56), 7 (24), 1 (48), 0 (27), 6 (20)]";746;"Maquina 6: [5 (22), 36 (43), 11 (44), 12 (34), 37 (66)]";614;"Maquina 7: [21 (21), 13 (26), 8 (50), 3 (5), 15 (94)]";734;"Maquina 8: [17 (19), 18 (22), 39 (73), 28 (58), 10 (71)]";861
GREEDY;40;8;8309;0.0;1;"Maquina 1: [10 (4), 6 (75), 1 (30), 26 (91), 11 (54)]";890;"Maquina 2: [17 (5), 30 (59), 28 (30), 19 (72), 12 (90)]";963;"Maquina 3: [20 (83), 39 (30), 35 (8), 27 (61), 18 (97)]";1083;"Maquina 4: [38 (12), 13 (35), 16 (61), 7 (77), 24 (92)]";1018;"Maquina 5: [29 (17), 34 (37), 9 (81), 23 (55), 4 (90)]";861;"Maquina 6: [22 (20), 5 (88), 0 (38), 14 (70), 25 (95)]";1025;"Maquina 7: [31 (71), 33 (20), 3 (90), 8 (44), 37 (99)]";1192;"Maquina 8: [2 (49), 15 (25), 32 (68), 21 (97), 36 (83)]";1277
GRASP;40;8;6464;48.0;25;"Maquina 1: [38 (12), 39 (30), 16 (61), 36 (83), 18 (97)]";753;"Maquina 2: [29 (17), 17 (5), 30 (59), 4 (90), 12 (90)]";637;"Maquina 3: [35 (8), 33 (20), 27 (61), 23 (55), 19 (72)]";671;"Maquina 4: [15 (25), 22 (20), 20 (83), 21 (97), 24 (92)]";887;"Maquina 5: [10 (4), 32 (68), 2 (49), 5 (88), 37 (99)]";813;"Maquina 6: [1 (30), 34 (37), 8 (44), 3 (90), 6 (75), 14 (70)]";1165;"Maquina 7: [13 (35), 0 (38), 9 (81), 26 (91), 25 (95)]";904;"Maquina 8: [28 (30), 7 (77), 11 (54), 31 (71)]";634
LNS;40;8;8309;1.0;25;"Maquina 1: [10 (4), 6 (75), 1 (30), 26 (91), 11 (54)]";890;"Maquina 2: [17 (5), 30 (59), 28 (30), 19 (72), 12 (90)]";963;"Maquina 3: [20 (83), 39 (30), 35 (8), 27 (61), 18 (97)]";1083;"Maquina 4: [38 (12), 13 (35), 16 (61), 7 (77), 24 (92)]";1018;"Maquina 5: [29 (17), 34 (37), 9 (81), 23 (55), 4 (90)]";861;"Maquina 6: [22 (20), 5 (88), 0 (38), 14 (70), 25 (95)]";1025;"Maquina 7: [31 (71), 33 (20), 3 (90), 8 (44), 37 (99)]";1192;"Maquina 8: [2 (49), 15 (25), 32 (68), 21 (97), 36 (83)]";1277
TABÚ;40;8;7415;14.0;25;"Maquina 1: [30 (59), 35 (8), 34 (37), 19 (72), 37 (99)]";771;"Maquina 2: [38 (12), 39 (30), 4 (90), 9 (81), 2 (49), 18 (97)]";1306;"Maquina 3: [33 (20), 22 (20), 31 (71), 10 (4), 26 (91)]";560;"Maquina 4: [17 (5), 29 (17), 14 (70), 27 (61), 21 (97)]";802;"Maquina 5: [13 (35), 28 (30), 0 (38), 20 (83), 12 (90)]";900;"Maquina 6: [32 (68), 8 (44), 3 (90), 16 (61), 36 (83)]";1179;"Maquina 7: [1 (30), 25 (95), 23 (55), 24 (92)]";721;"Maquina 8: [6 (75), 11 (54), 7 (77), 15 (25), 5 (88)]";1176
VNS;40;8;7821;1073.0;25;"Maquina 1: [10 (4), 6 (75), 1 (30), 26 (91), 11 (54)]";890;"Maquina 2: [17 (5), 35 (8), 28 (30), 7 (77), 12 (90)]";548;"Maquina 3: [20 (83), 39 (30), 13 (35), 30 (59), 27 (61), 18 (97)]";1390;"Maquina 4: [38 (12), 16 (61), 19 (72), 24 (92)]";690;"Maquina 5: [29 (17), 34 (37), 9 (81), 23 (55), 4 (90)]";861;"Maquina 6: [22 (20), 5 (88), 0 (38), 14 (70), 36 (83), 25 (95)]";1498;"Maquina 7: [31 (71), 33 (20), 3 (90), 8 (44), 37 (99)]";1192;"Maquina 8: [2 (49), 15 (25), 32 (68), 21 (97)]";752
Multiarranque;40;8;7565;48.0;25;"Maquina 1: [13 (35), 10 (4), 32 (68), 37 (99), 20 (83)]";972;"Maquina 2: [38 (12), 39 (30), 16 (61), 36 (83), 7 (77)]";744;"Maquina 3: [29 (17), 34 (37), 8 (44), 18 (97), 4 (90)]";854;"Maquina 4: [1 (30), 17 (5), 30 (59), 9 (81), 12 (90)]";843;"Maquina 5: [33 (20), 0 (38), 21 (97), 27 (61), 3 (90)]";1008;"Maquina 6: [35 (8), 22 (20), 31 (71), 5 (88), 14 (70), 25 (95)]";1140;"Maquina 7: [2 (49), 23 (55), 19 (72), 15 (25), 24 (92)]";1110;"Maquina 8: [28 (30), 6 (75), 11 (54), 26 (91)]";894
GREEDY;40;8;7685;0.0;1;"Maquina 1: [15 (47), 29 (25), 38 (5), 2 (68), 35 (86)]";889;"Maquina 2: [37 (13), 26 (31), 20 (44), 33 (59), 39 (90)]";981;"Maquina 3: [22 (17), 12 (46), 0 (70), 19 (96), 5 (33)]";1043;"Maquina 4: [21 (48), 28 (34), 25 (17), 23 (62), 16 (82)]";893;"Maquina 5: [18 (18), 24 (55), 13 (50), 32 (34), 1 (82)]";758;"Maquina 6: [9 (22), 11 (41), 27 (70), 7 (93), 34 (46)]";942;"Maquina 7: [4 (23), 10 (76), 36 (43), 6 (55), 14 (98)]";1204;"Maquina 8: [8 (51), 17 (25), 30 (70), 3 (44), 31 (94)]";975
GRASP;40;8;5876;44.0;25;"Maquina 1: [5 (33), 38 (5), 13 (50), 26 (31), 23 (62)]";575;"Maquina 2: [9 (22), 12 (46), 8 (51), 28 (34), 10 (76)]";664;"Maquina 3: [20 (44), 3 (44), 30 (70), 35 (86)]";593;"Maquina 4: [25 (17), 37 (13), 15 (47), 31 (94), 19 (96)]";666;"Maquina 5: [18 (18), 6 (55), 36 (43), 0 (70), 33 (59)]";708;"Maquina 6: [4 (23), 17 (25), 11 (41), 27 (70), 7 (93)]";693;"Maquina 7: [22 (17), 24 (55), 2 (68), 34 (46), 16 (82), 39 (90)]";1117;"Maquina 8: [21 (48), 29 (25), 1 (82), 32 (34), 14 (98)]";860
LNS;40;8;7548;1.0;25;"Maquina 1: [15 (47), 29 (25), 38 (5), 2 (68), 35 (86)]";889;"Maquina 2: [26 (31), 37 (13), 20 (44), 33 (59), 39 (90)]";915;"Maquina 3: [22 (17), 12 (46), 0 (70), 19 (96), 5 (33)]";1043;"Maquina 4: [21 (48), 28 (34), 25 (17), 23 (62), 16 (82)]";893;"Maquina 5: [18 (18), 24 (55), 13 (50), 32 (34), 1 (82)]";758;"Maquina 6: [9 (22), 27 (70), 11 (41), 7 (93), 34 (46)]";939;"Maquina 7: [10 (76), 6 (55), 36 (43), 4 (23), 14 (98)]";1136;"Maquina 8: [8 (51), 17 (25), 30 (70), 3 (44), 31 (94)]";975
TABÚ;40;8;6430;14.0;25;"Maquina 1: [25 (17), 9 (22), 27 (70), 3 (44), 39 (90)]";624;"Maquina 2: [5 (33), 38 (5), 11 (41), 26 (31), 7 (93)]";752;"Maquina 3: [28 (34), 18 (18), 23 (62), 21 (48), 35 (86)]";751;"Maquina 4: [22 (17), 24 (55), 34 (46), 16 (82), 2 (68), 30 (70)]";1153;"Maquina 5: [6 (55), 36 (43), 29 (25), 1 (82)]";620;"Maquina 6: [17 (25), 20 (44), 15 (47), 31 (94), 33 (59)]";881;"Maquina 7: [4 (23), 13 (50), 19 (96), 8 (51), 10 (76)]";905;"Maquina 8: [37 (13), 12 (46), 0 (70), 32 (34), 14 (98)]";744
VNS;40;8;7047;951.0;25;"Maquina 1: [15 (47), 29 (25), 2 (68), 35 (86)]";627;"Maquina 2: [26 (31), 37 (13), 19 (96), 20 (44), 34 (46)]";894;"Maquina 3: [22 (17), 12 (46), 0 (70), 33 (59), 5 (33)]";945;"Maquina 4: [21 (48), 28 (34), 25 (17), 23 (62), 32 (34)]";778;"Maquina 5: [18 (18), 24 (55), 13 (50), 16 (82), 1 (82)]";866;"Maquina 6: [9 (22), 27 (70), 11 (41), 7 (93), 39 (90)]";932;"Maquina 7: [4 (23), 38 (5), 10 (76), 36 (43), 6 (55), 14 (98)]";1030;"Maquina 8: [8 (51), 17 (25), 30 (70), 3 (44), 31 (94)]";975
Multiarranque;40;8;6769;50.0;25;"Maquina 1: [22 (17), 24 (55), 21 (48), 35 (86), 10 (76)]";871;"Maquina 2: [6 (55), 16 (82), 0 (70), 14 (98)]";800;"Maquina 3: [17 (25), 11 (41), 25 (17), 3 (44), 2 (68), 8 (51)]";1019;"Maquina 4: [4 (23), 13 (50), 20 (44), 29 (25), 39 (90)]";787;"Maquina 5: [28 (34), 5 (33), 38 (5), 33 (59), 1 (82)]";791;"Maquina 6: [15 (47), 9 (22), 12 (46), 32 (34), 31 (94)]";770;"Maquina 7: [18 (18), 23 (62), 34 (46), 19 (96), 30 (70)]";980;"Maquina 8: [26 (31), 37 (13), 27 (70), 7 (93), 36 (43)]";751
