GREEDY;50;2;37205;1.0;1;"Maquina 1: [3 (2), 39 (19), 7 (21), 29 (48), 49 (11), 21 (32), 47 (57), 43 (28), 36 (35), 5 (71), 11 (39), 46 (44), 33 (65), 41 (53), 35 (50), 15 (91), 31 (60), 48 (52), 37 (67), 42 (91), 4 (75), 17 (93), 26 (97), 44 (80), 9 (87)]";17966;"Maquina 2: [8 (26), 6 (21), 32 (14), 34 (9), 40 (36), 24 (64), 16 (66), 2 (32), 12 (41), 30 (54), 19 (52), 1 (35), 25 (50), 28 (75), 22 (47), 18 (60), 23 (53), 38 (69), 20 (99), 10 (85), 13 (71), 45 (91), 0 (96), 27 (91), 14 (89)]";19239
GRASP;50;2;35492;50.0;25;"Maquina 1: [40 (36), 3 (2), 39 (19), 7 (21), 47 (57), 36 (35), 2 (32), 48 (52), 18 (60), 46 (44), 11 (39), 19 (52), 44 (80), 23 (53), 9 (87), 13 (71), 16 (66), 25 (50), 28 (75), 17 (93), 26 (97), 24 (64), 20 (99), 10 (85), 14 (89)]";18488;"Maquina 2: [29 (48), 49 (11), 32 (14), 34 (9), 6 (21), 43 (28), 30 (54), 8 (26), 1 (35), 21 (32), 15 (91), 22 (47), 35 (50), 5 (71), 12 (41), 41 (53), 33 (65), 38 (69), 31 (60), 37 (67), 42 (91), 4 (75), 45 (91), 0 (96), 27 (91)]";17004
LNS;50;2;37205;9.0;25;"Maquina 1: [3 (2), 39 (19), 7 (21), 29 (48), 49 (11), 21 (32), 47 (57), 43 (28), 36 (35), 5 (71), 11 (39), 46 (44), 33 (65), 41 (53), 35 (50), 15 (91), 31 (60), 48 (52), 37 (67), 42 (91), 4 (75), 17 (93), 26 (97), 44 (80), 9 (87)]";17966;"Maquina 2: [8 (26), 6 (21), 32 (14), 34 (9), 40 (36), 24 (64), 16 (66), 2 (32), 12 (41), 30 (54), 19 (52), 1 (35), 25 (50), 28 (75), 22 (47), 18 (60), 23 (53), 38 (69), 20 (99), 10 (85), 13 (71), 45 (91), 0 (96), 27 (91), 14 (89)]";19239
TABÚ;50;2;36585;17.0;25;"Maquina 1: [32 (14), 7 (21), 3 (2), 47 (57), 43 (28), 36 (35), 2 (32), 12 (41), 48 (52), 23 (53), 28 (75), 22 (47), 21 (32), 4 (75), 17 (93), 31 (60), 33 (65), 35 (50), 41 (53), 26 (97), 44 (80), 42 (91), 16 (66), 20 (99), 14 (89), 27 (91)]";20214;"Maquina 2: [8 (26), 6 (21), 46 (44), 29 (48), 1 (35), 11 (39), 18 (60), 39 (19), 49 (11), 34 (9), 25 (50), 37 (67), 40 (36), 24 (64), 38 (69), 19 (52), 30 (54), 10 (85), 5 (71), 13 (71), 45 (91), 0 (96), 9 (87), 15 (91)]";16371
VNS;50;2;36405;1031.0;25;"Maquina 1: [34 (9), 39 (19), 7 (21), 29 (48), 49 (11), 21 (32), 47 (57), 43 (28), 36 (35), 5 (71), 11 (39), 33 (65), 41 (53), 35 (50), 15 (91), 31 (60), 48 (52), 38 (69), 19 (52), 42 (91), 14 (89), 17 (93), 26 (97), 44 (80), 9 (87)]";17666;"Maquina 2: [8 (26), 6 (21), 32 (14), 3 (2), 40 (36), 24 (64), 16 (66), 2 (32), 12 (41), 46 (44), 30 (54), 37 (67), 1 (35), 25 (50), 28 (75), 22 (47), 18 (60), 23 (53), 20 (99), 10 (85), 13 (71), 45 (91), 0 (96), 27 (91), 4 (75)]";18739
Multiarranque;50;2;35448;90.0;25;"Maquina 1: [16 (66), 34 (9), 21 (32), 39 (19), 7 (21), 47 (57), 29 (48), 49 (11), 2 (32), 30 (54), 8 (26), 24 (64), 12 (41), 46 (44), 11 (39), 41 (53), 14 (89), 38 (69), 31 (60), 42 (91), 9 (87), 4 (75), 45 (91), 17 (93), 26 (97)]";17043;"Maquina 2: [6 (21), 32 (14), 3 (2), 37 (67), 1 (35), 25 (50), 43 (28), 36 (35), 48 (52), 23 (53), 28 (75), 22 (47), 18 (60), 35 (50), 19 (52), 44 (80), 27 (91), 15 (91), 5 (71), 13 (71), 20 (99), 33 (65), 10 (85), 0 (96), 40 (36)]";18405
GREEDY;50;2;37108;1.0;1;"Maquina 1: [42 (33), 13 (43), 2 (28), 6 (2), 19 (71), 12 (44), 14 (25), 32 (7), 41 (32), 34 (59), 38 (42), 18 (55), 27 (38), 7 (48), 45 (73), 3 (57), 49 (62), 0 (72), 36 (80), 48 (49), 33 (76), 44 (61), 39 (96), 43 (90), 16 (68), 11 (95)]";18924;"Maquina 2: [30 (33), 22 (2), 5 (58), 28 (16), 31 (36), 15 (43), 4 (41), 21 (45), 37 (56), 35 (48), 8 (43), 10 (31), 9 (24), 20 (51), 24 (80), 23 (67), 47 (88), 17 (96), 26 (76), 1 (72), 46 (61), 29 (60), 25 (93), 40 (70)]";18184
GRASP;50;2;35579;55.0;25;"Maquina 1: [22 (2), 41 (32), 15 (43), 10 (31), 35 (48), 9 (24), 20 (51), 13 (43), 27 (38), 7 (48), 45 (73), 3 (57), 31 (36), 19 (71), 29 (60), 12 (44), 37 (56), 1 (72), 33 (76), 44 (61), 40 (70), 39 (96), 47 (88), 17 (96), 11 (95)]";18168;"Maquina 2: [6 (2), 28 (16), 32 (7), 4 (41), 14 (25), 2 (28), 30 (33), 8 (43), 38 (42), 42 (33), 16 (68), 23 (67), 21 (45), 48 (49), 46 (61), 18 (55), 34 (59), 49 (62), 0 (72), 43 (90), 5 (58), 36 (80), 26 (76), 24 (80), 25 (93)]";17411
LNS;50;2;36784;8.0;25;"Maquina 1: [42 (33), 13 (43), 2 (28), 6 (2), 19 (71), 12 (44), 14 (25), 32 (7), 41 (32), 34 (59), 38 (42), 18 (55), 27 (38), 7 (48), 45 (73), 3 (57), 49 (62), 0 (72), 36 (80), 48 (49), 33 (76), 44 (61), 39 (96), 43 (90), 16 (68), 11 (95)]";18924;"Maquina 2: [30 (33), 22 (2), 5 (58), 28 (16), 31 (36), 15 (43), 4 (41), 21 (45), 37 (56), 35 (48), 8 (43), 10 (31), 9 (24), 20 (51), 23 (67), 24 (80), 47 (88), 17 (96), 29 (60), 1 (72), 46 (61), 25 (93), 26 (76), 40 (70)]";17860
TABÚ;50;2;36182;16.0;25;"Maquina 1: [7 (48), 32 (7), 4 (41), 14 (25), 31 (36), 2 (28), 9 (24), 21 (45), 15 (43), 48 (49), 13 (43), 12 (44), 41 (32), 45 (73), 17 (96), 46 (61), 44 (61), 5 (58), 36 (80), 29 (60), 0 (72), 43 (90), 19 (71), 40 (70), 39 (96)]";18010;"Maquina 2: [28 (16), 30 (33), 22 (2), 3 (57), 10 (31), 38 (42), 42 (33), 8 (43), 6 (2), 20 (51), 27 (38), 37 (56), 1 (72), 26 (76), 35 (48), 47 (88), 18 (55), 34 (59), 16 (68), 11 (95), 33 (76), 49 (62), 23 (67), 24 (80), 25 (93)]";18172
VNS;50;2;36195;961.0;25;"Maquina 1: [42 (33), 13 (43), 2 (28), 6 (2), 19 (71), 12 (44), 32 (7), 41 (32), 34 (59), 38 (42), 18 (55), 27 (38), 7 (48), 45 (73), 3 (57), 49 (62), 0 (72), 36 (80), 48 (49), 47 (88), 33 (76), 44 (61), 40 (70), 16 (68), 11 (95)]";17567;"Maquina 2: [10 (31), 30 (33), 22 (2), 5 (58), 28 (16), 31 (36), 15 (43), 4 (41), 21 (45), 37 (56), 35 (48), 8 (43), 14 (25), 43 (90), 9 (24), 20 (51), 23 (67), 24 (80), 17 (96), 26 (76), 1 (72), 46 (61), 29 (60), 25 (93), 39 (96)]";18628
Multiarranque;50;2;36076;86.0;25;"Maquina 1: [10 (31), 30 (33), 22 (2), 5 (58), 2 (28), 6 (2), 26 (76), 27 (38), 4 (41), 28 (16), 34 (59), 48 (49), 38 (42), 17 (96), 18 (55), 41 (32), 15 (43), 24 (80), 21 (45), 33 (76), 44 (61), 8 (43), 11 (95), 25 (93), 20 (51), 39 (96)]";18248;"Maquina 2: [46 (61), 7 (48), 32 (7), 40 (70), 42 (33), 13 (43), 12 (44), 9 (24), 45 (73), 3 (57), 16 (68), 31 (36), 14 (25), 29 (60), 1 (72), 19 (71), 23 (67), 0 (72), 49 (62), 36 (80), 37 (56), 35 (48), 47 (88), 43 (90)]";17828
GREEDY;50;2;33939;0.0;1;"Maquina 1: [32 (1), 34 (20), 33 (38), 1 (18), 48 (24), 13 (30), 41 (34), 42 (47), 26 (4), 14 (56), 10 (29), 28 (31), 44 (74), 5 (44), 27 (91), 15 (48), 25 (54), 12 (62), 9 (59), 37 (67), 46 (77), 6 (83), 43 (85), 20 (95), 29 (99)]";17326;"Maquina 2: [31 (37), 18 (4), 24 (22), 7 (5), 21 (29), 36 (13), 35 (24), 4 (28), 23 (30), 11 (48), 49 (32), 17 (43), 40 (64), 45 (75), 19 (85), 2 (47), 8 (55), 3 (60), 39 (58), 22 (79), 16 (70), 38 (52), 30 (91), 47 (96), 0 (89)]";16613
GRASP;50;2;33290;52.0;25;"Maquina 1: [21 (29), 36 (13), 26 (4), 49 (32), 24 (22), 35 (24), 13 (30), 14 (56), 23 (30), 48 (24), 38 (52), 2 (47), 11 (48), 15 (48), 44 (74), 5 (44), 37 (67), 22 (79), 16 (70), 46 (77), 27 (91), 8 (55), 29 (99), 6 (83), 20 (95)]";17637;"Maquina 2: [32 (1), 31 (37), 18 (4), 17 (43), 1 (18), 7 (5), 12 (62), 39 (58), 34 (20), 28 (31), 33 (38), 10 (29), 4 (28), 41 (34), 42 (47), 3 (60), 30 (91), 25 (54), 9 (59), 45 (75), 40 (64), 19 (85), 47 (96), 43 (85), 0 (89)]";15653
LNS;50;2;33939;9.0;25;"Maquina 1: [32 (1), 34 (20), 33 (38), 1 (18), 48 (24), 13 (30), 41 (34), 42 (47), 26 (4), 14 (56), 10 (29), 28 (31), 44 (74), 5 (44), 27 (91), 15 (48), 25 (54), 12 (62), 9 (59), 37 (67), 46 (77), 6 (83), 43 (85), 20 (95), 29 (99)]";17326;"Maquina 2: [31 (37), 18 (4), 24 (22), 7 (5), 21 (29), 36 (13), 35 (24), 4 (28), 23 (30), 11 (48), 49 (32), 17 (43), 40 (64), 45 (75), 19 (85), 2 (47), 8 (55), 3 (60), 39 (58), 22 (79), 16 (70), 38 (52), 30 (91), 47 (96), 0 (89)]";16613
TABÚ;50;2;32995;16.0;25;"Maquina 1: [32 (1), 34 (20), 13 (30), 7 (5), 21 (29), 41 (34), 17 (43), 26 (4), 4 (28), 36 (13), 25 (54), 23 (30), 46 (77), 5 (44), 0 (89), 27 (91), 15 (48), 22 (79), 40 (64), 42 (47), 3 (60), 45 (75), 19 (85), 47 (96), 9 (59)]";16433;"Maquina 2: [49 (32), 24 (22), 18 (4), 11 (48), 1 (18), 28 (31), 33 (38), 10 (29), 48 (24), 38 (52), 8 (55), 2 (47), 35 (24), 12 (62), 37 (67), 31 (37), 29 (99), 14 (56), 44 (74), 6 (83), 16 (70), 39 (58), 43 (85), 20 (95), 30 (91)]";16562
VNS;50;2;33718;951.0;25;"Maquina 1: [32 (1), 34 (20), 33 (38), 1 (18), 48 (24), 13 (30), 7 (5), 42 (47), 26 (4), 14 (56), 10 (29), 28 (31), 44 (74), 5 (44), 27 (91), 15 (48), 25 (54), 12 (62), 9 (59), 37 (67), 46 (77), 6 (83), 43 (85), 20 (95), 29 (99)]";16415;"Maquina 2: [31 (37), 18 (4), 24 (22), 41 (34), 21 (29), 36 (13), 35 (24), 4 (28), 23 (30), 11 (48), 49 (32), 17 (43), 40 (64), 45 (75), 19 (85), 2 (47), 8 (55), 3 (60), 39 (58), 22 (79), 16 (70), 38 (52), 30 (91), 47 (96), 0 (89)]";17303
Multiarranque;50;2;33122;82.0;25;"Maquina 1: [32 (1), 35 (24), 31 (37), 36 (13), 48 (24), 33 (38), 6 (83), 34 (20), 28 (31), 26 (4), 49 (32), 38 (52), 15 (48), 25 (54), 41 (34), 8 (55), 0 (89), 14 (56), 22 (79), 16 (70), 12 (62), 39 (58), 29 (99), 19 (85), 20 (95)]";16755;"Maquina 2: [24 (22), 18 (4), 11 (48), 1 (18), 7 (5), 10 (29), 4 (28), 46 (77), 21 (29), 5 (44), 42 (47), 23 (30), 13 (30), 40 (64), 45 (75), 2 (47), 30 (91), 47 (96), 43 (85), 3 (60), 44 (74), 17 (43), 9 (59), 37 (67), 27 (91)]";16367
GREEDY;50;2;35047;0.0;1;"Maquina 1: [5 (7), 33 (11), 12 (13), 0 (14), 28 (48), 30 (31), 3 (27), 36 (33), 15 (87), 16 (47), 21 (44), 25 (61), 32 (75), 6 (34), 9 (58), 37 (50), 29 (62), 4 (83), 49 (56), 23 (83), 42 (94), 1 (64), 38 (93), 20 (89), 22 (77)]";17280;"Maquina 2: [45 (12), 43 (13), 10 (9), 47 (45), 31 (20), 39 (33), 17 (57), 48 (60), 35 (38), 44 (13), 27 (34), 34 (47), 19 (77), 8 (31), 7 (81), 24 (71), 2 (56), 13 (83), 14 (49), 26 (96), 41 (63), 46 (87), 40 (92), 18 (85), 11 (94)]";17767
GRASP;50;2;31652;66.0;25;"Maquina 1: [44 (13), 3 (27), 45 (12), 43 (13), 30 (31), 27 (34), 34 (47), 8 (31), 7 (81), 6 (34), 17 (57), 47 (45), 14 (49), 29 (62), 19 (77), 24 (71), 38 (93), 13 (83), 48 (60), 20 (89), 15 (87), 42 (94), 40 (92), 46 (87)]";15128;"Maquina 2: [5 (7), 39 (33), 10 (9), 28 (48), 12 (13), 0 (14), 35 (38), 37 (50), 49 (56), 36 (33), 16 (47), 21 (44), 25 (61), 33 (11), 9 (58), 22 (77), 31 (20), 4 (83), 41 (63), 1 (64), 11 (94), 32 (75), 2 (56), 23 (83), 26 (96), 18 (85)]";16524
LNS;50;2;34605;11.0;25;"Maquina 1: [5 (7), 33 (11), 12 (13), 0 (14), 28 (48), 3 (27), 30 (31), 36 (33), 15 (87), 16 (47), 21 (44), 25 (61), 32 (75), 6 (34), 9 (58), 37 (50), 29 (62), 4 (83), 49 (56), 23 (83), 42 (94), 1 (64), 38 (93), 20 (89), 22 (77)]";16838;"Maquina 2: [45 (12), 43 (13), 10 (9), 47 (45), 31 (20), 39 (33), 17 (57), 48 (60), 35 (38), 44 (13), 27 (34), 34 (47), 19 (77), 8 (31), 7 (81), 24 (71), 2 (56), 13 (83), 14 (49), 26 (96), 41 (63), 46 (87), 40 (92), 18 (85), 11 (94)]";17767
TABÚ;50;2;33173;17.0;25;"Maquina 1: [8 (31), 28 (48), 5 (7), 39 (33), 10 (9), 30 (31), 33 (11), 17 (57), 31 (20), 4 (83), 41 (63), 14 (49), 3 (27), 36 (33), 7 (81), 47 (45), 29 (62), 18 (85), 19 (77), 24 (71), 1 (64), 11 (94), 32 (75), 2 (56), 26 (96)]";17027;"Maquina 2: [44 (13), 45 (12), 43 (13), 6 (34), 9 (58), 27 (34), 34 (47), 12 (13), 0 (14), 35 (38), 37 (50), 49 (56), 15 (87), 16 (47), 13 (83), 21 (44), 25 (61), 23 (83), 42 (94), 22 (77), 46 (87), 48 (60), 40 (92), 20 (89), 38 (93)]";16146
VNS;50;2;33657;916.0;25;"Maquina 1: [5 (7), 39 (33), 10 (9), 12 (13), 0 (14), 28 (48), 30 (31), 3 (27), 36 (33), 15 (87), 16 (47), 21 (44), 25 (61), 32 (75), 6 (34), 9 (58), 37 (50), 29 (62), 4 (83), 49 (56), 23 (83), 42 (94), 1 (64), 38 (93), 20 (89), 22 (77)]";17357;"Maquina 2: [45 (12), 43 (13), 47 (45), 31 (20), 33 (11), 17 (57), 48 (60), 35 (38), 44 (13), 27 (34), 34 (47), 19 (77), 8 (31), 7 (81), 24 (71), 2 (56), 13 (83), 14 (49), 26 (96), 41 (63), 46 (87), 40 (92), 18 (85), 11 (94)]";16300
Multiarranque;50;2;33485;78.0;25;"Maquina 1: [44 (13), 45 (12), 47 (45), 31 (20), 33 (11), 41 (63), 12 (13), 8 (31), 43 (13), 23 (83), 6 (34), 17 (57), 35 (38), 37 (50), 49 (56), 13 (83), 21 (44), 25 (61), 19 (77), 15 (87), 9 (58), 22 (77), 46 (87), 38 (93), 26 (96)]";15923;"Maquina 2: [5 (7), 39 (33), 10 (9), 28 (48), 3 (27), 30 (31), 36 (33), 27 (34), 34 (47), 16 (47), 0 (14), 29 (62), 40 (92), 14 (49), 1 (64), 2 (56), 32 (75), 7 (81), 48 (60), 20 (89), 4 (83), 24 (71), 18 (85), 11 (94), 42 (94)]";17562
GREEDY;50;2;29987;1.0;1;"Maquina 1: [2 (4), 16 (17), 43 (31), 24 (12), 48 (45), 23 (10), 7 (14), 19 (28), 33 (52), 38 (18), 8 (23), 22 (42), 21 (51), 26 (37), 36 (49), 10 (53), 32 (55), 45 (43), 20 (65), 3 (74), 31 (58), 41 (78), 44 (92), 5 (91), 4 (81)]";14821;"Maquina 2: [30 (13), 14 (12), 34 (34), 0 (14), 29 (21), 11 (10), 40 (14), 12 (42), 1 (53), 15 (43), 39 (28), 37 (27), 6 (44), 17 (50), 46 (53), 18 (48), 35 (51), 25 (64), 49 (56), 13 (78), 47 (86), 27 (92), 28 (94), 42 (69), 9 (79)]";15166
GRASP;50;2;30324;49.0;25;"Maquina 1: [14 (12), 2 (4), 16 (17), 7 (14), 24 (12), 22 (42), 23 (10), 29 (21), 35 (51), 6 (44), 17 (50), 19 (28), 41 (78), 15 (43), 25 (64), 26 (37), 13 (78), 36 (49), 10 (53), 9 (79), 32 (55), 20 (65), 31 (58), 28 (94), 5 (91)]";14962;"Maquina 2: [40 (14), 11 (10), 38 (18), 8 (23), 30 (13), 37 (27), 0 (14), 33 (52), 39 (28), 46 (53), 34 (34), 12 (42), 45 (43), 18 (48), 4 (81), 43 (31), 42 (69), 48 (45), 49 (56), 1 (53), 3 (74), 21 (51), 27 (92), 47 (86), 44 (92)]";15362
LNS;50;2;29987;9.0;25;"Maquina 1: [2 (4), 16 (17), 43 (31), 24 (12), 48 (45), 23 (10), 7 (14), 19 (28), 33 (52), 38 (18), 8 (23), 22 (42), 21 (51), 26 (37), 36 (49), 10 (53), 32 (55), 45 (43), 20 (65), 3 (74), 31 (58), 41 (78), 44 (92), 5 (91), 4 (81)]";14821;"Maquina 2: [30 (13), 14 (12), 34 (34), 0 (14), 29 (21), 11 (10), 40 (14), 12 (42), 1 (53), 15 (43), 39 (28), 37 (27), 6 (44), 17 (50), 46 (53), 18 (48), 35 (51), 25 (64), 49 (56), 13 (78), 47 (86), 27 (92), 28 (94), 42 (69), 9 (79)]";15166
TABÚ;50;2;29094;16.0;25;"Maquina 1: [2 (4), 23 (10), 46 (53), 16 (17), 43 (31), 7 (14), 19 (28), 0 (14), 48 (45), 32 (55), 18 (48), 11 (10), 12 (42), 1 (53), 15 (43), 25 (64), 26 (37), 13 (78), 36 (49), 10 (53), 17 (50), 9 (79), 44 (92), 4 (81), 5 (91)]";14050;"Maquina 2: [39 (28), 37 (27), 38 (18), 30 (13), 24 (12), 8 (23), 29 (21), 35 (51), 6 (44), 40 (14), 14 (12), 34 (34), 45 (43), 21 (51), 22 (42), 27 (92), 33 (52), 31 (58), 49 (56), 20 (65), 3 (74), 42 (69), 41 (78), 47 (86), 28 (94)]";15044
VNS;50;2;29853;1670.0;25;"Maquina 1: [2 (4), 16 (17), 43 (31), 24 (12), 48 (45), 23 (10), 7 (14), 19 (28), 33 (52), 38 (18), 8 (23), 22 (42), 21 (51), 26 (37), 36 (49), 10 (53), 32 (55), 45 (43), 20 (65), 3 (74), 31 (58), 41 (78), 28 (94), 5 (91), 4 (81)]";14737;"Maquina 2: [30 (13), 14 (12), 34 (34), 0 (14), 29 (21), 11 (10), 40 (14), 12 (42), 1 (53), 15 (43), 39 (28), 37 (27), 6 (44), 17 (50), 46 (53), 18 (48), 35 (51), 25 (64), 49 (56), 13 (78), 47 (86), 27 (92), 44 (92), 42 (69), 9 (79)]";15116
Multiarranque;50;2;29533;91.0;25;"Maquina 1: [39 (28), 40 (14), 17 (50), 11 (10), 29 (21), 23 (10), 45 (43), 22 (42), 37 (27), 38 (18), 7 (14), 19 (28), 0 (14), 35 (51), 6 (44), 10 (53), 41 (78), 8 (23), 44 (92), 36 (49), 3 (74), 13 (78), 31 (58), 18 (48), 4 (81), 28 (94)]";14764;"Maquina 2: [24 (12), 16 (17), 43 (31), 12 (42), 1 (53), 15 (43), 2 (4), 42 (69), 30 (13), 14 (12), 48 (45), 32 (55), 33 (52), 26 (37), 46 (53), 34 (34), 21 (51), 20 (65), 25 (64), 9 (79), 27 (92), 49 (56), 47 (86), 5 (91)]";14769
GREEDY;50;2;37881;1.0;1;"Maquina 1: [40 (35), 11 (21), 43 (23), 23 (17), 3 (4), 21 (25), 37 (51), 8 (41), 41 (30), 28 (58), 16 (73), 47 (65), 36 (62), 5 (43), 4 (45), 9 (51), 0 (98), 29 (55), 48 (54), 39 (76), 24 (92), 13 (58), 19 (79), 1 (85), 26 (84), 25 (93)]";19461;"Maquina 2: [30 (11), 2 (43), 31 (19), 45 (22), 18 (77), 22 (34), 10 (39), 32 (24), 49 (50), 46 (51), 7 (30), 20 (44), 17 (56), 15 (58), 27 (63), 42 (80), 44 (84), 35 (51), 14 (60), 38 (67), 6 (55), 12 (86), 33 (92), 34 (93)]";18420
GRASP;50;2;37721;53.0;25;"Maquina 1: [7 (30), 8 (41), 41 (30), 30 (11), 3 (4), 48 (54), 23 (17), 29 (55), 17 (56), 45 (22), 4 (45), 9 (51), 35 (51), 13 (58), 5 (43), 16 (73), 28 (58), 42 (80), 15 (58), 37 (51), 14 (60), 38 (67), 19 (79), 1 (85), 44 (84), 34 (93)]";19254;"Maquina 2: [2 (43), 21 (25), 46 (51), 31 (19), 11 (21), 36 (62), 43 (23), 10 (39), 32 (24), 49 (50), 40 (35), 27 (63), 0 (98), 20 (44), 18 (77), 22 (34), 24 (92), 47 (65), 6 (55), 12 (86), 26 (84), 39 (76), 33 (92), 25 (93)]";18467
LNS;50;2;37608;9.0;25;"Maquina 1: [40 (35), 11 (21), 43 (23), 23 (17), 3 (4), 21 (25), 37 (51), 8 (41), 41 (30), 28 (58), 16 (73), 47 (65), 36 (62), 5 (43), 4 (45), 9 (51), 0 (98), 29 (55), 48 (54), 39 (76), 24 (92), 13 (58), 19 (79), 1 (85), 26 (84), 25 (93)]";19461;"Maquina 2: [30 (11), 2 (43), 31 (19), 45 (22), 18 (77), 22 (34), 10 (39), 32 (24), 49 (50), 46 (51), 7 (30), 20 (44), 17 (56), 15 (58), 27 (63), 42 (80), 38 (67), 35 (51), 14 (60), 33 (92), 6 (55), 12 (86), 44 (84), 34 (93)]";18147
TABÚ;50;2;36383;16.0;25;"Maquina 1: [4 (45), 22 (34), 28 (58), 11 (21), 29 (55), 23 (17), 3 (4), 48 (54), 8 (41), 41 (30), 2 (43), 17 (56), 32 (24), 20 (44), 5 (43), 42 (80), 16 (73), 38 (67), 19 (79), 13 (58), 26 (84), 18 (77), 24 (92), 39 (76), 25 (93), 33 (92)]";19579;"Maquina 2: [49 (50), 40 (35), 21 (25), 30 (11), 46 (51), 47 (65), 31 (19), 45 (22), 9 (51), 14 (60), 43 (23), 27 (63), 10 (39), 35 (51), 12 (86), 37 (51), 7 (30), 1 (85), 6 (55), 36 (62), 15 (58), 44 (84), 34 (93), 0 (98)]";16804
VNS;50;2;37653;1226.0;25;"Maquina 1: [40 (35), 11 (21), 43 (23), 23 (17), 3 (4), 21 (25), 37 (51), 8 (41), 41 (30), 28 (58), 16 (73), 47 (65), 36 (62), 15 (58), 4 (45), 9 (51), 0 (98), 29 (55), 48 (54), 39 (76), 24 (92), 13 (58), 19 (79), 1 (85), 26 (84), 25 (93)]";19181;"Maquina 2: [30 (11), 2 (43), 31 (19), 45 (22), 18 (77), 22 (34), 10 (39), 32 (24), 49 (50), 46 (51), 7 (30), 20 (44), 17 (56), 5 (43), 27 (63), 42 (80), 44 (84), 35 (51), 14 (60), 38 (67), 6 (55), 12 (86), 33 (92), 34 (93)]";18472
Multiarranque;50;2;36020;81.0;25;"Maquina 1: [40 (35), 41 (30), 30 (11), 11 (21), 46 (51), 38 (67), 45 (22), 19 (79), 13 (58), 22 (34), 28 (58), 16 (73), 5 (43), 35 (51), 29 (55), 9 (51), 0 (98), 48 (54), 18 (77), 39 (76), 44 (84), 26 (84), 42 (80), 12 (86)]";17616;"Maquina 2: [7 (30), 3 (4), 21 (25), 15 (58), 8 (41), 43 (23), 23 (17), 31 (19), 14 (60), 2 (43), 17 (56), 32 (24), 49 (50), 6 (55), 27 (63), 20 (44), 47 (65), 36 (62), 37 (51), 10 (39), 24 (92), 33 (92), 34 (93), 4 (45), 25 (93), 1 (85)]";18404
GREEDY;50;2;38773;1.0;1;"Maquina 1: [38 (21), 39 (14), 19 (2), 43 (17), 15 (40), 3 (58), 26 (28), 13 (43), 1 (24), 9 (37), 18 (54), 45 (69), 23 (96), 6 (45), 28 (64), 20 (60), 11 (62), 29 (47), 32 (73), 12 (85), 4 (69), 40 (89), 37 (92), 21 (95), 42 (97)]";19737;"Maquina 2: [5 (15), 7 (10), 47 (27), 25 (43), 34 (17), 48 (19), 2 (30), 36 (44), 31 (70), 44 (33), 8 (52), 49 (60), 16 (47), 33 (63), 22 (59), 46 (75), 27 (68), 14 (97), 0 (40), 35 (88), 10 (56), 24 (94), 17 (69), 30 (95), 41 (89)]";19036
GRASP;50;2;34378;58.0;25;"Maquina 1: [7 (10), 39 (14), 22 (59), 44 (33), 19 (2), 25 (43), 34 (17), 48 (19), 2 (30), 8 (52), 49 (60), 33 (63), 3 (58), 35 (88), 16 (47), 18 (54), 0 (40), 20 (60), 27 (68), 4 (69), 32 (73), 31 (70), 21 (95), 30 (95), 14 (97)]";16388;"Maquina 2: [6 (45), 47 (27), 38 (21), 43 (17), 10 (56), 36 (44), 9 (37), 26 (28), 1 (24), 5 (15), 13 (43), 28 (64), 15 (40), 46 (75), 29 (47), 40 (89), 45 (69), 37 (92), 11 (62), 12 (85), 23 (96), 24 (94), 17 (69), 42 (97), 41 (89)]";17990
LNS;50;2;38161;7.0;25;"Maquina 1: [38 (21), 39 (14), 19 (2), 43 (17), 15 (40), 3 (58), 26 (28), 13 (43), 1 (24), 9 (37), 18 (54), 45 (69), 23 (96), 6 (45), 28 (64), 20 (60), 32 (73), 29 (47), 11 (62), 12 (85), 4 (69), 40 (89), 37 (92), 21 (95), 42 (97)]";19637;"Maquina 2: [5 (15), 7 (10), 47 (27), 25 (43), 34 (17), 48 (19), 2 (30), 36 (44), 31 (70), 44 (33), 8 (52), 49 (60), 16 (47), 35 (88), 22 (59), 46 (75), 27 (68), 33 (63), 0 (40), 14 (97), 10 (56), 24 (94), 17 (69), 30 (95), 41 (89)]";18524
TABÚ;50;2;35305;16.0;25;"Maquina 1: [34 (17), 19 (2), 43 (17), 38 (21), 48 (19), 2 (30), 15 (40), 36 (44), 44 (33), 22 (59), 26 (28), 13 (43), 8 (52), 18 (54), 29 (47), 32 (73), 49 (60), 33 (63), 17 (69), 30 (95), 27 (68), 4 (69), 12 (85), 45 (69), 14 (97)]";16702;"Maquina 2: [5 (15), 0 (40), 1 (24), 6 (45), 47 (27), 7 (10), 39 (14), 23 (96), 9 (37), 25 (43), 16 (47), 40 (89), 31 (70), 3 (58), 10 (56), 11 (62), 41 (89), 28 (64), 20 (60), 35 (88), 24 (94), 37 (92), 42 (97), 46 (75), 21 (95)]";18603
VNS;50;2;37735;963.0;25;"Maquina 1: [38 (21), 39 (14), 19 (2), 43 (17), 15 (40), 3 (58), 26 (28), 13 (43), 1 (24), 9 (37), 18 (54), 45 (69), 23 (96), 28 (64), 20 (60), 46 (75), 29 (47), 32 (73), 35 (88), 4 (69), 40 (89), 37 (92), 21 (95), 42 (97)]";17807;"Maquina 2: [5 (15), 7 (10), 47 (27), 25 (43), 34 (17), 48 (19), 2 (30), 36 (44), 31 (70), 44 (33), 8 (52), 49 (60), 16 (47), 33 (63), 22 (59), 11 (62), 27 (68), 6 (45), 14 (97), 0 (40), 12 (85), 10 (56), 24 (94), 17 (69), 30 (95), 41 (89)]";19928
Multiarranque;50;2;35851;84.0;25;"Maquina 1: [19 (2), 25 (43), 34 (17), 48 (19), 10 (56), 36 (44), 9 (37), 26 (28), 5 (15), 0 (40), 20 (60), 18 (54), 15 (40), 32 (73), 33 (63), 22 (59), 45 (69), 30 (95), 27 (68), 40 (89), 17 (69), 11 (62), 14 (97), 12 (85), 41 (89)]";17197;"Maquina 2: [43 (17), 1 (24), 7 (10), 38 (21), 47 (27), 39 (14), 8 (52), 46 (75), 2 (30), 6 (45), 28 (64), 44 (33), 16 (47), 35 (88), 13 (43), 4 (69), 3 (58), 37 (92), 29 (47), 49 (60), 31 (70), 21 (95), 42 (97), 23 (96), 24 (94)]";18654
GREEDY;50;2;32236;0.0;1;"Maquina 1: [13 (10), 27 (15), 4 (12), 1 (5), 0 (14), 24 (40), 19 (33), 17 (77), 20 (24), 7 (45), 3 (36), 32 (12), 49 (18), 46 (46), 41 (49), 31 (66), 45 (89), 9 (51), 30 (48), 37 (61), 11 (71), 33 (59), 8 (64), 43 (81), 34 (84)]";15469;"Maquina 2: [39 (10), 42 (60), 23 (10), 38 (13), 12 (7), 18 (19), 16 (15), 40 (44), 22 (36), 14 (49), 44 (28), 2 (66), 28 (33), 48 (77), 36 (82), 35 (51), 29 (45), 6 (88), 47 (66), 15 (48), 5 (73), 26 (82), 21 (50), 10 (62), 25 (98)]";16767
GRASP;50;2;30284;56.0;25;"Maquina 1: [39 (10), 13 (10), 28 (33), 32 (12), 19 (33), 49 (18), 27 (15), 1 (5), 0 (14), 24 (40), 41 (49), 14 (49), 7 (45), 21 (50), 10 (62), 45 (89), 35 (51), 29 (45), 47 (66), 25 (98), 42 (60), 11 (71), 48 (77), 26 (82), 17 (77)]";15063;"Maquina 2: [23 (10), 38 (13), 12 (7), 16 (15), 20 (24), 18 (19), 3 (36), 2 (66), 40 (44), 22 (36), 44 (28), 4 (12), 37 (61), 46 (46), 15 (48), 9 (51), 30 (48), 6 (88), 8 (64), 5 (73), 43 (81), 33 (59), 31 (66), 36 (82), 34 (84)]";15221
LNS;50;2;31556;7.0;25;"Maquina 1: [13 (10), 27 (15), 4 (12), 1 (5), 0 (14), 37 (61), 46 (46), 49 (18), 20 (24), 7 (45), 3 (36), 32 (12), 19 (33), 17 (77), 41 (49), 31 (66), 45 (89), 9 (51), 30 (48), 24 (40), 11 (71), 33 (59), 8 (64), 43 (81), 34 (84)]";14944;"Maquina 2: [16 (15), 42 (60), 23 (10), 38 (13), 12 (7), 18 (19), 39 (10), 40 (44), 22 (36), 14 (49), 44 (28), 2 (66), 28 (33), 48 (77), 36 (82), 35 (51), 29 (45), 6 (88), 47 (66), 15 (48), 5 (73), 26 (82), 21 (50), 10 (62), 25 (98)]";16612
TABÚ;50;2;29949;14.0;25;"Maquina 1: [49 (18), 38 (13), 39 (10), 18 (19), 12 (7), 16 (15), 20 (24), 23 (10), 28 (33), 9 (51), 19 (33), 46 (46), 40 (44), 37 (61), 45 (89), 35 (51), 29 (45), 8 (64), 42 (60), 10 (62), 6 (88), 48 (77), 43 (81), 47 (66), 34 (84)]";14733;"Maquina 2: [32 (12), 27 (15), 13 (10), 44 (28), 4 (12), 1 (5), 3 (36), 0 (14), 24 (40), 22 (36), 14 (49), 15 (48), 30 (48), 7 (45), 21 (50), 2 (66), 11 (71), 5 (73), 33 (59), 41 (49), 31 (66), 17 (77), 36 (82), 26 (82), 25 (98)]";15216
VNS;50;2;31130;701.0;25;"Maquina 1: [39 (10), 27 (15), 4 (12), 1 (5), 0 (14), 24 (40), 19 (33), 17 (77), 20 (24), 7 (45), 3 (36), 37 (61), 46 (46), 41 (49), 31 (66), 14 (49), 45 (89), 9 (51), 30 (48), 32 (12), 11 (71), 8 (64), 43 (81), 34 (84)]";13575;"Maquina 2: [13 (10), 42 (60), 49 (18), 23 (10), 38 (13), 12 (7), 18 (19), 16 (15), 40 (44), 22 (36), 44 (28), 2 (66), 28 (33), 48 (77), 36 (82), 35 (51), 29 (45), 6 (88), 47 (66), 15 (48), 5 (73), 26 (82), 21 (50), 10 (62), 33 (59), 25 (98)]";17555
Multiarranque;50;2;30346;75.0;25;"Maquina 1: [20 (24), 18 (19), 32 (12), 35 (51), 29 (45), 27 (15), 4 (12), 1 (5), 0 (14), 24 (40), 44 (28), 2 (66), 10 (62), 19 (33), 17 (77), 49 (18), 15 (48), 9 (51), 11 (71), 45 (89), 43 (81), 47 (66), 25 (98), 31 (66)]";14427;"Maquina 2: [23 (10), 3 (36), 38 (13), 13 (10), 28 (33), 8 (64), 12 (7), 16 (15), 42 (60), 39 (10), 41 (49), 21 (50), 46 (46), 40 (44), 22 (36), 14 (49), 30 (48), 7 (45), 48 (77), 33 (59), 5 (73), 6 (88), 26 (82), 34 (84), 37 (61), 36 (82)]";15919
GREEDY;50;2;29777;1.0;1;"Maquina 1: [20 (9), 47 (5), 45 (22), 24 (42), 2 (19), 48 (2), 21 (27), 37 (49), 33 (37), 40 (34), 14 (53), 6 (43), 28 (73), 38 (56), 19 (55), 39 (65), 25 (57), 30 (89), 17 (61), 27 (82), 10 (90), 12 (85), 4 (92), 0 (97), 23 (93)]";15081;"Maquina 2: [13 (3), 44 (7), 29 (13), 36 (8), 7 (34), 41 (22), 42 (24), 43 (38), 49 (55), 5 (49), 31 (42), 1 (59), 15 (36), 34 (50), 18 (57), 22 (68), 9 (55), 16 (64), 32 (84), 35 (92), 11 (90), 8 (90), 26 (94), 46 (79), 3 (87)]";14696
GRASP;50;2;29473;51.0;25;"Maquina 1: [20 (9), 31 (42), 48 (2), 13 (3), 15 (36), 40 (34), 42 (24), 17 (61), 45 (22), 19 (55), 5 (49), 46 (79), 39 (65), 33 (37), 16 (64), 6 (43), 8 (90), 10 (90), 35 (92), 1 (59), 26 (94), 34 (50), 28 (73), 23 (93), 3 (87)]";15570;"Maquina 2: [47 (5), 29 (13), 44 (7), 21 (27), 7 (34), 41 (22), 24 (42), 43 (38), 36 (8), 14 (53), 9 (55), 49 (55), 2 (19), 38 (56), 11 (90), 37 (49), 18 (57), 32 (84), 4 (92), 25 (57), 22 (68), 30 (89), 27 (82), 12 (85), 0 (97)]";13903
LNS;50;2;29322;8.0;25;"Maquina 1: [33 (37), 47 (5), 45 (22), 24 (42), 2 (19), 48 (2), 20 (9), 37 (49), 21 (27), 40 (34), 14 (53), 6 (43), 28 (73), 38 (56), 19 (55), 39 (65), 25 (57), 30 (89), 17 (61), 27 (82), 10 (90), 12 (85), 4 (92), 0 (97), 23 (93)]";14798;"Maquina 2: [13 (3), 44 (7), 29 (13), 36 (8), 7 (34), 41 (22), 42 (24), 43 (38), 49 (55), 5 (49), 22 (68), 1 (59), 15 (36), 34 (50), 32 (84), 31 (42), 9 (55), 16 (64), 18 (57), 35 (92), 11 (90), 8 (90), 26 (94), 46 (79), 3 (87)]";14524
TABÚ;50;2;28827;20.0;25;"Maquina 1: [48 (2), 20 (9), 47 (5), 15 (36), 45 (22), 24 (42), 2 (19), 7 (34), 9 (55), 21 (27), 49 (55), 33 (37), 16 (64), 38 (56), 25 (57), 31 (42), 28 (73), 12 (85), 4 (92), 8 (90), 1 (59), 18 (57), 32 (84), 11 (90), 3 (87)]";14137;"Maquina 2: [29 (13), 44 (7), 13 (3), 43 (38), 36 (8), 40 (34), 41 (22), 5 (49), 42 (24), 17 (61), 6 (43), 37 (49), 19 (55), 14 (53), 39 (65), 46 (79), 27 (82), 22 (68), 34 (50), 10 (90), 26 (94), 35 (92), 30 (89), 23 (93), 0 (97)]";14690
VNS;50;2;29104;932.0;25;"Maquina 1: [21 (27), 47 (5), 45 (22), 24 (42), 2 (19), 48 (2), 20 (9), 37 (49), 9 (55), 40 (34), 14 (53), 6 (43), 28 (73), 38 (56), 19 (55), 39 (65), 25 (57), 30 (89), 17 (61), 27 (82), 10 (90), 12 (85), 4 (92), 0 (97), 3 (87)]";14874;"Maquina 2: [13 (3), 44 (7), 29 (13), 36 (8), 7 (34), 41 (22), 42 (24), 43 (38), 49 (55), 5 (49), 31 (42), 1 (59), 15 (36), 34 (50), 18 (57), 22 (68), 33 (37), 16 (64), 32 (84), 35 (92), 11 (90), 8 (90), 26 (94), 46 (79), 23 (93)]";14230
Multiarranque;50;2;28758;81.0;25;"Maquina 1: [48 (2), 20 (9), 29 (13), 13 (3), 44 (7), 15 (36), 41 (22), 2 (19), 7 (34), 43 (38), 49 (55), 5 (49), 31 (42), 14 (53), 39 (65), 45 (22), 9 (55), 46 (79), 28 (73), 38 (56), 25 (57), 22 (68), 27 (82), 35 (92), 12 (85), 0 (97), 23 (93)]";14594;"Maquina 2: [36 (8), 33 (37), 47 (5), 40 (34), 42 (24), 1 (59), 37 (49), 6 (43), 21 (27), 16 (64), 34 (50), 10 (90), 24 (42), 17 (61), 19 (55), 18 (57), 3 (87), 32 (84), 4 (92), 8 (90), 26 (94), 11 (90), 30 (89)]";14164
GREEDY;50;2;29641;0.0;1;"Maquina 1: [33 (1), 40 (12), 8 (14), 48 (32), 1 (29), 15 (29), 2 (36), 9 (20), 10 (40), 12 (44), 5 (56), 37 (49), 39 (53), 20 (91), 29 (51), 23 (57), 13 (46), 44 (60), 22 (72), 41 (60), 19 (88), 27 (76), 14 (66), 0 (97), 6 (81)]";14527;"Maquina 2: [31 (7), 21 (19), 30 (22), 49 (13), 3 (28), 46 (30), 43 (52), 17 (35), 26 (37), 36 (40), 28 (49), 11 (45), 35 (54), 42 (60), 25 (64), 34 (59), 24 (51), 45 (72), 16 (81), 38 (67), 7 (56), 4 (79), 32 (90), 18 (99), 47 (92)]";15114
GRASP;50;2;29243;52.0;25;"Maquina 1: [3 (28), 8 (14), 2 (36), 40 (12), 33 (1), 1 (29), 15 (29), 11 (45), 46 (30), 44 (60), 12 (44), 37 (49), 5 (56), 34 (59), 41 (60), 39 (53), 27 (76), 23 (57), 13 (46), 42 (60), 6 (81), 18 (99), 47 (92), 14 (66), 16 (81)]";14749;"Maquina 2: [30 (22), 31 (7), 48 (32), 21 (19), 10 (40), 49 (13), 9 (20), 36 (40), 17 (35), 24 (51), 28 (49), 26 (37), 29 (51), 45 (72), 22 (72), 35 (54), 19 (88), 25 (64), 38 (67), 7 (56), 4 (79), 43 (52), 20 (91), 0 (97), 32 (90)]";14494
LNS;50;2;29485;8.0;25;"Maquina 1: [33 (1), 40 (12), 8 (14), 48 (32), 1 (29), 15 (29), 2 (36), 9 (20), 10 (40), 12 (44), 5 (56), 37 (49), 39 (53), 20 (91), 29 (51), 23 (57), 13 (46), 44 (60), 22 (72), 41 (60), 19 (88), 27 (76), 14 (66), 0 (97), 6 (81)]";14527;"Maquina 2: [31 (7), 46 (30), 30 (22), 49 (13), 3 (28), 21 (19), 43 (52), 17 (35), 26 (37), 36 (40), 28 (49), 38 (67), 7 (56), 42 (60), 25 (64), 34 (59), 24 (51), 45 (72), 16 (81), 11 (45), 35 (54), 32 (90), 4 (79), 18 (99), 47 (92)]";14958
TABÚ;50;2;30038;16.0;25;"Maquina 1: [33 (1), 3 (28), 21 (19), 8 (14), 48 (32), 11 (45), 13 (46), 9 (20), 28 (49), 17 (35), 26 (37), 29 (51), 34 (59), 6 (81), 35 (54), 42 (60), 14 (66), 4 (79), 7 (56), 38 (67), 47 (92), 18 (99), 19 (88), 27 (76), 0 (97)]";15696;"Maquina 2: [31 (7), 40 (12), 46 (30), 30 (22), 49 (13), 1 (29), 15 (29), 10 (40), 12 (44), 16 (81), 2 (36), 36 (40), 43 (52), 5 (56), 37 (49), 39 (53), 44 (60), 23 (57), 25 (64), 41 (60), 24 (51), 45 (72), 22 (72), 20 (91), 32 (90)]";14342
VNS;50;2;29321;695.0;25;"Maquina 1: [40 (12), 8 (14), 48 (32), 1 (29), 15 (29), 2 (36), 9 (20), 10 (40), 12 (44), 5 (56), 37 (49), 39 (53), 20 (91), 29 (51), 23 (57), 13 (46), 44 (60), 22 (72), 41 (60), 19 (88), 27 (76), 14 (66), 0 (97), 6 (81)]";14070;"Maquina 2: [31 (7), 46 (30), 30 (22), 49 (13), 33 (1), 3 (28), 21 (19), 43 (52), 17 (35), 26 (37), 36 (40), 28 (49), 11 (45), 35 (54), 42 (60), 25 (64), 34 (59), 24 (51), 45 (72), 16 (81), 38 (67), 7 (56), 4 (79), 32 (90), 18 (99), 47 (92)]";15251
Multiarranque;50;2;29416;77.0;25;"Maquina 1: [33 (1), 40 (12), 8 (14), 48 (32), 1 (29), 15 (29), 2 (36), 9 (20), 10 (40), 12 (44), 5 (56), 37 (49), 39 (53), 20 (91), 29 (51), 23 (57), 13 (46), 44 (60), 22 (72), 41 (60), 19 (88), 27 (76), 14 (66), 0 (97), 32 (90)]";14522;"Maquina 2: [31 (7), 46 (30), 30 (22), 49 (13), 3 (28), 21 (19), 43 (52), 17 (35), 26 (37), 36 (40), 28 (49), 38 (67), 7 (56), 42 (60), 25 (64), 34 (59), 24 (51), 45 (72), 16 (81), 11 (45), 35 (54), 4 (79), 6 (81), 18 (99), 47 (92)]";14894
GREEDY;50;2;27730;0.0;1;"Maquina 1: [16 (1), 35 (2), 48 (9), 4 (15), 49 (6), 22 (9), 18 (32), 47 (53), 9 (28), 13 (46), 25 (20), 5 (59), 3 (48), 41 (61), 29 (42), 21 (64), 36 (70), 14 (74), 40 (79), 2 (99), 12 (84), 44 (68), 31 (94), 34 (99), 37 (96)]";14068;"Maquina 2: [24 (9), 26 (2), 8 (3), 6 (9), 27 (32), 38 (6), 1 (21), 15 (11), 43 (28), 7 (54), 19 (44), 32 (33), 23 (47), 45 (48), 39 (76), 42 (62), 17 (65), 33 (61), 10 (71), 28 (80), 0 (70), 30 (99), 20 (95), 46 (97), 11 (90)]";13662
GRASP;50;2;26433;53.0;25;"Maquina 1: [38 (6), 16 (1), 24 (9), 35 (2), 15 (11), 48 (9), 47 (53), 9 (28), 33 (61), 18 (32), 43 (28), 21 (64), 42 (62), 3 (48), 19 (44), 37 (96), 41 (61), 0 (70), 10 (71), 2 (99), 17 (65), 40 (79), 12 (84), 46 (97), 30 (99)]";13619;"Maquina 2: [26 (2), 8 (3), 6 (9), 49 (6), 22 (9), 1 (21), 4 (15), 25 (20), 27 (32), 13 (46), 32 (33), 23 (47), 5 (59), 36 (70), 45 (48), 7 (54), 44 (68), 39 (76), 31 (94), 29 (42), 11 (90), 14 (74), 20 (95), 28 (80), 34 (99)]";12814
LNS;50;2;27621;8.0;25;"Maquina 1: [16 (1), 35 (2), 48 (9), 4 (15), 49 (6), 22 (9), 18 (32), 47 (53), 9 (28), 13 (46), 25 (20), 5 (59), 3 (48), 41 (61), 29 (42), 21 (64), 36 (70), 14 (74), 40 (79), 2 (99), 12 (84), 44 (68), 31 (94), 34 (99), 37 (96)]";14068;"Maquina 2: [24 (9), 26 (2), 8 (3), 6 (9), 27 (32), 38 (6), 1 (21), 15 (11), 43 (28), 7 (54), 19 (44), 32 (33), 23 (47), 45 (48), 39 (76), 17 (65), 42 (62), 33 (61), 10 (71), 28 (80), 0 (70), 30 (99), 20 (95), 46 (97), 11 (90)]";13553
TABÚ;50;2;26059;16.0;25;"Maquina 1: [38 (6), 16 (1), 32 (33), 35 (2), 48 (9), 4 (15), 49 (6), 29 (42), 1 (21), 9 (28), 23 (47), 19 (44), 3 (48), 11 (90), 45 (48), 36 (70), 47 (53), 17 (65), 12 (84), 0 (70), 5 (59), 10 (71), 2 (99), 34 (99), 31 (94)]";12761;"Maquina 2: [24 (9), 26 (2), 8 (3), 6 (9), 33 (61), 22 (9), 43 (28), 7 (54), 15 (11), 27 (32), 13 (46), 25 (20), 21 (64), 44 (68), 39 (76), 42 (62), 14 (74), 18 (32), 28 (80), 37 (96), 41 (61), 20 (95), 40 (79), 46 (97), 30 (99)]";13298
VNS;50;2;27386;1004.0;25;"Maquina 1: [16 (1), 24 (9), 35 (2), 48 (9), 4 (15), 49 (6), 15 (11), 18 (32), 47 (53), 9 (28), 13 (46), 25 (20), 5 (59), 3 (48), 41 (61), 29 (42), 21 (64), 36 (70), 14 (74), 40 (79), 2 (99), 12 (84), 44 (68), 31 (94), 34 (99), 37 (96)]";14457;"Maquina 2: [26 (2), 8 (3), 6 (9), 27 (32), 38 (6), 1 (21), 22 (9), 43 (28), 7 (54), 19 (44), 32 (33), 23 (47), 45 (48), 39 (76), 42 (62), 17 (65), 33 (61), 10 (71), 28 (80), 0 (70), 30 (99), 20 (95), 46 (97), 11 (90)]";12929
Multiarranque;50;2;25989;89.0;25;"Maquina 1: [22 (9), 43 (28), 8 (3), 48 (9), 6 (9), 16 (1), 24 (9), 35 (2), 1 (21), 4 (15), 49 (6), 27 (32), 38 (6), 13 (46), 32 (33), 23 (47), 31 (94), 42 (62), 29 (42), 21 (64), 12 (84), 10 (71), 28 (80), 37 (96), 17 (65), 40 (79), 46 (97), 20 (95)]";12842;"Maquina 2: [3 (48), 19 (44), 26 (2), 18 (32), 47 (53), 9 (28), 7 (54), 15 (11), 39 (76), 25 (20), 5 (59), 36 (70), 14 (74), 41 (61), 34 (99), 11 (90), 45 (48), 44 (68), 33 (61), 2 (99), 0 (70), 30 (99)]";13147
GREEDY;50;2;24390;1.0;1;"Maquina 1: [47 (8), 45 (6), 31 (17), 11 (1), 1 (17), 3 (14), 30 (9), 37 (69), 33 (25), 7 (33), 24 (31), 16 (24), 44 (43), 10 (30), 40 (60), 9 (77), 4 (74), 8 (68), 12 (54), 13 (50), 29 (70), 27 (77), 18 (82), 26 (97), 39 (90)]";12375;"Maquina 2: [28 (16), 2 (7), 6 (2), 48 (9), 42 (8), 35 (12), 36 (26), 21 (25), 14 (23), 20 (29), 34 (32), 41 (39), 5 (48), 19 (62), 0 (69), 32 (58), 49 (30), 43 (75), 38 (53), 25 (72), 46 (69), 15 (77), 23 (84), 17 (97), 22 (79)]";12015
GRASP;50;2;23321;53.0;25;"Maquina 1: [16 (24), 2 (7), 1 (17), 3 (14), 30 (9), 45 (6), 24 (31), 6 (2), 48 (9), 33 (25), 31 (17), 7 (33), 12 (54), 13 (50), 41 (39), 34 (32), 0 (69), 4 (74), 8 (68), 37 (69), 17 (97), 39 (90), 25 (72), 23 (84), 26 (97)]";10889;"Maquina 2: [11 (1), 28 (16), 42 (8), 35 (12), 10 (30), 47 (8), 21 (25), 14 (23), 20 (29), 36 (26), 44 (43), 49 (30), 40 (60), 5 (48), 19 (62), 38 (53), 27 (77), 29 (70), 32 (58), 9 (77), 15 (77), 43 (75), 46 (69), 22 (79), 18 (82)]";12432
LNS;50;2;24116;8.0;25;"Maquina 1: [47 (8), 45 (6), 31 (17), 30 (9), 3 (14), 1 (17), 11 (1), 37 (69), 33 (25), 7 (33), 24 (31), 16 (24), 44 (43), 10 (30), 40 (60), 9 (77), 4 (74), 8 (68), 12 (54), 13 (50), 29 (70), 27 (77), 18 (82), 26 (97), 39 (90)]";12101;"Maquina 2: [28 (16), 2 (7), 6 (2), 48 (9), 42 (8), 35 (12), 36 (26), 21 (25), 14 (23), 20 (29), 34 (32), 41 (39), 5 (48), 19 (62), 0 (69), 32 (58), 49 (30), 43 (75), 38 (53), 25 (72), 46 (69), 15 (77), 23 (84), 17 (97), 22 (79)]";12015
TABÚ;50;2;23436;17.0;25;"Maquina 1: [47 (8), 45 (6), 31 (17), 2 (7), 1 (17), 3 (14), 30 (9), 35 (12), 19 (62), 7 (33), 20 (29), 24 (31), 41 (39), 5 (48), 8 (68), 37 (69), 32 (58), 13 (50), 9 (77), 4 (74), 12 (54), 27 (77), 18 (82), 15 (77), 23 (84), 22 (79)]";12612;"Maquina 2: [6 (2), 48 (9), 42 (8), 36 (26), 14 (23), 28 (16), 11 (1), 49 (30), 16 (24), 44 (43), 10 (30), 33 (25), 21 (25), 34 (32), 0 (69), 38 (53), 29 (70), 40 (60), 43 (75), 46 (69), 25 (72), 17 (97), 39 (90), 26 (97)]";10824
VNS;50;2;23953;933.0;25;"Maquina 1: [47 (8), 45 (6), 31 (17), 11 (1), 1 (17), 3 (14), 30 (9), 37 (69), 7 (33), 33 (25), 34 (32), 16 (24), 44 (43), 10 (30), 40 (60), 9 (77), 4 (74), 8 (68), 12 (54), 13 (50), 29 (70), 27 (77), 18 (82), 26 (97), 39 (90)]";11976;"Maquina 2: [28 (16), 2 (7), 6 (2), 48 (9), 42 (8), 35 (12), 36 (26), 21 (25), 14 (23), 20 (29), 24 (31), 41 (39), 5 (48), 19 (62), 0 (69), 32 (58), 49 (30), 43 (75), 38 (53), 25 (72), 46 (69), 15 (77), 23 (84), 17 (97), 22 (79)]";11977
Multiarranque;50;2;23667;92.0;25;"Maquina 1: [16 (24), 2 (7), 35 (12), 6 (2), 48 (9), 33 (25), 3 (14), 21 (25), 14 (23), 0 (69), 1 (17), 13 (50), 38 (53), 29 (70), 18 (82), 25 (72), 5 (48), 37 (69), 17 (97), 15 (77), 9 (77), 22 (79), 26 (97), 43 (75)]";11924;"Maquina 2: [28 (16), 11 (1), 31 (17), 30 (9), 47 (8), 45 (6), 42 (8), 20 (29), 7 (33), 12 (54), 49 (30), 10 (30), 36 (26), 24 (31), 44 (43), 40 (60), 34 (32), 19 (62), 41 (39), 23 (84), 32 (58), 4 (74), 8 (68), 39 (90), 46 (69), 27 (77)]";11743
GREEDY;50;2;32835;0.0;1;"Maquina 1: [10 (7), 38 (15), 43 (17), 47 (2), 29 (24), 39 (21), 16 (41), 32 (57), 15 (30), 48 (60), 3 (92), 23 (51), 27 (81), 13 (59), 5 (44), 4 (68), 42 (62), 28 (75), 37 (72), 18 (87), 6 (74), 12 (84), 26 (94), 8 (89), 24 (91)]";16304;"Maquina 2: [25 (4), 45 (8), 17 (17), 7 (15), 1 (38), 20 (24), 11 (70), 0 (27), 34 (61), 36 (65), 33 (42), 41 (49), 31 (59), 9 (53), 44 (76), 22 (58), 19 (80), 2 (73), 35 (84), 49 (92), 21 (74), 14 (88), 40 (90), 30 (91), 46 (97)]";16531
GRASP;50;2;31497;51.0;25;"Maquina 1: [29 (24), 25 (4), 45 (8), 39 (21), 43 (17), 17 (17), 16 (41), 0 (27), 44 (76), 33 (42), 12 (84), 23 (51), 41 (49), 36 (65), 28 (75), 37 (72), 22 (58), 6 (74), 19 (80), 14 (88), 2 (73), 21 (74), 8 (89), 24 (91), 26 (94)]";15665;"Maquina 2: [47 (2), 5 (44), 7 (15), 10 (7), 38 (15), 1 (38), 20 (24), 31 (59), 4 (68), 15 (30), 11 (70), 34 (61), 32 (57), 27 (81), 9 (53), 13 (59), 48 (60), 42 (62), 30 (91), 35 (84), 3 (92), 18 (87), 40 (90), 46 (97), 49 (92)]";15832
LNS;50;2;32389;8.0;25;"Maquina 1: [10 (7), 38 (15), 29 (24), 47 (2), 43 (17), 39 (21), 16 (41), 32 (57), 15 (30), 48 (60), 3 (92), 23 (51), 27 (81), 13 (59), 5 (44), 8 (89), 42 (62), 28 (75), 37 (72), 18 (87), 6 (74), 12 (84), 26 (94), 4 (68), 24 (91)]";16084;"Maquina 2: [25 (4), 45 (8), 7 (15), 17 (17), 1 (38), 20 (24), 11 (70), 0 (27), 34 (61), 36 (65), 33 (42), 41 (49), 31 (59), 9 (53), 44 (76), 22 (58), 19 (80), 2 (73), 35 (84), 49 (92), 21 (74), 14 (88), 40 (90), 30 (91), 46 (97)]";16305
TABÚ;50;2;32288;17.0;25;"Maquina 1: [45 (8), 47 (2), 43 (17), 17 (17), 5 (44), 7 (15), 33 (42), 41 (49), 36 (65), 4 (68), 0 (27), 29 (24), 27 (81), 31 (59), 9 (53), 37 (72), 22 (58), 32 (57), 42 (62), 21 (74), 18 (87), 3 (92), 8 (89), 44 (76), 30 (91), 46 (97)]";16604;"Maquina 2: [25 (4), 38 (15), 1 (38), 10 (7), 15 (30), 11 (70), 16 (41), 20 (24), 35 (84), 39 (21), 13 (59), 48 (60), 34 (61), 19 (80), 23 (51), 28 (75), 14 (88), 2 (73), 26 (94), 6 (74), 12 (84), 49 (92), 24 (91), 40 (90)]";15684
VNS;50;2;32346;845.0;25;"Maquina 1: [10 (7), 38 (15), 43 (17), 47 (2), 29 (24), 20 (24), 16 (41), 32 (57), 15 (30), 48 (60), 1 (38), 3 (92), 23 (51), 27 (81), 13 (59), 5 (44), 4 (68), 42 (62), 28 (75), 37 (72), 18 (87), 6 (74), 12 (84), 26 (94), 8 (89), 24 (91)]";16805;"Maquina 2: [25 (4), 45 (8), 17 (17), 7 (15), 39 (21), 11 (70), 0 (27), 34 (61), 36 (65), 33 (42), 41 (49), 31 (59), 9 (53), 44 (76), 22 (58), 19 (80), 2 (73), 35 (84), 49 (92), 21 (74), 14 (88), 40 (90), 30 (91), 46 (97)]";15541
Multiarranque;50;2;31342;78.0;25;"Maquina 1: [47 (2), 25 (4), 17 (17), 7 (15), 33 (42), 20 (24), 0 (27), 48 (60), 15 (30), 9 (53), 41 (49), 4 (68), 44 (76), 22 (58), 5 (44), 34 (61), 19 (80), 24 (91), 21 (74), 18 (87), 3 (92), 40 (90), 27 (81), 46 (97), 8 (89)]";15583;"Maquina 2: [45 (8), 10 (7), 23 (51), 29 (24), 38 (15), 1 (38), 43 (17), 11 (70), 16 (41), 32 (57), 39 (21), 13 (59), 31 (59), 42 (62), 14 (88), 28 (75), 37 (72), 36 (65), 6 (74), 12 (84), 26 (94), 2 (73), 30 (91), 35 (84), 49 (92)]";15759
GREEDY;50;2;32517;1.0;1;"Maquina 1: [2 (29), 17 (1), 13 (5), 5 (3), 12 (35), 25 (70), 18 (12), 48 (41), 40 (18), 30 (48), 47 (43), 33 (88), 32 (53), 3 (39), 15 (72), 0 (86), 22 (79), 8 (56), 31 (90), 38 (91), 4 (61), 23 (76), 44 (96), 20 (80)]";15714;"Maquina 2: [29 (12), 42 (3), 39 (3), 16 (12), 21 (2), 34 (41), 45 (62), 10 (25), 26 (24), 11 (36), 19 (73), 46 (34), 49 (58), 6 (56), 7 (42), 36 (46), 28 (50), 41 (76), 9 (87), 24 (71), 35 (89), 14 (95), 43 (80), 1 (97), 37 (91), 27 (79)]";16803
GRASP;50;2;31037;51.0;25;"Maquina 1: [13 (5), 11 (36), 5 (3), 42 (3), 18 (12), 10 (25), 40 (18), 32 (53), 30 (48), 47 (43), 31 (90), 37 (91), 7 (42), 6 (56), 3 (39), 15 (72), 19 (73), 25 (70), 22 (79), 23 (76), 43 (80), 1 (97), 0 (86), 24 (71)]";15119;"Maquina 2: [17 (1), 39 (3), 16 (12), 21 (2), 12 (35), 26 (24), 2 (29), 29 (12), 34 (41), 48 (41), 45 (62), 46 (34), 49 (58), 27 (79), 36 (46), 28 (50), 41 (76), 8 (56), 38 (91), 4 (61), 20 (80), 33 (88), 9 (87), 35 (89), 14 (95), 44 (96)]";15918
LNS;50;2;32400;9.0;25;"Maquina 1: [2 (29), 17 (1), 13 (5), 5 (3), 12 (35), 25 (70), 18 (12), 48 (41), 40 (18), 30 (48), 47 (43), 33 (88), 32 (53), 3 (39), 15 (72), 0 (86), 22 (79), 8 (56), 31 (90), 38 (91), 4 (61), 23 (76), 44 (96), 20 (80)]";15714;"Maquina 2: [11 (36), 42 (3), 39 (3), 16 (12), 21 (2), 34 (41), 45 (62), 10 (25), 26 (24), 29 (12), 19 (73), 46 (34), 49 (58), 6 (56), 7 (42), 36 (46), 28 (50), 41 (76), 9 (87), 24 (71), 35 (89), 14 (95), 43 (80), 1 (97), 37 (91), 27 (79)]";16686
TABÚ;50;2;31378;16.0;25;"Maquina 1: [17 (1), 36 (46), 5 (3), 18 (12), 29 (12), 34 (41), 40 (18), 28 (50), 7 (42), 46 (34), 49 (58), 6 (56), 48 (41), 44 (96), 8 (56), 15 (72), 19 (73), 23 (76), 24 (71), 47 (43), 27 (79), 0 (86), 14 (95), 9 (87), 1 (97)]";16456;"Maquina 2: [13 (5), 39 (3), 42 (3), 16 (12), 21 (2), 12 (35), 26 (24), 2 (29), 11 (36), 32 (53), 3 (39), 30 (48), 10 (25), 45 (62), 35 (89), 38 (91), 41 (76), 4 (61), 20 (80), 25 (70), 22 (79), 37 (91), 43 (80), 31 (90), 33 (88)]";14922
VNS;50;2;32400;848.0;25;"Maquina 1: [2 (29), 17 (1), 13 (5), 5 (3), 12 (35), 25 (70), 18 (12), 48 (41), 40 (18), 30 (48), 47 (43), 33 (88), 32 (53), 3 (39), 15 (72), 0 (86), 22 (79), 8 (56), 31 (90), 38 (91), 4 (61), 23 (76), 44 (96), 20 (80)]";15714;"Maquina 2: [11 (36), 42 (3), 39 (3), 16 (12), 21 (2), 34 (41), 45 (62), 10 (25), 26 (24), 29 (12), 19 (73), 46 (34), 49 (58), 6 (56), 7 (42), 36 (46), 28 (50), 41 (76), 9 (87), 24 (71), 35 (89), 14 (95), 43 (80), 1 (97), 37 (91), 27 (79)]";16686
Multiarranque;50;2;31776;77.0;25;"Maquina 1: [13 (5), 16 (12), 21 (2), 12 (35), 40 (18), 30 (48), 42 (3), 49 (58), 7 (42), 3 (39), 11 (36), 32 (53), 26 (24), 23 (76), 43 (80), 19 (73), 48 (41), 44 (96), 8 (56), 0 (86), 24 (71), 38 (91), 41 (76), 9 (87), 1 (97)]";15915;"Maquina 2: [17 (1), 39 (3), 5 (3), 18 (12), 29 (12), 10 (25), 28 (50), 2 (29), 46 (34), 34 (41), 47 (43), 27 (79), 4 (61), 45 (62), 36 (46), 6 (56), 31 (90), 33 (88), 15 (72), 20 (80), 25 (70), 22 (79), 37 (91), 35 (89), 14 (95)]";15861
GREEDY;50;2;35014;0.0;1;"Maquina 1: [3 (6), 44 (10), 49 (16), 23 (46), 12 (28), 32 (57), 45 (39), 19 (29), 11 (25), 24 (47), 29 (17), 6 (59), 38 (61), 40 (21), 14 (54), 28 (36), 18 (64), 31 (70), 5 (82), 21 (94), 20 (73), 35 (83), 4 (80), 27 (87), 0 (92)]";17088;"Maquina 2: [37 (8), 1 (14), 17 (67), 41 (57), 48 (17), 36 (47), 34 (24), 22 (29), 26 (25), 43 (46), 8 (17), 33 (59), 10 (29), 39 (91), 15 (39), 46 (42), 47 (94), 2 (83), 25 (57), 9 (62), 30 (93), 16 (85), 13 (75), 7 (81), 42 (71)]";17926
GRASP;50;2;33533;52.0;25;"Maquina 1: [3 (6), 1 (14), 44 (10), 8 (17), 19 (29), 29 (17), 11 (25), 42 (71), 40 (21), 14 (54), 38 (61), 47 (94), 26 (25), 43 (46), 23 (46), 17 (67), 32 (57), 28 (36), 18 (64), 33 (59), 9 (62), 30 (93), 5 (82), 21 (94), 0 (92)]";15473;"Maquina 2: [46 (42), 49 (16), 12 (28), 7 (81), 37 (8), 48 (17), 36 (47), 34 (24), 22 (29), 10 (29), 45 (39), 15 (39), 24 (47), 2 (83), 25 (57), 6 (59), 20 (73), 13 (75), 39 (91), 27 (87), 41 (57), 4 (80), 31 (70), 35 (83), 16 (85)]";18060
LNS;50;2;34688;8.0;25;"Maquina 1: [45 (39), 44 (10), 49 (16), 23 (46), 12 (28), 32 (57), 3 (6), 19 (29), 11 (25), 24 (47), 29 (17), 6 (59), 38 (61), 40 (21), 14 (54), 28 (36), 18 (64), 31 (70), 27 (87), 21 (94), 20 (73), 35 (83), 4 (80), 5 (82), 0 (92)]";16823;"Maquina 2: [37 (8), 1 (14), 17 (67), 41 (57), 48 (17), 36 (47), 34 (24), 22 (29), 26 (25), 43 (46), 8 (17), 33 (59), 10 (29), 39 (91), 15 (39), 46 (42), 47 (94), 13 (75), 25 (57), 9 (62), 30 (93), 16 (85), 2 (83), 7 (81), 42 (71)]";17865
TABÚ;50;2;34634;17.0;25;"Maquina 1: [43 (46), 3 (6), 44 (10), 24 (47), 49 (16), 18 (64), 33 (59), 15 (39), 29 (17), 11 (25), 10 (29), 45 (39), 5 (82), 9 (62), 28 (36), 4 (80), 14 (54), 38 (61), 23 (46), 31 (70), 16 (85), 0 (92), 13 (75), 39 (91), 42 (71)]";16970;"Maquina 2: [37 (8), 40 (21), 1 (14), 17 (67), 41 (57), 48 (17), 34 (24), 12 (28), 8 (17), 19 (29), 22 (29), 46 (42), 36 (47), 32 (57), 6 (59), 7 (81), 20 (73), 27 (87), 2 (83), 26 (25), 25 (57), 30 (93), 21 (94), 35 (83), 47 (94)]";17664
VNS;50;2;34552;893.0;25;"Maquina 1: [3 (6), 44 (10), 49 (16), 23 (46), 12 (28), 32 (57), 45 (39), 19 (29), 11 (25), 24 (47), 29 (17), 6 (59), 38 (61), 40 (21), 14 (54), 28 (36), 18 (64), 31 (70), 16 (85), 20 (73), 4 (80), 35 (83), 21 (94), 27 (87), 0 (92)]";16918;"Maquina 2: [37 (8), 1 (14), 17 (67), 41 (57), 48 (17), 36 (47), 34 (24), 22 (29), 26 (25), 43 (46), 8 (17), 33 (59), 10 (29), 39 (91), 15 (39), 46 (42), 47 (94), 2 (83), 25 (57), 9 (62), 30 (93), 5 (82), 13 (75), 7 (81), 42 (71)]";17634
Multiarranque;50;2;32618;79.0;25;"Maquina 1: [23 (46), 29 (17), 8 (17), 49 (16), 12 (28), 26 (25), 15 (39), 46 (42), 4 (80), 40 (21), 14 (54), 20 (73), 19 (29), 41 (57), 43 (46), 9 (62), 27 (87), 11 (25), 5 (82), 32 (57), 47 (94), 2 (83), 7 (81), 0 (92), 21 (94)]";16728;"Maquina 2: [37 (8), 48 (17), 36 (47), 22 (29), 34 (24), 3 (6), 1 (14), 44 (10), 24 (47), 25 (57), 45 (39), 28 (36), 18 (64), 33 (59), 10 (29), 31 (70), 16 (85), 6 (59), 38 (61), 30 (93), 42 (71), 17 (67), 13 (75), 39 (91), 35 (83)]";15890
