GREEDY;50;4;15051;0.0;1;"Maquina 1: [38 (6), 16 (1), 24 (9), 19 (44), 18 (32), 45 (48), 25 (20), 5 (59), 36 (70), 21 (64), 31 (94), 40 (79), 2 (99)]";3622;"Maquina 2: [49 (6), 26 (2), 28 (80), 48 (9), 29 (42), 9 (28), 33 (61), 10 (71), 3 (48), 17 (65), 20 (95), 30 (99)]";3858;"Maquina 3: [35 (2), 1 (21), 15 (11), 6 (9), 27 (32), 14 (74), 41 (61), 13 (46), 44 (68), 34 (99), 47 (53), 37 (96), 12 (84)]";4155;"Maquina 4: [8 (3), 43 (28), 22 (9), 7 (54), 4 (15), 0 (70), 32 (33), 42 (62), 23 (47), 39 (76), 11 (90), 46 (97)]";3416
GRASP;50;4;13579;71.0;25;"Maquina 1: [15 (11), 25 (20), 6 (9), 16 (1), 27 (32), 13 (46), 11 (90), 45 (48), 42 (62), 41 (61), 39 (76), 12 (84), 34 (99)]";3757;"Maquina 2: [26 (2), 35 (2), 5 (59), 43 (28), 38 (6), 19 (44), 23 (47), 14 (74), 7 (54), 37 (96), 2 (99), 20 (95)]";3197;"Maquina 3: [8 (3), 24 (9), 22 (9), 1 (21), 18 (32), 47 (53), 29 (42), 0 (70), 10 (71), 28 (80), 44 (68), 31 (94)]";2808;"Maquina 4: [48 (9), 4 (15), 49 (6), 32 (33), 9 (28), 33 (61), 21 (64), 3 (48), 36 (70), 17 (65), 40 (79), 46 (97), 30 (99)]";3817
LNS;50;4;14957;4.0;25;"Maquina 1: [38 (6), 16 (1), 24 (9), 19 (44), 18 (32), 45 (48), 25 (20), 5 (59), 36 (70), 21 (64), 31 (94), 40 (79), 2 (99)]";3622;"Maquina 2: [49 (6), 26 (2), 28 (80), 48 (9), 29 (42), 9 (28), 33 (61), 10 (71), 3 (48), 17 (65), 20 (95), 30 (99)]";3858;"Maquina 3: [35 (2), 1 (21), 15 (11), 6 (9), 27 (32), 14 (74), 41 (61), 13 (46), 44 (68), 34 (99), 47 (53), 37 (96), 12 (84)]";4155;"Maquina 4: [22 (9), 43 (28), 8 (3), 7 (54), 4 (15), 0 (70), 32 (33), 42 (62), 23 (47), 39 (76), 11 (90), 46 (97)]";3322
TABÚ;50;4;13722;22.0;25;"Maquina 1: [22 (9), 43 (28), 35 (2), 1 (21), 18 (32), 3 (48), 42 (62), 14 (74), 37 (96), 17 (65), 46 (97), 2 (99)]";3219;"Maquina 2: [6 (9), 16 (1), 8 (3), 47 (53), 48 (9), 27 (32), 23 (47), 19 (44), 10 (71), 28 (80), 0 (70), 12 (84), 34 (99)]";3432;"Maquina 3: [4 (15), 25 (20), 38 (6), 13 (46), 32 (33), 15 (11), 33 (61), 21 (64), 36 (70), 44 (68), 30 (99), 20 (95)]";3198;"Maquina 4: [49 (6), 29 (42), 24 (9), 9 (28), 7 (54), 26 (2), 40 (79), 45 (48), 5 (59), 41 (61), 39 (76), 11 (90), 31 (94)]";3873
VNS;50;4;14663;1564.0;25;"Maquina 1: [38 (6), 16 (1), 24 (9), 19 (44), 18 (32), 45 (48), 25 (20), 5 (59), 36 (70), 21 (64), 17 (65), 40 (79), 2 (99)]";3489;"Maquina 2: [49 (6), 26 (2), 28 (80), 48 (9), 29 (42), 9 (28), 33 (61), 32 (33), 3 (48), 31 (94), 20 (95), 30 (99)]";3513;"Maquina 3: [35 (2), 1 (21), 15 (11), 6 (9), 27 (32), 14 (74), 41 (61), 13 (46), 44 (68), 34 (99), 47 (53), 37 (96), 12 (84)]";4155;"Maquina 4: [8 (3), 43 (28), 22 (9), 7 (54), 4 (15), 0 (70), 10 (71), 42 (62), 23 (47), 39 (76), 11 (90), 46 (97)]";3506
Multiarranque;50;4;14123;83.0;25;"Maquina 1: [9 (28), 26 (2), 16 (1), 32 (33), 42 (62), 3 (48), 36 (70), 12 (84), 0 (70), 17 (65), 30 (99), 46 (97)]";3442;"Maquina 2: [22 (9), 43 (28), 7 (54), 45 (48), 27 (32), 23 (47), 47 (53), 40 (79), 11 (90), 19 (44), 2 (99), 20 (95)]";3804;"Maquina 3: [15 (11), 8 (3), 24 (9), 4 (15), 29 (42), 1 (21), 18 (32), 34 (99), 5 (59), 10 (71), 44 (68), 31 (94)]";2897;"Maquina 4: [38 (6), 48 (9), 6 (9), 33 (61), 35 (2), 49 (6), 25 (20), 21 (64), 13 (46), 14 (74), 37 (96), 41 (61), 39 (76), 28 (80)]";3980
GREEDY;50;4;22287;0.0;1;"Maquina 1: [48 (54), 10 (39), 3 (4), 35 (51), 41 (30), 20 (44), 11 (21), 13 (58), 39 (76), 24 (92), 26 (84), 27 (63), 0 (98)]";5977;"Maquina 2: [8 (41), 7 (30), 45 (22), 4 (45), 30 (11), 29 (55), 18 (77), 44 (84), 37 (51), 15 (58), 47 (65), 25 (93)]";5334;"Maquina 3: [28 (58), 43 (23), 23 (17), 5 (43), 38 (67), 40 (35), 6 (55), 21 (25), 19 (79), 1 (85), 9 (51), 33 (92)]";5292;"Maquina 4: [2 (43), 31 (19), 14 (60), 32 (24), 49 (50), 46 (51), 36 (62), 22 (34), 17 (56), 16 (73), 42 (80), 34 (93), 12 (86)]";5684
GRASP;50;4;19802;71.0;25;"Maquina 1: [40 (35), 10 (39), 32 (24), 2 (43), 17 (56), 3 (4), 26 (84), 18 (77), 0 (98), 38 (67), 35 (51), 42 (80)]";4938;"Maquina 2: [37 (51), 49 (50), 7 (30), 29 (55), 23 (17), 21 (25), 46 (51), 4 (45), 8 (41), 41 (30), 39 (76), 25 (93), 24 (92)]";5127;"Maquina 3: [45 (22), 22 (34), 28 (58), 16 (73), 11 (21), 30 (11), 36 (62), 43 (23), 33 (92), 6 (55), 12 (86), 44 (84), 34 (93)]";5177;"Maquina 4: [31 (19), 5 (43), 20 (44), 47 (65), 14 (60), 13 (58), 9 (51), 48 (54), 15 (58), 27 (63), 19 (79), 1 (85)]";4560
LNS;50;4;21841;3.0;25;"Maquina 1: [48 (54), 10 (39), 3 (4), 35 (51), 13 (58), 20 (44), 11 (21), 41 (30), 39 (76), 24 (92), 26 (84), 27 (63), 0 (98)]";5930;"Maquina 2: [8 (41), 7 (30), 45 (22), 37 (51), 30 (11), 29 (55), 18 (77), 15 (58), 4 (45), 44 (84), 47 (65), 25 (93)]";4935;"Maquina 3: [28 (58), 43 (23), 23 (17), 5 (43), 38 (67), 40 (35), 6 (55), 21 (25), 19 (79), 1 (85), 9 (51), 33 (92)]";5292;"Maquina 4: [2 (43), 31 (19), 14 (60), 32 (24), 49 (50), 46 (51), 36 (62), 22 (34), 17 (56), 16 (73), 42 (80), 34 (93), 12 (86)]";5684
TABÚ;50;4;18766;20.0;25;"Maquina 1: [4 (45), 22 (34), 11 (21), 30 (11), 48 (54), 10 (39), 17 (56), 34 (93), 37 (51), 35 (51), 12 (86), 26 (84)]";4192;"Maquina 2: [23 (17), 3 (4), 32 (24), 49 (50), 40 (35), 6 (55), 14 (60), 38 (67), 2 (43), 33 (92), 43 (23), 44 (84)]";3761;"Maquina 3: [46 (51), 45 (22), 9 (51), 29 (55), 36 (62), 15 (58), 47 (65), 21 (25), 19 (79), 1 (85), 24 (92), 25 (93), 39 (76)]";5816;"Maquina 4: [31 (19), 8 (41), 41 (30), 28 (58), 27 (63), 7 (30), 20 (44), 5 (43), 16 (73), 13 (58), 42 (80), 18 (77), 0 (98)]";4997
VNS;50;4;20817;1338.0;25;"Maquina 1: [48 (54), 10 (39), 21 (25), 35 (51), 20 (44), 11 (21), 13 (58), 39 (76), 44 (84), 26 (84), 36 (62), 12 (86)]";5459;"Maquina 2: [8 (41), 7 (30), 3 (4), 45 (22), 4 (45), 30 (11), 29 (55), 18 (77), 24 (92), 2 (43), 37 (51), 15 (58), 47 (65), 25 (93)]";5963;"Maquina 3: [41 (30), 28 (58), 43 (23), 23 (17), 5 (43), 27 (63), 40 (35), 6 (55), 19 (79), 1 (85), 9 (51), 33 (92)]";4728;"Maquina 4: [31 (19), 14 (60), 32 (24), 49 (50), 46 (51), 38 (67), 22 (34), 17 (56), 16 (73), 42 (80), 34 (93), 0 (98)]";4667
Multiarranque;50;4;19976;94.0;25;"Maquina 1: [30 (11), 48 (54), 11 (21), 37 (51), 19 (79), 13 (58), 2 (43), 49 (50), 26 (84), 27 (63), 29 (55), 33 (92)]";4846;"Maquina 2: [31 (19), 40 (35), 6 (55), 14 (60), 34 (93), 10 (39), 17 (56), 15 (58), 24 (92), 8 (41), 4 (45), 12 (86)]";4791;"Maquina 3: [43 (23), 23 (17), 3 (4), 21 (25), 47 (65), 36 (62), 35 (51), 18 (77), 41 (30), 16 (73), 39 (76), 42 (80), 25 (93), 1 (85)]";5739;"Maquina 4: [45 (22), 22 (34), 32 (24), 0 (98), 20 (44), 9 (51), 7 (30), 38 (67), 5 (43), 44 (84), 28 (58), 46 (51)]";4600
GREEDY;50;4;16984;0.0;1;"Maquina 1: [15 (43), 2 (4), 16 (17), 24 (12), 46 (53), 39 (28), 18 (48), 29 (21), 35 (51), 25 (64), 13 (78), 28 (94), 47 (86)]";4486;"Maquina 2: [40 (14), 17 (50), 11 (10), 30 (13), 37 (27), 6 (44), 43 (31), 12 (42), 1 (53), 41 (78), 32 (55), 20 (65), 5 (91)]";4036;"Maquina 3: [23 (10), 19 (28), 10 (53), 38 (18), 34 (34), 0 (14), 48 (45), 3 (74), 22 (42), 21 (51), 44 (92), 31 (58), 4 (81)]";4347;"Maquina 4: [14 (12), 26 (37), 36 (49), 7 (14), 27 (92), 8 (23), 49 (56), 33 (52), 42 (69), 45 (43), 9 (79)]";4115
GRASP;50;4;15095;70.0;25;"Maquina 1: [7 (14), 11 (10), 40 (14), 33 (52), 39 (28), 37 (27), 31 (58), 42 (69), 25 (64), 49 (56), 46 (53), 1 (53), 3 (74)]";3987;"Maquina 2: [30 (13), 14 (12), 18 (48), 21 (51), 26 (37), 5 (91), 8 (23), 12 (42), 36 (49), 10 (53), 47 (86), 44 (92)]";3896;"Maquina 3: [2 (4), 16 (17), 43 (31), 15 (43), 23 (10), 19 (28), 41 (78), 35 (51), 9 (79), 34 (34), 45 (43), 20 (65), 27 (92)]";3776;"Maquina 4: [38 (18), 17 (50), 0 (14), 29 (21), 6 (44), 24 (12), 22 (42), 48 (45), 32 (55), 4 (81), 13 (78), 28 (94)]";3436
LNS;50;4;16960;4.0;25;"Maquina 1: [15 (43), 2 (4), 24 (12), 16 (17), 46 (53), 39 (28), 18 (48), 29 (21), 35 (51), 25 (64), 13 (78), 28 (94), 47 (86)]";4483;"Maquina 2: [40 (14), 17 (50), 11 (10), 30 (13), 37 (27), 6 (44), 43 (31), 12 (42), 1 (53), 41 (78), 20 (65), 32 (55), 5 (91)]";4015;"Maquina 3: [23 (10), 19 (28), 10 (53), 38 (18), 34 (34), 0 (14), 48 (45), 3 (74), 22 (42), 21 (51), 44 (92), 31 (58), 4 (81)]";4347;"Maquina 4: [14 (12), 26 (37), 36 (49), 7 (14), 27 (92), 8 (23), 49 (56), 33 (52), 42 (69), 45 (43), 9 (79)]";4115
TABÚ;50;4;15633;21.0;25;"Maquina 1: [2 (4), 39 (28), 19 (28), 0 (14), 29 (21), 6 (44), 34 (34), 12 (42), 9 (79), 41 (78), 44 (92), 4 (81)]";2961;"Maquina 2: [36 (49), 23 (10), 46 (53), 11 (10), 38 (18), 8 (23), 21 (51), 43 (31), 42 (69), 48 (45), 20 (65), 28 (94), 22 (42)]";4728;"Maquina 3: [30 (13), 14 (12), 32 (55), 45 (43), 40 (14), 49 (56), 1 (53), 15 (43), 18 (48), 35 (51), 47 (86), 27 (92)]";3537;"Maquina 4: [7 (14), 24 (12), 16 (17), 33 (52), 25 (64), 26 (37), 37 (27), 31 (58), 10 (53), 17 (50), 5 (91), 3 (74), 13 (78)]";4407
VNS;50;4;16409;1523.0;25;"Maquina 1: [15 (43), 2 (4), 16 (17), 24 (12), 33 (52), 39 (28), 18 (48), 35 (51), 25 (64), 13 (78), 28 (94), 47 (86)]";3754;"Maquina 2: [40 (14), 17 (50), 11 (10), 30 (13), 37 (27), 6 (44), 43 (31), 12 (42), 1 (53), 41 (78), 32 (55), 44 (92), 5 (91)]";4102;"Maquina 3: [29 (21), 23 (10), 19 (28), 10 (53), 38 (18), 34 (34), 0 (14), 48 (45), 3 (74), 22 (42), 21 (51), 20 (65), 31 (58), 4 (81)]";4610;"Maquina 4: [14 (12), 26 (37), 36 (49), 7 (14), 27 (92), 8 (23), 49 (56), 46 (53), 42 (69), 45 (43), 9 (79)]";3943
Multiarranque;50;4;16040;77.0;25;"Maquina 1: [11 (10), 21 (51), 40 (14), 27 (92), 46 (53), 6 (44), 34 (34), 45 (43), 47 (86), 10 (53), 4 (81), 3 (74)]";4310;"Maquina 2: [38 (18), 7 (14), 23 (10), 29 (21), 18 (48), 43 (31), 14 (12), 32 (55), 22 (42), 49 (56), 1 (53), 28 (94), 42 (69)]";4453;"Maquina 3: [2 (4), 39 (28), 48 (45), 30 (13), 37 (27), 0 (14), 17 (50), 35 (51), 25 (64), 26 (37), 44 (92), 5 (91), 9 (79)]";3548;"Maquina 4: [24 (12), 16 (17), 8 (23), 12 (42), 36 (49), 31 (58), 19 (28), 41 (78), 20 (65), 33 (52), 15 (43), 13 (78)]";3729
GREEDY;50;4;18145;0.0;1;"Maquina 1: [39 (10), 18 (19), 1 (5), 0 (14), 24 (40), 19 (33), 37 (61), 14 (49), 35 (51), 29 (45), 31 (66), 17 (77), 36 (82), 25 (98)]";4905;"Maquina 2: [12 (7), 49 (18), 15 (48), 4 (12), 33 (59), 41 (49), 28 (33), 8 (64), 40 (44), 6 (88), 11 (71), 43 (81)]";4500;"Maquina 3: [9 (51), 27 (15), 13 (10), 30 (48), 3 (36), 32 (12), 47 (66), 20 (24), 7 (45), 48 (77), 34 (84), 10 (62)]";4179;"Maquina 4: [42 (60), 23 (10), 38 (13), 16 (15), 2 (66), 22 (36), 44 (28), 46 (46), 5 (73), 26 (82), 21 (50), 45 (89)]";4561
GRASP;50;4;14717;71.0;25;"Maquina 1: [38 (13), 13 (10), 44 (28), 48 (77), 23 (10), 22 (36), 31 (66), 30 (48), 2 (66), 34 (84), 6 (88), 47 (66)]";3480;"Maquina 2: [20 (24), 12 (7), 1 (5), 14 (49), 7 (45), 28 (33), 32 (12), 19 (33), 17 (77), 24 (40), 11 (71), 9 (51), 10 (62)]";3884;"Maquina 3: [4 (12), 39 (10), 41 (49), 21 (50), 0 (14), 37 (61), 46 (46), 49 (18), 15 (48), 42 (60), 26 (82), 25 (98), 36 (82)]";3721;"Maquina 4: [27 (15), 16 (15), 40 (44), 18 (19), 35 (51), 29 (45), 8 (64), 43 (81), 33 (59), 5 (73), 3 (36), 45 (89)]";3632
LNS;50;4;17919;4.0;25;"Maquina 1: [39 (10), 18 (19), 1 (5), 0 (14), 24 (40), 19 (33), 37 (61), 14 (49), 35 (51), 29 (45), 31 (66), 17 (77), 36 (82), 25 (98)]";4905;"Maquina 2: [49 (18), 12 (7), 15 (48), 4 (12), 33 (59), 41 (49), 28 (33), 8 (64), 40 (44), 6 (88), 11 (71), 43 (81)]";4481;"Maquina 3: [13 (10), 27 (15), 9 (51), 30 (48), 7 (45), 32 (12), 47 (66), 20 (24), 3 (36), 48 (77), 34 (84), 10 (62)]";3972;"Maquina 4: [42 (60), 23 (10), 38 (13), 16 (15), 2 (66), 22 (36), 44 (28), 46 (46), 5 (73), 26 (82), 21 (50), 45 (89)]";4561
TABÚ;50;4;16350;21.0;25;"Maquina 1: [12 (7), 1 (5), 14 (49), 44 (28), 4 (12), 46 (46), 35 (51), 24 (40), 43 (81), 29 (45), 5 (73), 26 (82), 25 (98)]";4329;"Maquina 2: [13 (10), 27 (15), 19 (33), 49 (18), 42 (60), 48 (77), 9 (51), 21 (50), 47 (66), 22 (36), 31 (66), 45 (89)]";3824;"Maquina 3: [23 (10), 3 (36), 38 (13), 20 (24), 32 (12), 15 (48), 30 (48), 2 (66), 28 (33), 33 (59), 36 (82), 6 (88)]";3710;"Maquina 4: [40 (44), 7 (45), 16 (15), 39 (10), 18 (19), 41 (49), 0 (14), 10 (62), 8 (64), 37 (61), 11 (71), 17 (77), 34 (84)]";4487
VNS;50;4;16607;1336.0;25;"Maquina 1: [39 (10), 18 (19), 1 (5), 0 (14), 24 (40), 19 (33), 37 (61), 46 (46), 35 (51), 29 (45), 31 (66), 17 (77), 36 (82), 25 (98)]";4613;"Maquina 2: [49 (18), 15 (48), 4 (12), 33 (59), 20 (24), 28 (33), 8 (64), 40 (44), 6 (88), 11 (71), 45 (89)]";4030;"Maquina 3: [13 (10), 27 (15), 9 (51), 30 (48), 3 (36), 32 (12), 47 (66), 41 (49), 7 (45), 48 (77), 34 (84), 10 (62)]";3946;"Maquina 4: [42 (60), 23 (10), 38 (13), 12 (7), 16 (15), 14 (49), 22 (36), 44 (28), 2 (66), 5 (73), 26 (82), 21 (50), 43 (81)]";4018
Multiarranque;50;4;17156;83.0;25;"Maquina 1: [23 (10), 42 (60), 39 (10), 35 (51), 29 (45), 30 (48), 24 (40), 40 (44), 19 (33), 17 (77), 36 (82), 45 (89)]";4195;"Maquina 2: [7 (45), 16 (15), 28 (33), 9 (51), 27 (15), 15 (48), 12 (7), 31 (66), 10 (62), 8 (64), 47 (66), 11 (71)]";4313;"Maquina 3: [4 (12), 3 (36), 38 (13), 13 (10), 18 (19), 20 (24), 33 (59), 0 (14), 21 (50), 46 (46), 34 (84), 6 (88), 48 (77), 26 (82)]";4392;"Maquina 4: [32 (12), 1 (5), 49 (18), 41 (49), 14 (49), 22 (36), 37 (61), 44 (28), 2 (66), 5 (73), 43 (81), 25 (98)]";4256
GREEDY;50;4;15947;0.0;1;"Maquina 1: [36 (8), 48 (2), 45 (22), 7 (34), 43 (38), 5 (49), 18 (57), 27 (82), 9 (55), 16 (64), 0 (97), 30 (89), 4 (92)]";4229;"Maquina 2: [20 (9), 13 (3), 15 (36), 34 (50), 42 (24), 1 (59), 49 (55), 22 (68), 24 (42), 32 (84), 8 (90), 35 (92)]";3707;"Maquina 3: [47 (5), 29 (13), 25 (57), 31 (42), 40 (34), 41 (22), 37 (49), 19 (55), 39 (65), 46 (79), 26 (94), 11 (90), 3 (87)]";4151;"Maquina 4: [44 (7), 6 (43), 21 (27), 2 (19), 14 (53), 33 (37), 10 (90), 38 (56), 17 (61), 28 (73), 23 (93), 12 (85)]";3860
GRASP;50;4;14981;70.0;25;"Maquina 1: [48 (2), 20 (9), 47 (5), 40 (34), 42 (24), 1 (59), 37 (49), 7 (34), 8 (90), 3 (87), 22 (68), 30 (89), 4 (92)]";3367;"Maquina 2: [29 (13), 45 (22), 2 (19), 49 (55), 5 (49), 18 (57), 27 (82), 39 (65), 46 (79), 17 (61), 25 (57), 12 (85)]";3893;"Maquina 3: [31 (42), 36 (8), 21 (27), 43 (38), 16 (64), 15 (36), 34 (50), 35 (92), 9 (55), 0 (97), 32 (84), 28 (73), 23 (93)]";4682;"Maquina 4: [44 (7), 13 (3), 6 (43), 41 (22), 24 (42), 38 (56), 19 (55), 14 (53), 33 (37), 10 (90), 26 (94), 11 (90)]";3039
LNS;50;4;15947;3.0;25;"Maquina 1: [36 (8), 48 (2), 45 (22), 7 (34), 43 (38), 5 (49), 18 (57), 27 (82), 9 (55), 16 (64), 0 (97), 30 (89), 4 (92)]";4229;"Maquina 2: [20 (9), 13 (3), 15 (36), 34 (50), 42 (24), 1 (59), 49 (55), 22 (68), 24 (42), 32 (84), 8 (90), 35 (92)]";3707;"Maquina 3: [47 (5), 29 (13), 25 (57), 31 (42), 40 (34), 41 (22), 37 (49), 19 (55), 39 (65), 46 (79), 26 (94), 11 (90), 3 (87)]";4151;"Maquina 4: [44 (7), 6 (43), 21 (27), 2 (19), 14 (53), 33 (37), 10 (90), 38 (56), 17 (61), 28 (73), 23 (93), 12 (85)]";3860
TABÚ;50;4;15391;22.0;25;"Maquina 1: [44 (7), 15 (36), 46 (79), 42 (24), 1 (59), 37 (49), 22 (68), 24 (42), 38 (56), 17 (61), 28 (73)]";3174;"Maquina 2: [29 (13), 13 (3), 6 (43), 21 (27), 16 (64), 41 (22), 5 (49), 19 (55), 39 (65), 35 (92), 30 (89), 27 (82), 26 (94)]";4228;"Maquina 3: [47 (5), 40 (34), 2 (19), 7 (34), 43 (38), 18 (57), 14 (53), 33 (37), 10 (90), 12 (85), 4 (92), 8 (90), 23 (93)]";4285;"Maquina 4: [48 (2), 20 (9), 36 (8), 34 (50), 45 (22), 25 (57), 31 (42), 9 (55), 49 (55), 0 (97), 32 (84), 11 (90), 3 (87)]";3704
VNS;50;4;15638;1433.0;25;"Maquina 1: [36 (8), 29 (13), 45 (22), 1 (59), 7 (34), 43 (38), 5 (49), 18 (57), 27 (82), 9 (55), 16 (64), 0 (97), 30 (89)]";3963;"Maquina 2: [20 (9), 13 (3), 15 (36), 40 (34), 42 (24), 49 (55), 22 (68), 24 (42), 32 (84), 8 (90), 35 (92)]";2786;"Maquina 3: [2 (19), 48 (2), 25 (57), 31 (42), 34 (50), 41 (22), 37 (49), 19 (55), 39 (65), 46 (79), 26 (94), 11 (90), 3 (87)]";4504;"Maquina 4: [44 (7), 6 (43), 21 (27), 47 (5), 14 (53), 33 (37), 10 (90), 38 (56), 17 (61), 28 (73), 23 (93), 4 (92), 12 (85)]";4385
Multiarranque;50;4;15725;82.0;25;"Maquina 1: [44 (7), 43 (38), 36 (8), 5 (49), 40 (34), 14 (53), 16 (64), 35 (92), 9 (55), 19 (55), 1 (59), 0 (97)]";3496;"Maquina 2: [48 (2), 13 (3), 49 (55), 45 (22), 7 (34), 34 (50), 15 (36), 46 (79), 12 (85), 4 (92), 26 (94), 3 (87)]";3738;"Maquina 3: [2 (19), 29 (13), 37 (49), 42 (24), 21 (27), 17 (61), 31 (42), 8 (90), 18 (57), 27 (82), 10 (90), 11 (90), 32 (84)]";4328;"Maquina 4: [20 (9), 33 (37), 47 (5), 6 (43), 41 (22), 24 (42), 28 (73), 38 (56), 39 (65), 25 (57), 22 (68), 30 (89), 23 (93)]";4163
GREEDY;50;4;20401;0.0;1;"Maquina 1: [34 (17), 16 (47), 19 (2), 1 (24), 31 (70), 44 (33), 13 (43), 37 (92), 27 (68), 10 (56), 46 (75), 49 (60), 23 (96)]";4921;"Maquina 2: [43 (17), 15 (40), 36 (44), 14 (97), 26 (28), 7 (10), 20 (60), 35 (88), 18 (54), 24 (94), 28 (64), 45 (69)]";5033;"Maquina 3: [48 (19), 2 (30), 6 (45), 33 (63), 0 (40), 12 (85), 39 (14), 41 (89), 8 (52), 17 (69), 30 (95), 22 (59)]";4809;"Maquina 4: [9 (37), 5 (15), 38 (21), 47 (27), 25 (43), 11 (62), 29 (47), 3 (58), 32 (73), 40 (89), 4 (69), 21 (95), 42 (97)]";5638
GRASP;50;4;18618;73.0;25;"Maquina 1: [48 (19), 1 (24), 7 (10), 0 (40), 6 (45), 14 (97), 9 (37), 46 (75), 27 (68), 24 (94), 12 (85), 41 (89)]";4290;"Maquina 2: [49 (60), 34 (17), 39 (14), 15 (40), 8 (52), 16 (47), 35 (88), 22 (59), 45 (69), 23 (96), 37 (92), 30 (95), 3 (58)]";5601;"Maquina 3: [44 (33), 19 (2), 25 (43), 26 (28), 5 (15), 18 (54), 32 (73), 20 (60), 2 (30), 33 (63), 36 (44), 31 (70), 42 (97)]";4271;"Maquina 4: [29 (47), 13 (43), 43 (17), 10 (56), 38 (21), 47 (27), 4 (69), 40 (89), 17 (69), 11 (62), 28 (64), 21 (95)]";4456
LNS;50;4;20401;3.0;25;"Maquina 1: [34 (17), 16 (47), 19 (2), 1 (24), 31 (70), 44 (33), 13 (43), 37 (92), 27 (68), 10 (56), 46 (75), 49 (60), 23 (96)]";4921;"Maquina 2: [43 (17), 15 (40), 36 (44), 14 (97), 26 (28), 7 (10), 20 (60), 35 (88), 18 (54), 24 (94), 28 (64), 45 (69)]";5033;"Maquina 3: [48 (19), 2 (30), 6 (45), 33 (63), 0 (40), 12 (85), 39 (14), 41 (89), 8 (52), 17 (69), 30 (95), 22 (59)]";4809;"Maquina 4: [9 (37), 5 (15), 38 (21), 47 (27), 25 (43), 11 (62), 29 (47), 3 (58), 32 (73), 40 (89), 4 (69), 21 (95), 42 (97)]";5638
TABÚ;50;4;19886;20.0;25;"Maquina 1: [9 (37), 38 (21), 39 (14), 14 (97), 10 (56), 49 (60), 33 (63), 26 (28), 21 (95), 45 (69), 37 (92), 23 (96)]";5190;"Maquina 2: [5 (15), 7 (10), 0 (40), 47 (27), 25 (43), 16 (47), 40 (89), 31 (70), 3 (58), 11 (62), 46 (75), 41 (89), 4 (69)]";5189;"Maquina 3: [48 (19), 12 (85), 34 (17), 19 (2), 6 (45), 36 (44), 20 (60), 27 (68), 13 (43), 28 (64), 2 (30), 42 (97), 30 (95)]";5032;"Maquina 4: [43 (17), 1 (24), 15 (40), 22 (59), 44 (33), 8 (52), 18 (54), 32 (73), 29 (47), 35 (88), 24 (94), 17 (69)]";4475
VNS;50;4;19975;1237.0;25;"Maquina 1: [34 (17), 16 (47), 19 (2), 1 (24), 31 (70), 44 (33), 13 (43), 37 (92), 27 (68), 15 (40), 22 (59), 49 (60), 23 (96)]";4663;"Maquina 2: [43 (17), 10 (56), 36 (44), 14 (97), 26 (28), 7 (10), 20 (60), 35 (88), 18 (54), 24 (94), 28 (64), 45 (69)]";4842;"Maquina 3: [48 (19), 2 (30), 6 (45), 33 (63), 0 (40), 12 (85), 39 (14), 41 (89), 8 (52), 17 (69), 30 (95), 21 (95)]";4775;"Maquina 4: [9 (37), 5 (15), 38 (21), 47 (27), 25 (43), 11 (62), 29 (47), 3 (58), 32 (73), 40 (89), 4 (69), 46 (75), 42 (97)]";5695
Multiarranque;50;4;19495;80.0;25;"Maquina 1: [22 (59), 26 (28), 5 (15), 10 (56), 2 (30), 14 (97), 36 (44), 4 (69), 32 (73), 24 (94), 37 (92), 11 (62)]";5076;"Maquina 2: [34 (17), 16 (47), 7 (10), 38 (21), 39 (14), 8 (52), 43 (17), 1 (24), 9 (37), 46 (75), 23 (96), 28 (64), 42 (97), 30 (95)]";5018;"Maquina 3: [15 (40), 3 (58), 48 (19), 12 (85), 31 (70), 44 (33), 6 (45), 17 (69), 49 (60), 40 (89), 35 (88)]";4591;"Maquina 4: [19 (2), 25 (43), 13 (43), 0 (40), 20 (60), 47 (27), 27 (68), 29 (47), 18 (54), 45 (69), 33 (63), 41 (89), 21 (95)]";4810
GREEDY;50;4;16135;0.0;1;"Maquina 1: [33 (1), 3 (28), 8 (14), 48 (32), 11 (45), 10 (40), 35 (54), 24 (51), 45 (72), 34 (59), 25 (64), 16 (81), 47 (92)]";3911;"Maquina 2: [31 (7), 21 (19), 36 (40), 43 (52), 17 (35), 38 (67), 1 (29), 28 (49), 42 (60), 32 (90), 7 (56), 4 (79), 18 (99)]";4246;"Maquina 3: [40 (12), 9 (20), 13 (46), 26 (37), 27 (76), 15 (29), 29 (51), 14 (66), 5 (56), 41 (60), 19 (88), 0 (97)]";4067;"Maquina 4: [46 (30), 30 (22), 49 (13), 2 (36), 12 (44), 37 (49), 39 (53), 44 (60), 22 (72), 23 (57), 6 (81), 20 (91)]";3911
GRASP;50;4;15340;75.0;25;"Maquina 1: [33 (1), 1 (29), 15 (29), 2 (36), 12 (44), 5 (56), 37 (49), 17 (35), 24 (51), 45 (72), 34 (59), 6 (81), 0 (97)]";3992;"Maquina 2: [30 (22), 49 (13), 9 (20), 29 (51), 38 (67), 7 (56), 36 (40), 43 (52), 20 (91), 16 (81), 23 (57), 19 (88)]";3785;"Maquina 3: [21 (19), 8 (14), 48 (32), 13 (46), 26 (37), 10 (40), 35 (54), 42 (60), 25 (64), 14 (66), 4 (79), 32 (90)]";3683;"Maquina 4: [31 (7), 40 (12), 11 (45), 46 (30), 3 (28), 28 (49), 41 (60), 39 (53), 27 (76), 44 (60), 22 (72), 18 (99), 47 (92)]";3880
LNS;50;4;16050;3.0;25;"Maquina 1: [33 (1), 3 (28), 8 (14), 48 (32), 11 (45), 10 (40), 35 (54), 24 (51), 45 (72), 34 (59), 25 (64), 16 (81), 47 (92)]";3911;"Maquina 2: [31 (7), 21 (19), 36 (40), 43 (52), 17 (35), 38 (67), 1 (29), 28 (49), 42 (60), 32 (90), 4 (79), 7 (56), 18 (99)]";4244;"Maquina 3: [40 (12), 9 (20), 13 (46), 26 (37), 27 (76), 15 (29), 29 (51), 14 (66), 5 (56), 41 (60), 19 (88), 0 (97)]";4067;"Maquina 4: [2 (36), 30 (22), 49 (13), 46 (30), 12 (44), 37 (49), 39 (53), 44 (60), 22 (72), 23 (57), 6 (81), 20 (91)]";3828
TABÚ;50;4;15335;22.0;25;"Maquina 1: [40 (12), 8 (14), 48 (32), 43 (52), 12 (44), 37 (49), 30 (22), 29 (51), 34 (59), 24 (51), 42 (60), 6 (81), 16 (81)]";3862;"Maquina 2: [31 (7), 46 (30), 26 (37), 9 (20), 2 (36), 7 (56), 36 (40), 28 (49), 38 (67), 44 (60), 18 (99), 47 (92), 22 (72)]";4071;"Maquina 3: [49 (13), 1 (29), 13 (46), 17 (35), 11 (45), 14 (66), 10 (40), 27 (76), 23 (57), 25 (64), 0 (97), 32 (90)]";3836;"Maquina 4: [33 (1), 3 (28), 21 (19), 5 (56), 15 (29), 35 (54), 4 (79), 39 (53), 41 (60), 45 (72), 19 (88), 20 (91)]";3566
VNS;50;4;15863;1765.0;25;"Maquina 1: [33 (1), 3 (28), 8 (14), 48 (32), 11 (45), 10 (40), 35 (54), 24 (51), 45 (72), 34 (59), 25 (64), 16 (81), 47 (92)]";3911;"Maquina 2: [31 (7), 21 (19), 36 (40), 43 (52), 17 (35), 28 (49), 38 (67), 42 (60), 32 (90), 7 (56), 4 (79), 18 (99)]";3777;"Maquina 3: [40 (12), 9 (20), 1 (29), 13 (46), 26 (37), 27 (76), 15 (29), 29 (51), 14 (66), 5 (56), 41 (60), 19 (88), 0 (97)]";4264;"Maquina 4: [46 (30), 30 (22), 49 (13), 2 (36), 12 (44), 37 (49), 39 (53), 44 (60), 22 (72), 23 (57), 6 (81), 20 (91)]";3911
Multiarranque;50;4;15854;79.0;25;"Maquina 1: [10 (40), 49 (13), 21 (19), 8 (14), 48 (32), 1 (29), 45 (72), 34 (59), 29 (51), 38 (67), 47 (92), 19 (88)]";3393;"Maquina 2: [31 (7), 40 (12), 12 (44), 39 (53), 15 (29), 28 (49), 26 (37), 44 (60), 41 (60), 24 (51), 6 (81), 4 (79), 32 (90)]";4145;"Maquina 3: [33 (1), 3 (28), 46 (30), 5 (56), 37 (49), 9 (20), 7 (56), 36 (40), 35 (54), 22 (72), 23 (57), 0 (97), 16 (81)]";3965;"Maquina 4: [43 (52), 17 (35), 2 (36), 30 (22), 25 (64), 14 (66), 11 (45), 13 (46), 20 (91), 27 (76), 42 (60), 18 (99)]";4351
GREEDY;50;4;18125;0.0;1;"Maquina 1: [17 (1), 42 (3), 7 (42), 46 (34), 29 (12), 11 (36), 32 (53), 19 (73), 45 (62), 9 (87), 37 (91), 27 (79), 1 (97)]";4989;"Maquina 2: [13 (5), 21 (2), 48 (41), 8 (56), 2 (29), 40 (18), 30 (48), 49 (58), 15 (72), 0 (86), 22 (79), 44 (96), 31 (90)]";4661;"Maquina 3: [34 (41), 5 (3), 16 (12), 26 (24), 12 (35), 36 (46), 6 (56), 23 (76), 25 (70), 20 (80), 33 (88), 38 (91)]";4117;"Maquina 4: [39 (3), 3 (39), 18 (12), 4 (61), 10 (25), 28 (50), 47 (43), 41 (76), 24 (71), 35 (89), 14 (95), 43 (80)]";4358
GRASP;50;4;16781;69.0;25;"Maquina 1: [13 (5), 21 (2), 12 (35), 40 (18), 28 (50), 23 (76), 31 (90), 3 (39), 9 (87), 7 (42), 24 (71), 15 (72), 1 (97)]";4772;"Maquina 2: [29 (12), 36 (46), 39 (3), 30 (48), 46 (34), 10 (25), 22 (79), 27 (79), 4 (61), 0 (86), 37 (91), 33 (88)]";3841;"Maquina 3: [18 (12), 42 (3), 16 (12), 11 (36), 19 (73), 48 (41), 45 (62), 35 (89), 38 (91), 49 (58), 6 (56), 41 (76), 43 (80)]";4647;"Maquina 4: [17 (1), 26 (24), 5 (3), 2 (29), 8 (56), 34 (41), 47 (43), 32 (53), 20 (80), 25 (70), 14 (95), 44 (96)]";3521
LNS;50;4;18023;4.0;25;"Maquina 1: [29 (12), 42 (3), 7 (42), 46 (34), 17 (1), 11 (36), 32 (53), 19 (73), 45 (62), 9 (87), 37 (91), 27 (79), 1 (97)]";4895;"Maquina 2: [13 (5), 21 (2), 48 (41), 8 (56), 2 (29), 40 (18), 30 (48), 49 (58), 15 (72), 22 (79), 0 (86), 44 (96), 31 (90)]";4653;"Maquina 3: [34 (41), 5 (3), 16 (12), 26 (24), 12 (35), 36 (46), 6 (56), 23 (76), 25 (70), 20 (80), 33 (88), 38 (91)]";4117;"Maquina 4: [39 (3), 3 (39), 18 (12), 4 (61), 10 (25), 28 (50), 47 (43), 41 (76), 24 (71), 35 (89), 14 (95), 43 (80)]";4358
TABÚ;50;4;16914;21.0;25;"Maquina 1: [5 (3), 42 (3), 3 (39), 32 (53), 10 (25), 26 (24), 24 (71), 15 (72), 20 (80), 49 (58), 37 (91), 33 (88), 27 (79)]";4688;"Maquina 2: [17 (1), 39 (3), 30 (48), 47 (43), 29 (12), 34 (41), 48 (41), 9 (87), 41 (76), 12 (35), 36 (46), 38 (91), 43 (80)]";3975;"Maquina 3: [16 (12), 21 (2), 8 (56), 22 (79), 28 (50), 2 (29), 46 (34), 19 (73), 23 (76), 25 (70), 35 (89), 14 (95)]";4036;"Maquina 4: [40 (18), 18 (12), 13 (5), 11 (36), 4 (61), 45 (62), 7 (42), 6 (56), 1 (97), 44 (96), 31 (90), 0 (86)]";4215
VNS;50;4;17490;1572.0;25;"Maquina 1: [17 (1), 42 (3), 7 (42), 46 (34), 11 (36), 32 (53), 3 (39), 45 (62), 9 (87), 44 (96), 27 (79), 1 (97)]";3967;"Maquina 2: [13 (5), 21 (2), 48 (41), 8 (56), 2 (29), 40 (18), 30 (48), 49 (58), 15 (72), 0 (86), 22 (79), 37 (91), 31 (90)]";4535;"Maquina 3: [29 (12), 34 (41), 5 (3), 16 (12), 26 (24), 12 (35), 36 (46), 6 (56), 23 (76), 25 (70), 20 (80), 33 (88), 38 (91)]";4345;"Maquina 4: [39 (3), 19 (73), 18 (12), 4 (61), 10 (25), 28 (50), 47 (43), 41 (76), 24 (71), 35 (89), 14 (95), 43 (80)]";4643
Multiarranque;50;4;17389;81.0;25;"Maquina 1: [40 (18), 18 (12), 28 (50), 21 (2), 41 (76), 26 (24), 5 (3), 3 (39), 1 (97), 44 (96), 14 (95), 27 (79)]";4181;"Maquina 2: [17 (1), 39 (3), 42 (3), 6 (56), 11 (36), 19 (73), 46 (34), 10 (25), 49 (58), 47 (43), 24 (71), 4 (61), 15 (72), 20 (80)]";4404;"Maquina 3: [2 (29), 16 (12), 29 (12), 36 (46), 31 (90), 12 (35), 7 (42), 23 (76), 43 (80), 37 (91), 33 (88), 38 (91)]";4198;"Maquina 4: [13 (5), 32 (53), 30 (48), 34 (41), 45 (62), 35 (89), 48 (41), 8 (56), 25 (70), 22 (79), 9 (87), 0 (86)]";4606
GREEDY;50;4;19859;0.0;1;"Maquina 1: [3 (6), 6 (59), 40 (21), 22 (29), 46 (42), 49 (16), 23 (46), 20 (73), 27 (87), 14 (54), 18 (64), 5 (82), 21 (94)]";5146;"Maquina 2: [26 (25), 8 (17), 19 (29), 15 (39), 41 (57), 9 (62), 37 (8), 0 (92), 42 (71), 36 (47), 35 (83), 47 (94), 4 (80)]";5472;"Maquina 3: [29 (17), 44 (10), 24 (47), 28 (36), 34 (24), 12 (28), 33 (59), 25 (57), 17 (67), 13 (75), 2 (83), 39 (91)]";4479;"Maquina 4: [11 (25), 48 (17), 10 (29), 45 (39), 1 (14), 38 (61), 30 (93), 32 (57), 7 (81), 43 (46), 31 (70), 16 (85)]";4762
GRASP;50;4;16559;71.0;25;"Maquina 1: [37 (8), 40 (21), 15 (39), 29 (17), 11 (25), 42 (71), 22 (29), 28 (36), 4 (80), 20 (73), 13 (75), 39 (91), 21 (94)]";4156;"Maquina 2: [3 (6), 1 (14), 44 (10), 34 (24), 12 (28), 36 (47), 25 (57), 30 (93), 14 (54), 35 (83), 24 (47), 47 (94)]";3331;"Maquina 3: [26 (25), 48 (17), 10 (29), 45 (39), 46 (42), 41 (57), 43 (46), 5 (82), 9 (62), 18 (64), 31 (70), 16 (85), 2 (83)]";4736;"Maquina 4: [19 (29), 49 (16), 8 (17), 38 (61), 23 (46), 17 (67), 0 (92), 33 (59), 6 (59), 7 (81), 32 (57), 27 (87)]";4336
LNS;50;4;19795;4.0;25;"Maquina 1: [3 (6), 6 (59), 40 (21), 22 (29), 46 (42), 49 (16), 23 (46), 20 (73), 27 (87), 14 (54), 18 (64), 5 (82), 21 (94)]";5146;"Maquina 2: [26 (25), 8 (17), 19 (29), 15 (39), 41 (57), 9 (62), 37 (8), 0 (92), 42 (71), 36 (47), 35 (83), 47 (94), 4 (80)]";5472;"Maquina 3: [29 (17), 33 (59), 24 (47), 28 (36), 34 (24), 12 (28), 44 (10), 25 (57), 17 (67), 13 (75), 2 (83), 39 (91)]";4415;"Maquina 4: [11 (25), 48 (17), 10 (29), 45 (39), 1 (14), 38 (61), 30 (93), 32 (57), 7 (81), 43 (46), 31 (70), 16 (85)]";4762
TABÚ;50;4;17845;21.0;25;"Maquina 1: [43 (46), 19 (29), 49 (16), 34 (24), 2 (83), 11 (25), 45 (39), 33 (59), 25 (57), 9 (62), 5 (82), 20 (73), 4 (80)]";5145;"Maquina 2: [48 (17), 8 (17), 28 (36), 36 (47), 1 (14), 15 (39), 41 (57), 38 (61), 37 (8), 42 (71), 31 (70), 16 (85)]";3996;"Maquina 3: [23 (46), 17 (67), 12 (28), 29 (17), 6 (59), 7 (81), 10 (29), 14 (54), 18 (64), 27 (87), 21 (94), 30 (93)]";4424;"Maquina 4: [22 (29), 26 (25), 44 (10), 32 (57), 46 (42), 40 (21), 13 (75), 3 (6), 35 (83), 24 (47), 39 (91), 47 (94), 0 (92)]";4280
VNS;50;4;18987;1559.0;25;"Maquina 1: [3 (6), 6 (59), 40 (21), 22 (29), 46 (42), 49 (16), 23 (46), 38 (61), 20 (73), 27 (87), 14 (54), 18 (64), 5 (82), 21 (94)]";6163;"Maquina 2: [29 (17), 8 (17), 19 (29), 15 (39), 41 (57), 9 (62), 37 (8), 0 (92), 42 (71), 36 (47), 39 (91), 4 (80)]";4089;"Maquina 3: [26 (25), 44 (10), 24 (47), 28 (36), 34 (24), 12 (28), 33 (59), 25 (57), 17 (67), 13 (75), 2 (83), 47 (94)]";4053;"Maquina 4: [11 (25), 48 (17), 10 (29), 45 (39), 1 (14), 30 (93), 32 (57), 7 (81), 43 (46), 31 (70), 16 (85), 35 (83)]";4682
Multiarranque;50;4;18167;75.0;25;"Maquina 1: [1 (14), 44 (10), 12 (28), 26 (25), 22 (29), 6 (59), 7 (81), 20 (73), 14 (54), 18 (64), 27 (87), 2 (83), 30 (93)]";4938;"Maquina 2: [28 (36), 36 (47), 49 (16), 10 (29), 37 (8), 9 (62), 40 (21), 17 (67), 41 (57), 4 (80), 39 (91), 47 (94)]";4588;"Maquina 3: [43 (46), 3 (6), 8 (17), 19 (29), 11 (25), 42 (71), 45 (39), 33 (59), 32 (57), 46 (42), 35 (83), 16 (85), 0 (92)]";4309;"Maquina 4: [48 (17), 34 (24), 21 (94), 24 (47), 29 (17), 15 (39), 38 (61), 25 (57), 23 (46), 31 (70), 5 (82), 13 (75)]";4332
GREEDY;50;4;18855;0.0;1;"Maquina 1: [4 (28), 36 (13), 25 (54), 32 (1), 20 (95), 33 (38), 14 (56), 42 (47), 23 (30), 46 (77), 37 (67), 43 (85)]";4459;"Maquina 2: [15 (48), 31 (37), 18 (4), 21 (29), 2 (47), 35 (24), 1 (18), 39 (58), 40 (64), 45 (75), 19 (85), 30 (91)]";4378;"Maquina 3: [34 (20), 28 (31), 26 (4), 49 (32), 10 (29), 6 (83), 17 (43), 8 (55), 3 (60), 44 (74), 29 (99), 11 (48), 27 (91)]";5168;"Maquina 4: [5 (44), 24 (22), 7 (5), 12 (62), 48 (24), 13 (30), 16 (70), 41 (34), 9 (59), 38 (52), 22 (79), 47 (96), 0 (89)]";4850
GRASP;50;4;17877;69.0;25;"Maquina 1: [32 (1), 34 (20), 42 (47), 4 (28), 36 (13), 6 (83), 41 (34), 12 (62), 15 (48), 44 (74), 39 (58), 22 (79)]";4071;"Maquina 2: [48 (24), 31 (37), 18 (4), 17 (43), 1 (18), 28 (31), 40 (64), 3 (60), 43 (85), 20 (95), 46 (77), 27 (91)]";3856;"Maquina 3: [49 (32), 26 (4), 33 (38), 10 (29), 23 (30), 16 (70), 38 (52), 5 (44), 37 (67), 8 (55), 0 (89), 29 (99), 19 (85)]";5057;"Maquina 4: [24 (22), 7 (5), 13 (30), 14 (56), 21 (29), 35 (24), 25 (54), 11 (48), 47 (96), 9 (59), 45 (75), 2 (47), 30 (91)]";4893
LNS;50;4;18607;3.0;25;"Maquina 1: [4 (28), 36 (13), 25 (54), 32 (1), 20 (95), 33 (38), 14 (56), 42 (47), 23 (30), 46 (77), 37 (67), 43 (85)]";4459;"Maquina 2: [15 (48), 31 (37), 18 (4), 1 (18), 2 (47), 35 (24), 21 (29), 45 (75), 40 (64), 39 (58), 19 (85), 30 (91)]";4130;"Maquina 3: [34 (20), 28 (31), 26 (4), 49 (32), 10 (29), 6 (83), 17 (43), 8 (55), 3 (60), 44 (74), 29 (99), 11 (48), 27 (91)]";5168;"Maquina 4: [5 (44), 24 (22), 7 (5), 12 (62), 48 (24), 13 (30), 16 (70), 41 (34), 9 (59), 38 (52), 22 (79), 47 (96), 0 (89)]";4850
TABÚ;50;4;17960;24.0;25;"Maquina 1: [21 (29), 36 (13), 38 (52), 18 (4), 11 (48), 45 (75), 12 (62), 39 (58), 0 (89), 27 (91), 6 (83), 47 (96)]";4618;"Maquina 2: [26 (4), 49 (32), 24 (22), 41 (34), 8 (55), 29 (99), 10 (29), 5 (44), 37 (67), 22 (79), 40 (64), 43 (85), 3 (60)]";4672;"Maquina 3: [32 (1), 1 (18), 42 (47), 4 (28), 46 (77), 15 (48), 13 (30), 33 (38), 25 (54), 9 (59), 30 (91), 19 (85)]";4026;"Maquina 4: [7 (5), 34 (20), 28 (31), 44 (74), 48 (24), 31 (37), 14 (56), 23 (30), 16 (70), 35 (24), 17 (43), 2 (47), 20 (95)]";4644
VNS;50;4;18334;1092.0;25;"Maquina 1: [4 (28), 36 (13), 25 (54), 21 (29), 20 (95), 33 (38), 40 (64), 42 (47), 23 (30), 46 (77), 47 (96), 43 (85)]";4750;"Maquina 2: [15 (48), 31 (37), 18 (4), 32 (1), 2 (47), 35 (24), 1 (18), 14 (56), 45 (75), 19 (85), 30 (91)]";2824;"Maquina 3: [34 (20), 28 (31), 26 (4), 49 (32), 10 (29), 6 (83), 17 (43), 8 (55), 3 (60), 44 (74), 29 (99), 11 (48), 27 (91)]";5168;"Maquina 4: [5 (44), 24 (22), 7 (5), 12 (62), 39 (58), 48 (24), 13 (30), 16 (70), 41 (34), 9 (59), 38 (52), 22 (79), 37 (67), 0 (89)]";5592
Multiarranque;50;4;18191;78.0;25;"Maquina 1: [10 (29), 17 (43), 1 (18), 14 (56), 21 (29), 36 (13), 25 (54), 22 (79), 9 (59), 0 (89), 27 (91), 47 (96)]";4371;"Maquina 2: [32 (1), 18 (4), 11 (48), 49 (32), 24 (22), 7 (5), 13 (30), 41 (34), 8 (55), 44 (74), 45 (75), 12 (62), 6 (83), 46 (77)]";4388;"Maquina 3: [23 (30), 48 (24), 40 (64), 26 (4), 4 (28), 38 (52), 15 (48), 16 (70), 42 (47), 43 (85), 20 (95), 19 (85)]";4819;"Maquina 4: [39 (58), 34 (20), 33 (38), 35 (24), 28 (31), 31 (37), 2 (47), 5 (44), 37 (67), 3 (60), 30 (91), 29 (99)]";4613
GREEDY;50;4;13432;0.0;1;"Maquina 1: [11 (1), 28 (16), 42 (8), 31 (17), 32 (58), 20 (29), 7 (33), 21 (25), 15 (77), 25 (72), 0 (69), 5 (48), 23 (84)]";3199;"Maquina 2: [47 (8), 6 (2), 35 (12), 36 (26), 14 (23), 24 (31), 44 (43), 12 (54), 29 (70), 18 (82), 8 (68), 26 (97), 9 (77)]";3502;"Maquina 3: [30 (9), 45 (6), 1 (17), 33 (25), 41 (39), 19 (62), 10 (30), 46 (69), 38 (53), 17 (97), 43 (75), 22 (79)]";3371;"Maquina 4: [48 (9), 2 (7), 3 (14), 49 (30), 16 (24), 34 (32), 13 (50), 4 (74), 40 (60), 27 (77), 39 (90), 37 (69)]";3360
GRASP;50;4;12755;69.0;25;"Maquina 1: [41 (39), 47 (8), 3 (14), 21 (25), 34 (32), 5 (48), 35 (12), 44 (43), 1 (17), 43 (75), 15 (77), 27 (77), 22 (79)]";3518;"Maquina 2: [16 (24), 2 (7), 24 (31), 48 (9), 6 (2), 10 (30), 0 (69), 32 (58), 13 (50), 29 (70), 17 (97), 37 (69), 39 (90)]";3446;"Maquina 3: [42 (8), 45 (6), 31 (17), 49 (30), 33 (25), 46 (69), 7 (33), 23 (84), 38 (53), 25 (72), 4 (74), 40 (60)]";2919;"Maquina 4: [36 (26), 11 (1), 28 (16), 14 (23), 20 (29), 12 (54), 30 (9), 19 (62), 18 (82), 9 (77), 8 (68), 26 (97)]";2872
LNS;50;4;13155;4.0;25;"Maquina 1: [11 (1), 28 (16), 42 (8), 31 (17), 32 (58), 20 (29), 7 (33), 21 (25), 15 (77), 25 (72), 5 (48), 0 (69), 23 (84)]";3180;"Maquina 2: [47 (8), 6 (2), 35 (12), 36 (26), 14 (23), 24 (31), 44 (43), 12 (54), 29 (70), 18 (82), 8 (68), 26 (97), 9 (77)]";3502;"Maquina 3: [10 (30), 45 (6), 41 (39), 1 (17), 30 (9), 19 (62), 33 (25), 46 (69), 38 (53), 17 (97), 43 (75), 22 (79)]";3256;"Maquina 4: [16 (24), 2 (7), 48 (9), 34 (32), 3 (14), 49 (30), 13 (50), 4 (74), 40 (60), 27 (77), 39 (90), 37 (69)]";3217
TABÚ;50;4;12382;20.0;25;"Maquina 1: [48 (9), 49 (30), 47 (8), 41 (39), 5 (48), 24 (31), 16 (24), 8 (68), 15 (77), 25 (72), 22 (79), 27 (77)]";3245;"Maquina 2: [11 (1), 2 (7), 6 (2), 32 (58), 21 (25), 14 (23), 20 (29), 40 (60), 0 (69), 38 (53), 23 (84), 18 (82), 26 (97)]";3247;"Maquina 3: [28 (16), 42 (8), 45 (6), 3 (14), 1 (17), 7 (33), 12 (54), 13 (50), 29 (70), 19 (62), 43 (75), 46 (69)]";2625;"Maquina 4: [31 (17), 30 (9), 35 (12), 44 (43), 10 (30), 36 (26), 33 (25), 34 (32), 37 (69), 39 (90), 9 (77), 4 (74), 17 (97)]";3265
VNS;50;4;13055;1686.0;25;"Maquina 1: [11 (1), 28 (16), 42 (8), 31 (17), 32 (58), 20 (29), 7 (33), 21 (25), 15 (77), 25 (72), 0 (69), 5 (48), 9 (77)]";3175;"Maquina 2: [47 (8), 45 (6), 6 (2), 35 (12), 36 (26), 14 (23), 24 (31), 44 (43), 12 (54), 29 (70), 18 (82), 8 (68), 26 (97), 39 (90)]";3593;"Maquina 3: [30 (9), 1 (17), 33 (25), 41 (39), 19 (62), 10 (30), 46 (69), 38 (53), 17 (97), 43 (75), 22 (79)]";2966;"Maquina 4: [48 (9), 2 (7), 3 (14), 49 (30), 16 (24), 34 (32), 13 (50), 4 (74), 40 (60), 27 (77), 23 (84), 37 (69)]";3321
Multiarranque;50;4;12747;84.0;25;"Maquina 1: [1 (17), 11 (1), 28 (16), 47 (8), 45 (6), 41 (39), 5 (48), 24 (31), 43 (75), 46 (69), 8 (68), 17 (97), 15 (77)]";3106;"Maquina 2: [42 (8), 35 (12), 48 (9), 6 (2), 3 (14), 20 (29), 16 (24), 7 (33), 12 (54), 13 (50), 29 (70), 19 (62), 39 (90), 4 (74)]";3202;"Maquina 3: [31 (17), 2 (7), 10 (30), 33 (25), 34 (32), 0 (69), 32 (58), 9 (77), 38 (53), 22 (79), 26 (97)]";3038;"Maquina 4: [36 (26), 21 (25), 14 (23), 30 (9), 49 (30), 40 (60), 44 (43), 27 (77), 18 (82), 25 (72), 37 (69), 23 (84)]";3401
GREEDY;50;4;20048;0.0;1;"Maquina 1: [6 (2), 15 (43), 38 (42), 9 (24), 21 (45), 44 (61), 30 (33), 1 (72), 35 (48), 25 (93), 3 (57), 16 (68), 24 (80)]";4658;"Maquina 2: [41 (32), 22 (2), 33 (76), 14 (25), 20 (51), 13 (43), 27 (38), 37 (56), 0 (72), 29 (60), 23 (67), 47 (88), 17 (96)]";5247;"Maquina 3: [32 (7), 4 (41), 46 (61), 36 (80), 42 (33), 48 (49), 2 (28), 12 (44), 40 (70), 5 (58), 45 (73), 11 (95)]";4736;"Maquina 4: [8 (43), 10 (31), 7 (48), 28 (16), 34 (59), 31 (36), 19 (71), 39 (96), 43 (90), 49 (62), 18 (55), 26 (76)]";5407
GRASP;50;4;19347;72.0;25;"Maquina 1: [13 (43), 10 (31), 32 (7), 37 (56), 22 (2), 5 (58), 7 (48), 49 (62), 16 (68), 11 (95), 33 (76), 40 (70), 43 (90)]";4882;"Maquina 2: [28 (16), 48 (49), 47 (88), 3 (57), 31 (36), 14 (25), 2 (28), 30 (33), 8 (43), 23 (67), 0 (72), 26 (76), 45 (73)]";4847;"Maquina 3: [29 (60), 12 (44), 9 (24), 35 (48), 39 (96), 15 (43), 4 (41), 41 (32), 36 (80), 38 (42), 17 (96), 24 (80)]";5256;"Maquina 4: [42 (33), 6 (2), 20 (51), 27 (38), 34 (59), 18 (55), 21 (45), 44 (61), 1 (72), 19 (71), 46 (61), 25 (93)]";4362
LNS;50;4;20027;4.0;25;"Maquina 1: [6 (2), 15 (43), 38 (42), 9 (24), 21 (45), 44 (61), 30 (33), 1 (72), 35 (48), 25 (93), 3 (57), 16 (68), 24 (80)]";4658;"Maquina 2: [41 (32), 22 (2), 33 (76), 14 (25), 20 (51), 13 (43), 27 (38), 37 (56), 0 (72), 29 (60), 23 (67), 47 (88), 17 (96)]";5247;"Maquina 3: [32 (7), 4 (41), 46 (61), 36 (80), 42 (33), 48 (49), 2 (28), 12 (44), 40 (70), 5 (58), 45 (73), 11 (95)]";4736;"Maquina 4: [8 (43), 10 (31), 7 (48), 28 (16), 34 (59), 31 (36), 19 (71), 39 (96), 18 (55), 49 (62), 43 (90), 26 (76)]";5386
TABÚ;50;4;19003;21.0;25;"Maquina 1: [22 (2), 12 (44), 10 (31), 48 (49), 2 (28), 6 (2), 47 (88), 18 (55), 21 (45), 44 (61), 26 (76), 0 (72), 43 (90)]";4278;"Maquina 2: [28 (16), 38 (42), 8 (43), 4 (41), 13 (43), 27 (38), 19 (71), 23 (67), 24 (80), 17 (96), 29 (60), 25 (93)]";4927;"Maquina 3: [9 (24), 20 (51), 42 (33), 16 (68), 15 (43), 34 (59), 7 (48), 45 (73), 3 (57), 49 (62), 33 (76), 37 (56)]";4830;"Maquina 4: [30 (33), 31 (36), 14 (25), 32 (7), 41 (32), 35 (48), 5 (58), 1 (72), 46 (61), 36 (80), 11 (95), 40 (70), 39 (96)]";4968
VNS;50;4;19158;1886.0;25;"Maquina 1: [6 (2), 15 (43), 38 (42), 9 (24), 21 (45), 44 (61), 30 (33), 1 (72), 35 (48), 25 (93), 3 (57), 16 (68), 24 (80)]";4658;"Maquina 2: [22 (2), 33 (76), 14 (25), 20 (51), 13 (43), 27 (38), 37 (56), 5 (58), 29 (60), 23 (67), 47 (88), 17 (96)]";4444;"Maquina 3: [32 (7), 41 (32), 4 (41), 46 (61), 36 (80), 42 (33), 48 (49), 19 (71), 12 (44), 18 (55), 49 (62), 0 (72), 45 (73), 11 (95)]";6123;"Maquina 4: [8 (43), 10 (31), 7 (48), 28 (16), 34 (59), 31 (36), 2 (28), 39 (96), 43 (90), 40 (70), 26 (76)]";3933
Multiarranque;50;4;20288;87.0;25;"Maquina 1: [21 (45), 32 (7), 35 (48), 5 (58), 14 (25), 41 (32), 20 (51), 22 (2), 12 (44), 40 (70), 26 (76), 33 (76), 44 (61), 23 (67)]";5446;"Maquina 2: [2 (28), 6 (2), 15 (43), 10 (31), 7 (48), 30 (33), 24 (80), 0 (72), 42 (33), 11 (95), 29 (60), 43 (90)]";4432;"Maquina 3: [49 (62), 9 (24), 28 (16), 13 (43), 27 (38), 31 (36), 34 (59), 17 (96), 47 (88), 1 (72), 46 (61), 39 (96)]";4810;"Maquina 4: [45 (73), 8 (43), 37 (56), 3 (57), 16 (68), 4 (41), 36 (80), 48 (49), 38 (42), 18 (55), 25 (93), 19 (71)]";5600
GREEDY;50;4;17968;0.0;1;"Maquina 1: [47 (2), 7 (15), 1 (38), 20 (24), 11 (70), 41 (49), 27 (81), 34 (61), 22 (58), 21 (74), 14 (88), 30 (91), 46 (97)]";4876;"Maquina 2: [25 (4), 38 (15), 23 (51), 28 (75), 39 (21), 13 (59), 42 (62), 37 (72), 16 (41), 3 (92), 12 (84), 8 (89)]";4249;"Maquina 3: [17 (17), 10 (7), 15 (30), 48 (60), 29 (24), 26 (94), 5 (44), 32 (57), 2 (73), 4 (68), 18 (87), 19 (80), 24 (91)]";4438;"Maquina 4: [45 (8), 43 (17), 33 (42), 9 (53), 6 (74), 44 (76), 0 (27), 31 (59), 35 (84), 36 (65), 49 (92), 40 (90)]";4405
GRASP;50;4;16354;69.0;25;"Maquina 1: [7 (15), 17 (17), 10 (7), 15 (30), 9 (53), 13 (59), 1 (38), 27 (81), 48 (60), 36 (65), 21 (74), 46 (97), 8 (89)]";3913;"Maquina 2: [45 (8), 39 (21), 30 (91), 29 (24), 37 (72), 22 (58), 6 (74), 44 (76), 31 (59), 19 (80), 12 (84), 49 (92)]";4302;"Maquina 3: [47 (2), 25 (4), 16 (41), 20 (24), 2 (73), 4 (68), 33 (42), 35 (84), 32 (57), 23 (51), 28 (75), 14 (88), 24 (91)]";4174;"Maquina 4: [0 (27), 38 (15), 43 (17), 42 (62), 5 (44), 41 (49), 11 (70), 34 (61), 18 (87), 3 (92), 40 (90), 26 (94)]";3965
LNS;50;4;17968;4.0;25;"Maquina 1: [47 (2), 7 (15), 1 (38), 20 (24), 11 (70), 41 (49), 27 (81), 34 (61), 22 (58), 21 (74), 14 (88), 30 (91), 46 (97)]";4876;"Maquina 2: [25 (4), 38 (15), 23 (51), 28 (75), 39 (21), 13 (59), 42 (62), 37 (72), 16 (41), 3 (92), 12 (84), 8 (89)]";4249;"Maquina 3: [17 (17), 10 (7), 15 (30), 48 (60), 29 (24), 26 (94), 5 (44), 32 (57), 2 (73), 4 (68), 18 (87), 19 (80), 24 (91)]";4438;"Maquina 4: [45 (8), 43 (17), 33 (42), 9 (53), 6 (74), 44 (76), 0 (27), 31 (59), 35 (84), 36 (65), 49 (92), 40 (90)]";4405
TABÚ;50;4;16876;21.0;25;"Maquina 1: [25 (4), 15 (30), 38 (15), 33 (42), 32 (57), 2 (73), 44 (76), 48 (60), 49 (92), 30 (91), 46 (97), 8 (89)]";4250;"Maquina 2: [0 (27), 7 (15), 17 (17), 10 (7), 13 (59), 42 (62), 1 (38), 27 (81), 9 (53), 37 (72), 18 (87), 3 (92), 12 (84)]";4177;"Maquina 3: [45 (8), 39 (21), 20 (24), 31 (59), 43 (17), 16 (41), 22 (58), 23 (51), 28 (75), 21 (74), 14 (88), 40 (90), 26 (94)]";4296;"Maquina 4: [47 (2), 5 (44), 4 (68), 29 (24), 11 (70), 41 (49), 36 (65), 6 (74), 34 (61), 19 (80), 35 (84), 24 (91)]";4153
VNS;50;4;17375;1421.0;25;"Maquina 1: [45 (8), 7 (15), 1 (38), 20 (24), 11 (70), 41 (49), 27 (81), 34 (61), 22 (58), 21 (74), 14 (88), 30 (91), 46 (97)]";4870;"Maquina 2: [25 (4), 23 (51), 28 (75), 39 (21), 13 (59), 42 (62), 37 (72), 16 (41), 3 (92), 12 (84), 8 (89)]";3780;"Maquina 3: [17 (17), 38 (15), 10 (7), 15 (30), 48 (60), 29 (24), 26 (94), 5 (44), 32 (57), 2 (73), 4 (68), 18 (87), 19 (80), 24 (91)]";4689;"Maquina 4: [47 (2), 43 (17), 33 (42), 9 (53), 6 (74), 44 (76), 0 (27), 31 (59), 35 (84), 36 (65), 49 (92), 40 (90)]";4036
Multiarranque;50;4;17043;83.0;25;"Maquina 1: [47 (2), 15 (30), 43 (17), 29 (24), 13 (59), 44 (76), 5 (44), 4 (68), 35 (84), 49 (92), 8 (89), 30 (91)]";3809;"Maquina 2: [25 (4), 0 (27), 7 (15), 10 (7), 38 (15), 42 (62), 33 (42), 21 (74), 23 (51), 14 (88), 3 (92), 40 (90), 26 (94)]";4013;"Maquina 3: [17 (17), 1 (38), 41 (49), 36 (65), 6 (74), 34 (61), 18 (87), 27 (81), 28 (75), 11 (70), 24 (91), 37 (72)]";4814;"Maquina 4: [45 (8), 39 (21), 20 (24), 31 (59), 9 (53), 16 (41), 22 (58), 32 (57), 2 (73), 48 (60), 19 (80), 12 (84), 46 (97)]";4407
GREEDY;50;4;20734;0.0;1;"Maquina 1: [3 (2), 29 (48), 47 (57), 43 (28), 39 (19), 11 (39), 33 (65), 5 (71), 48 (52), 15 (91), 44 (80), 17 (93)]";4802;"Maquina 2: [34 (9), 6 (21), 36 (35), 2 (32), 9 (87), 46 (44), 30 (54), 19 (52), 38 (69), 24 (64), 4 (75), 26 (97), 42 (91)]";5397;"Maquina 3: [40 (36), 7 (21), 49 (11), 21 (32), 45 (91), 22 (47), 35 (50), 41 (53), 14 (89), 20 (99), 31 (60), 37 (67), 28 (75)]";5413;"Maquina 4: [8 (26), 1 (35), 32 (14), 0 (96), 25 (50), 18 (60), 12 (41), 16 (66), 23 (53), 13 (71), 10 (85), 27 (91)]";5122
GRASP;50;4;18554;70.0;25;"Maquina 1: [24 (64), 49 (11), 34 (9), 22 (47), 41 (53), 11 (39), 33 (65), 9 (87), 28 (75), 30 (54), 45 (91), 0 (96)]";4241;"Maquina 2: [6 (21), 40 (36), 7 (21), 3 (2), 29 (48), 44 (80), 13 (71), 16 (66), 35 (50), 38 (69), 31 (60), 27 (91), 15 (91)]";4604;"Maquina 3: [36 (35), 39 (19), 2 (32), 23 (53), 4 (75), 25 (50), 43 (28), 47 (57), 12 (41), 20 (99), 14 (89), 17 (93)]";4533;"Maquina 4: [8 (26), 1 (35), 21 (32), 19 (52), 32 (14), 5 (71), 48 (52), 18 (60), 46 (44), 10 (85), 37 (67), 42 (91), 26 (97)]";5176
LNS;50;4;20584;4.0;25;"Maquina 1: [3 (2), 29 (48), 47 (57), 43 (28), 39 (19), 11 (39), 33 (65), 44 (80), 48 (52), 15 (91), 5 (71), 17 (93)]";4756;"Maquina 2: [34 (9), 6 (21), 36 (35), 2 (32), 9 (87), 46 (44), 30 (54), 19 (52), 38 (69), 24 (64), 4 (75), 26 (97), 42 (91)]";5397;"Maquina 3: [40 (36), 7 (21), 49 (11), 21 (32), 45 (91), 22 (47), 35 (50), 41 (53), 14 (89), 37 (67), 31 (60), 20 (99), 28 (75)]";5309;"Maquina 4: [8 (26), 1 (35), 32 (14), 0 (96), 25 (50), 18 (60), 12 (41), 16 (66), 23 (53), 13 (71), 10 (85), 27 (91)]";5122
TABÚ;50;4;17929;20.0;25;"Maquina 1: [34 (9), 48 (52), 8 (26), 1 (35), 41 (53), 35 (50), 19 (52), 38 (69), 20 (99), 33 (65), 10 (85), 42 (91)]";4328;"Maquina 2: [43 (28), 6 (21), 32 (14), 15 (91), 40 (36), 23 (53), 31 (60), 27 (91), 37 (67), 18 (60), 9 (87), 17 (93)]";4607;"Maquina 3: [36 (35), 39 (19), 7 (21), 12 (41), 46 (44), 30 (54), 21 (32), 22 (47), 5 (71), 28 (75), 24 (64), 16 (66), 0 (96)]";4507;"Maquina 4: [3 (2), 29 (48), 49 (11), 2 (32), 47 (57), 11 (39), 4 (75), 45 (91), 14 (89), 25 (50), 44 (80), 13 (71), 26 (97)]";4487
VNS;50;4;20051;1584.0;25;"Maquina 1: [3 (2), 47 (57), 43 (28), 39 (19), 11 (39), 37 (67), 5 (71), 48 (52), 15 (91), 44 (80), 17 (93)]";3942;"Maquina 2: [6 (21), 36 (35), 2 (32), 9 (87), 46 (44), 30 (54), 19 (52), 38 (69), 24 (64), 4 (75), 26 (97), 42 (91)]";4956;"Maquina 3: [40 (36), 7 (21), 29 (48), 49 (11), 21 (32), 45 (91), 22 (47), 35 (50), 41 (53), 33 (65), 20 (99), 14 (89), 31 (60), 28 (75)]";5727;"Maquina 4: [8 (26), 1 (35), 32 (14), 0 (96), 34 (9), 25 (50), 18 (60), 12 (41), 16 (66), 23 (53), 13 (71), 10 (85), 27 (91)]";5426
Multiarranque;50;4;19294;82.0;25;"Maquina 1: [43 (28), 36 (35), 39 (19), 7 (21), 29 (48), 49 (11), 8 (26), 30 (54), 33 (65), 44 (80), 14 (89), 20 (99), 15 (91)]";4199;"Maquina 2: [12 (41), 41 (53), 11 (39), 46 (44), 25 (50), 37 (67), 22 (47), 42 (91), 26 (97), 38 (69), 19 (52), 0 (96)]";5014;"Maquina 3: [1 (35), 6 (21), 32 (14), 2 (32), 9 (87), 47 (57), 28 (75), 35 (50), 5 (71), 17 (93), 31 (60), 24 (64)]";4857;"Maquina 4: [34 (9), 40 (36), 3 (2), 18 (60), 48 (52), 16 (66), 23 (53), 21 (32), 4 (75), 45 (91), 13 (71), 10 (85), 27 (91)]";5224
GREEDY;50;4;20339;0.0;1;"Maquina 1: [5 (7), 12 (13), 47 (45), 31 (20), 14 (49), 17 (57), 36 (33), 4 (83), 25 (61), 24 (71), 15 (87), 38 (93)]";4633;"Maquina 2: [43 (13), 10 (9), 29 (62), 39 (33), 3 (27), 35 (38), 1 (64), 20 (89), 2 (56), 34 (47), 23 (83), 42 (94), 22 (77)]";5300;"Maquina 3: [44 (13), 21 (44), 33 (11), 27 (34), 8 (31), 28 (48), 46 (87), 13 (83), 41 (63), 49 (56), 19 (77), 11 (94)]";4874;"Maquina 4: [16 (47), 30 (31), 45 (12), 9 (58), 0 (14), 7 (81), 6 (34), 37 (50), 32 (75), 48 (60), 40 (92), 26 (96), 18 (85)]";5532
GRASP;50;4;17870;73.0;25;"Maquina 1: [33 (11), 9 (58), 37 (50), 0 (14), 34 (47), 40 (92), 2 (56), 26 (96), 29 (62), 48 (60), 18 (85), 11 (94), 42 (94)]";5501;"Maquina 2: [10 (9), 30 (31), 45 (12), 47 (45), 31 (20), 16 (47), 1 (64), 25 (61), 49 (56), 19 (77), 13 (83), 20 (89)]";3756;"Maquina 3: [21 (44), 27 (34), 5 (7), 44 (13), 14 (49), 39 (33), 6 (34), 7 (81), 32 (75), 17 (57), 41 (63), 38 (93), 22 (77)]";4507;"Maquina 4: [35 (38), 36 (33), 43 (13), 23 (83), 12 (13), 28 (48), 46 (87), 3 (27), 24 (71), 8 (31), 15 (87), 4 (83)]";4106
LNS;50;4;20000;4.0;25;"Maquina 1: [5 (7), 12 (13), 47 (45), 31 (20), 14 (49), 17 (57), 36 (33), 4 (83), 25 (61), 24 (71), 15 (87), 38 (93)]";4633;"Maquina 2: [34 (47), 10 (9), 29 (62), 39 (33), 3 (27), 35 (38), 1 (64), 20 (89), 2 (56), 43 (13), 23 (83), 42 (94), 22 (77)]";5126;"Maquina 3: [13 (83), 21 (44), 44 (13), 27 (34), 8 (31), 28 (48), 46 (87), 33 (11), 41 (63), 49 (56), 19 (77), 11 (94)]";4739;"Maquina 4: [16 (47), 30 (31), 45 (12), 9 (58), 0 (14), 7 (81), 6 (34), 37 (50), 40 (92), 48 (60), 32 (75), 26 (96), 18 (85)]";5502
TABÚ;50;4;18263;22.0;25;"Maquina 1: [12 (13), 8 (31), 5 (7), 44 (13), 14 (49), 0 (14), 13 (83), 6 (34), 18 (85), 41 (63), 46 (87), 42 (94), 4 (83)]";4543;"Maquina 2: [43 (13), 30 (31), 39 (33), 17 (57), 33 (11), 34 (47), 32 (75), 29 (62), 48 (60), 35 (38), 38 (93), 26 (96), 22 (77)]";4928;"Maquina 3: [21 (44), 16 (47), 7 (81), 47 (45), 31 (20), 25 (61), 3 (27), 2 (56), 37 (50), 40 (92), 20 (89), 11 (94)]";4447;"Maquina 4: [10 (9), 28 (48), 9 (58), 45 (12), 36 (33), 27 (34), 1 (64), 49 (56), 23 (83), 19 (77), 24 (71), 15 (87)]";4345
VNS;50;4;19774;1451.0;25;"Maquina 1: [5 (7), 12 (13), 47 (45), 31 (20), 14 (49), 17 (57), 36 (33), 4 (83), 25 (61), 49 (56), 15 (87), 38 (93)]";4470;"Maquina 2: [43 (13), 10 (9), 29 (62), 39 (33), 3 (27), 35 (38), 1 (64), 20 (89), 2 (56), 34 (47), 23 (83), 42 (94), 22 (77)]";5300;"Maquina 3: [44 (13), 37 (50), 21 (44), 45 (12), 27 (34), 8 (31), 28 (48), 46 (87), 13 (83), 41 (63), 24 (71), 19 (77), 11 (94)]";5294;"Maquina 4: [16 (47), 30 (31), 33 (11), 9 (58), 0 (14), 7 (81), 6 (34), 32 (75), 48 (60), 40 (92), 26 (96), 18 (85)]";4710
Multiarranque;50;4;18045;80.0;25;"Maquina 1: [25 (61), 33 (11), 27 (34), 8 (31), 43 (13), 46 (87), 12 (13), 28 (48), 18 (85), 19 (77), 24 (71), 13 (83)]";3978;"Maquina 2: [5 (7), 44 (13), 3 (27), 36 (33), 15 (87), 16 (47), 32 (75), 9 (58), 14 (49), 26 (96), 41 (63), 4 (83)]";3887;"Maquina 3: [0 (14), 35 (38), 17 (57), 10 (9), 30 (31), 21 (44), 22 (77), 23 (83), 29 (62), 42 (94), 48 (60), 40 (92), 38 (93)]";5250;"Maquina 4: [45 (12), 47 (45), 31 (20), 39 (33), 6 (34), 20 (89), 2 (56), 7 (81), 34 (47), 49 (56), 37 (50), 1 (64), 11 (94)]";4930
