GREEDY;40;2;16721;1.0;1;"Maquina 1: [37 (15), 36 (6), 26 (2), 9 (12), 25 (19), 23 (32), 1 (58), 38 (34), 5 (29), 22 (33), 16 (23), 21 (63), 13 (44), 27 (74), 24 (89), 15 (43), 12 (83), 20 (92), 33 (98), 7 (94)]";8022;"Maquina 2: [28 (25), 11 (7), 35 (6), 2 (34), 4 (19), 32 (21), 18 (30), 17 (13), 10 (36), 34 (32), 19 (43), 3 (61), 8 (51), 31 (86), 14 (79), 39 (91), 29 (66), 6 (94), 0 (97), 30 (99)]";8699
GRASP;40;2;16543;1009.0;1000;"Maquina 1: [4 (19), 35 (6), 16 (23), 34 (32), 25 (19), 37 (15), 36 (6), 1 (58), 2 (34), 18 (30), 38 (34), 8 (51), 3 (61), 21 (63), 12 (83), 29 (66), 7 (94), 24 (89), 39 (91), 20 (92)]";8263;"Maquina 2: [32 (21), 26 (2), 9 (12), 28 (25), 15 (43), 17 (13), 13 (44), 11 (7), 23 (32), 19 (43), 27 (74), 5 (29), 22 (33), 10 (36), 14 (79), 33 (98), 6 (94), 31 (86), 0 (97), 30 (99)]";8280
LNS;40;2;16687;172.0;1000;"Maquina 1: [37 (15), 36 (6), 26 (2), 9 (12), 25 (19), 23 (32), 1 (58), 38 (34), 5 (29), 22 (33), 16 (23), 21 (63), 13 (44), 27 (74), 33 (98), 15 (43), 12 (83), 20 (92), 24 (89), 7 (94)]";7988;"Maquina 2: [28 (25), 11 (7), 35 (6), 2 (34), 4 (19), 32 (21), 18 (30), 17 (13), 10 (36), 34 (32), 19 (43), 3 (61), 8 (51), 31 (86), 14 (79), 39 (91), 29 (66), 6 (94), 0 (97), 30 (99)]";8699
TABÚ;40;2;16739;277.0;1000;"Maquina 1: [35 (6), 2 (34), 25 (19), 37 (15), 26 (2), 22 (33), 18 (30), 34 (32), 15 (43), 3 (61), 16 (23), 28 (25), 12 (83), 29 (66), 1 (58), 20 (92), 30 (99), 0 (97), 39 (91), 6 (94)]";8544;"Maquina 2: [17 (13), 36 (6), 5 (29), 32 (21), 4 (19), 9 (12), 13 (44), 11 (7), 38 (34), 23 (32), 19 (43), 27 (74), 24 (89), 21 (63), 10 (36), 8 (51), 31 (86), 14 (79), 33 (98), 7 (94)]";8195
VNS;40;2;16093;20386.0;1000;"Maquina 1: [37 (15), 36 (6), 26 (2), 9 (12), 34 (32), 25 (19), 1 (58), 38 (34), 5 (29), 22 (33), 16 (23), 21 (63), 13 (44), 27 (74), 33 (98), 15 (43), 12 (83), 20 (92), 24 (89), 39 (91)]";7785;"Maquina 2: [28 (25), 11 (7), 35 (6), 2 (34), 4 (19), 32 (21), 18 (30), 17 (13), 10 (36), 23 (32), 19 (43), 3 (61), 8 (51), 31 (86), 14 (79), 7 (94), 29 (66), 6 (94), 0 (97), 30 (99)]";8308
Multiarranque;40;2;16140;1538.0;1000;"Maquina 1: [37 (15), 36 (6), 26 (2), 9 (12), 34 (32), 25 (19), 1 (58), 38 (34), 5 (29), 22 (33), 16 (23), 21 (63), 13 (44), 27 (74), 33 (98), 15 (43), 12 (83), 20 (92), 24 (89), 7 (94)]";7786;"Maquina 2: [28 (25), 11 (7), 35 (6), 2 (34), 4 (19), 32 (21), 18 (30), 17 (13), 10 (36), 23 (32), 19 (43), 3 (61), 8 (51), 31 (86), 14 (79), 39 (91), 29 (66), 6 (94), 0 (97), 30 (99)]";8354
GREEDY;40;2;19956;0.0;1;"Maquina 1: [2 (14), 31 (5), 20 (20), 39 (24), 25 (74), 4 (29), 10 (27), 22 (39), 8 (59), 15 (49), 19 (31), 37 (51), 17 (62), 24 (69), 18 (50), 9 (64), 13 (71), 3 (75), 36 (98), 14 (88)]";9767;"Maquina 2: [7 (17), 0 (10), 38 (16), 16 (29), 6 (28), 35 (25), 5 (61), 33 (46), 27 (50), 29 (38), 34 (63), 11 (53), 12 (50), 32 (65), 1 (74), 26 (77), 30 (74), 23 (70), 28 (99), 21 (95)]";10189
GRASP;40;2;19055;1011.0;1000;"Maquina 1: [38 (16), 2 (14), 31 (5), 19 (31), 4 (29), 10 (27), 39 (24), 6 (28), 5 (61), 33 (46), 22 (39), 18 (50), 34 (63), 23 (70), 11 (53), 3 (75), 30 (74), 1 (74), 24 (69), 21 (95)]";8841;"Maquina 2: [35 (25), 20 (20), 7 (17), 16 (29), 0 (10), 27 (50), 29 (38), 8 (59), 15 (49), 12 (50), 32 (65), 37 (51), 9 (64), 13 (71), 17 (62), 26 (77), 28 (99), 25 (74), 36 (98), 14 (88)]";10214
LNS;40;2;19792;165.0;1000;"Maquina 1: [4 (29), 31 (5), 20 (20), 39 (24), 25 (74), 2 (14), 10 (27), 22 (39), 8 (59), 15 (49), 19 (31), 37 (51), 17 (62), 24 (69), 18 (50), 9 (64), 13 (71), 3 (75), 36 (98), 14 (88)]";9668;"Maquina 2: [7 (17), 0 (10), 38 (16), 16 (29), 6 (28), 35 (25), 5 (61), 33 (46), 27 (50), 29 (38), 1 (74), 11 (53), 12 (50), 32 (65), 26 (77), 34 (63), 30 (74), 23 (70), 28 (99), 21 (95)]";10124
TABÚ;40;2;19386;277.0;1000;"Maquina 1: [2 (14), 31 (5), 20 (20), 15 (49), 39 (24), 6 (28), 12 (50), 16 (29), 19 (31), 37 (51), 34 (63), 5 (61), 33 (46), 3 (75), 9 (64), 25 (74), 32 (65), 1 (74), 14 (88), 28 (99)]";9382;"Maquina 2: [7 (17), 0 (10), 27 (50), 4 (29), 38 (16), 10 (27), 35 (25), 22 (39), 18 (50), 29 (38), 8 (59), 11 (53), 17 (62), 30 (74), 36 (98), 26 (77), 13 (71), 23 (70), 24 (69), 21 (95)]";10004
VNS;40;2;19217;14536.0;1000;"Maquina 1: [2 (14), 31 (5), 20 (20), 39 (24), 25 (74), 4 (29), 6 (28), 11 (53), 17 (62), 15 (49), 19 (31), 37 (51), 34 (63), 30 (74), 9 (64), 26 (77), 13 (71), 23 (70), 36 (98), 14 (88)]";9758;"Maquina 2: [7 (17), 0 (10), 38 (16), 16 (29), 10 (27), 35 (25), 5 (61), 33 (46), 27 (50), 29 (38), 8 (59), 22 (39), 18 (50), 12 (50), 32 (65), 1 (74), 24 (69), 21 (95), 3 (75), 28 (99)]";9459
Multiarranque;40;2;18504;1576.0;1000;"Maquina 1: [10 (27), 33 (46), 4 (29), 16 (29), 0 (10), 32 (65), 39 (24), 37 (51), 34 (63), 6 (28), 14 (88), 23 (70), 17 (62), 3 (75), 27 (50), 9 (64), 26 (77), 1 (74), 28 (99)]";9287;"Maquina 2: [31 (5), 20 (20), 7 (17), 38 (16), 2 (14), 18 (50), 29 (38), 35 (25), 22 (39), 8 (59), 15 (49), 19 (31), 25 (74), 12 (50), 11 (53), 5 (61), 24 (69), 30 (74), 36 (98), 13 (71), 21 (95)]";9217
GREEDY;40;2;21937;0.0;1;"Maquina 1: [25 (25), 19 (10), 7 (2), 13 (29), 35 (96), 30 (8), 10 (39), 39 (32), 4 (41), 29 (16), 31 (49), 2 (74), 20 (59), 6 (91), 18 (55), 15 (69), 37 (79), 27 (74), 1 (94), 14 (87)]";11222;"Maquina 2: [22 (8), 32 (18), 26 (45), 12 (27), 16 (19), 28 (16), 33 (91), 23 (39), 34 (33), 17 (10), 11 (74), 3 (31), 0 (79), 5 (88), 9 (54), 36 (94), 38 (69), 21 (56), 8 (85), 24 (63)]";10715
GRASP;40;2;22159;1003.0;1000;"Maquina 1: [16 (19), 25 (25), 19 (10), 7 (2), 13 (29), 10 (39), 39 (32), 4 (41), 29 (16), 12 (27), 26 (45), 2 (74), 14 (87), 0 (79), 11 (74), 20 (59), 1 (94), 38 (69), 27 (74), 24 (63), 36 (94)]";12128;"Maquina 2: [22 (8), 32 (18), 28 (16), 23 (39), 34 (33), 31 (49), 3 (31), 5 (88), 9 (54), 17 (10), 18 (55), 15 (69), 37 (79), 33 (91), 30 (8), 21 (56), 35 (96), 6 (91), 8 (85)]";10031
LNS;40;2;21937;166.0;1000;"Maquina 1: [25 (25), 19 (10), 7 (2), 13 (29), 35 (96), 30 (8), 10 (39), 39 (32), 4 (41), 29 (16), 31 (49), 2 (74), 20 (59), 6 (91), 18 (55), 15 (69), 37 (79), 27 (74), 1 (94), 14 (87)]";11222;"Maquina 2: [22 (8), 32 (18), 26 (45), 12 (27), 16 (19), 28 (16), 33 (91), 23 (39), 34 (33), 17 (10), 11 (74), 3 (31), 0 (79), 5 (88), 9 (54), 36 (94), 38 (69), 21 (56), 8 (85), 24 (63)]";10715
TABÚ;40;2;21878;278.0;1000;"Maquina 1: [25 (25), 39 (32), 22 (8), 32 (18), 29 (16), 31 (49), 3 (31), 15 (69), 19 (10), 21 (56), 30 (8), 23 (39), 8 (85), 9 (54), 26 (45), 24 (63), 36 (94), 11 (74), 14 (87), 0 (79), 6 (91)]";11129;"Maquina 2: [13 (29), 7 (2), 34 (33), 17 (10), 38 (69), 12 (27), 37 (79), 10 (39), 28 (16), 33 (91), 16 (19), 18 (55), 4 (41), 20 (59), 2 (74), 5 (88), 1 (94), 35 (96), 27 (74)]";10749
VNS;40;2;21032;22101.0;1000;"Maquina 1: [19 (10), 21 (56), 7 (2), 13 (29), 24 (63), 30 (8), 10 (39), 39 (32), 29 (16), 31 (49), 2 (74), 20 (59), 6 (91), 18 (55), 15 (69), 37 (79), 38 (69), 33 (91), 1 (94), 35 (96)]";11244;"Maquina 2: [25 (25), 22 (8), 32 (18), 26 (45), 12 (27), 16 (19), 28 (16), 27 (74), 4 (41), 23 (39), 34 (33), 17 (10), 11 (74), 3 (31), 0 (79), 5 (88), 9 (54), 36 (94), 8 (85), 14 (87)]";9788
Multiarranque;40;2;20520;1555.0;1000;"Maquina 1: [29 (16), 16 (19), 28 (16), 23 (39), 4 (41), 13 (29), 7 (2), 21 (56), 30 (8), 8 (85), 19 (10), 2 (74), 0 (79), 24 (63), 6 (91), 5 (88), 9 (54), 11 (74), 35 (96), 1 (94)]";10405;"Maquina 2: [12 (27), 22 (8), 32 (18), 26 (45), 17 (10), 18 (55), 3 (31), 27 (74), 31 (49), 25 (25), 39 (32), 34 (33), 14 (87), 15 (69), 10 (39), 37 (79), 20 (59), 36 (94), 38 (69), 33 (91)]";10115
GREEDY;40;2;14179;0.0;1;"Maquina 1: [13 (5), 12 (3), 30 (15), 26 (18), 35 (6), 27 (16), 0 (3), 22 (60), 1 (22), 16 (40), 10 (65), 33 (45), 24 (29), 20 (55), 21 (51), 9 (29), 36 (54), 11 (90), 34 (95), 2 (71)]";6957;"Maquina 2: [37 (4), 7 (5), 25 (10), 39 (27), 38 (16), 8 (3), 19 (14), 6 (31), 23 (29), 29 (19), 3 (52), 18 (61), 14 (55), 5 (49), 31 (69), 28 (55), 4 (42), 17 (90), 15 (81), 32 (99)]";7222
GRASP;40;2;13754;1000.0;1000;"Maquina 1: [12 (3), 7 (5), 27 (16), 0 (3), 19 (14), 9 (29), 30 (15), 25 (10), 16 (40), 23 (29), 21 (51), 39 (27), 5 (49), 36 (54), 10 (65), 3 (52), 31 (69), 17 (90), 28 (55), 32 (99)]";6592;"Maquina 2: [37 (4), 35 (6), 8 (3), 13 (5), 24 (29), 38 (16), 6 (31), 26 (18), 1 (22), 29 (19), 14 (55), 33 (45), 20 (55), 18 (61), 4 (42), 22 (60), 15 (81), 2 (71), 34 (95), 11 (90)]";7162
LNS;40;2;13896;164.0;1000;"Maquina 1: [13 (5), 12 (3), 30 (15), 26 (18), 35 (6), 27 (16), 0 (3), 22 (60), 1 (22), 16 (40), 10 (65), 33 (45), 24 (29), 20 (55), 21 (51), 9 (29), 36 (54), 11 (90), 34 (95), 2 (71)]";6957;"Maquina 2: [37 (4), 7 (5), 25 (10), 39 (27), 19 (14), 8 (3), 38 (16), 6 (31), 23 (29), 29 (19), 3 (52), 18 (61), 14 (55), 5 (49), 31 (69), 28 (55), 4 (42), 17 (90), 15 (81), 32 (99)]";6939
TABÚ;40;2;13626;279.0;1000;"Maquina 1: [35 (6), 8 (3), 0 (3), 19 (14), 12 (3), 7 (5), 23 (29), 21 (51), 26 (18), 1 (22), 37 (4), 24 (29), 3 (52), 29 (19), 14 (55), 15 (81), 20 (55), 31 (69), 2 (71), 34 (95), 32 (99)]";6616;"Maquina 2: [13 (5), 25 (10), 30 (15), 27 (16), 39 (27), 9 (29), 38 (16), 16 (40), 4 (42), 33 (45), 28 (55), 5 (49), 18 (61), 22 (60), 6 (31), 10 (65), 36 (54), 11 (90), 17 (90)]";7010
VNS;40;2;13213;17207.0;1000;"Maquina 1: [8 (3), 35 (6), 12 (3), 30 (15), 26 (18), 13 (5), 25 (10), 22 (60), 1 (22), 16 (40), 4 (42), 33 (45), 24 (29), 20 (55), 36 (54), 21 (51), 11 (90), 15 (81), 34 (95), 32 (99)]";6771;"Maquina 2: [37 (4), 7 (5), 27 (16), 0 (3), 38 (16), 39 (27), 19 (14), 6 (31), 23 (29), 29 (19), 3 (52), 18 (61), 14 (55), 5 (49), 31 (69), 9 (29), 28 (55), 10 (65), 17 (90), 2 (71)]";6442
Multiarranque;40;2;13089;1529.0;1000;"Maquina 1: [37 (4), 7 (5), 27 (16), 12 (3), 23 (29), 30 (15), 3 (52), 29 (19), 25 (10), 22 (60), 6 (31), 28 (55), 4 (42), 21 (51), 36 (54), 10 (65), 17 (90), 11 (90), 34 (95)]";6178;"Maquina 2: [26 (18), 35 (6), 8 (3), 0 (3), 19 (14), 13 (5), 24 (29), 38 (16), 1 (22), 39 (27), 9 (29), 14 (55), 5 (49), 18 (61), 16 (40), 33 (45), 20 (55), 15 (81), 32 (99), 31 (69), 2 (71)]";6911
GREEDY;40;2;22661;1.0;1;"Maquina 1: [26 (31), 9 (22), 11 (41), 38 (5), 17 (25), 22 (17), 3 (44), 13 (50), 28 (34), 6 (55), 34 (46), 12 (46), 0 (70), 1 (82), 24 (55), 30 (70), 23 (62), 35 (86), 7 (93), 19 (96)]";11082;"Maquina 2: [5 (33), 21 (48), 29 (25), 25 (17), 37 (13), 15 (47), 18 (18), 4 (23), 32 (34), 8 (51), 33 (59), 2 (68), 36 (43), 10 (76), 31 (94), 27 (70), 20 (44), 16 (82), 39 (90), 14 (98)]";11579
GRASP;40;2;22448;1015.0;1000;"Maquina 1: [15 (47), 4 (23), 38 (5), 17 (25), 22 (17), 24 (55), 26 (31), 28 (34), 10 (76), 13 (50), 32 (34), 0 (70), 36 (43), 6 (55), 23 (62), 27 (70), 3 (44), 39 (90), 16 (82), 19 (96)]";11264;"Maquina 2: [18 (18), 37 (13), 9 (22), 29 (25), 5 (33), 34 (46), 25 (17), 33 (59), 20 (44), 21 (48), 12 (46), 8 (51), 2 (68), 30 (70), 11 (41), 1 (82), 35 (86), 7 (93), 14 (98), 31 (94)]";11184
LNS;40;2;21419;166.0;1000;"Maquina 1: [26 (31), 9 (22), 11 (41), 38 (5), 17 (25), 22 (17), 24 (55), 13 (50), 28 (34), 6 (55), 34 (46), 12 (46), 0 (70), 1 (82), 3 (44), 30 (70), 23 (62), 35 (86), 7 (93), 19 (96)]";10688;"Maquina 2: [5 (33), 21 (48), 29 (25), 25 (17), 37 (13), 15 (47), 4 (23), 18 (18), 27 (70), 8 (51), 33 (59), 2 (68), 36 (43), 10 (76), 31 (94), 32 (34), 20 (44), 16 (82), 39 (90), 14 (98)]";10731
TABÚ;40;2;21010;278.0;1000;"Maquina 1: [4 (23), 38 (5), 10 (76), 22 (17), 23 (62), 5 (33), 29 (25), 24 (55), 20 (44), 3 (44), 8 (51), 33 (59), 32 (34), 7 (93), 15 (47), 16 (82), 39 (90), 27 (70), 19 (96), 14 (98)]";11208;"Maquina 2: [18 (18), 37 (13), 26 (31), 9 (22), 13 (50), 28 (34), 17 (25), 11 (41), 25 (17), 36 (43), 0 (70), 21 (48), 12 (46), 34 (46), 2 (68), 30 (70), 35 (86), 6 (55), 1 (82), 31 (94)]";9802
VNS;40;2;20527;12872.0;1000;"Maquina 1: [26 (31), 9 (22), 11 (41), 38 (5), 17 (25), 18 (18), 24 (55), 13 (50), 28 (34), 6 (55), 20 (44), 34 (46), 16 (82), 12 (46), 8 (51), 23 (62), 36 (43), 14 (98), 35 (86), 10 (76)]";10219;"Maquina 2: [5 (33), 21 (48), 29 (25), 25 (17), 37 (13), 15 (47), 4 (23), 22 (17), 32 (34), 0 (70), 33 (59), 1 (82), 3 (44), 2 (68), 30 (70), 27 (70), 7 (93), 39 (90), 19 (96), 31 (94)]";10308
Multiarranque;40;2;20154;1583.0;1000;"Maquina 1: [4 (23), 17 (25), 25 (17), 37 (13), 15 (47), 18 (18), 27 (70), 22 (17), 23 (62), 5 (33), 20 (44), 3 (44), 8 (51), 2 (68), 36 (43), 39 (90), 30 (70), 1 (82), 19 (96), 31 (94)]";9861;"Maquina 2: [38 (5), 13 (50), 26 (31), 9 (22), 29 (25), 24 (55), 28 (34), 6 (55), 34 (46), 12 (46), 21 (48), 11 (41), 0 (70), 32 (34), 35 (86), 10 (76), 33 (59), 7 (93), 14 (98), 16 (82)]";10293
GREEDY;40;2;22507;0.0;1;"Maquina 1: [18 (1), 10 (10), 34 (40), 24 (17), 16 (37), 30 (16), 8 (36), 35 (38), 3 (24), 7 (18), 4 (66), 17 (63), 37 (72), 29 (84), 12 (56), 23 (70), 20 (78), 13 (88), 11 (97), 2 (86)]";11502;"Maquina 2: [38 (23), 9 (9), 15 (13), 6 (16), 32 (17), 14 (64), 33 (31), 0 (59), 26 (36), 21 (17), 31 (39), 22 (34), 25 (67), 28 (76), 1 (86), 19 (45), 39 (93), 36 (83), 27 (70), 5 (87)]";11005
GRASP;40;2;19956;1002.0;1000;"Maquina 1: [15 (13), 18 (1), 9 (9), 38 (23), 6 (16), 24 (17), 16 (37), 31 (39), 17 (63), 26 (36), 35 (38), 30 (16), 8 (36), 34 (40), 12 (56), 27 (70), 29 (84), 36 (83), 11 (97), 20 (78), 13 (88)]";9586;"Maquina 2: [21 (17), 10 (10), 37 (72), 32 (17), 23 (70), 33 (31), 0 (59), 7 (18), 22 (34), 25 (67), 28 (76), 19 (45), 3 (24), 14 (64), 5 (87), 4 (66), 2 (86), 1 (86), 39 (93)]";10370
LNS;40;2;21847;167.0;1000;"Maquina 1: [18 (1), 10 (10), 34 (40), 24 (17), 16 (37), 30 (16), 8 (36), 35 (38), 3 (24), 4 (66), 7 (18), 17 (63), 37 (72), 29 (84), 12 (56), 23 (70), 20 (78), 13 (88), 11 (97), 2 (86)]";11441;"Maquina 2: [31 (39), 9 (9), 15 (13), 6 (16), 32 (17), 14 (64), 33 (31), 0 (59), 36 (83), 21 (17), 38 (23), 22 (34), 25 (67), 28 (76), 1 (86), 19 (45), 26 (36), 39 (93), 27 (70), 5 (87)]";10406
TABÚ;40;2;20383;281.0;1000;"Maquina 1: [9 (9), 15 (13), 18 (1), 6 (16), 12 (56), 8 (36), 33 (31), 3 (24), 7 (18), 34 (40), 21 (17), 37 (72), 19 (45), 26 (36), 5 (87), 29 (84), 2 (86), 1 (86), 17 (63), 39 (93), 27 (70)]";10195;"Maquina 2: [10 (10), 38 (23), 24 (17), 35 (38), 16 (37), 31 (39), 30 (16), 32 (17), 22 (34), 23 (70), 0 (59), 36 (83), 25 (67), 28 (76), 4 (66), 14 (64), 20 (78), 13 (88), 11 (97)]";10188
VNS;40;2;18733;11066.0;1000;"Maquina 1: [10 (10), 34 (40), 24 (17), 35 (38), 16 (37), 3 (24), 26 (36), 38 (23), 0 (59), 17 (63), 29 (84), 12 (56), 23 (70), 5 (87), 20 (78), 36 (83), 11 (97), 13 (88)]";8576;"Maquina 2: [9 (9), 15 (13), 18 (1), 6 (16), 30 (16), 32 (17), 14 (64), 33 (31), 4 (66), 7 (18), 8 (36), 21 (17), 22 (34), 25 (67), 28 (76), 37 (72), 19 (45), 39 (93), 31 (39), 27 (70), 2 (86), 1 (86)]";10157
Multiarranque;40;2;19205;1532.0;1000;"Maquina 1: [26 (36), 32 (17), 9 (9), 15 (13), 18 (1), 16 (37), 24 (17), 22 (34), 29 (84), 31 (39), 27 (70), 33 (31), 0 (59), 36 (83), 14 (64), 20 (78), 13 (88), 25 (67), 28 (76), 37 (72)]";9738;"Maquina 2: [10 (10), 38 (23), 6 (16), 30 (16), 8 (36), 21 (17), 35 (38), 3 (24), 7 (18), 17 (63), 34 (40), 12 (56), 23 (70), 5 (87), 4 (66), 2 (86), 1 (86), 19 (45), 39 (93), 11 (97)]";9467
GREEDY;40;2;22377;1.0;1;"Maquina 1: [24 (3), 35 (25), 21 (21), 17 (19), 18 (22), 16 (11), 13 (26), 36 (43), 28 (58), 37 (66), 12 (34), 29 (26), 25 (63), 39 (73), 20 (67), 10 (71), 2 (72), 26 (92), 1 (48)]";10607;"Maquina 2: [3 (5), 0 (27), 22 (26), 5 (22), 7 (24), 30 (27), 32 (11), 8 (50), 34 (89), 38 (31), 14 (71), 6 (20), 19 (37), 27 (59), 9 (80), 4 (56), 11 (44), 31 (64), 33 (69), 15 (94), 23 (72)]";11770
GRASP;40;2;20346;1005.0;1000;"Maquina 1: [6 (20), 17 (19), 18 (22), 13 (26), 21 (21), 32 (11), 8 (50), 36 (43), 38 (31), 29 (26), 20 (67), 26 (92), 3 (5), 15 (94), 11 (44), 12 (34), 33 (69), 28 (58), 14 (71), 9 (80)]";10232;"Maquina 2: [24 (3), 35 (25), 5 (22), 0 (27), 16 (11), 31 (64), 22 (26), 27 (59), 25 (63), 4 (56), 7 (24), 39 (73), 30 (27), 34 (89), 19 (37), 37 (66), 1 (48), 23 (72), 10 (71), 2 (72)]";10114
LNS;40;2;20670;164.0;1000;"Maquina 1: [24 (3), 13 (26), 21 (21), 17 (19), 18 (22), 16 (11), 12 (34), 36 (43), 28 (58), 37 (66), 35 (25), 29 (26), 20 (67), 39 (73), 25 (63), 10 (71), 2 (72), 26 (92), 1 (48)]";9388;"Maquina 2: [3 (5), 0 (27), 22 (26), 5 (22), 7 (24), 30 (27), 32 (11), 8 (50), 34 (89), 27 (59), 14 (71), 6 (20), 38 (31), 19 (37), 9 (80), 4 (56), 11 (44), 31 (64), 33 (69), 15 (94), 23 (72)]";11282
TABÚ;40;2;19563;281.0;1000;"Maquina 1: [38 (31), 35 (25), 18 (22), 24 (3), 13 (26), 21 (21), 3 (5), 0 (27), 16 (11), 6 (20), 12 (34), 11 (44), 31 (64), 33 (69), 1 (48), 20 (67), 10 (71), 7 (24), 39 (73), 26 (92), 15 (94)]";9876;"Maquina 2: [22 (26), 5 (22), 36 (43), 32 (11), 8 (50), 17 (19), 14 (71), 30 (27), 29 (26), 19 (37), 37 (66), 27 (59), 25 (63), 4 (56), 2 (72), 34 (89), 28 (58), 23 (72), 9 (80)]";9687
VNS;40;2;18979;12161.0;1000;"Maquina 1: [24 (3), 38 (31), 35 (25), 17 (19), 18 (22), 16 (11), 12 (34), 36 (43), 28 (58), 37 (66), 1 (48), 20 (67), 26 (92), 23 (72), 7 (24), 39 (73), 10 (71), 33 (69), 25 (63)]";9059;"Maquina 2: [3 (5), 0 (27), 22 (26), 5 (22), 6 (20), 30 (27), 32 (11), 8 (50), 34 (89), 27 (59), 14 (71), 29 (26), 19 (37), 9 (80), 4 (56), 21 (21), 13 (26), 11 (44), 31 (64), 2 (72), 15 (94)]";9920
Multiarranque;40;2;19095;1567.0;1000;"Maquina 1: [21 (21), 13 (26), 6 (20), 32 (11), 8 (50), 35 (25), 20 (67), 7 (24), 39 (73), 30 (27), 29 (26), 16 (11), 33 (69), 12 (34), 2 (72), 14 (71), 28 (58), 15 (94)]";8170;"Maquina 2: [3 (5), 0 (27), 22 (26), 5 (22), 36 (43), 4 (56), 24 (3), 38 (31), 17 (19), 18 (22), 27 (59), 11 (44), 31 (64), 19 (37), 9 (80), 37 (66), 1 (48), 10 (71), 26 (92), 23 (72), 25 (63), 34 (89)]";10925
GREEDY;40;2;17120;1.0;1;"Maquina 1: [7 (10), 19 (2), 18 (25), 1 (4), 6 (29), 23 (25), 17 (36), 3 (35), 28 (29), 25 (48), 33 (44), 26 (45), 22 (55), 34 (41), 13 (72), 0 (64), 29 (73), 30 (84), 12 (97), 39 (90)]";8119;"Maquina 2: [8 (3), 15 (4), 21 (28), 14 (46), 10 (25), 35 (9), 31 (35), 16 (44), 27 (28), 4 (30), 38 (67), 24 (41), 37 (44), 5 (54), 36 (72), 11 (58), 32 (85), 2 (80), 20 (92), 9 (98)]";9001
GRASP;40;2;16560;1001.0;1000;"Maquina 1: [15 (4), 21 (28), 10 (25), 35 (9), 6 (29), 27 (28), 31 (35), 33 (44), 22 (55), 25 (48), 5 (54), 26 (45), 14 (46), 13 (72), 32 (85), 2 (80), 38 (67), 39 (90), 20 (92)]";8178;"Maquina 2: [8 (3), 1 (4), 19 (2), 18 (25), 7 (10), 28 (29), 23 (25), 17 (36), 16 (44), 34 (41), 24 (41), 3 (35), 37 (44), 0 (64), 4 (30), 29 (73), 36 (72), 11 (58), 12 (97), 30 (84), 9 (98)]";8382
LNS;40;2;17119;165.0;1000;"Maquina 1: [7 (10), 19 (2), 18 (25), 1 (4), 6 (29), 23 (25), 17 (36), 3 (35), 28 (29), 25 (48), 33 (44), 26 (45), 22 (55), 34 (41), 13 (72), 0 (64), 29 (73), 30 (84), 12 (97), 39 (90)]";8119;"Maquina 2: [8 (3), 15 (4), 21 (28), 14 (46), 10 (25), 35 (9), 31 (35), 16 (44), 27 (28), 38 (67), 4 (30), 24 (41), 37 (44), 5 (54), 36 (72), 11 (58), 32 (85), 2 (80), 20 (92), 9 (98)]";9000
TABÚ;40;2;17004;277.0;1000;"Maquina 1: [1 (4), 35 (9), 21 (28), 10 (25), 7 (10), 23 (25), 31 (35), 34 (41), 4 (30), 17 (36), 33 (44), 25 (48), 5 (54), 29 (73), 36 (72), 38 (67), 22 (55), 12 (97), 30 (84), 9 (98)]";8848;"Maquina 2: [8 (3), 15 (4), 19 (2), 18 (25), 14 (46), 16 (44), 27 (28), 28 (29), 3 (35), 24 (41), 37 (44), 0 (64), 6 (29), 11 (58), 26 (45), 20 (92), 13 (72), 2 (80), 39 (90), 32 (85)]";8156
VNS;40;2;16157;17187.0;1000;"Maquina 1: [19 (2), 18 (25), 1 (4), 6 (29), 27 (28), 21 (28), 10 (25), 17 (36), 3 (35), 25 (48), 5 (54), 26 (45), 38 (67), 34 (41), 13 (72), 0 (64), 29 (73), 30 (84), 12 (97), 9 (98)]";8375;"Maquina 2: [7 (10), 8 (3), 15 (4), 14 (46), 28 (29), 35 (9), 31 (35), 16 (44), 23 (25), 4 (30), 22 (55), 24 (41), 37 (44), 33 (44), 36 (72), 11 (58), 32 (85), 2 (80), 20 (92), 39 (90)]";7782
Multiarranque;40;2;16257;1552.0;1000;"Maquina 1: [8 (3), 1 (4), 10 (25), 17 (36), 27 (28), 18 (25), 34 (41), 23 (25), 4 (30), 22 (55), 25 (48), 37 (44), 33 (44), 26 (45), 36 (72), 13 (72), 2 (80), 30 (84), 9 (98), 20 (92)]";8345;"Maquina 2: [7 (10), 15 (4), 19 (2), 3 (35), 28 (29), 35 (9), 14 (46), 21 (28), 6 (29), 5 (54), 24 (41), 31 (35), 29 (73), 16 (44), 38 (67), 0 (64), 11 (58), 39 (90), 32 (85), 12 (97)]";7912
GREEDY;40;2;19956;1.0;1;"Maquina 1: [2 (14), 31 (5), 20 (20), 39 (24), 25 (74), 4 (29), 10 (27), 22 (39), 8 (59), 15 (49), 19 (31), 37 (51), 17 (62), 24 (69), 18 (50), 9 (64), 13 (71), 3 (75), 36 (98), 14 (88)]";9767;"Maquina 2: [7 (17), 0 (10), 38 (16), 16 (29), 6 (28), 35 (25), 5 (61), 33 (46), 27 (50), 29 (38), 34 (63), 11 (53), 12 (50), 32 (65), 1 (74), 26 (77), 30 (74), 23 (70), 28 (99), 21 (95)]";10189
GRASP;40;2;18920;1011.0;1000;"Maquina 1: [7 (17), 16 (29), 0 (10), 6 (28), 35 (25), 10 (27), 4 (29), 29 (38), 8 (59), 33 (46), 5 (61), 18 (50), 34 (63), 30 (74), 24 (69), 9 (64), 23 (70), 36 (98), 26 (77), 28 (99)]";9715;"Maquina 2: [31 (5), 20 (20), 39 (24), 38 (16), 2 (14), 15 (49), 19 (31), 37 (51), 17 (62), 22 (39), 12 (50), 11 (53), 3 (75), 27 (50), 13 (71), 14 (88), 25 (74), 32 (65), 1 (74), 21 (95)]";9205
LNS;40;2;19792;163.0;1000;"Maquina 1: [4 (29), 31 (5), 20 (20), 39 (24), 25 (74), 2 (14), 10 (27), 22 (39), 8 (59), 15 (49), 19 (31), 37 (51), 17 (62), 24 (69), 18 (50), 9 (64), 13 (71), 3 (75), 36 (98), 14 (88)]";9668;"Maquina 2: [7 (17), 0 (10), 38 (16), 16 (29), 6 (28), 35 (25), 5 (61), 33 (46), 27 (50), 29 (38), 1 (74), 11 (53), 12 (50), 32 (65), 26 (77), 34 (63), 30 (74), 23 (70), 28 (99), 21 (95)]";10124
TABÚ;40;2;18991;286.0;1000;"Maquina 1: [16 (29), 0 (10), 35 (25), 4 (29), 2 (14), 10 (27), 39 (24), 37 (51), 5 (61), 33 (46), 13 (71), 19 (31), 9 (64), 11 (53), 34 (63), 3 (75), 30 (74), 24 (69), 21 (95), 36 (98)]";9096;"Maquina 2: [31 (5), 20 (20), 7 (17), 29 (38), 38 (16), 12 (50), 27 (50), 17 (62), 22 (39), 15 (49), 6 (28), 18 (50), 8 (59), 14 (88), 23 (70), 32 (65), 25 (74), 26 (77), 1 (74), 28 (99)]";9895
VNS;40;2;18500;13360.0;1000;"Maquina 1: [31 (5), 20 (20), 32 (65), 39 (24), 18 (50), 6 (28), 11 (53), 15 (49), 19 (31), 37 (51), 17 (62), 24 (69), 30 (74), 1 (74), 14 (88), 23 (70), 36 (98), 13 (71)]";8367;"Maquina 2: [7 (17), 16 (29), 0 (10), 38 (16), 2 (14), 10 (27), 35 (25), 5 (61), 33 (46), 4 (29), 29 (38), 22 (39), 9 (64), 25 (74), 12 (50), 27 (50), 8 (59), 26 (77), 34 (63), 3 (75), 28 (99), 21 (95)]";10133
Multiarranque;40;2;18424;1577.0;1000;"Maquina 1: [31 (5), 20 (20), 7 (17), 38 (16), 16 (29), 0 (10), 27 (50), 22 (39), 8 (59), 15 (49), 34 (63), 35 (25), 26 (77), 37 (51), 5 (61), 32 (65), 24 (69), 21 (95), 30 (74), 23 (70), 28 (99)]";9536;"Maquina 2: [2 (14), 10 (27), 39 (24), 6 (28), 18 (50), 29 (38), 4 (29), 13 (71), 12 (50), 19 (31), 33 (46), 9 (64), 11 (53), 3 (75), 25 (74), 17 (62), 36 (98), 1 (74), 14 (88)]";8888
GREEDY;40;2;27223;0.0;1;"Maquina 1: [10 (4), 29 (17), 35 (8), 33 (20), 32 (68), 34 (37), 8 (44), 30 (59), 14 (70), 19 (72), 7 (77), 11 (54), 21 (97), 5 (88), 28 (30), 15 (25), 20 (83), 25 (95), 26 (91), 4 (90)]";13118;"Maquina 2: [0 (38), 38 (12), 39 (30), 6 (75), 1 (30), 17 (5), 9 (81), 2 (49), 22 (20), 31 (71), 13 (35), 16 (61), 23 (55), 36 (83), 27 (61), 3 (90), 37 (99), 12 (90), 18 (97), 24 (92)]";14105
GRASP;40;2;24560;998.0;1000;"Maquina 1: [17 (5), 35 (8), 1 (30), 15 (25), 30 (59), 19 (72), 38 (12), 8 (44), 23 (55), 13 (35), 16 (61), 36 (83), 27 (61), 5 (88), 37 (99), 12 (90), 9 (81), 21 (97), 18 (97), 3 (90)]";12803;"Maquina 2: [34 (37), 10 (4), 29 (17), 2 (49), 22 (20), 39 (30), 28 (30), 0 (38), 14 (70), 25 (95), 33 (20), 32 (68), 31 (71), 20 (83), 24 (92), 6 (75), 4 (90), 7 (77), 26 (91), 11 (54)]";11757
LNS;40;2;26877;162.0;1000;"Maquina 1: [10 (4), 29 (17), 35 (8), 33 (20), 32 (68), 34 (37), 8 (44), 30 (59), 14 (70), 19 (72), 7 (77), 11 (54), 21 (97), 5 (88), 28 (30), 15 (25), 20 (83), 25 (95), 26 (91), 4 (90)]";13118;"Maquina 2: [0 (38), 38 (12), 39 (30), 6 (75), 1 (30), 17 (5), 18 (97), 2 (49), 22 (20), 31 (71), 13 (35), 16 (61), 23 (55), 36 (83), 27 (61), 3 (90), 37 (99), 12 (90), 9 (81), 24 (92)]";13759
TABÚ;40;2;23991;281.0;1000;"Maquina 1: [15 (25), 22 (20), 13 (35), 35 (8), 33 (20), 39 (30), 16 (61), 28 (30), 7 (77), 32 (68), 8 (44), 30 (59), 4 (90), 6 (75), 11 (54), 25 (95), 36 (83), 37 (99), 21 (97), 26 (91)]";11663;"Maquina 2: [34 (37), 10 (4), 29 (17), 17 (5), 9 (81), 1 (30), 23 (55), 0 (38), 38 (12), 12 (90), 27 (61), 3 (90), 14 (70), 31 (71), 20 (83), 2 (49), 5 (88), 19 (72), 24 (92), 18 (97)]";12328
VNS;40;2;24072;13808.0;1000;"Maquina 1: [10 (4), 29 (17), 35 (8), 33 (20), 32 (68), 34 (37), 8 (44), 30 (59), 14 (70), 19 (72), 37 (99), 21 (97), 5 (88), 12 (90), 9 (81), 26 (91), 25 (95), 23 (55), 3 (90)]";11495;"Maquina 2: [28 (30), 0 (38), 38 (12), 39 (30), 6 (75), 11 (54), 1 (30), 17 (5), 18 (97), 2 (49), 22 (20), 13 (35), 16 (61), 15 (25), 31 (71), 20 (83), 36 (83), 27 (61), 24 (92), 4 (90), 7 (77)]";12577
Multiarranque;40;2;22864;1551.0;1000;"Maquina 1: [33 (20), 0 (38), 38 (12), 39 (30), 13 (35), 30 (59), 26 (91), 17 (5), 29 (17), 2 (49), 16 (61), 28 (30), 31 (71), 20 (83), 25 (95), 24 (92), 4 (90), 7 (77), 37 (99), 21 (97)]";10863;"Maquina 2: [15 (25), 22 (20), 35 (8), 1 (30), 34 (37), 10 (4), 32 (68), 5 (88), 14 (70), 36 (83), 27 (61), 3 (90), 6 (75), 11 (54), 12 (90), 9 (81), 8 (44), 23 (55), 19 (72), 18 (97)]";12001
GREEDY;40;2;17957;1.0;1;"Maquina 1: [35 (20), 28 (5), 36 (46), 15 (25), 2 (2), 24 (3), 32 (22), 39 (13), 10 (35), 9 (31), 0 (58), 6 (27), 22 (38), 3 (63), 16 (55), 1 (67), 27 (73), 12 (94), 29 (75), 26 (86)]";8491;"Maquina 2: [38 (3), 4 (6), 21 (40), 25 (14), 23 (3), 30 (25), 34 (49), 19 (29), 14 (19), 31 (31), 7 (58), 18 (35), 11 (80), 13 (48), 17 (91), 8 (63), 33 (56), 20 (84), 37 (69), 5 (97)]";9466
GRASP;40;2;18532;1008.0;1000;"Maquina 1: [6 (27), 25 (14), 4 (6), 24 (3), 22 (38), 35 (20), 15 (25), 18 (35), 9 (31), 13 (48), 23 (3), 10 (35), 3 (63), 5 (97), 0 (58), 16 (55), 7 (58), 8 (63), 12 (94), 17 (91)]";9358;"Maquina 2: [31 (31), 28 (5), 39 (13), 38 (3), 2 (2), 19 (29), 37 (69), 21 (40), 36 (46), 30 (25), 32 (22), 29 (75), 11 (80), 14 (19), 34 (49), 33 (56), 20 (84), 1 (67), 27 (73), 26 (86)]";9174
LNS;40;2;17878;161.0;1000;"Maquina 1: [35 (20), 28 (5), 36 (46), 15 (25), 2 (2), 24 (3), 32 (22), 39 (13), 10 (35), 9 (31), 0 (58), 6 (27), 22 (38), 3 (63), 16 (55), 1 (67), 27 (73), 12 (94), 29 (75), 26 (86)]";8491;"Maquina 2: [19 (29), 4 (6), 21 (40), 25 (14), 23 (3), 30 (25), 34 (49), 38 (3), 14 (19), 31 (31), 7 (58), 18 (35), 11 (80), 13 (48), 17 (91), 8 (63), 33 (56), 20 (84), 37 (69), 5 (97)]";9387
TABÚ;40;2;17222;282.0;1000;"Maquina 1: [19 (29), 4 (6), 28 (5), 36 (46), 14 (19), 20 (84), 24 (3), 32 (22), 29 (75), 10 (35), 18 (35), 21 (40), 16 (55), 1 (67), 27 (73), 33 (56), 0 (58), 5 (97), 37 (69)]";8247;"Maquina 2: [39 (13), 25 (14), 23 (3), 34 (49), 38 (3), 2 (2), 35 (20), 9 (31), 31 (31), 13 (48), 30 (25), 3 (63), 6 (27), 7 (58), 8 (63), 15 (25), 11 (80), 26 (86), 12 (94), 22 (38), 17 (91)]";8975
VNS;40;2;16658;22193.0;1000;"Maquina 1: [35 (20), 28 (5), 36 (46), 15 (25), 2 (2), 24 (3), 32 (22), 39 (13), 9 (31), 0 (58), 4 (6), 21 (40), 22 (38), 3 (63), 16 (55), 8 (63), 29 (75), 27 (73), 12 (94), 34 (49), 5 (97)]";8576;"Maquina 2: [38 (3), 6 (27), 25 (14), 23 (3), 1 (67), 19 (29), 14 (19), 31 (31), 7 (58), 10 (35), 18 (35), 11 (80), 13 (48), 30 (25), 17 (91), 33 (56), 20 (84), 37 (69), 26 (86)]";8082
Multiarranque;40;2;15925;1527.0;1000;"Maquina 1: [24 (3), 32 (22), 2 (2), 19 (29), 25 (14), 4 (6), 23 (3), 28 (5), 36 (46), 30 (25), 3 (63), 10 (35), 21 (40), 16 (55), 1 (67), 0 (58), 5 (97), 37 (69), 11 (80), 26 (86), 12 (94)]";8151;"Maquina 2: [14 (19), 35 (20), 15 (25), 39 (13), 38 (3), 6 (27), 22 (38), 18 (35), 9 (31), 31 (31), 13 (48), 27 (73), 7 (58), 8 (63), 29 (75), 33 (56), 34 (49), 20 (84), 17 (91)]";7774
GREEDY;40;2;22994;0.0;1;"Maquina 1: [12 (16), 1 (2), 5 (11), 3 (29), 4 (23), 39 (57), 2 (50), 29 (32), 22 (29), 13 (57), 0 (61), 15 (53), 18 (68), 19 (52), 31 (78), 30 (71), 23 (91), 24 (83), 7 (99), 33 (89), 9 (83)]";12041;"Maquina 2: [21 (18), 34 (34), 25 (2), 26 (32), 27 (15), 28 (25), 38 (50), 6 (81), 36 (68), 10 (53), 8 (44), 16 (68), 35 (53), 32 (57), 37 (84), 14 (77), 17 (83), 11 (91), 20 (92)]";10953
GRASP;40;2;22407;1003.0;1000;"Maquina 1: [3 (29), 4 (23), 12 (16), 1 (2), 18 (68), 29 (32), 39 (57), 10 (53), 38 (50), 0 (61), 15 (53), 35 (53), 30 (71), 23 (91), 32 (57), 9 (83), 20 (92), 33 (89), 11 (91), 24 (83)]";11654;"Maquina 2: [5 (11), 21 (18), 27 (15), 34 (34), 2 (50), 25 (2), 26 (32), 22 (29), 13 (57), 19 (52), 37 (84), 36 (68), 16 (68), 7 (99), 8 (44), 28 (25), 17 (83), 14 (77), 6 (81), 31 (78)]";10753
LNS;40;2;22914;168.0;1000;"Maquina 1: [12 (16), 1 (2), 5 (11), 3 (29), 4 (23), 39 (57), 2 (50), 29 (32), 22 (29), 13 (57), 0 (61), 15 (53), 24 (83), 19 (52), 31 (78), 30 (71), 23 (91), 18 (68), 7 (99), 33 (89), 9 (83)]";12015;"Maquina 2: [21 (18), 34 (34), 25 (2), 26 (32), 27 (15), 28 (25), 38 (50), 6 (81), 36 (68), 10 (53), 8 (44), 16 (68), 32 (57), 35 (53), 37 (84), 11 (91), 17 (83), 14 (77), 20 (92)]";10899
TABÚ;40;2;22630;279.0;1000;"Maquina 1: [4 (23), 12 (16), 1 (2), 27 (15), 34 (34), 26 (32), 22 (29), 8 (44), 24 (83), 19 (52), 0 (61), 15 (53), 20 (92), 18 (68), 23 (91), 13 (57), 6 (81), 31 (78), 17 (83), 11 (91)]";11307;"Maquina 2: [21 (18), 5 (11), 16 (68), 25 (2), 35 (53), 3 (29), 2 (50), 30 (71), 28 (25), 29 (32), 39 (57), 10 (53), 38 (50), 9 (83), 36 (68), 32 (57), 37 (84), 33 (89), 14 (77), 7 (99)]";11323
VNS;40;2;21057;15614.0;1000;"Maquina 1: [12 (16), 1 (2), 5 (11), 3 (29), 10 (53), 39 (57), 21 (18), 2 (50), 29 (32), 22 (29), 13 (57), 0 (61), 15 (53), 6 (81), 9 (83), 24 (83), 30 (71), 23 (91), 7 (99), 33 (89)]";10057;"Maquina 2: [25 (2), 19 (52), 34 (34), 26 (32), 27 (15), 28 (25), 38 (50), 31 (78), 35 (53), 36 (68), 4 (23), 8 (44), 16 (68), 32 (57), 37 (84), 14 (77), 20 (92), 18 (68), 11 (91), 17 (83)]";11000
Multiarranque;40;2;21216;1554.0;1000;"Maquina 1: [12 (16), 8 (44), 9 (83), 21 (18), 13 (57), 28 (25), 38 (50), 34 (34), 26 (32), 19 (52), 10 (53), 11 (91), 36 (68), 16 (68), 14 (77), 31 (78), 20 (92), 6 (81), 7 (99)]";10800;"Maquina 2: [22 (29), 1 (2), 25 (2), 2 (50), 29 (32), 27 (15), 5 (11), 3 (29), 4 (23), 39 (57), 0 (61), 15 (53), 35 (53), 30 (71), 23 (91), 32 (57), 18 (68), 17 (83), 37 (84), 33 (89), 24 (83)]";10416
GREEDY;40;2;14873;0.0;1;"Maquina 1: [10 (13), 3 (4), 9 (2), 31 (10), 18 (29), 12 (5), 23 (7), 33 (20), 2 (27), 26 (33), 6 (43), 16 (67), 15 (56), 11 (48), 1 (66), 27 (74), 36 (82), 37 (77), 39 (96), 29 (89)]";7357;"Maquina 2: [8 (8), 30 (2), 38 (18), 17 (6), 4 (23), 7 (4), 13 (52), 19 (9), 35 (31), 20 (20), 22 (98), 25 (56), 0 (34), 34 (67), 21 (76), 28 (46), 14 (67), 32 (80), 24 (90), 5 (85)]";7516
GRASP;40;2;14303;1000.0;1000;"Maquina 1: [12 (5), 20 (20), 19 (9), 9 (2), 17 (6), 4 (23), 38 (18), 30 (2), 1 (66), 2 (27), 26 (33), 33 (20), 37 (77), 6 (43), 25 (56), 5 (85), 16 (67), 32 (80), 29 (89), 21 (76), 22 (98)]";7708;"Maquina 2: [10 (13), 3 (4), 7 (4), 23 (7), 8 (8), 31 (10), 18 (29), 35 (31), 11 (48), 0 (34), 34 (67), 15 (56), 28 (46), 13 (52), 27 (74), 36 (82), 14 (67), 24 (90), 39 (96)]";6595
LNS;40;2;14721;164.0;1000;"Maquina 1: [10 (13), 3 (4), 9 (2), 31 (10), 18 (29), 12 (5), 23 (7), 33 (20), 2 (27), 26 (33), 6 (43), 16 (67), 1 (66), 11 (48), 15 (56), 27 (74), 36 (82), 37 (77), 39 (96), 29 (89)]";7205;"Maquina 2: [8 (8), 30 (2), 38 (18), 17 (6), 4 (23), 7 (4), 13 (52), 19 (9), 35 (31), 20 (20), 22 (98), 25 (56), 0 (34), 34 (67), 21 (76), 28 (46), 14 (67), 32 (80), 24 (90), 5 (85)]";7516
TABÚ;40;2;14196;285.0;1000;"Maquina 1: [3 (4), 35 (31), 23 (7), 26 (33), 12 (5), 8 (8), 31 (10), 18 (29), 34 (67), 33 (20), 21 (76), 16 (67), 1 (66), 15 (56), 27 (74), 36 (82), 14 (67), 32 (80), 39 (96)]";7171;"Maquina 2: [4 (23), 7 (4), 9 (2), 38 (18), 30 (2), 20 (20), 19 (9), 10 (13), 2 (27), 17 (6), 28 (46), 13 (52), 0 (34), 37 (77), 6 (43), 22 (98), 25 (56), 11 (48), 5 (85), 24 (90), 29 (89)]";7025
VNS;40;2;14077;18193.0;1000;"Maquina 1: [10 (13), 3 (4), 9 (2), 7 (4), 31 (10), 18 (29), 23 (7), 33 (20), 2 (27), 28 (46), 26 (33), 16 (67), 1 (66), 11 (48), 21 (76), 27 (74), 36 (82), 39 (96), 22 (98)]";6200;"Maquina 2: [12 (5), 8 (8), 30 (2), 38 (18), 17 (6), 4 (23), 13 (52), 19 (9), 35 (31), 20 (20), 6 (43), 25 (56), 0 (34), 34 (67), 15 (56), 5 (85), 37 (77), 14 (67), 32 (80), 29 (89), 24 (90)]";7877
Multiarranque;40;2;13849;1553.0;1000;"Maquina 1: [12 (5), 8 (8), 30 (2), 33 (20), 19 (9), 35 (31), 20 (20), 31 (10), 18 (29), 3 (4), 38 (18), 15 (56), 6 (43), 16 (67), 1 (66), 32 (80), 27 (74), 13 (52), 36 (82), 22 (98), 37 (77)]";7111;"Maquina 2: [2 (27), 17 (6), 9 (2), 7 (4), 10 (13), 28 (46), 4 (23), 23 (7), 26 (33), 25 (56), 0 (34), 39 (96), 34 (67), 11 (48), 21 (76), 5 (85), 14 (67), 24 (90), 29 (89)]";6738
GREEDY;40;2;22319;1.0;1;"Maquina 1: [22 (5), 26 (3), 33 (54), 25 (12), 39 (10), 2 (37), 31 (24), 10 (23), 28 (40), 13 (41), 18 (43), 24 (89), 5 (71), 36 (80), 0 (85), 12 (75), 15 (91), 35 (58), 23 (68), 3 (99)]";11149;"Maquina 2: [6 (7), 8 (5), 4 (32), 9 (17), 30 (49), 20 (12), 21 (23), 37 (40), 7 (34), 1 (58), 17 (42), 32 (98), 29 (70), 27 (99), 19 (76), 34 (63), 38 (79), 16 (71), 14 (84), 11 (90)]";11170
GRASP;40;2;21955;1005.0;1000;"Maquina 1: [8 (5), 26 (3), 4 (32), 25 (12), 13 (41), 28 (40), 21 (23), 34 (63), 16 (71), 33 (54), 18 (43), 1 (58), 37 (40), 5 (71), 36 (80), 24 (89), 11 (90), 3 (99), 12 (75), 14 (84)]";11241;"Maquina 2: [31 (24), 22 (5), 6 (7), 27 (99), 2 (37), 39 (10), 20 (12), 10 (23), 7 (34), 35 (58), 9 (17), 30 (49), 19 (76), 29 (70), 23 (68), 17 (42), 15 (91), 38 (79), 32 (98), 0 (85)]";10714
LNS;40;2;22319;162.0;1000;"Maquina 1: [22 (5), 26 (3), 33 (54), 25 (12), 39 (10), 2 (37), 31 (24), 10 (23), 28 (40), 13 (41), 18 (43), 24 (89), 5 (71), 36 (80), 0 (85), 12 (75), 15 (91), 35 (58), 23 (68), 3 (99)]";11149;"Maquina 2: [6 (7), 8 (5), 4 (32), 9 (17), 30 (49), 20 (12), 21 (23), 37 (40), 7 (34), 1 (58), 17 (42), 32 (98), 29 (70), 27 (99), 19 (76), 34 (63), 38 (79), 16 (71), 14 (84), 11 (90)]";11170
TABÚ;40;2;20971;283.0;1000;"Maquina 1: [21 (23), 25 (12), 6 (7), 26 (3), 8 (5), 17 (42), 31 (24), 29 (70), 9 (17), 7 (34), 37 (40), 12 (75), 19 (76), 34 (63), 3 (99), 16 (71), 0 (85), 15 (91), 36 (80), 14 (84), 27 (99)]";11036;"Maquina 2: [22 (5), 4 (32), 13 (41), 18 (43), 1 (58), 39 (10), 20 (12), 10 (23), 28 (40), 2 (37), 23 (68), 30 (49), 35 (58), 11 (90), 33 (54), 5 (71), 38 (79), 32 (98), 24 (89)]";9935
VNS;40;2;20703;24428.0;1000;"Maquina 1: [22 (5), 26 (3), 33 (54), 39 (10), 2 (37), 10 (23), 28 (40), 24 (89), 13 (41), 18 (43), 5 (71), 36 (80), 14 (84), 30 (49), 35 (58), 37 (40), 11 (90), 32 (98), 27 (99)]";9866;"Maquina 2: [25 (12), 6 (7), 8 (5), 4 (32), 9 (17), 20 (12), 21 (23), 34 (63), 7 (34), 1 (58), 17 (42), 31 (24), 29 (70), 23 (68), 3 (99), 12 (75), 19 (76), 38 (79), 16 (71), 0 (85), 15 (91)]";10837
Multiarranque;40;2;20934;1507.0;1000;"Maquina 1: [31 (24), 8 (5), 4 (32), 25 (12), 6 (7), 18 (43), 28 (40), 21 (23), 37 (40), 12 (75), 27 (99), 2 (37), 17 (42), 0 (85), 36 (80), 24 (89), 14 (84), 23 (68), 11 (90), 32 (98)]";10753;"Maquina 2: [22 (5), 26 (3), 33 (54), 39 (10), 34 (63), 7 (34), 1 (58), 13 (41), 10 (23), 20 (12), 30 (49), 19 (76), 29 (70), 3 (99), 35 (58), 9 (17), 15 (91), 38 (79), 16 (71), 5 (71)]";10181
GREEDY;40;2;20515;1.0;1;"Maquina 1: [25 (28), 28 (2), 9 (1), 2 (7), 27 (32), 26 (46), 4 (34), 38 (59), 24 (11), 22 (59), 0 (61), 37 (34), 19 (23), 30 (85), 10 (38), 6 (71), 15 (63), 5 (91), 33 (74), 13 (98), 39 (79)]";10447;"Maquina 2: [18 (37), 20 (28), 23 (2), 3 (20), 11 (33), 36 (59), 14 (81), 31 (4), 34 (42), 29 (53), 21 (34), 17 (30), 35 (79), 8 (68), 12 (63), 7 (60), 32 (88), 16 (73), 1 (98)]";10068
GRASP;40;2;20320;1004.0;1000;"Maquina 1: [19 (23), 28 (2), 9 (1), 2 (7), 10 (38), 24 (11), 22 (59), 35 (79), 11 (33), 7 (60), 12 (63), 33 (74), 3 (20), 8 (68), 26 (46), 21 (34), 6 (71), 16 (73), 1 (98), 32 (88)]";9704;"Maquina 2: [20 (28), 23 (2), 25 (28), 37 (34), 31 (4), 27 (32), 4 (34), 13 (98), 17 (30), 0 (61), 34 (42), 36 (59), 14 (81), 38 (59), 18 (37), 39 (79), 15 (63), 5 (91), 29 (53), 30 (85)]";10616
LNS;40;2;20470;165.0;1000;"Maquina 1: [25 (28), 28 (2), 9 (1), 2 (7), 27 (32), 26 (46), 4 (34), 38 (59), 24 (11), 22 (59), 0 (61), 37 (34), 19 (23), 30 (85), 10 (38), 6 (71), 15 (63), 5 (91), 33 (74), 13 (98), 39 (79)]";10447;"Maquina 2: [18 (37), 20 (28), 23 (2), 3 (20), 11 (33), 36 (59), 14 (81), 31 (4), 34 (42), 29 (53), 21 (34), 17 (30), 35 (79), 8 (68), 7 (60), 12 (63), 16 (73), 32 (88), 1 (98)]";10023
TABÚ;40;2;20379;279.0;1000;"Maquina 1: [9 (1), 28 (2), 25 (28), 31 (4), 20 (28), 4 (34), 29 (53), 37 (34), 12 (63), 11 (33), 0 (61), 35 (79), 22 (59), 38 (59), 13 (98), 33 (74), 16 (73), 39 (79), 30 (85), 1 (98)]";10225;"Maquina 2: [3 (20), 2 (7), 24 (11), 23 (2), 34 (42), 17 (30), 27 (32), 19 (23), 21 (34), 15 (63), 7 (60), 18 (37), 10 (38), 6 (71), 8 (68), 32 (88), 5 (91), 36 (59), 14 (81), 26 (46)]";10154
VNS;40;2;19171;24700.0;1000;"Maquina 1: [25 (28), 28 (2), 9 (1), 2 (7), 26 (46), 4 (34), 38 (59), 24 (11), 22 (59), 31 (4), 35 (79), 19 (23), 30 (85), 10 (38), 16 (73), 8 (68), 13 (98), 14 (81), 5 (91), 39 (79)]";8934;"Maquina 2: [18 (37), 20 (28), 23 (2), 3 (20), 34 (42), 29 (53), 11 (33), 36 (59), 21 (34), 37 (34), 17 (30), 0 (61), 15 (63), 27 (32), 7 (60), 12 (63), 33 (74), 6 (71), 1 (98), 32 (88)]";10237
Multiarranque;40;2;19179;1608.0;1000;"Maquina 1: [28 (2), 9 (1), 2 (7), 31 (4), 27 (32), 19 (23), 21 (34), 20 (28), 23 (2), 29 (53), 10 (38), 34 (42), 36 (59), 35 (79), 11 (33), 14 (81), 7 (60), 12 (63), 16 (73), 0 (61), 1 (98), 32 (88)]";9797;"Maquina 2: [18 (37), 4 (34), 24 (11), 3 (20), 25 (28), 37 (34), 17 (30), 26 (46), 15 (63), 33 (74), 30 (85), 6 (71), 8 (68), 13 (98), 22 (59), 38 (59), 5 (91), 39 (79)]";9382
GREEDY;40;2;21444;0.0;1;"Maquina 1: [28 (19), 0 (3), 9 (60), 6 (10), 3 (6), 30 (91), 32 (28), 18 (21), 8 (40), 12 (48), 22 (46), 5 (61), 11 (78), 21 (68), 14 (79), 33 (80), 39 (82), 7 (86), 38 (89)]";10384;"Maquina 2: [26 (15), 35 (5), 20 (7), 1 (50), 4 (6), 27 (31), 31 (26), 19 (82), 15 (20), 10 (17), 24 (41), 2 (76), 36 (61), 13 (78), 29 (46), 23 (60), 25 (80), 37 (87), 34 (93), 17 (83), 16 (91)]";11060
GRASP;40;2;20684;1028.0;1000;"Maquina 1: [32 (28), 35 (5), 4 (6), 3 (6), 10 (17), 27 (31), 18 (21), 15 (20), 24 (41), 9 (60), 22 (46), 2 (76), 36 (61), 13 (78), 33 (80), 37 (87), 23 (60), 19 (82), 39 (82), 17 (83), 38 (89)]";10730;"Maquina 2: [0 (3), 20 (7), 26 (15), 12 (48), 5 (61), 28 (19), 21 (68), 6 (10), 34 (93), 31 (26), 25 (80), 8 (40), 1 (50), 29 (46), 30 (91), 7 (86), 11 (78), 16 (91), 14 (79)]";9954
LNS;40;2;21444;163.0;1000;"Maquina 1: [28 (19), 0 (3), 9 (60), 6 (10), 3 (6), 30 (91), 32 (28), 18 (21), 8 (40), 12 (48), 22 (46), 5 (61), 11 (78), 21 (68), 14 (79), 33 (80), 39 (82), 7 (86), 38 (89)]";10384;"Maquina 2: [26 (15), 35 (5), 20 (7), 1 (50), 4 (6), 27 (31), 31 (26), 19 (82), 15 (20), 10 (17), 24 (41), 2 (76), 36 (61), 13 (78), 29 (46), 23 (60), 25 (80), 37 (87), 34 (93), 17 (83), 16 (91)]";11060
TABÚ;40;2;20097;291.0;1000;"Maquina 1: [6 (10), 26 (15), 35 (5), 29 (46), 28 (19), 9 (60), 36 (61), 11 (78), 32 (28), 10 (17), 27 (31), 17 (83), 15 (20), 23 (60), 19 (82), 39 (82), 7 (86), 30 (91), 33 (80), 37 (87)]";10210;"Maquina 2: [0 (3), 20 (7), 4 (6), 3 (6), 24 (41), 31 (26), 12 (48), 18 (21), 25 (80), 8 (40), 1 (50), 22 (46), 5 (61), 2 (76), 13 (78), 21 (68), 14 (79), 16 (91), 34 (93), 38 (89)]";9887
VNS;40;2;20092;22444.0;1000;"Maquina 1: [28 (19), 0 (3), 9 (60), 12 (48), 6 (10), 30 (91), 32 (28), 10 (17), 22 (46), 8 (40), 2 (76), 5 (61), 21 (68), 14 (79), 16 (91), 37 (87), 39 (82), 7 (86), 11 (78)]";10447;"Maquina 2: [3 (6), 26 (15), 35 (5), 20 (7), 1 (50), 4 (6), 27 (31), 19 (82), 15 (20), 24 (41), 18 (21), 29 (46), 36 (61), 13 (78), 31 (26), 34 (93), 17 (83), 33 (80), 25 (80), 23 (60), 38 (89)]";9645
Multiarranque;40;2;19781;1551.0;1000;"Maquina 1: [6 (10), 26 (15), 28 (19), 3 (6), 10 (17), 9 (60), 15 (20), 24 (41), 8 (40), 12 (48), 21 (68), 25 (80), 29 (46), 13 (78), 11 (78), 16 (91), 39 (82), 7 (86), 34 (93), 38 (89)]";10416;"Maquina 2: [0 (3), 20 (7), 35 (5), 4 (6), 32 (28), 31 (26), 27 (31), 18 (21), 23 (60), 1 (50), 22 (46), 5 (61), 2 (76), 36 (61), 17 (83), 19 (82), 14 (79), 33 (80), 30 (91), 37 (87)]";9365
