GREEDY;50;2;37205;0.0;1;"Maquina 1: [3 (2), 39 (19), 7 (21), 29 (48), 49 (11), 21 (32), 47 (57), 43 (28), 36 (35), 5 (71), 11 (39), 46 (44), 33 (65), 41 (53), 35 (50), 15 (91), 31 (60), 48 (52), 37 (67), 42 (91), 4 (75), 17 (93), 26 (97), 44 (80), 9 (87)]";17966;"Maquina 2: [8 (26), 6 (21), 32 (14), 34 (9), 40 (36), 24 (64), 16 (66), 2 (32), 12 (41), 30 (54), 19 (52), 1 (35), 25 (50), 28 (75), 22 (47), 18 (60), 23 (53), 38 (69), 20 (99), 10 (85), 13 (71), 45 (91), 0 (96), 27 (91), 14 (89)]";19239
GRASP;50;2;35649;2269.0;1000;"Maquina 1: [43 (28), 7 (21), 3 (2), 16 (66), 40 (36), 24 (64), 49 (11), 21 (32), 36 (35), 2 (32), 48 (52), 38 (69), 31 (60), 46 (44), 29 (48), 47 (57), 13 (71), 44 (80), 45 (91), 14 (89), 23 (53), 4 (75), 17 (93), 37 (67), 26 (97)]";17575;"Maquina 2: [8 (26), 6 (21), 32 (14), 34 (9), 25 (50), 39 (19), 41 (53), 11 (39), 19 (52), 30 (54), 1 (35), 22 (47), 18 (60), 35 (50), 5 (71), 12 (41), 42 (91), 33 (65), 20 (99), 10 (85), 0 (96), 9 (87), 28 (75), 27 (91), 15 (91)]";18074
LNS;50;2;37205;395.0;1000;"Maquina 1: [3 (2), 39 (19), 7 (21), 29 (48), 49 (11), 21 (32), 47 (57), 43 (28), 36 (35), 5 (71), 11 (39), 46 (44), 33 (65), 41 (53), 35 (50), 15 (91), 31 (60), 48 (52), 37 (67), 42 (91), 4 (75), 17 (93), 26 (97), 44 (80), 9 (87)]";17966;"Maquina 2: [8 (26), 6 (21), 32 (14), 34 (9), 40 (36), 24 (64), 16 (66), 2 (32), 12 (41), 30 (54), 19 (52), 1 (35), 25 (50), 28 (75), 22 (47), 18 (60), 23 (53), 38 (69), 20 (99), 10 (85), 13 (71), 45 (91), 0 (96), 27 (91), 14 (89)]";19239
TABÚ;50;2;36014;651.0;1000;"Maquina 1: [34 (9), 7 (21), 29 (48), 49 (11), 8 (26), 9 (87), 43 (28), 46 (44), 18 (60), 31 (60), 2 (32), 47 (57), 4 (75), 45 (91), 22 (47), 35 (50), 19 (52), 16 (66), 0 (96), 41 (53), 5 (71), 10 (85), 37 (67), 17 (93), 27 (91)]";17775;"Maquina 2: [12 (41), 6 (21), 32 (14), 36 (35), 39 (19), 3 (2), 1 (35), 11 (39), 21 (32), 48 (52), 23 (53), 28 (75), 30 (54), 33 (65), 38 (69), 24 (64), 40 (36), 44 (80), 13 (71), 20 (99), 14 (89), 25 (50), 42 (91), 26 (97), 15 (91)]";18239
VNS;50;2;34894;37995.0;1000;"Maquina 1: [21 (32), 39 (19), 7 (21), 29 (48), 49 (11), 34 (9), 47 (57), 43 (28), 36 (35), 5 (71), 11 (39), 46 (44), 27 (91), 41 (53), 35 (50), 15 (91), 31 (60), 33 (65), 25 (50), 42 (91), 44 (80), 23 (53), 4 (75), 17 (93), 26 (97)]";16337;"Maquina 2: [8 (26), 6 (21), 32 (14), 3 (2), 40 (36), 24 (64), 48 (52), 16 (66), 2 (32), 12 (41), 30 (54), 37 (67), 1 (35), 38 (69), 28 (75), 22 (47), 18 (60), 9 (87), 19 (52), 20 (99), 14 (89), 13 (71), 45 (91), 0 (96), 10 (85)]";18557
Multiarranque;50;2;34094;3727.0;1000;"Maquina 1: [2 (32), 40 (36), 3 (2), 8 (26), 23 (53), 21 (32), 36 (35), 7 (21), 12 (41), 30 (54), 47 (57), 29 (48), 28 (75), 22 (47), 18 (60), 10 (85), 35 (50), 45 (91), 17 (93), 31 (60), 13 (71), 26 (97), 42 (91), 4 (75), 0 (96)]";17339;"Maquina 2: [32 (14), 6 (21), 43 (28), 39 (19), 41 (53), 49 (11), 34 (9), 48 (52), 25 (50), 37 (67), 1 (35), 11 (39), 46 (44), 16 (66), 20 (99), 33 (65), 38 (69), 19 (52), 44 (80), 27 (91), 15 (91), 24 (64), 9 (87), 5 (71), 14 (89)]";16755
GREEDY;50;2;37108;0.0;1;"Maquina 1: [42 (33), 13 (43), 2 (28), 6 (2), 19 (71), 12 (44), 14 (25), 32 (7), 41 (32), 34 (59), 38 (42), 18 (55), 27 (38), 7 (48), 45 (73), 3 (57), 49 (62), 0 (72), 36 (80), 48 (49), 33 (76), 44 (61), 39 (96), 43 (90), 16 (68), 11 (95)]";18924;"Maquina 2: [30 (33), 22 (2), 5 (58), 28 (16), 31 (36), 15 (43), 4 (41), 21 (45), 37 (56), 35 (48), 8 (43), 10 (31), 9 (24), 20 (51), 24 (80), 23 (67), 47 (88), 17 (96), 26 (76), 1 (72), 46 (61), 29 (60), 25 (93), 40 (70)]";18184
GRASP;50;2;35910;2329.0;1000;"Maquina 1: [6 (2), 15 (43), 38 (42), 9 (24), 42 (33), 31 (36), 14 (25), 12 (44), 32 (7), 41 (32), 4 (41), 36 (80), 19 (71), 34 (59), 21 (45), 48 (49), 47 (88), 1 (72), 46 (61), 29 (60), 0 (72), 45 (73), 17 (96), 26 (76), 25 (93), 39 (96)]";18656;"Maquina 2: [18 (55), 27 (38), 7 (48), 49 (62), 30 (33), 22 (2), 33 (76), 28 (16), 13 (43), 2 (28), 23 (67), 10 (31), 35 (48), 8 (43), 37 (56), 3 (57), 16 (68), 44 (61), 5 (58), 20 (51), 24 (80), 40 (70), 43 (90), 11 (95)]";17254
LNS;50;2;36784;464.0;1000;"Maquina 1: [42 (33), 13 (43), 2 (28), 6 (2), 19 (71), 12 (44), 14 (25), 32 (7), 41 (32), 34 (59), 38 (42), 18 (55), 27 (38), 7 (48), 45 (73), 3 (57), 49 (62), 0 (72), 36 (80), 48 (49), 33 (76), 44 (61), 39 (96), 43 (90), 16 (68), 11 (95)]";18924;"Maquina 2: [30 (33), 22 (2), 5 (58), 28 (16), 31 (36), 15 (43), 4 (41), 21 (45), 37 (56), 35 (48), 8 (43), 10 (31), 9 (24), 20 (51), 23 (67), 24 (80), 47 (88), 17 (96), 29 (60), 1 (72), 46 (61), 25 (93), 26 (76), 40 (70)]";17860
TABÚ;50;2;36588;628.0;1000;"Maquina 1: [42 (33), 6 (2), 26 (76), 27 (38), 31 (36), 14 (25), 32 (7), 41 (32), 4 (41), 15 (43), 48 (49), 38 (42), 18 (55), 20 (51), 13 (43), 2 (28), 9 (24), 49 (62), 36 (80), 33 (76), 16 (68), 44 (61), 19 (71), 17 (96), 11 (95)]";16123;"Maquina 2: [37 (56), 28 (16), 34 (59), 30 (33), 8 (43), 3 (57), 10 (31), 45 (73), 35 (48), 5 (58), 22 (2), 12 (44), 1 (72), 29 (60), 7 (48), 21 (45), 46 (61), 0 (72), 40 (70), 47 (88), 23 (67), 24 (80), 25 (93), 39 (96), 43 (90)]";20465
VNS;50;2;34873;37516.0;1000;"Maquina 1: [42 (33), 13 (43), 2 (28), 6 (2), 19 (71), 12 (44), 10 (31), 32 (7), 41 (32), 34 (59), 18 (55), 27 (38), 7 (48), 45 (73), 3 (57), 49 (62), 23 (67), 36 (80), 48 (49), 33 (76), 40 (70), 39 (96), 44 (61), 1 (72), 43 (90)]";16882;"Maquina 2: [30 (33), 22 (2), 5 (58), 28 (16), 4 (41), 15 (43), 29 (60), 0 (72), 31 (36), 9 (24), 21 (45), 37 (56), 35 (48), 8 (43), 14 (25), 20 (51), 24 (80), 47 (88), 38 (42), 17 (96), 46 (61), 16 (68), 26 (76), 25 (93), 11 (95)]";17991
Multiarranque;50;2;34828;3752.0;1000;"Maquina 1: [6 (2), 28 (16), 4 (41), 41 (32), 31 (36), 14 (25), 12 (44), 10 (31), 35 (48), 5 (58), 20 (51), 27 (38), 25 (93), 19 (71), 29 (60), 18 (55), 34 (59), 49 (62), 0 (72), 8 (43), 11 (95), 40 (70), 39 (96), 47 (88), 45 (73)]";17875;"Maquina 2: [42 (33), 13 (43), 2 (28), 9 (24), 21 (45), 32 (7), 37 (56), 33 (76), 44 (61), 30 (33), 22 (2), 15 (43), 48 (49), 38 (42), 7 (48), 43 (90), 3 (57), 16 (68), 23 (67), 24 (80), 17 (96), 26 (76), 1 (72), 46 (61), 36 (80)]";16953
GREEDY;50;2;33939;1.0;1;"Maquina 1: [32 (1), 34 (20), 33 (38), 1 (18), 48 (24), 13 (30), 41 (34), 42 (47), 26 (4), 14 (56), 10 (29), 28 (31), 44 (74), 5 (44), 27 (91), 15 (48), 25 (54), 12 (62), 9 (59), 37 (67), 46 (77), 6 (83), 43 (85), 20 (95), 29 (99)]";17326;"Maquina 2: [31 (37), 18 (4), 24 (22), 7 (5), 21 (29), 36 (13), 35 (24), 4 (28), 23 (30), 11 (48), 49 (32), 17 (43), 40 (64), 45 (75), 19 (85), 2 (47), 8 (55), 3 (60), 39 (58), 22 (79), 16 (70), 38 (52), 30 (91), 47 (96), 0 (89)]";16613
GRASP;50;2;33547;2332.0;1000;"Maquina 1: [26 (4), 4 (28), 23 (30), 11 (48), 1 (18), 48 (24), 13 (30), 16 (70), 34 (20), 28 (31), 14 (56), 21 (29), 5 (44), 3 (60), 44 (74), 45 (75), 12 (62), 9 (59), 15 (48), 42 (47), 27 (91), 6 (83), 47 (96), 43 (85), 0 (89)]";17022;"Maquina 2: [7 (5), 36 (13), 25 (54), 32 (1), 18 (4), 24 (22), 49 (32), 39 (58), 10 (29), 17 (43), 2 (47), 35 (24), 22 (79), 38 (52), 20 (95), 33 (38), 41 (34), 8 (55), 31 (37), 37 (67), 46 (77), 40 (64), 19 (85), 30 (91), 29 (99)]";16525
LNS;50;2;33939;402.0;1000;"Maquina 1: [32 (1), 34 (20), 33 (38), 1 (18), 48 (24), 13 (30), 41 (34), 42 (47), 26 (4), 14 (56), 10 (29), 28 (31), 44 (74), 5 (44), 27 (91), 15 (48), 25 (54), 12 (62), 9 (59), 37 (67), 46 (77), 6 (83), 43 (85), 20 (95), 29 (99)]";17326;"Maquina 2: [31 (37), 18 (4), 24 (22), 7 (5), 21 (29), 36 (13), 35 (24), 4 (28), 23 (30), 11 (48), 49 (32), 17 (43), 40 (64), 45 (75), 19 (85), 2 (47), 8 (55), 3 (60), 39 (58), 22 (79), 16 (70), 38 (52), 30 (91), 47 (96), 0 (89)]";16613
TABÚ;50;2;33984;622.0;1000;"Maquina 1: [32 (1), 35 (24), 49 (32), 26 (4), 24 (22), 10 (29), 28 (31), 6 (83), 23 (30), 8 (55), 48 (24), 33 (38), 17 (43), 40 (64), 45 (75), 12 (62), 16 (70), 42 (47), 3 (60), 44 (74), 39 (58), 22 (79), 30 (91), 29 (99), 19 (85)]";17386;"Maquina 2: [34 (20), 18 (4), 11 (48), 1 (18), 7 (5), 21 (29), 41 (34), 36 (13), 14 (56), 4 (28), 31 (37), 13 (30), 46 (77), 15 (48), 25 (54), 5 (44), 37 (67), 43 (85), 2 (47), 47 (96), 9 (59), 38 (52), 20 (95), 0 (89), 27 (91)]";16598
VNS;50;2;32984;40701.0;1000;"Maquina 1: [32 (1), 34 (20), 33 (38), 1 (18), 48 (24), 13 (30), 7 (5), 42 (47), 49 (32), 26 (4), 14 (56), 10 (29), 28 (31), 44 (74), 17 (43), 5 (44), 0 (89), 27 (91), 25 (54), 12 (62), 9 (59), 37 (67), 6 (83), 43 (85), 20 (95), 29 (99)]";16866;"Maquina 2: [15 (48), 31 (37), 18 (4), 24 (22), 41 (34), 21 (29), 36 (13), 35 (24), 4 (28), 23 (30), 11 (48), 40 (64), 45 (75), 19 (85), 2 (47), 8 (55), 3 (60), 39 (58), 22 (79), 16 (70), 38 (52), 46 (77), 30 (91), 47 (96)]";16118
Multiarranque;50;2;30856;3758.0;1000;"Maquina 1: [32 (1), 34 (20), 33 (38), 10 (29), 28 (31), 24 (22), 41 (34), 4 (28), 23 (30), 8 (55), 21 (29), 17 (43), 40 (64), 42 (47), 3 (60), 44 (74), 39 (58), 9 (59), 15 (48), 12 (62), 43 (85), 0 (89), 27 (91), 19 (85), 20 (95)]";15916;"Maquina 2: [7 (5), 26 (4), 18 (4), 11 (48), 1 (18), 2 (47), 35 (24), 31 (37), 36 (13), 48 (24), 13 (30), 16 (70), 14 (56), 49 (32), 38 (52), 30 (91), 25 (54), 5 (44), 37 (67), 46 (77), 6 (83), 22 (79), 45 (75), 47 (96), 29 (99)]";14940
GREEDY;50;2;35047;0.0;1;"Maquina 1: [5 (7), 33 (11), 12 (13), 0 (14), 28 (48), 30 (31), 3 (27), 36 (33), 15 (87), 16 (47), 21 (44), 25 (61), 32 (75), 6 (34), 9 (58), 37 (50), 29 (62), 4 (83), 49 (56), 23 (83), 42 (94), 1 (64), 38 (93), 20 (89), 22 (77)]";17280;"Maquina 2: [45 (12), 43 (13), 10 (9), 47 (45), 31 (20), 39 (33), 17 (57), 48 (60), 35 (38), 44 (13), 27 (34), 34 (47), 19 (77), 8 (31), 7 (81), 24 (71), 2 (56), 13 (83), 14 (49), 26 (96), 41 (63), 46 (87), 40 (92), 18 (85), 11 (94)]";17767
GRASP;50;2;33480;2278.0;1000;"Maquina 1: [31 (20), 33 (11), 9 (58), 34 (47), 12 (13), 8 (31), 5 (7), 44 (13), 27 (34), 17 (57), 47 (45), 14 (49), 25 (61), 32 (75), 35 (38), 41 (63), 18 (85), 21 (44), 4 (83), 19 (77), 24 (71), 13 (83), 1 (64), 20 (89), 11 (94)]";16651;"Maquina 2: [39 (33), 10 (9), 30 (31), 45 (12), 43 (13), 16 (47), 7 (81), 6 (34), 36 (33), 15 (87), 3 (27), 2 (56), 37 (50), 0 (14), 29 (62), 49 (56), 23 (83), 22 (77), 28 (48), 42 (94), 40 (92), 48 (60), 46 (87), 38 (93), 26 (96)]";16829
LNS;50;2;34605;414.0;1000;"Maquina 1: [5 (7), 33 (11), 12 (13), 0 (14), 28 (48), 3 (27), 30 (31), 36 (33), 15 (87), 16 (47), 21 (44), 25 (61), 32 (75), 6 (34), 9 (58), 37 (50), 29 (62), 4 (83), 49 (56), 23 (83), 42 (94), 1 (64), 38 (93), 20 (89), 22 (77)]";16838;"Maquina 2: [45 (12), 43 (13), 10 (9), 47 (45), 31 (20), 39 (33), 17 (57), 48 (60), 35 (38), 44 (13), 27 (34), 34 (47), 19 (77), 8 (31), 7 (81), 24 (71), 2 (56), 13 (83), 14 (49), 26 (96), 41 (63), 46 (87), 40 (92), 18 (85), 11 (94)]";17767
TABÚ;50;2;34571;638.0;1000;"Maquina 1: [45 (12), 31 (20), 6 (34), 5 (7), 10 (9), 21 (44), 12 (13), 0 (14), 36 (33), 15 (87), 16 (47), 13 (83), 28 (48), 24 (71), 35 (38), 1 (64), 49 (56), 19 (77), 7 (81), 26 (96), 25 (61), 23 (83), 38 (93), 40 (92), 4 (83)]";17459;"Maquina 2: [34 (47), 8 (31), 43 (13), 27 (34), 44 (13), 14 (49), 3 (27), 39 (33), 30 (31), 17 (57), 33 (11), 9 (58), 20 (89), 2 (56), 37 (50), 42 (94), 22 (77), 41 (63), 47 (45), 46 (87), 48 (60), 32 (75), 29 (62), 18 (85), 11 (94)]";17112
VNS;50;2;32176;32804.0;1000;"Maquina 1: [5 (7), 39 (33), 12 (13), 0 (14), 28 (48), 44 (13), 3 (27), 36 (33), 15 (87), 16 (47), 21 (44), 25 (61), 32 (75), 6 (34), 9 (58), 37 (50), 29 (62), 4 (83), 49 (56), 23 (83), 42 (94), 1 (64), 11 (94), 22 (77), 18 (85)]";15957;"Maquina 2: [43 (13), 30 (31), 10 (9), 47 (45), 31 (20), 33 (11), 17 (57), 48 (60), 35 (38), 45 (12), 27 (34), 34 (47), 19 (77), 8 (31), 7 (81), 24 (71), 13 (83), 14 (49), 26 (96), 41 (63), 46 (87), 40 (92), 38 (93), 20 (89), 2 (56)]";16219
Multiarranque;50;2;31998;3564.0;1000;"Maquina 1: [10 (9), 47 (45), 31 (20), 39 (33), 30 (31), 33 (11), 6 (34), 9 (58), 37 (50), 5 (7), 44 (13), 48 (60), 21 (44), 22 (77), 28 (48), 32 (75), 19 (77), 7 (81), 16 (47), 13 (83), 1 (64), 11 (94), 42 (94), 40 (92), 18 (85)]";15927;"Maquina 2: [12 (13), 0 (14), 35 (38), 36 (33), 4 (83), 8 (31), 43 (13), 14 (49), 3 (27), 2 (56), 45 (12), 27 (34), 17 (57), 41 (63), 34 (47), 24 (71), 49 (56), 15 (87), 29 (62), 25 (61), 46 (87), 38 (93), 20 (89), 26 (96), 23 (83)]";16071
GREEDY;50;2;29987;0.0;1;"Maquina 1: [2 (4), 16 (17), 43 (31), 24 (12), 48 (45), 23 (10), 7 (14), 19 (28), 33 (52), 38 (18), 8 (23), 22 (42), 21 (51), 26 (37), 36 (49), 10 (53), 32 (55), 45 (43), 20 (65), 3 (74), 31 (58), 41 (78), 44 (92), 5 (91), 4 (81)]";14821;"Maquina 2: [30 (13), 14 (12), 34 (34), 0 (14), 29 (21), 11 (10), 40 (14), 12 (42), 1 (53), 15 (43), 39 (28), 37 (27), 6 (44), 17 (50), 46 (53), 18 (48), 35 (51), 25 (64), 49 (56), 13 (78), 47 (86), 27 (92), 28 (94), 42 (69), 9 (79)]";15166
GRASP;50;2;29650;2297.0;1000;"Maquina 1: [29 (21), 6 (44), 16 (17), 43 (31), 19 (28), 11 (10), 15 (43), 21 (51), 40 (14), 12 (42), 18 (48), 0 (14), 17 (50), 46 (53), 38 (18), 33 (52), 26 (37), 13 (78), 36 (49), 10 (53), 32 (55), 28 (94), 5 (91), 9 (79), 44 (92)]";14928;"Maquina 2: [30 (13), 14 (12), 34 (34), 2 (4), 39 (28), 35 (51), 24 (12), 8 (23), 49 (56), 1 (53), 7 (14), 37 (27), 48 (45), 23 (10), 45 (43), 22 (42), 25 (64), 47 (86), 31 (58), 42 (69), 41 (78), 20 (65), 3 (74), 4 (81), 27 (92)]";14722
LNS;50;2;29987;448.0;1000;"Maquina 1: [2 (4), 16 (17), 43 (31), 24 (12), 48 (45), 23 (10), 7 (14), 19 (28), 33 (52), 38 (18), 8 (23), 22 (42), 21 (51), 26 (37), 36 (49), 10 (53), 32 (55), 45 (43), 20 (65), 3 (74), 31 (58), 41 (78), 44 (92), 5 (91), 4 (81)]";14821;"Maquina 2: [30 (13), 14 (12), 34 (34), 0 (14), 29 (21), 11 (10), 40 (14), 12 (42), 1 (53), 15 (43), 39 (28), 37 (27), 6 (44), 17 (50), 46 (53), 18 (48), 35 (51), 25 (64), 49 (56), 13 (78), 47 (86), 27 (92), 28 (94), 42 (69), 9 (79)]";15166
TABÚ;50;2;29661;609.0;1000;"Maquina 1: [2 (4), 16 (17), 43 (31), 7 (14), 19 (28), 0 (14), 15 (43), 40 (14), 17 (50), 11 (10), 29 (21), 46 (53), 34 (34), 12 (42), 18 (48), 35 (51), 10 (53), 41 (78), 49 (56), 1 (53), 3 (74), 33 (52), 27 (92), 47 (86), 44 (92), 4 (81)]";14718;"Maquina 2: [38 (18), 8 (23), 30 (13), 37 (27), 6 (44), 24 (12), 22 (42), 23 (10), 25 (64), 21 (51), 14 (12), 39 (28), 48 (45), 32 (55), 26 (37), 13 (78), 36 (49), 31 (58), 45 (43), 5 (91), 20 (65), 28 (94), 42 (69), 9 (79)]";14943
VNS;50;2;28341;64485.0;1000;"Maquina 1: [2 (4), 16 (17), 43 (31), 24 (12), 48 (45), 29 (21), 23 (10), 46 (53), 1 (53), 7 (14), 19 (28), 38 (18), 8 (23), 22 (42), 33 (52), 26 (37), 13 (78), 36 (49), 10 (53), 32 (55), 45 (43), 20 (65), 3 (74), 31 (58), 41 (78), 28 (94), 42 (69)]";15464;"Maquina 2: [30 (13), 14 (12), 34 (34), 0 (14), 21 (51), 40 (14), 11 (10), 12 (42), 15 (43), 39 (28), 37 (27), 6 (44), 17 (50), 18 (48), 35 (51), 25 (64), 49 (56), 47 (86), 27 (92), 44 (92), 4 (81), 5 (91), 9 (79)]";12877
Multiarranque;50;2;27824;3732.0;1000;"Maquina 1: [29 (21), 23 (10), 30 (13), 14 (12), 19 (28), 10 (53), 38 (18), 8 (23), 22 (42), 37 (27), 0 (14), 39 (28), 48 (45), 32 (55), 12 (42), 1 (53), 26 (37), 46 (53), 35 (51), 17 (50), 28 (94), 5 (91), 42 (69), 47 (86), 4 (81)]";13482;"Maquina 2: [2 (4), 16 (17), 43 (31), 7 (14), 24 (12), 6 (44), 34 (34), 45 (43), 18 (48), 11 (10), 21 (51), 40 (14), 33 (52), 31 (58), 49 (56), 36 (49), 15 (43), 25 (64), 9 (79), 41 (78), 20 (65), 3 (74), 27 (92), 13 (78), 44 (92)]";14342
GREEDY;50;2;37881;0.0;1;"Maquina 1: [40 (35), 11 (21), 43 (23), 23 (17), 3 (4), 21 (25), 37 (51), 8 (41), 41 (30), 28 (58), 16 (73), 47 (65), 36 (62), 5 (43), 4 (45), 9 (51), 0 (98), 29 (55), 48 (54), 39 (76), 24 (92), 13 (58), 19 (79), 1 (85), 26 (84), 25 (93)]";19461;"Maquina 2: [30 (11), 2 (43), 31 (19), 45 (22), 18 (77), 22 (34), 10 (39), 32 (24), 49 (50), 46 (51), 7 (30), 20 (44), 17 (56), 15 (58), 27 (63), 42 (80), 44 (84), 35 (51), 14 (60), 38 (67), 6 (55), 12 (86), 33 (92), 34 (93)]";18420
GRASP;50;2;36485;2277.0;1000;"Maquina 1: [2 (43), 21 (25), 30 (11), 11 (21), 29 (55), 23 (17), 3 (4), 8 (41), 49 (50), 7 (30), 38 (67), 45 (22), 13 (58), 36 (62), 22 (34), 28 (58), 1 (85), 4 (45), 0 (98), 16 (73), 48 (54), 18 (77), 24 (92), 19 (79), 12 (86)]";16483;"Maquina 2: [46 (51), 31 (19), 41 (30), 40 (35), 6 (55), 20 (44), 5 (43), 37 (51), 9 (51), 32 (24), 43 (23), 27 (63), 10 (39), 17 (56), 35 (51), 14 (60), 39 (76), 15 (58), 47 (65), 25 (93), 33 (92), 34 (93), 44 (84), 26 (84), 42 (80)]";20002
LNS;50;2;37608;448.0;1000;"Maquina 1: [40 (35), 11 (21), 43 (23), 23 (17), 3 (4), 21 (25), 37 (51), 8 (41), 41 (30), 28 (58), 16 (73), 47 (65), 36 (62), 5 (43), 4 (45), 9 (51), 0 (98), 29 (55), 48 (54), 39 (76), 24 (92), 13 (58), 19 (79), 1 (85), 26 (84), 25 (93)]";19461;"Maquina 2: [30 (11), 2 (43), 31 (19), 45 (22), 18 (77), 22 (34), 10 (39), 32 (24), 49 (50), 46 (51), 7 (30), 20 (44), 17 (56), 15 (58), 27 (63), 42 (80), 38 (67), 35 (51), 14 (60), 33 (92), 6 (55), 12 (86), 44 (84), 34 (93)]";18147
TABÚ;50;2;36673;625.0;1000;"Maquina 1: [10 (39), 11 (21), 43 (23), 23 (17), 35 (51), 21 (25), 45 (22), 18 (77), 49 (50), 9 (51), 7 (30), 29 (55), 48 (54), 15 (58), 27 (63), 20 (44), 16 (73), 28 (58), 1 (85), 24 (92), 14 (60), 39 (76), 33 (92), 19 (79), 26 (84)]";18371;"Maquina 2: [41 (30), 30 (11), 46 (51), 31 (19), 8 (41), 3 (4), 32 (24), 38 (67), 4 (45), 22 (34), 17 (56), 34 (93), 40 (35), 6 (55), 13 (58), 36 (62), 5 (43), 42 (80), 37 (51), 47 (65), 25 (93), 2 (43), 0 (98), 12 (86), 44 (84)]";18302
VNS;50;2;34938;40279.0;1000;"Maquina 1: [31 (19), 40 (35), 11 (21), 43 (23), 23 (17), 3 (4), 21 (25), 16 (73), 8 (41), 41 (30), 28 (58), 46 (51), 47 (65), 36 (62), 37 (51), 9 (51), 29 (55), 48 (54), 27 (63), 39 (76), 24 (92), 1 (85), 6 (55), 12 (86), 44 (84), 26 (84)]";17542;"Maquina 2: [4 (45), 30 (11), 2 (43), 17 (56), 45 (22), 18 (77), 22 (34), 10 (39), 32 (24), 49 (50), 7 (30), 20 (44), 5 (43), 42 (80), 15 (58), 13 (58), 14 (60), 38 (67), 19 (79), 35 (51), 33 (92), 34 (93), 0 (98), 25 (93)]";17396
Multiarranque;50;2;34749;3824.0;1000;"Maquina 1: [37 (51), 49 (50), 40 (35), 30 (11), 11 (21), 29 (55), 48 (54), 23 (17), 17 (56), 4 (45), 22 (34), 10 (39), 35 (51), 13 (58), 14 (60), 20 (44), 18 (77), 27 (63), 19 (79), 44 (84), 26 (84), 34 (93), 0 (98), 36 (62), 24 (92)]";18031;"Maquina 2: [45 (22), 9 (51), 7 (30), 3 (4), 8 (41), 41 (30), 2 (43), 21 (25), 46 (51), 31 (19), 28 (58), 42 (80), 32 (24), 38 (67), 43 (23), 5 (43), 16 (73), 39 (76), 15 (58), 47 (65), 6 (55), 12 (86), 33 (92), 25 (93), 1 (85)]";16718
GREEDY;50;2;38773;0.0;1;"Maquina 1: [38 (21), 39 (14), 19 (2), 43 (17), 15 (40), 3 (58), 26 (28), 13 (43), 1 (24), 9 (37), 18 (54), 45 (69), 23 (96), 6 (45), 28 (64), 20 (60), 11 (62), 29 (47), 32 (73), 12 (85), 4 (69), 40 (89), 37 (92), 21 (95), 42 (97)]";19737;"Maquina 2: [5 (15), 7 (10), 47 (27), 25 (43), 34 (17), 48 (19), 2 (30), 36 (44), 31 (70), 44 (33), 8 (52), 49 (60), 16 (47), 33 (63), 22 (59), 46 (75), 27 (68), 14 (97), 0 (40), 35 (88), 10 (56), 24 (94), 17 (69), 30 (95), 41 (89)]";19036
GRASP;50;2;37320;2288.0;1000;"Maquina 1: [19 (2), 43 (17), 38 (21), 7 (10), 0 (40), 2 (30), 8 (52), 49 (60), 16 (47), 48 (19), 32 (73), 29 (47), 9 (37), 33 (63), 3 (58), 22 (59), 35 (88), 11 (62), 42 (97), 41 (89), 40 (89), 31 (70), 21 (95), 30 (95)]";17718;"Maquina 2: [34 (17), 39 (14), 44 (33), 25 (43), 13 (43), 1 (24), 28 (64), 15 (40), 5 (15), 18 (54), 47 (27), 36 (44), 46 (75), 20 (60), 27 (68), 14 (97), 26 (28), 6 (45), 4 (69), 12 (85), 45 (69), 37 (92), 24 (94), 17 (69), 10 (56), 23 (96)]";19602
LNS;50;2;38161;400.0;1000;"Maquina 1: [38 (21), 39 (14), 19 (2), 43 (17), 15 (40), 3 (58), 26 (28), 13 (43), 1 (24), 9 (37), 18 (54), 45 (69), 23 (96), 6 (45), 28 (64), 20 (60), 32 (73), 29 (47), 11 (62), 12 (85), 4 (69), 40 (89), 37 (92), 21 (95), 42 (97)]";19637;"Maquina 2: [5 (15), 7 (10), 47 (27), 25 (43), 34 (17), 48 (19), 2 (30), 36 (44), 31 (70), 44 (33), 8 (52), 49 (60), 16 (47), 35 (88), 22 (59), 46 (75), 27 (68), 33 (63), 0 (40), 14 (97), 10 (56), 24 (94), 17 (69), 30 (95), 41 (89)]";18524
TABÚ;50;2;35811;609.0;1000;"Maquina 1: [6 (45), 47 (27), 27 (68), 48 (19), 2 (30), 7 (10), 37 (92), 19 (2), 43 (17), 15 (40), 36 (44), 4 (69), 20 (60), 9 (37), 32 (73), 44 (33), 16 (47), 35 (88), 22 (59), 45 (69), 18 (54), 23 (96), 24 (94), 30 (95), 14 (97)]";17528;"Maquina 2: [25 (43), 26 (28), 13 (43), 0 (40), 1 (24), 5 (15), 10 (56), 34 (17), 39 (14), 8 (52), 49 (60), 33 (63), 38 (21), 3 (58), 40 (89), 29 (47), 17 (69), 11 (62), 12 (85), 31 (70), 42 (97), 41 (89), 28 (64), 21 (95), 46 (75)]";18283
VNS;50;2;35033;27623.0;1000;"Maquina 1: [39 (14), 17 (69), 19 (2), 43 (17), 14 (97), 26 (28), 13 (43), 1 (24), 9 (37), 18 (54), 45 (69), 23 (96), 6 (45), 0 (40), 20 (60), 46 (75), 29 (47), 32 (73), 40 (89), 31 (70), 4 (69), 30 (95), 21 (95), 42 (97)]";17620;"Maquina 2: [5 (15), 7 (10), 38 (21), 47 (27), 25 (43), 34 (17), 48 (19), 2 (30), 15 (40), 36 (44), 44 (33), 8 (52), 49 (60), 16 (47), 33 (63), 3 (58), 11 (62), 27 (68), 22 (59), 35 (88), 12 (85), 10 (56), 24 (94), 37 (92), 41 (89), 28 (64)]";17413
Multiarranque;50;2;34275;3794.0;1000;"Maquina 1: [26 (28), 5 (15), 0 (40), 1 (24), 6 (45), 7 (10), 38 (21), 39 (14), 22 (59), 15 (40), 45 (69), 32 (73), 44 (33), 13 (43), 8 (52), 49 (60), 33 (63), 37 (92), 30 (95), 27 (68), 4 (69), 12 (85), 20 (60), 46 (75), 21 (95), 14 (97)]";18099;"Maquina 2: [19 (2), 43 (17), 10 (56), 34 (17), 16 (47), 18 (54), 48 (19), 2 (30), 36 (44), 9 (37), 25 (43), 35 (88), 29 (47), 40 (89), 17 (69), 23 (96), 47 (27), 24 (94), 3 (58), 11 (62), 41 (89), 28 (64), 31 (70), 42 (97)]";16176
GREEDY;50;2;32236;1.0;1;"Maquina 1: [13 (10), 27 (15), 4 (12), 1 (5), 0 (14), 24 (40), 19 (33), 17 (77), 20 (24), 7 (45), 3 (36), 32 (12), 49 (18), 46 (46), 41 (49), 31 (66), 45 (89), 9 (51), 30 (48), 37 (61), 11 (71), 33 (59), 8 (64), 43 (81), 34 (84)]";15469;"Maquina 2: [39 (10), 42 (60), 23 (10), 38 (13), 12 (7), 18 (19), 16 (15), 40 (44), 22 (36), 14 (49), 44 (28), 2 (66), 28 (33), 48 (77), 36 (82), 35 (51), 29 (45), 6 (88), 47 (66), 15 (48), 5 (73), 26 (82), 21 (50), 10 (62), 25 (98)]";16767
GRASP;50;2;29314;2313.0;1000;"Maquina 1: [49 (18), 38 (13), 12 (7), 18 (19), 1 (5), 0 (14), 23 (10), 3 (36), 37 (61), 46 (46), 40 (44), 19 (33), 10 (62), 33 (59), 9 (51), 30 (48), 41 (49), 24 (40), 5 (73), 26 (82), 34 (84), 6 (88), 7 (45), 45 (89), 17 (77)]";13717;"Maquina 2: [16 (15), 20 (24), 28 (33), 32 (12), 35 (51), 27 (15), 13 (10), 44 (28), 4 (12), 29 (45), 47 (66), 22 (36), 2 (66), 14 (49), 15 (48), 21 (50), 39 (10), 25 (98), 8 (64), 42 (60), 11 (71), 48 (77), 36 (82), 43 (81), 31 (66)]";15597
LNS;50;2;31556;422.0;1000;"Maquina 1: [13 (10), 27 (15), 4 (12), 1 (5), 0 (14), 37 (61), 46 (46), 49 (18), 20 (24), 7 (45), 3 (36), 32 (12), 19 (33), 17 (77), 41 (49), 31 (66), 45 (89), 9 (51), 30 (48), 24 (40), 11 (71), 33 (59), 8 (64), 43 (81), 34 (84)]";14944;"Maquina 2: [16 (15), 42 (60), 23 (10), 38 (13), 12 (7), 18 (19), 39 (10), 40 (44), 22 (36), 14 (49), 44 (28), 2 (66), 28 (33), 48 (77), 36 (82), 35 (51), 29 (45), 6 (88), 47 (66), 15 (48), 5 (73), 26 (82), 21 (50), 10 (62), 25 (98)]";16612
TABÚ;50;2;30367;642.0;1000;"Maquina 1: [39 (10), 13 (10), 32 (12), 19 (33), 49 (18), 1 (5), 0 (14), 24 (40), 40 (44), 20 (24), 5 (73), 9 (51), 41 (49), 7 (45), 29 (45), 6 (88), 47 (66), 37 (61), 17 (77), 36 (82), 43 (81), 33 (59), 10 (62), 45 (89)]";14776;"Maquina 2: [23 (10), 3 (36), 38 (13), 12 (7), 18 (19), 27 (15), 16 (15), 44 (28), 4 (12), 15 (48), 14 (49), 30 (48), 2 (66), 22 (36), 46 (46), 35 (51), 11 (71), 48 (77), 28 (33), 8 (64), 42 (60), 26 (82), 21 (50), 31 (66), 25 (98), 34 (84)]";15591
VNS;50;2;28522;21765.0;1000;"Maquina 1: [27 (15), 4 (12), 1 (5), 0 (14), 24 (40), 19 (33), 49 (18), 17 (77), 20 (24), 32 (12), 35 (51), 21 (50), 46 (46), 41 (49), 31 (66), 10 (62), 45 (89), 28 (33), 9 (51), 30 (48), 2 (66), 47 (66), 25 (98), 36 (82), 33 (59)]";14474;"Maquina 2: [39 (10), 13 (10), 42 (60), 23 (10), 3 (36), 38 (13), 12 (7), 18 (19), 16 (15), 14 (49), 22 (36), 40 (44), 7 (45), 44 (28), 48 (77), 15 (48), 29 (45), 6 (88), 8 (64), 37 (61), 11 (71), 5 (73), 26 (82), 34 (84), 43 (81)]";14048
Multiarranque;50;2;28594;3640.0;1000;"Maquina 1: [4 (12), 39 (10), 41 (49), 27 (15), 0 (14), 23 (10), 3 (36), 28 (33), 32 (12), 15 (48), 9 (51), 30 (48), 7 (45), 21 (50), 46 (46), 8 (64), 40 (44), 42 (60), 5 (73), 43 (81), 33 (59), 25 (98), 36 (82), 26 (82), 17 (77)]";14422;"Maquina 2: [1 (5), 12 (7), 16 (15), 20 (24), 49 (18), 38 (13), 13 (10), 18 (19), 35 (51), 29 (45), 47 (66), 22 (36), 14 (49), 44 (28), 24 (40), 19 (33), 10 (62), 2 (66), 34 (84), 6 (88), 11 (71), 37 (61), 48 (77), 31 (66), 45 (89)]";14172
GREEDY;50;2;29777;1.0;1;"Maquina 1: [20 (9), 47 (5), 45 (22), 24 (42), 2 (19), 48 (2), 21 (27), 37 (49), 33 (37), 40 (34), 14 (53), 6 (43), 28 (73), 38 (56), 19 (55), 39 (65), 25 (57), 30 (89), 17 (61), 27 (82), 10 (90), 12 (85), 4 (92), 0 (97), 23 (93)]";15081;"Maquina 2: [13 (3), 44 (7), 29 (13), 36 (8), 7 (34), 41 (22), 42 (24), 43 (38), 49 (55), 5 (49), 31 (42), 1 (59), 15 (36), 34 (50), 18 (57), 22 (68), 9 (55), 16 (64), 32 (84), 35 (92), 11 (90), 8 (90), 26 (94), 46 (79), 3 (87)]";14696
GRASP;50;2;28227;2341.0;1000;"Maquina 1: [47 (5), 29 (13), 13 (3), 44 (7), 15 (36), 34 (50), 2 (19), 49 (55), 42 (24), 43 (38), 5 (49), 33 (37), 24 (42), 17 (61), 16 (64), 32 (84), 28 (73), 9 (55), 3 (87), 30 (89), 39 (65), 46 (79), 35 (92), 10 (90), 26 (94)]";13777;"Maquina 2: [36 (8), 20 (9), 37 (49), 48 (2), 25 (57), 45 (22), 7 (34), 40 (34), 41 (22), 31 (42), 14 (53), 6 (43), 21 (27), 38 (56), 19 (55), 18 (57), 27 (82), 11 (90), 22 (68), 23 (93), 8 (90), 1 (59), 4 (92), 12 (85), 0 (97)]";14450
LNS;50;2;29322;406.0;1000;"Maquina 1: [33 (37), 47 (5), 45 (22), 24 (42), 2 (19), 48 (2), 20 (9), 37 (49), 21 (27), 40 (34), 14 (53), 6 (43), 28 (73), 38 (56), 19 (55), 39 (65), 25 (57), 30 (89), 17 (61), 27 (82), 10 (90), 12 (85), 4 (92), 0 (97), 23 (93)]";14798;"Maquina 2: [13 (3), 44 (7), 29 (13), 36 (8), 7 (34), 41 (22), 42 (24), 43 (38), 49 (55), 5 (49), 22 (68), 1 (59), 15 (36), 34 (50), 32 (84), 31 (42), 9 (55), 16 (64), 18 (57), 35 (92), 11 (90), 8 (90), 26 (94), 46 (79), 3 (87)]";14524
TABÚ;50;2;28803;625.0;1000;"Maquina 1: [48 (2), 13 (3), 43 (38), 29 (13), 36 (8), 41 (22), 5 (49), 42 (24), 1 (59), 15 (36), 34 (50), 45 (22), 24 (42), 38 (56), 17 (61), 16 (64), 18 (57), 49 (55), 0 (97), 28 (73), 12 (85), 3 (87), 32 (84), 4 (92), 26 (94)]";13908;"Maquina 2: [44 (7), 21 (27), 20 (9), 47 (5), 40 (34), 2 (19), 7 (34), 25 (57), 31 (42), 14 (53), 33 (37), 37 (49), 19 (55), 9 (55), 6 (43), 39 (65), 46 (79), 27 (82), 22 (68), 23 (93), 8 (90), 10 (90), 35 (92), 11 (90), 30 (89)]";14895
VNS;50;2;28356;34398.0;1000;"Maquina 1: [47 (5), 29 (13), 24 (42), 2 (19), 48 (2), 20 (9), 37 (49), 7 (34), 9 (55), 40 (34), 14 (53), 6 (43), 28 (73), 38 (56), 19 (55), 39 (65), 25 (57), 30 (89), 17 (61), 27 (82), 4 (92), 12 (85), 0 (97), 8 (90), 23 (93)]";14433;"Maquina 2: [13 (3), 44 (7), 45 (22), 36 (8), 41 (22), 42 (24), 21 (27), 43 (38), 49 (55), 5 (49), 31 (42), 1 (59), 15 (36), 34 (50), 18 (57), 22 (68), 33 (37), 16 (64), 32 (84), 35 (92), 11 (90), 10 (90), 26 (94), 46 (79), 3 (87)]";13923
Multiarranque;50;2;28364;3723.0;1000;"Maquina 1: [48 (2), 20 (9), 36 (8), 34 (50), 21 (27), 47 (5), 29 (13), 45 (22), 1 (59), 2 (19), 7 (34), 9 (55), 49 (55), 5 (49), 33 (37), 16 (64), 38 (56), 17 (61), 46 (79), 28 (73), 23 (93), 12 (85), 3 (87), 35 (92), 30 (89), 10 (90)]";13833;"Maquina 2: [13 (3), 44 (7), 15 (36), 40 (34), 41 (22), 37 (49), 42 (24), 19 (55), 14 (53), 39 (65), 31 (42), 24 (42), 43 (38), 18 (57), 27 (82), 25 (57), 22 (68), 0 (97), 6 (43), 8 (90), 32 (84), 4 (92), 26 (94), 11 (90)]";14531
GREEDY;50;2;29641;1.0;1;"Maquina 1: [33 (1), 40 (12), 8 (14), 48 (32), 1 (29), 15 (29), 2 (36), 9 (20), 10 (40), 12 (44), 5 (56), 37 (49), 39 (53), 20 (91), 29 (51), 23 (57), 13 (46), 44 (60), 22 (72), 41 (60), 19 (88), 27 (76), 14 (66), 0 (97), 6 (81)]";14527;"Maquina 2: [31 (7), 21 (19), 30 (22), 49 (13), 3 (28), 46 (30), 43 (52), 17 (35), 26 (37), 36 (40), 28 (49), 11 (45), 35 (54), 42 (60), 25 (64), 34 (59), 24 (51), 45 (72), 16 (81), 38 (67), 7 (56), 4 (79), 32 (90), 18 (99), 47 (92)]";15114
GRASP;50;2;29855;2261.0;1000;"Maquina 1: [30 (22), 31 (7), 48 (32), 8 (14), 1 (29), 49 (13), 3 (28), 25 (64), 17 (35), 11 (45), 13 (46), 24 (51), 41 (60), 15 (29), 10 (40), 39 (53), 45 (72), 14 (66), 5 (56), 16 (81), 6 (81), 4 (79), 7 (56), 32 (90), 20 (91)]";14776;"Maquina 2: [33 (1), 28 (49), 40 (12), 46 (30), 21 (19), 43 (52), 2 (36), 9 (20), 36 (40), 26 (37), 29 (51), 34 (59), 37 (49), 35 (54), 42 (60), 23 (57), 38 (67), 44 (60), 12 (44), 27 (76), 22 (72), 18 (99), 19 (88), 47 (92), 0 (97)]";15079
LNS;50;2;29485;391.0;1000;"Maquina 1: [33 (1), 40 (12), 8 (14), 48 (32), 1 (29), 15 (29), 2 (36), 9 (20), 10 (40), 12 (44), 5 (56), 37 (49), 39 (53), 20 (91), 29 (51), 23 (57), 13 (46), 44 (60), 22 (72), 41 (60), 19 (88), 27 (76), 14 (66), 0 (97), 6 (81)]";14527;"Maquina 2: [31 (7), 46 (30), 30 (22), 49 (13), 3 (28), 21 (19), 43 (52), 17 (35), 26 (37), 36 (40), 28 (49), 38 (67), 7 (56), 42 (60), 25 (64), 34 (59), 24 (51), 45 (72), 16 (81), 11 (45), 35 (54), 32 (90), 4 (79), 18 (99), 47 (92)]";14958
TABÚ;50;2;29864;619.0;1000;"Maquina 1: [31 (7), 40 (12), 29 (51), 46 (30), 30 (22), 33 (1), 28 (49), 13 (46), 17 (35), 26 (37), 37 (49), 5 (56), 15 (29), 10 (40), 14 (66), 44 (60), 34 (59), 24 (51), 41 (60), 19 (88), 6 (81), 0 (97), 32 (90), 16 (81), 47 (92)]";14718;"Maquina 2: [9 (20), 49 (13), 3 (28), 21 (19), 8 (14), 48 (32), 2 (36), 1 (29), 45 (72), 11 (45), 39 (53), 36 (40), 43 (52), 12 (44), 23 (57), 25 (64), 38 (67), 7 (56), 42 (60), 35 (54), 27 (76), 22 (72), 20 (91), 18 (99), 4 (79)]";15146
VNS;50;2;29070;29982.0;1000;"Maquina 1: [33 (1), 3 (28), 8 (14), 1 (29), 49 (13), 15 (29), 2 (36), 9 (20), 10 (40), 12 (44), 5 (56), 37 (49), 39 (53), 20 (91), 29 (51), 23 (57), 13 (46), 44 (60), 6 (81), 35 (54), 19 (88), 47 (92), 27 (76), 0 (97), 32 (90)]";14571;"Maquina 2: [46 (30), 30 (22), 31 (7), 48 (32), 21 (19), 43 (52), 17 (35), 26 (37), 36 (40), 28 (49), 40 (12), 11 (45), 7 (56), 42 (60), 25 (64), 38 (67), 24 (51), 45 (72), 16 (81), 34 (59), 22 (72), 14 (66), 4 (79), 41 (60), 18 (99)]";14499
Multiarranque;50;2;28815;3787.0;1000;"Maquina 1: [31 (7), 40 (12), 8 (14), 3 (28), 46 (30), 30 (22), 12 (44), 23 (57), 13 (46), 48 (32), 1 (29), 45 (72), 28 (49), 24 (51), 41 (60), 35 (54), 4 (79), 7 (56), 22 (72), 14 (66), 44 (60), 20 (91), 0 (97), 32 (90), 19 (88)]";14757;"Maquina 2: [49 (13), 9 (20), 10 (40), 33 (1), 36 (40), 26 (37), 21 (19), 43 (52), 17 (35), 2 (36), 11 (45), 5 (56), 37 (49), 39 (53), 15 (29), 29 (51), 34 (59), 27 (76), 42 (60), 25 (64), 38 (67), 47 (92), 16 (81), 6 (81), 18 (99)]";14058
GREEDY;50;2;27730;0.0;1;"Maquina 1: [16 (1), 35 (2), 48 (9), 4 (15), 49 (6), 22 (9), 18 (32), 47 (53), 9 (28), 13 (46), 25 (20), 5 (59), 3 (48), 41 (61), 29 (42), 21 (64), 36 (70), 14 (74), 40 (79), 2 (99), 12 (84), 44 (68), 31 (94), 34 (99), 37 (96)]";14068;"Maquina 2: [24 (9), 26 (2), 8 (3), 6 (9), 27 (32), 38 (6), 1 (21), 15 (11), 43 (28), 7 (54), 19 (44), 32 (33), 23 (47), 45 (48), 39 (76), 42 (62), 17 (65), 33 (61), 10 (71), 28 (80), 0 (70), 30 (99), 20 (95), 46 (97), 11 (90)]";13662
GRASP;50;2;26521;2229.0;1000;"Maquina 1: [8 (3), 48 (9), 6 (9), 49 (6), 25 (20), 38 (6), 13 (46), 32 (33), 24 (9), 9 (28), 7 (54), 27 (32), 23 (47), 45 (48), 42 (62), 33 (61), 21 (64), 12 (84), 10 (71), 28 (80), 14 (74), 11 (90), 2 (99), 34 (99), 30 (99)]";12969;"Maquina 2: [4 (15), 26 (2), 16 (1), 22 (9), 43 (28), 35 (2), 1 (21), 40 (79), 15 (11), 19 (44), 18 (32), 47 (53), 29 (42), 0 (70), 17 (65), 37 (96), 3 (48), 41 (61), 5 (59), 36 (70), 44 (68), 39 (76), 31 (94), 20 (95), 46 (97)]";13552
LNS;50;2;27621;392.0;1000;"Maquina 1: [16 (1), 35 (2), 48 (9), 4 (15), 49 (6), 22 (9), 18 (32), 47 (53), 9 (28), 13 (46), 25 (20), 5 (59), 3 (48), 41 (61), 29 (42), 21 (64), 36 (70), 14 (74), 40 (79), 2 (99), 12 (84), 44 (68), 31 (94), 34 (99), 37 (96)]";14068;"Maquina 2: [24 (9), 26 (2), 8 (3), 6 (9), 27 (32), 38 (6), 1 (21), 15 (11), 43 (28), 7 (54), 19 (44), 32 (33), 23 (47), 45 (48), 39 (76), 17 (65), 42 (62), 33 (61), 10 (71), 28 (80), 0 (70), 30 (99), 20 (95), 46 (97), 11 (90)]";13553
TABÚ;50;2;25739;600.0;1000;"Maquina 1: [26 (2), 16 (1), 24 (9), 35 (2), 48 (9), 4 (15), 33 (61), 22 (9), 43 (28), 7 (54), 27 (32), 23 (47), 45 (48), 44 (68), 18 (32), 47 (53), 17 (65), 42 (62), 14 (74), 10 (71), 28 (80), 37 (96), 2 (99), 34 (99), 30 (99)]";12271;"Maquina 2: [8 (3), 6 (9), 49 (6), 32 (33), 15 (11), 25 (20), 38 (6), 1 (21), 9 (28), 13 (46), 5 (59), 19 (44), 3 (48), 41 (61), 29 (42), 21 (64), 36 (70), 0 (70), 12 (84), 39 (76), 31 (94), 40 (79), 11 (90), 20 (95), 46 (97)]";13468
VNS;50;2;25787;30363.0;1000;"Maquina 1: [35 (2), 48 (9), 4 (15), 49 (6), 32 (33), 15 (11), 1 (21), 18 (32), 47 (53), 9 (28), 25 (20), 5 (59), 41 (61), 29 (42), 21 (64), 17 (65), 40 (79), 2 (99), 12 (84), 44 (68), 39 (76), 11 (90), 37 (96), 20 (95)]";11897;"Maquina 2: [24 (9), 26 (2), 16 (1), 8 (3), 6 (9), 27 (32), 13 (46), 38 (6), 33 (61), 22 (9), 43 (28), 7 (54), 19 (44), 23 (47), 45 (48), 36 (70), 42 (62), 14 (74), 10 (71), 28 (80), 3 (48), 0 (70), 30 (99), 46 (97), 34 (99), 31 (94)]";13890
Multiarranque;50;2;25536;3779.0;1000;"Maquina 1: [4 (15), 26 (2), 35 (2), 1 (21), 9 (28), 49 (6), 32 (33), 15 (11), 33 (61), 18 (32), 43 (28), 5 (59), 10 (71), 3 (48), 0 (70), 13 (46), 21 (64), 17 (65), 40 (79), 36 (70), 12 (84), 11 (90), 2 (99), 28 (80), 30 (99)]";13312;"Maquina 2: [8 (3), 48 (9), 6 (9), 16 (1), 42 (62), 25 (20), 38 (6), 19 (44), 24 (9), 22 (9), 7 (54), 45 (48), 27 (32), 41 (61), 29 (42), 47 (53), 23 (47), 44 (68), 39 (76), 31 (94), 14 (74), 37 (96), 20 (95), 46 (97), 34 (99)]";12224
GREEDY;50;2;24390;0.0;1;"Maquina 1: [47 (8), 45 (6), 31 (17), 11 (1), 1 (17), 3 (14), 30 (9), 37 (69), 33 (25), 7 (33), 24 (31), 16 (24), 44 (43), 10 (30), 40 (60), 9 (77), 4 (74), 8 (68), 12 (54), 13 (50), 29 (70), 27 (77), 18 (82), 26 (97), 39 (90)]";12375;"Maquina 2: [28 (16), 2 (7), 6 (2), 48 (9), 42 (8), 35 (12), 36 (26), 21 (25), 14 (23), 20 (29), 34 (32), 41 (39), 5 (48), 19 (62), 0 (69), 32 (58), 49 (30), 43 (75), 38 (53), 25 (72), 46 (69), 15 (77), 23 (84), 17 (97), 22 (79)]";12015
GRASP;50;2;23643;2332.0;1000;"Maquina 1: [1 (17), 11 (1), 49 (30), 47 (8), 6 (2), 35 (12), 48 (9), 36 (26), 20 (29), 34 (32), 16 (24), 44 (43), 13 (50), 12 (54), 7 (33), 37 (69), 32 (58), 40 (60), 9 (77), 4 (74), 27 (77), 43 (75), 18 (82), 26 (97), 39 (90)]";12325;"Maquina 2: [28 (16), 42 (8), 45 (6), 31 (17), 2 (7), 10 (30), 30 (9), 3 (14), 21 (25), 14 (23), 24 (31), 41 (39), 5 (48), 19 (62), 33 (25), 46 (69), 8 (68), 0 (69), 38 (53), 23 (84), 15 (77), 29 (70), 25 (72), 22 (79), 17 (97)]";11318
LNS;50;2;24116;424.0;1000;"Maquina 1: [47 (8), 45 (6), 31 (17), 30 (9), 3 (14), 1 (17), 11 (1), 37 (69), 33 (25), 7 (33), 24 (31), 16 (24), 44 (43), 10 (30), 40 (60), 9 (77), 4 (74), 8 (68), 12 (54), 13 (50), 29 (70), 27 (77), 18 (82), 26 (97), 39 (90)]";12101;"Maquina 2: [28 (16), 2 (7), 6 (2), 48 (9), 42 (8), 35 (12), 36 (26), 21 (25), 14 (23), 20 (29), 34 (32), 41 (39), 5 (48), 19 (62), 0 (69), 32 (58), 49 (30), 43 (75), 38 (53), 25 (72), 46 (69), 15 (77), 23 (84), 17 (97), 22 (79)]";12015
TABÚ;50;2;23686;633.0;1000;"Maquina 1: [28 (16), 11 (1), 1 (17), 30 (9), 48 (9), 2 (7), 6 (2), 10 (30), 36 (26), 33 (25), 7 (33), 12 (54), 29 (70), 21 (25), 49 (30), 40 (60), 39 (90), 25 (72), 0 (69), 38 (53), 44 (43), 27 (77), 18 (82), 15 (77), 17 (97)]";11836;"Maquina 2: [47 (8), 45 (6), 31 (17), 42 (8), 35 (12), 19 (62), 34 (32), 3 (14), 20 (29), 16 (24), 41 (39), 5 (48), 14 (23), 24 (31), 32 (58), 13 (50), 9 (77), 4 (74), 8 (68), 37 (69), 23 (84), 26 (97), 46 (69), 43 (75), 22 (79)]";11850
VNS;50;2;22959;33121.0;1000;"Maquina 1: [47 (8), 45 (6), 31 (17), 30 (9), 1 (17), 11 (1), 46 (69), 7 (33), 20 (29), 34 (32), 16 (24), 44 (43), 10 (30), 40 (60), 9 (77), 4 (74), 12 (54), 13 (50), 29 (70), 27 (77), 18 (82), 15 (77), 23 (84), 22 (79)]";10891;"Maquina 2: [28 (16), 2 (7), 6 (2), 48 (9), 42 (8), 36 (26), 33 (25), 3 (14), 21 (25), 14 (23), 24 (31), 41 (39), 5 (48), 35 (12), 19 (62), 37 (69), 32 (58), 49 (30), 43 (75), 38 (53), 25 (72), 0 (69), 8 (68), 39 (90), 26 (97), 17 (97)]";12068
Multiarranque;50;2;22961;3726.0;1000;"Maquina 1: [11 (1), 28 (16), 42 (8), 35 (12), 6 (2), 31 (17), 30 (9), 49 (30), 36 (26), 20 (29), 16 (24), 41 (39), 19 (62), 7 (33), 12 (54), 38 (53), 29 (70), 27 (77), 43 (75), 46 (69), 0 (69), 17 (97), 15 (77), 18 (82), 39 (90)]";11426;"Maquina 2: [2 (7), 10 (30), 47 (8), 45 (6), 48 (9), 33 (25), 1 (17), 3 (14), 21 (25), 14 (23), 24 (31), 44 (43), 13 (50), 34 (32), 25 (72), 5 (48), 37 (69), 23 (84), 40 (60), 9 (77), 32 (58), 4 (74), 8 (68), 26 (97), 22 (79)]";11535
GREEDY;50;2;32835;1.0;1;"Maquina 1: [10 (7), 38 (15), 43 (17), 47 (2), 29 (24), 39 (21), 16 (41), 32 (57), 15 (30), 48 (60), 3 (92), 23 (51), 27 (81), 13 (59), 5 (44), 4 (68), 42 (62), 28 (75), 37 (72), 18 (87), 6 (74), 12 (84), 26 (94), 8 (89), 24 (91)]";16304;"Maquina 2: [25 (4), 45 (8), 17 (17), 7 (15), 1 (38), 20 (24), 11 (70), 0 (27), 34 (61), 36 (65), 33 (42), 41 (49), 31 (59), 9 (53), 44 (76), 22 (58), 19 (80), 2 (73), 35 (84), 49 (92), 21 (74), 14 (88), 40 (90), 30 (91), 46 (97)]";16531
GRASP;50;2;31965;2253.0;1000;"Maquina 1: [25 (4), 15 (30), 7 (15), 17 (17), 38 (15), 1 (38), 43 (17), 47 (2), 5 (44), 32 (57), 27 (81), 9 (53), 48 (60), 34 (61), 28 (75), 31 (59), 37 (72), 4 (68), 44 (76), 3 (92), 18 (87), 6 (74), 8 (89), 24 (91), 26 (94)]";15115;"Maquina 2: [45 (8), 39 (21), 29 (24), 20 (24), 11 (70), 16 (41), 10 (7), 23 (51), 0 (27), 42 (62), 33 (42), 35 (84), 41 (49), 13 (59), 40 (90), 2 (73), 36 (65), 21 (74), 14 (88), 22 (58), 46 (97), 12 (84), 19 (80), 49 (92), 30 (91)]";16850
LNS;50;2;32389;394.0;1000;"Maquina 1: [10 (7), 38 (15), 29 (24), 47 (2), 43 (17), 39 (21), 16 (41), 32 (57), 15 (30), 48 (60), 3 (92), 23 (51), 27 (81), 13 (59), 5 (44), 8 (89), 42 (62), 28 (75), 37 (72), 18 (87), 6 (74), 12 (84), 26 (94), 4 (68), 24 (91)]";16084;"Maquina 2: [25 (4), 45 (8), 7 (15), 17 (17), 1 (38), 20 (24), 11 (70), 0 (27), 34 (61), 36 (65), 33 (42), 41 (49), 31 (59), 9 (53), 44 (76), 22 (58), 19 (80), 2 (73), 35 (84), 49 (92), 21 (74), 14 (88), 40 (90), 30 (91), 46 (97)]";16305
TABÚ;50;2;32043;619.0;1000;"Maquina 1: [7 (15), 25 (4), 29 (24), 47 (2), 43 (17), 10 (7), 23 (51), 0 (27), 32 (57), 15 (30), 41 (49), 11 (70), 22 (58), 5 (44), 4 (68), 2 (73), 35 (84), 36 (65), 12 (84), 48 (60), 19 (80), 27 (81), 46 (97), 49 (92), 30 (91), 26 (94)]";16608;"Maquina 2: [45 (8), 39 (21), 20 (24), 17 (17), 38 (15), 1 (38), 33 (42), 8 (89), 9 (53), 13 (59), 31 (59), 42 (62), 34 (61), 28 (75), 37 (72), 16 (41), 18 (87), 6 (74), 44 (76), 21 (74), 14 (88), 3 (92), 40 (90), 24 (91)]";15435
VNS;50;2;31492;29854.0;1000;"Maquina 1: [10 (7), 38 (15), 1 (38), 43 (17), 47 (2), 29 (24), 25 (4), 16 (41), 32 (57), 15 (30), 48 (60), 42 (62), 21 (74), 27 (81), 13 (59), 5 (44), 4 (68), 2 (73), 23 (51), 28 (75), 37 (72), 18 (87), 19 (80), 12 (84), 26 (94), 24 (91)]";15821;"Maquina 2: [17 (17), 7 (15), 45 (8), 39 (21), 20 (24), 11 (70), 0 (27), 34 (61), 36 (65), 33 (42), 8 (89), 41 (49), 31 (59), 9 (53), 44 (76), 3 (92), 22 (58), 6 (74), 35 (84), 49 (92), 14 (88), 40 (90), 30 (91), 46 (97)]";15671
Multiarranque;50;2;31287;3641.0;1000;"Maquina 1: [45 (8), 39 (21), 47 (2), 25 (4), 17 (17), 38 (15), 10 (7), 23 (51), 29 (24), 13 (59), 5 (44), 8 (89), 15 (30), 48 (60), 36 (65), 6 (74), 44 (76), 9 (53), 40 (90), 28 (75), 19 (80), 24 (91), 12 (84), 18 (87), 3 (92), 30 (91)]";15065;"Maquina 2: [0 (27), 7 (15), 16 (41), 20 (24), 43 (17), 33 (42), 41 (49), 31 (59), 42 (62), 34 (61), 1 (38), 37 (72), 22 (58), 32 (57), 2 (73), 26 (94), 21 (74), 27 (81), 11 (70), 14 (88), 4 (68), 35 (84), 46 (97), 49 (92)]";16222
GREEDY;50;2;32517;0.0;1;"Maquina 1: [2 (29), 17 (1), 13 (5), 5 (3), 12 (35), 25 (70), 18 (12), 48 (41), 40 (18), 30 (48), 47 (43), 33 (88), 32 (53), 3 (39), 15 (72), 0 (86), 22 (79), 8 (56), 31 (90), 38 (91), 4 (61), 23 (76), 44 (96), 20 (80)]";15714;"Maquina 2: [29 (12), 42 (3), 39 (3), 16 (12), 21 (2), 34 (41), 45 (62), 10 (25), 26 (24), 11 (36), 19 (73), 46 (34), 49 (58), 6 (56), 7 (42), 36 (46), 28 (50), 41 (76), 9 (87), 24 (71), 35 (89), 14 (95), 43 (80), 1 (97), 37 (91), 27 (79)]";16803
GRASP;50;2;32510;2371.0;1000;"Maquina 1: [42 (3), 16 (12), 36 (46), 5 (3), 18 (12), 29 (12), 10 (25), 40 (18), 32 (53), 7 (42), 24 (71), 12 (35), 47 (43), 35 (89), 45 (62), 48 (41), 44 (96), 8 (56), 31 (90), 15 (72), 20 (80), 25 (70), 22 (79), 37 (91), 33 (88)]";15903;"Maquina 2: [17 (1), 39 (3), 28 (50), 21 (2), 13 (5), 0 (86), 26 (24), 2 (29), 46 (34), 30 (48), 3 (39), 11 (36), 19 (73), 4 (61), 23 (76), 41 (76), 34 (41), 43 (80), 6 (56), 9 (87), 38 (91), 49 (58), 27 (79), 1 (97), 14 (95)]";16607
LNS;50;2;32400;447.0;1000;"Maquina 1: [2 (29), 17 (1), 13 (5), 5 (3), 12 (35), 25 (70), 18 (12), 48 (41), 40 (18), 30 (48), 47 (43), 33 (88), 32 (53), 3 (39), 15 (72), 0 (86), 22 (79), 8 (56), 31 (90), 38 (91), 4 (61), 23 (76), 44 (96), 20 (80)]";15714;"Maquina 2: [11 (36), 42 (3), 39 (3), 16 (12), 21 (2), 34 (41), 45 (62), 10 (25), 26 (24), 29 (12), 19 (73), 46 (34), 49 (58), 6 (56), 7 (42), 36 (46), 28 (50), 41 (76), 9 (87), 24 (71), 35 (89), 14 (95), 43 (80), 1 (97), 37 (91), 27 (79)]";16686
TABÚ;50;2;31214;651.0;1000;"Maquina 1: [39 (3), 42 (3), 2 (29), 8 (56), 46 (34), 24 (71), 28 (50), 21 (2), 34 (41), 47 (43), 10 (25), 40 (18), 14 (95), 30 (48), 3 (39), 15 (72), 19 (73), 6 (56), 41 (76), 9 (87), 38 (91), 37 (91), 33 (88), 25 (70), 22 (79)]";16191;"Maquina 2: [17 (1), 16 (12), 13 (5), 11 (36), 12 (35), 26 (24), 5 (3), 18 (12), 29 (12), 36 (46), 31 (90), 32 (53), 20 (80), 49 (58), 7 (42), 45 (62), 48 (41), 27 (79), 4 (61), 0 (86), 23 (76), 43 (80), 1 (97), 35 (89), 44 (96)]";15023
VNS;50;2;31402;36229.0;1000;"Maquina 1: [17 (1), 13 (5), 11 (36), 5 (3), 12 (35), 25 (70), 18 (12), 48 (41), 1 (97), 40 (18), 30 (48), 47 (43), 27 (79), 32 (53), 3 (39), 15 (72), 22 (79), 43 (80), 31 (90), 38 (91), 4 (61), 20 (80), 37 (91), 33 (88), 19 (73)]";16869;"Maquina 2: [42 (3), 39 (3), 16 (12), 21 (2), 34 (41), 45 (62), 10 (25), 26 (24), 29 (12), 8 (56), 46 (34), 49 (58), 2 (29), 28 (50), 7 (42), 36 (46), 6 (56), 41 (76), 9 (87), 24 (71), 35 (89), 14 (95), 44 (96), 23 (76), 0 (86)]";14533
Multiarranque;50;2;30494;3661.0;1000;"Maquina 1: [17 (1), 36 (46), 5 (3), 42 (3), 2 (29), 46 (34), 48 (41), 18 (12), 1 (97), 40 (18), 30 (48), 3 (39), 11 (36), 32 (53), 20 (80), 49 (58), 27 (79), 4 (61), 45 (62), 14 (95), 9 (87), 31 (90), 37 (91), 33 (88), 0 (86)]";15585;"Maquina 2: [39 (3), 16 (12), 13 (5), 21 (2), 12 (35), 26 (24), 29 (12), 34 (41), 47 (43), 10 (25), 28 (50), 7 (42), 6 (56), 41 (76), 8 (56), 24 (71), 15 (72), 25 (70), 22 (79), 23 (76), 43 (80), 35 (89), 19 (73), 38 (91), 44 (96)]";14909
GREEDY;50;2;35014;1.0;1;"Maquina 1: [3 (6), 44 (10), 49 (16), 23 (46), 12 (28), 32 (57), 45 (39), 19 (29), 11 (25), 24 (47), 29 (17), 6 (59), 38 (61), 40 (21), 14 (54), 28 (36), 18 (64), 31 (70), 5 (82), 21 (94), 20 (73), 35 (83), 4 (80), 27 (87), 0 (92)]";17088;"Maquina 2: [37 (8), 1 (14), 17 (67), 41 (57), 48 (17), 36 (47), 34 (24), 22 (29), 26 (25), 43 (46), 8 (17), 33 (59), 10 (29), 39 (91), 15 (39), 46 (42), 47 (94), 2 (83), 25 (57), 9 (62), 30 (93), 16 (85), 13 (75), 7 (81), 42 (71)]";17926
GRASP;50;2;32718;2336.0;1000;"Maquina 1: [3 (6), 1 (14), 49 (16), 11 (25), 42 (71), 26 (25), 48 (17), 36 (47), 25 (57), 10 (29), 14 (54), 28 (36), 20 (73), 19 (29), 33 (59), 9 (62), 30 (93), 21 (94), 6 (59), 7 (81), 23 (46), 17 (67), 13 (75), 39 (91), 0 (92)]";16800;"Maquina 2: [37 (8), 44 (10), 8 (17), 12 (28), 40 (21), 15 (39), 29 (17), 22 (29), 34 (24), 32 (57), 46 (42), 27 (87), 41 (57), 45 (39), 24 (47), 43 (46), 18 (64), 38 (61), 47 (94), 2 (83), 5 (82), 35 (83), 4 (80), 31 (70), 16 (85)]";15918
LNS;50;2;34688;394.0;1000;"Maquina 1: [45 (39), 44 (10), 49 (16), 23 (46), 12 (28), 32 (57), 3 (6), 19 (29), 11 (25), 24 (47), 29 (17), 6 (59), 38 (61), 40 (21), 14 (54), 28 (36), 18 (64), 31 (70), 27 (87), 21 (94), 20 (73), 35 (83), 4 (80), 5 (82), 0 (92)]";16823;"Maquina 2: [37 (8), 1 (14), 17 (67), 41 (57), 48 (17), 36 (47), 34 (24), 22 (29), 26 (25), 43 (46), 8 (17), 33 (59), 10 (29), 39 (91), 15 (39), 46 (42), 47 (94), 13 (75), 25 (57), 9 (62), 30 (93), 16 (85), 2 (83), 7 (81), 42 (71)]";17865
TABÚ;50;2;33088;599.0;1000;"Maquina 1: [3 (6), 44 (10), 8 (17), 49 (16), 48 (17), 12 (28), 26 (25), 28 (36), 36 (47), 22 (29), 10 (29), 14 (54), 23 (46), 17 (67), 46 (42), 4 (80), 6 (59), 32 (57), 42 (71), 47 (94), 2 (83), 13 (75), 35 (83), 0 (92), 30 (93), 5 (82)]";16851;"Maquina 2: [37 (8), 40 (21), 1 (14), 15 (39), 29 (17), 11 (25), 45 (39), 24 (47), 41 (57), 19 (29), 34 (24), 7 (81), 43 (46), 9 (62), 18 (64), 38 (61), 33 (59), 25 (57), 31 (70), 16 (85), 20 (73), 39 (91), 27 (87), 21 (94)]";16237
VNS;50;2;33291;34311.0;1000;"Maquina 1: [37 (8), 44 (10), 49 (16), 23 (46), 12 (28), 36 (47), 32 (57), 7 (81), 19 (29), 11 (25), 24 (47), 29 (17), 6 (59), 38 (61), 15 (39), 40 (21), 14 (54), 18 (64), 13 (75), 39 (91), 42 (71), 31 (70), 16 (85), 0 (92), 21 (94), 47 (94)]";17985;"Maquina 2: [3 (6), 1 (14), 17 (67), 41 (57), 48 (17), 34 (24), 22 (29), 26 (25), 28 (36), 20 (73), 8 (17), 33 (59), 43 (46), 10 (29), 45 (39), 46 (42), 27 (87), 2 (83), 25 (57), 9 (62), 30 (93), 5 (82), 35 (83), 4 (80)]";15306
Multiarranque;50;2;31940;3807.0;1000;"Maquina 1: [37 (8), 44 (10), 49 (16), 34 (24), 40 (21), 48 (17), 10 (29), 19 (29), 11 (25), 42 (71), 22 (29), 23 (46), 43 (46), 9 (62), 18 (64), 7 (81), 32 (57), 45 (39), 24 (47), 47 (94), 39 (91), 4 (80), 30 (93), 33 (59), 27 (87), 16 (85)]";17357;"Maquina 2: [29 (17), 8 (17), 3 (6), 1 (14), 12 (28), 26 (25), 15 (39), 31 (70), 46 (42), 41 (57), 14 (54), 28 (36), 36 (47), 25 (57), 6 (59), 38 (61), 2 (83), 5 (82), 21 (94), 20 (73), 13 (75), 35 (83), 17 (67), 0 (92)]";14583
