GREEDY;50;4;15051;0.0;1;"Maquina 1: [38 (6), 16 (1), 24 (9), 19 (44), 18 (32), 45 (48), 25 (20), 5 (59), 36 (70), 21 (64), 31 (94), 40 (79), 2 (99)]";3622;"Maquina 2: [49 (6), 26 (2), 28 (80), 48 (9), 29 (42), 9 (28), 33 (61), 10 (71), 3 (48), 17 (65), 20 (95), 30 (99)]";3858;"Maquina 3: [35 (2), 1 (21), 15 (11), 6 (9), 27 (32), 14 (74), 41 (61), 13 (46), 44 (68), 34 (99), 47 (53), 37 (96), 12 (84)]";4155;"Maquina 4: [8 (3), 43 (28), 22 (9), 7 (54), 4 (15), 0 (70), 32 (33), 42 (62), 23 (47), 39 (76), 11 (90), 46 (97)]";3416
GRASP;50;4;13518;2713.0;1000;"Maquina 1: [6 (9), 16 (1), 48 (9), 8 (3), 32 (33), 15 (11), 18 (32), 47 (53), 21 (64), 3 (48), 19 (44), 2 (99), 28 (80), 34 (99)]";3451;"Maquina 2: [43 (28), 35 (2), 1 (21), 9 (28), 25 (20), 5 (59), 36 (70), 45 (48), 31 (94), 39 (76), 12 (84), 46 (97)]";3251;"Maquina 3: [26 (2), 24 (9), 22 (9), 7 (54), 27 (32), 13 (46), 29 (42), 42 (62), 17 (65), 40 (79), 11 (90), 20 (95)]";3002;"Maquina 4: [23 (47), 4 (15), 49 (6), 44 (68), 33 (61), 38 (6), 41 (61), 0 (70), 10 (71), 14 (74), 37 (96), 30 (99)]";3814
LNS;50;4;14957;156.0;1000;"Maquina 1: [38 (6), 16 (1), 24 (9), 19 (44), 18 (32), 45 (48), 25 (20), 5 (59), 36 (70), 21 (64), 31 (94), 40 (79), 2 (99)]";3622;"Maquina 2: [49 (6), 26 (2), 28 (80), 48 (9), 29 (42), 9 (28), 33 (61), 10 (71), 3 (48), 17 (65), 20 (95), 30 (99)]";3858;"Maquina 3: [35 (2), 1 (21), 15 (11), 6 (9), 27 (32), 14 (74), 41 (61), 13 (46), 44 (68), 34 (99), 47 (53), 37 (96), 12 (84)]";4155;"Maquina 4: [22 (9), 43 (28), 8 (3), 7 (54), 4 (15), 0 (70), 32 (33), 42 (62), 23 (47), 39 (76), 11 (90), 46 (97)]";3322
TABÚ;50;4;13919;734.0;1000;"Maquina 1: [24 (9), 9 (28), 49 (6), 25 (20), 23 (47), 18 (32), 13 (46), 21 (64), 17 (65), 12 (84), 36 (70), 34 (99)]";3288;"Maquina 2: [6 (9), 16 (1), 44 (68), 4 (15), 38 (6), 19 (44), 3 (48), 47 (53), 40 (79), 33 (61), 2 (99), 37 (96), 20 (95)]";3815;"Maquina 3: [26 (2), 35 (2), 1 (21), 45 (48), 27 (32), 41 (61), 15 (11), 39 (76), 31 (94), 28 (80), 5 (59), 46 (97), 30 (99)]";3863;"Maquina 4: [8 (3), 48 (9), 29 (42), 43 (28), 22 (9), 7 (54), 32 (33), 10 (71), 0 (70), 42 (62), 14 (74), 11 (90)]";2953
VNS;50;4;13644;37497.0;1000;"Maquina 1: [8 (3), 6 (9), 16 (1), 24 (9), 19 (44), 18 (32), 47 (53), 25 (20), 5 (59), 36 (70), 21 (64), 44 (68), 31 (94), 40 (79)]";3580;"Maquina 2: [49 (6), 26 (2), 28 (80), 9 (28), 33 (61), 32 (33), 42 (62), 3 (48), 12 (84), 11 (90), 20 (95), 2 (99)]";3744;"Maquina 3: [35 (2), 1 (21), 27 (32), 38 (6), 14 (74), 41 (61), 13 (46), 34 (99), 39 (76), 17 (65), 37 (96)]";2947;"Maquina 4: [22 (9), 43 (28), 15 (11), 48 (9), 4 (15), 29 (42), 0 (70), 10 (71), 23 (47), 45 (48), 7 (54), 46 (97), 30 (99)]";3373
Multiarranque;50;4;13742;3122.0;1000;"Maquina 1: [35 (2), 48 (9), 6 (9), 45 (48), 27 (32), 32 (33), 3 (48), 12 (84), 44 (68), 10 (71), 11 (90), 28 (80)]";3110;"Maquina 2: [22 (9), 43 (28), 1 (21), 9 (28), 47 (53), 29 (42), 14 (74), 41 (61), 33 (61), 37 (96), 31 (94), 46 (97)]";3566;"Maquina 3: [38 (6), 16 (1), 24 (9), 23 (47), 8 (3), 17 (65), 42 (62), 25 (20), 5 (59), 0 (70), 2 (99), 34 (99), 39 (76)]";3459;"Maquina 4: [4 (15), 49 (6), 15 (11), 7 (54), 26 (2), 18 (32), 13 (46), 21 (64), 19 (44), 20 (95), 40 (79), 36 (70), 30 (99)]";3607
GREEDY;50;4;22287;0.0;1;"Maquina 1: [48 (54), 10 (39), 3 (4), 35 (51), 41 (30), 20 (44), 11 (21), 13 (58), 39 (76), 24 (92), 26 (84), 27 (63), 0 (98)]";5977;"Maquina 2: [8 (41), 7 (30), 45 (22), 4 (45), 30 (11), 29 (55), 18 (77), 44 (84), 37 (51), 15 (58), 47 (65), 25 (93)]";5334;"Maquina 3: [28 (58), 43 (23), 23 (17), 5 (43), 38 (67), 40 (35), 6 (55), 21 (25), 19 (79), 1 (85), 9 (51), 33 (92)]";5292;"Maquina 4: [2 (43), 31 (19), 14 (60), 32 (24), 49 (50), 46 (51), 36 (62), 22 (34), 17 (56), 16 (73), 42 (80), 34 (93), 12 (86)]";5684
GRASP;50;4;19178;2649.0;1000;"Maquina 1: [17 (56), 45 (22), 3 (4), 4 (45), 9 (51), 46 (51), 47 (65), 14 (60), 33 (92), 34 (93), 26 (84), 1 (85)]";4532;"Maquina 2: [6 (55), 29 (55), 23 (17), 37 (51), 10 (39), 21 (25), 19 (79), 13 (58), 22 (34), 24 (92), 42 (80), 16 (73)]";4786;"Maquina 3: [41 (30), 30 (11), 36 (62), 11 (21), 43 (23), 48 (54), 15 (58), 7 (30), 38 (67), 28 (58), 35 (51), 18 (77), 44 (84)]";4858;"Maquina 4: [31 (19), 8 (41), 49 (50), 40 (35), 2 (43), 32 (24), 20 (44), 5 (43), 27 (63), 39 (76), 25 (93), 0 (98), 12 (86)]";5002
LNS;50;4;21841;149.0;1000;"Maquina 1: [48 (54), 10 (39), 3 (4), 35 (51), 13 (58), 20 (44), 11 (21), 41 (30), 39 (76), 24 (92), 26 (84), 27 (63), 0 (98)]";5930;"Maquina 2: [8 (41), 7 (30), 45 (22), 37 (51), 30 (11), 29 (55), 18 (77), 15 (58), 4 (45), 44 (84), 47 (65), 25 (93)]";4935;"Maquina 3: [28 (58), 43 (23), 23 (17), 5 (43), 38 (67), 40 (35), 6 (55), 21 (25), 19 (79), 1 (85), 9 (51), 33 (92)]";5292;"Maquina 4: [2 (43), 31 (19), 14 (60), 32 (24), 49 (50), 46 (51), 36 (62), 22 (34), 17 (56), 16 (73), 42 (80), 34 (93), 12 (86)]";5684
TABÚ;50;4;19175;734.0;1000;"Maquina 1: [41 (30), 30 (11), 46 (51), 43 (23), 5 (43), 3 (4), 29 (55), 48 (54), 18 (77), 49 (50), 16 (73), 38 (67), 42 (80)]";4523;"Maquina 2: [2 (43), 17 (56), 28 (58), 37 (51), 7 (30), 14 (60), 20 (44), 47 (65), 6 (55), 39 (76), 15 (58), 25 (93)]";4844;"Maquina 3: [13 (58), 22 (34), 10 (39), 11 (21), 8 (41), 21 (25), 44 (84), 26 (84), 27 (63), 0 (98), 33 (92), 34 (93)]";5074;"Maquina 4: [4 (45), 23 (17), 31 (19), 45 (22), 9 (51), 32 (24), 36 (62), 12 (86), 40 (35), 35 (51), 19 (79), 1 (85), 24 (92)]";4734
VNS;50;4;18571;24064.0;1000;"Maquina 1: [48 (54), 10 (39), 21 (25), 35 (51), 13 (58), 20 (44), 12 (86), 42 (80), 15 (58), 25 (93), 33 (92)]";4077;"Maquina 2: [7 (30), 38 (67), 4 (45), 30 (11), 11 (21), 37 (51), 9 (51), 14 (60), 44 (84), 47 (65), 39 (76), 27 (63)]";4277;"Maquina 3: [41 (30), 28 (58), 43 (23), 23 (17), 31 (19), 5 (43), 3 (4), 8 (41), 40 (35), 6 (55), 29 (55), 18 (77), 19 (79), 1 (85), 24 (92)]";5522;"Maquina 4: [2 (43), 45 (22), 32 (24), 49 (50), 46 (51), 36 (62), 22 (34), 17 (56), 34 (93), 0 (98), 16 (73), 26 (84)]";4695
Multiarranque;50;4;19058;3129.0;1000;"Maquina 1: [37 (51), 30 (11), 11 (21), 29 (55), 23 (17), 17 (56), 6 (55), 42 (80), 27 (63), 10 (39), 24 (92), 33 (92)]";4492;"Maquina 2: [3 (4), 8 (41), 41 (30), 14 (60), 43 (23), 5 (43), 35 (51), 18 (77), 15 (58), 9 (51), 0 (98), 12 (86), 39 (76)]";4756;"Maquina 3: [13 (58), 2 (43), 21 (25), 46 (51), 31 (19), 28 (58), 16 (73), 7 (30), 38 (67), 4 (45), 44 (84), 34 (93), 19 (79)]";5210;"Maquina 4: [36 (62), 22 (34), 32 (24), 49 (50), 40 (35), 20 (44), 47 (65), 25 (93), 45 (22), 26 (84), 48 (54), 1 (85)]";4600
GREEDY;50;4;16984;0.0;1;"Maquina 1: [15 (43), 2 (4), 16 (17), 24 (12), 46 (53), 39 (28), 18 (48), 29 (21), 35 (51), 25 (64), 13 (78), 28 (94), 47 (86)]";4486;"Maquina 2: [40 (14), 17 (50), 11 (10), 30 (13), 37 (27), 6 (44), 43 (31), 12 (42), 1 (53), 41 (78), 32 (55), 20 (65), 5 (91)]";4036;"Maquina 3: [23 (10), 19 (28), 10 (53), 38 (18), 34 (34), 0 (14), 48 (45), 3 (74), 22 (42), 21 (51), 44 (92), 31 (58), 4 (81)]";4347;"Maquina 4: [14 (12), 26 (37), 36 (49), 7 (14), 27 (92), 8 (23), 49 (56), 33 (52), 42 (69), 45 (43), 9 (79)]";4115
GRASP;50;4;15326;2664.0;1000;"Maquina 1: [2 (4), 39 (28), 19 (28), 0 (14), 29 (21), 26 (37), 45 (43), 22 (42), 1 (53), 5 (91), 21 (51), 28 (94)]";3254;"Maquina 2: [23 (10), 30 (13), 10 (53), 38 (18), 17 (50), 46 (53), 16 (17), 9 (79), 41 (78), 20 (65), 25 (64), 27 (92), 44 (92)]";4360;"Maquina 3: [43 (31), 8 (23), 15 (43), 40 (14), 49 (56), 48 (45), 35 (51), 14 (12), 13 (78), 3 (74), 32 (55), 4 (81)]";3779;"Maquina 4: [7 (14), 11 (10), 12 (42), 34 (34), 37 (27), 6 (44), 24 (12), 33 (52), 31 (58), 18 (48), 36 (49), 42 (69), 47 (86)]";3933
LNS;50;4;16960;160.0;1000;"Maquina 1: [15 (43), 2 (4), 24 (12), 16 (17), 46 (53), 39 (28), 18 (48), 29 (21), 35 (51), 25 (64), 13 (78), 28 (94), 47 (86)]";4483;"Maquina 2: [40 (14), 17 (50), 11 (10), 30 (13), 37 (27), 6 (44), 43 (31), 12 (42), 1 (53), 41 (78), 20 (65), 32 (55), 5 (91)]";4015;"Maquina 3: [23 (10), 19 (28), 10 (53), 38 (18), 34 (34), 0 (14), 48 (45), 3 (74), 22 (42), 21 (51), 44 (92), 31 (58), 4 (81)]";4347;"Maquina 4: [14 (12), 26 (37), 36 (49), 7 (14), 27 (92), 8 (23), 49 (56), 33 (52), 42 (69), 45 (43), 9 (79)]";4115
TABÚ;50;4;15576;721.0;1000;"Maquina 1: [15 (43), 2 (4), 42 (69), 11 (10), 29 (21), 10 (53), 38 (18), 30 (13), 17 (50), 31 (58), 44 (92), 3 (74)]";3419;"Maquina 2: [19 (28), 33 (52), 36 (49), 23 (10), 6 (44), 16 (17), 49 (56), 48 (45), 22 (42), 25 (64), 20 (65), 27 (92), 47 (86)]";4578;"Maquina 3: [43 (31), 14 (12), 1 (53), 7 (14), 21 (51), 40 (14), 8 (23), 32 (55), 18 (48), 4 (81), 26 (37), 13 (78)]";3299;"Maquina 4: [37 (27), 0 (14), 39 (28), 35 (51), 24 (12), 34 (34), 45 (43), 12 (42), 46 (53), 41 (78), 28 (94), 9 (79), 5 (91)]";4280
VNS;50;4;15220;44713.0;1000;"Maquina 1: [6 (44), 34 (34), 2 (4), 16 (17), 33 (52), 39 (28), 18 (48), 29 (21), 35 (51), 47 (86), 27 (92), 3 (74)]";3424;"Maquina 2: [21 (51), 40 (14), 11 (10), 30 (13), 37 (27), 43 (31), 15 (43), 25 (64), 9 (79), 32 (55), 28 (94), 5 (91), 36 (49)]";4082;"Maquina 3: [23 (10), 19 (28), 10 (53), 38 (18), 17 (50), 0 (14), 48 (45), 12 (42), 45 (43), 22 (42), 44 (92), 31 (58), 42 (69)]";3925;"Maquina 4: [26 (37), 46 (53), 41 (78), 14 (12), 1 (53), 7 (14), 24 (12), 8 (23), 49 (56), 20 (65), 4 (81), 13 (78)]";3789
Multiarranque;50;4;15178;3551.0;1000;"Maquina 1: [2 (4), 39 (28), 37 (27), 43 (31), 19 (28), 22 (42), 0 (14), 49 (56), 20 (65), 17 (50), 18 (48), 27 (92), 5 (91)]";3792;"Maquina 2: [21 (51), 40 (14), 11 (10), 30 (13), 26 (37), 31 (58), 42 (69), 48 (45), 3 (74), 10 (53), 9 (79), 47 (86)]";3926;"Maquina 3: [14 (12), 34 (34), 45 (43), 12 (42), 36 (49), 23 (10), 41 (78), 8 (23), 32 (55), 33 (52), 44 (92), 13 (78)]";3739;"Maquina 4: [16 (17), 7 (14), 24 (12), 6 (44), 38 (18), 15 (43), 25 (64), 29 (21), 35 (51), 28 (94), 46 (53), 1 (53), 4 (81)]";3721
GREEDY;50;4;18145;1.0;1;"Maquina 1: [39 (10), 18 (19), 1 (5), 0 (14), 24 (40), 19 (33), 37 (61), 14 (49), 35 (51), 29 (45), 31 (66), 17 (77), 36 (82), 25 (98)]";4905;"Maquina 2: [12 (7), 49 (18), 15 (48), 4 (12), 33 (59), 41 (49), 28 (33), 8 (64), 40 (44), 6 (88), 11 (71), 43 (81)]";4500;"Maquina 3: [9 (51), 27 (15), 13 (10), 30 (48), 3 (36), 32 (12), 47 (66), 20 (24), 7 (45), 48 (77), 34 (84), 10 (62)]";4179;"Maquina 4: [42 (60), 23 (10), 38 (13), 16 (15), 2 (66), 22 (36), 44 (28), 46 (46), 5 (73), 26 (82), 21 (50), 45 (89)]";4561
GRASP;50;4;16153;3050.0;1000;"Maquina 1: [20 (24), 12 (7), 49 (18), 29 (45), 8 (64), 33 (59), 47 (66), 22 (36), 2 (66), 48 (77), 17 (77)]";3835;"Maquina 2: [28 (33), 0 (14), 23 (10), 16 (15), 40 (44), 4 (12), 15 (48), 30 (48), 35 (51), 5 (73), 26 (82), 34 (84), 6 (88)]";3976;"Maquina 3: [38 (13), 13 (10), 27 (15), 1 (5), 14 (49), 44 (28), 7 (45), 21 (50), 36 (82), 42 (60), 11 (71), 9 (51), 25 (98)]";4009;"Maquina 4: [39 (10), 18 (19), 3 (36), 32 (12), 24 (40), 43 (81), 19 (33), 37 (61), 46 (46), 41 (49), 31 (66), 10 (62), 45 (89)]";4333
LNS;50;4;17919;180.0;1000;"Maquina 1: [39 (10), 18 (19), 1 (5), 0 (14), 24 (40), 19 (33), 37 (61), 14 (49), 35 (51), 29 (45), 31 (66), 17 (77), 36 (82), 25 (98)]";4905;"Maquina 2: [49 (18), 12 (7), 15 (48), 4 (12), 33 (59), 41 (49), 28 (33), 8 (64), 40 (44), 6 (88), 11 (71), 43 (81)]";4481;"Maquina 3: [13 (10), 27 (15), 9 (51), 30 (48), 7 (45), 32 (12), 47 (66), 20 (24), 3 (36), 48 (77), 34 (84), 10 (62)]";3972;"Maquina 4: [42 (60), 23 (10), 38 (13), 16 (15), 2 (66), 22 (36), 44 (28), 46 (46), 5 (73), 26 (82), 21 (50), 45 (89)]";4561
TABÚ;50;4;15782;796.0;1000;"Maquina 1: [39 (10), 27 (15), 13 (10), 44 (28), 2 (66), 40 (44), 37 (61), 48 (77), 21 (50), 7 (45), 36 (82), 34 (84)]";3702;"Maquina 2: [32 (12), 1 (5), 4 (12), 47 (66), 22 (36), 20 (24), 29 (45), 8 (64), 33 (59), 30 (48), 5 (73), 43 (81)]";4035;"Maquina 3: [0 (14), 28 (33), 24 (40), 18 (19), 41 (49), 46 (46), 15 (48), 14 (49), 45 (89), 31 (66), 17 (77), 25 (98), 11 (71)]";4725;"Maquina 4: [49 (18), 23 (10), 3 (36), 38 (13), 12 (7), 16 (15), 42 (60), 9 (51), 10 (62), 19 (33), 35 (51), 6 (88), 26 (82)]";3320
VNS;50;4;15050;32330.0;1000;"Maquina 1: [38 (13), 12 (7), 1 (5), 0 (14), 24 (40), 19 (33), 46 (46), 35 (51), 18 (19), 29 (45), 31 (66), 36 (82), 43 (81)]";3228;"Maquina 2: [15 (48), 4 (12), 39 (10), 13 (10), 28 (33), 8 (64), 40 (44), 42 (60), 17 (77), 34 (84), 6 (88), 47 (66)]";3492;"Maquina 3: [41 (49), 21 (50), 27 (15), 9 (51), 30 (48), 7 (45), 32 (12), 11 (71), 45 (89), 10 (62), 3 (36), 25 (98)]";4395;"Maquina 4: [23 (10), 16 (15), 20 (24), 49 (18), 14 (49), 22 (36), 37 (61), 44 (28), 2 (66), 48 (77), 33 (59), 5 (73), 26 (82)]";3935
Multiarranque;50;4;15873;3543.0;1000;"Maquina 1: [38 (13), 12 (7), 1 (5), 49 (18), 17 (77), 24 (40), 40 (44), 22 (36), 31 (66), 5 (73), 43 (81), 33 (59), 34 (84)]";3930;"Maquina 2: [4 (12), 39 (10), 44 (28), 7 (45), 21 (50), 23 (10), 29 (45), 3 (36), 37 (61), 48 (77), 26 (82), 25 (98)]";3421;"Maquina 3: [35 (51), 18 (19), 16 (15), 14 (49), 32 (12), 19 (33), 46 (46), 6 (88), 11 (71), 9 (51), 30 (48), 8 (64), 47 (66)]";4622;"Maquina 4: [41 (49), 27 (15), 0 (14), 28 (33), 20 (24), 13 (10), 10 (62), 15 (48), 42 (60), 2 (66), 45 (89), 36 (82)]";3900
GREEDY;50;4;15947;0.0;1;"Maquina 1: [36 (8), 48 (2), 45 (22), 7 (34), 43 (38), 5 (49), 18 (57), 27 (82), 9 (55), 16 (64), 0 (97), 30 (89), 4 (92)]";4229;"Maquina 2: [20 (9), 13 (3), 15 (36), 34 (50), 42 (24), 1 (59), 49 (55), 22 (68), 24 (42), 32 (84), 8 (90), 35 (92)]";3707;"Maquina 3: [47 (5), 29 (13), 25 (57), 31 (42), 40 (34), 41 (22), 37 (49), 19 (55), 39 (65), 46 (79), 26 (94), 11 (90), 3 (87)]";4151;"Maquina 4: [44 (7), 6 (43), 21 (27), 2 (19), 14 (53), 33 (37), 10 (90), 38 (56), 17 (61), 28 (73), 23 (93), 12 (85)]";3860
GRASP;50;4;14727;2980.0;1000;"Maquina 1: [33 (37), 13 (3), 6 (43), 36 (8), 31 (42), 40 (34), 22 (68), 24 (42), 32 (84), 0 (97), 26 (94), 35 (92)]";3470;"Maquina 2: [29 (13), 44 (7), 15 (36), 34 (50), 21 (27), 38 (56), 19 (55), 14 (53), 16 (64), 25 (57), 12 (85), 4 (92), 8 (90)]";3826;"Maquina 3: [2 (19), 7 (34), 9 (55), 49 (55), 41 (22), 5 (49), 18 (57), 3 (87), 37 (49), 28 (73), 23 (93), 10 (90)]";3893;"Maquina 4: [48 (2), 20 (9), 47 (5), 42 (24), 43 (38), 45 (22), 1 (59), 17 (61), 39 (65), 46 (79), 27 (82), 11 (90), 30 (89)]";3538
LNS;50;4;15947;187.0;1000;"Maquina 1: [36 (8), 48 (2), 45 (22), 7 (34), 43 (38), 5 (49), 18 (57), 27 (82), 9 (55), 16 (64), 0 (97), 30 (89), 4 (92)]";4229;"Maquina 2: [20 (9), 13 (3), 15 (36), 34 (50), 42 (24), 1 (59), 49 (55), 22 (68), 24 (42), 32 (84), 8 (90), 35 (92)]";3707;"Maquina 3: [47 (5), 29 (13), 25 (57), 31 (42), 40 (34), 41 (22), 37 (49), 19 (55), 39 (65), 46 (79), 26 (94), 11 (90), 3 (87)]";4151;"Maquina 4: [44 (7), 6 (43), 21 (27), 2 (19), 14 (53), 33 (37), 10 (90), 38 (56), 17 (61), 28 (73), 23 (93), 12 (85)]";3860
TABÚ;50;4;15430;805.0;1000;"Maquina 1: [20 (9), 47 (5), 40 (34), 42 (24), 15 (36), 4 (92), 31 (42), 14 (53), 46 (79), 38 (56), 26 (94), 35 (92), 11 (90)]";4193;"Maquina 2: [13 (3), 29 (13), 24 (42), 48 (2), 1 (59), 37 (49), 19 (55), 39 (65), 32 (84), 8 (90), 27 (82), 10 (90)]";3605;"Maquina 3: [44 (7), 45 (22), 36 (8), 34 (50), 21 (27), 17 (61), 33 (37), 18 (57), 22 (68), 30 (89), 3 (87), 0 (97)]";3293;"Maquina 4: [7 (34), 41 (22), 2 (19), 43 (38), 49 (55), 5 (49), 16 (64), 25 (57), 9 (55), 6 (43), 28 (73), 23 (93), 12 (85)]";4339
VNS;50;4;14870;36851.0;1000;"Maquina 1: [2 (19), 29 (13), 45 (22), 1 (59), 7 (34), 43 (38), 22 (68), 27 (82), 9 (55), 0 (97), 26 (94), 10 (90)]";3575;"Maquina 2: [15 (36), 40 (34), 42 (24), 18 (57), 49 (55), 5 (49), 16 (64), 32 (84), 8 (90), 3 (87), 35 (92)]";3552;"Maquina 3: [48 (2), 25 (57), 20 (9), 36 (8), 34 (50), 41 (22), 37 (49), 19 (55), 39 (65), 46 (79), 12 (85), 11 (90), 30 (89)]";3841;"Maquina 4: [44 (7), 13 (3), 6 (43), 21 (27), 47 (5), 31 (42), 14 (53), 33 (37), 38 (56), 17 (61), 24 (42), 28 (73), 23 (93), 4 (92)]";3902
Multiarranque;50;4;15091;3601.0;1000;"Maquina 1: [13 (3), 44 (7), 15 (36), 41 (22), 37 (49), 7 (34), 9 (55), 19 (55), 39 (65), 28 (73), 23 (93), 3 (87), 10 (90)]";3826;"Maquina 2: [48 (2), 20 (9), 47 (5), 42 (24), 43 (38), 31 (42), 34 (50), 16 (64), 38 (56), 25 (57), 46 (79), 0 (97), 32 (84)]";3513;"Maquina 3: [29 (13), 45 (22), 24 (42), 17 (61), 6 (43), 21 (27), 1 (59), 26 (94), 18 (57), 12 (85), 4 (92), 11 (90)]";3943;"Maquina 4: [2 (19), 49 (55), 36 (8), 33 (37), 5 (49), 40 (34), 14 (53), 8 (90), 22 (68), 30 (89), 27 (82), 35 (92)]";3809
GREEDY;50;4;20401;0.0;1;"Maquina 1: [34 (17), 16 (47), 19 (2), 1 (24), 31 (70), 44 (33), 13 (43), 37 (92), 27 (68), 10 (56), 46 (75), 49 (60), 23 (96)]";4921;"Maquina 2: [43 (17), 15 (40), 36 (44), 14 (97), 26 (28), 7 (10), 20 (60), 35 (88), 18 (54), 24 (94), 28 (64), 45 (69)]";5033;"Maquina 3: [48 (19), 2 (30), 6 (45), 33 (63), 0 (40), 12 (85), 39 (14), 41 (89), 8 (52), 17 (69), 30 (95), 22 (59)]";4809;"Maquina 4: [9 (37), 5 (15), 38 (21), 47 (27), 25 (43), 11 (62), 29 (47), 3 (58), 32 (73), 40 (89), 4 (69), 21 (95), 42 (97)]";5638
GRASP;50;4;18881;3040.0;1000;"Maquina 1: [48 (19), 10 (56), 44 (33), 19 (2), 25 (43), 49 (60), 16 (47), 42 (97), 33 (63), 22 (59), 35 (88), 12 (85), 41 (89)]";5447;"Maquina 2: [26 (28), 13 (43), 43 (17), 36 (44), 39 (14), 2 (30), 28 (64), 11 (62), 29 (47), 40 (89), 30 (95), 27 (68), 14 (97)]";4932;"Maquina 3: [0 (40), 1 (24), 9 (37), 37 (92), 34 (17), 15 (40), 32 (73), 31 (70), 3 (58), 20 (60), 46 (75), 21 (95)]";4671;"Maquina 4: [5 (15), 7 (10), 38 (21), 47 (27), 4 (69), 6 (45), 17 (69), 18 (54), 45 (69), 8 (52), 23 (96), 24 (94)]";3831
LNS;50;4;20401;197.0;1000;"Maquina 1: [34 (17), 16 (47), 19 (2), 1 (24), 31 (70), 44 (33), 13 (43), 37 (92), 27 (68), 10 (56), 46 (75), 49 (60), 23 (96)]";4921;"Maquina 2: [43 (17), 15 (40), 36 (44), 14 (97), 26 (28), 7 (10), 20 (60), 35 (88), 18 (54), 24 (94), 28 (64), 45 (69)]";5033;"Maquina 3: [48 (19), 2 (30), 6 (45), 33 (63), 0 (40), 12 (85), 39 (14), 41 (89), 8 (52), 17 (69), 30 (95), 22 (59)]";4809;"Maquina 4: [9 (37), 5 (15), 38 (21), 47 (27), 25 (43), 11 (62), 29 (47), 3 (58), 32 (73), 40 (89), 4 (69), 21 (95), 42 (97)]";5638
TABÚ;50;4;18448;803.0;1000;"Maquina 1: [34 (17), 48 (19), 2 (30), 15 (40), 45 (69), 8 (52), 35 (88), 22 (59), 49 (60), 33 (63), 41 (89), 42 (97), 30 (95)]";5104;"Maquina 2: [0 (40), 1 (24), 28 (64), 11 (62), 39 (14), 10 (56), 44 (33), 16 (47), 40 (89), 17 (69), 23 (96), 24 (94)]";4647;"Maquina 3: [19 (2), 6 (45), 7 (10), 20 (60), 47 (27), 25 (43), 12 (85), 9 (37), 32 (73), 31 (70), 3 (58), 37 (92)]";4049;"Maquina 4: [26 (28), 5 (15), 38 (21), 18 (54), 29 (47), 13 (43), 43 (17), 4 (69), 27 (68), 14 (97), 36 (44), 46 (75), 21 (95)]";4648
VNS;50;4;17886;34780.0;1000;"Maquina 1: [17 (69), 19 (2), 1 (24), 31 (70), 44 (33), 13 (43), 27 (68), 14 (97), 11 (62), 42 (97), 24 (94)]";3821;"Maquina 2: [43 (17), 10 (56), 36 (44), 4 (69), 12 (85), 34 (17), 15 (40), 3 (58), 23 (96), 28 (64), 45 (69), 37 (92)]";4531;"Maquina 3: [48 (19), 2 (30), 6 (45), 0 (40), 20 (60), 7 (10), 39 (14), 8 (52), 49 (60), 16 (47), 35 (88), 22 (59), 46 (75)]";4141;"Maquina 4: [9 (37), 26 (28), 5 (15), 38 (21), 18 (54), 47 (27), 25 (43), 33 (63), 41 (89), 29 (47), 32 (73), 40 (89), 30 (95), 21 (95)]";5393
Multiarranque;50;4;18937;3762.0;1000;"Maquina 1: [9 (37), 26 (28), 5 (15), 18 (54), 0 (40), 20 (60), 46 (75), 2 (30), 8 (52), 35 (88), 49 (60), 24 (94), 4 (69)]";5025;"Maquina 2: [7 (10), 39 (14), 22 (59), 15 (40), 36 (44), 13 (43), 12 (85), 17 (69), 11 (62), 33 (63), 14 (97), 21 (95)]";4296;"Maquina 3: [6 (45), 47 (27), 34 (17), 16 (47), 48 (19), 1 (24), 28 (64), 10 (56), 23 (96), 37 (92), 30 (95), 40 (89)]";4713;"Maquina 4: [44 (33), 25 (43), 19 (2), 43 (17), 38 (21), 3 (58), 45 (69), 27 (68), 29 (47), 32 (73), 31 (70), 42 (97), 41 (89)]";4903
GREEDY;50;4;16135;0.0;1;"Maquina 1: [33 (1), 3 (28), 8 (14), 48 (32), 11 (45), 10 (40), 35 (54), 24 (51), 45 (72), 34 (59), 25 (64), 16 (81), 47 (92)]";3911;"Maquina 2: [31 (7), 21 (19), 36 (40), 43 (52), 17 (35), 38 (67), 1 (29), 28 (49), 42 (60), 32 (90), 7 (56), 4 (79), 18 (99)]";4246;"Maquina 3: [40 (12), 9 (20), 13 (46), 26 (37), 27 (76), 15 (29), 29 (51), 14 (66), 5 (56), 41 (60), 19 (88), 0 (97)]";4067;"Maquina 4: [46 (30), 30 (22), 49 (13), 2 (36), 12 (44), 37 (49), 39 (53), 44 (60), 22 (72), 23 (57), 6 (81), 20 (91)]";3911
GRASP;50;4;15538;3307.0;1000;"Maquina 1: [31 (7), 40 (12), 17 (35), 24 (51), 41 (60), 10 (40), 37 (49), 44 (60), 23 (57), 25 (64), 14 (66), 22 (72), 20 (91)]";4339;"Maquina 2: [33 (1), 21 (19), 43 (52), 2 (36), 36 (40), 28 (49), 13 (46), 26 (37), 4 (79), 5 (56), 16 (81), 47 (92), 18 (99)]";4179;"Maquina 3: [8 (14), 3 (28), 46 (30), 38 (67), 1 (29), 15 (29), 12 (44), 39 (53), 45 (72), 34 (59), 27 (76), 32 (90)]";3380;"Maquina 4: [30 (22), 49 (13), 29 (51), 35 (54), 9 (20), 48 (32), 11 (45), 7 (56), 42 (60), 6 (81), 0 (97), 19 (88)]";3640
LNS;50;4;16050;203.0;1000;"Maquina 1: [33 (1), 3 (28), 8 (14), 48 (32), 11 (45), 10 (40), 35 (54), 24 (51), 45 (72), 34 (59), 25 (64), 16 (81), 47 (92)]";3911;"Maquina 2: [31 (7), 21 (19), 36 (40), 43 (52), 17 (35), 38 (67), 1 (29), 28 (49), 42 (60), 32 (90), 4 (79), 7 (56), 18 (99)]";4244;"Maquina 3: [40 (12), 9 (20), 13 (46), 26 (37), 27 (76), 15 (29), 29 (51), 14 (66), 5 (56), 41 (60), 19 (88), 0 (97)]";4067;"Maquina 4: [2 (36), 30 (22), 49 (13), 46 (30), 12 (44), 37 (49), 39 (53), 44 (60), 22 (72), 23 (57), 6 (81), 20 (91)]";3828
TABÚ;50;4;15718;933.0;1000;"Maquina 1: [15 (29), 31 (7), 40 (12), 33 (1), 3 (28), 28 (49), 34 (59), 27 (76), 13 (46), 47 (92), 35 (54), 4 (79), 18 (99)]";3692;"Maquina 2: [48 (32), 8 (14), 10 (40), 49 (13), 29 (51), 38 (67), 12 (44), 7 (56), 42 (60), 32 (90), 20 (91), 0 (97)]";3808;"Maquina 3: [36 (40), 26 (37), 46 (30), 2 (36), 9 (20), 43 (52), 5 (56), 37 (49), 44 (60), 22 (72), 23 (57), 19 (88), 6 (81)]";4559;"Maquina 4: [21 (19), 30 (22), 1 (29), 17 (35), 11 (45), 25 (64), 41 (60), 24 (51), 39 (53), 45 (72), 14 (66), 16 (81)]";3659
VNS;50;4;15216;48254.0;1000;"Maquina 1: [33 (1), 3 (28), 8 (14), 2 (36), 40 (12), 11 (45), 35 (54), 10 (40), 44 (60), 41 (60), 45 (72), 34 (59), 25 (64), 16 (81)]";4222;"Maquina 2: [48 (32), 21 (19), 36 (40), 43 (52), 17 (35), 24 (51), 28 (49), 42 (60), 32 (90), 20 (91), 27 (76), 0 (97)]";3901;"Maquina 3: [9 (20), 1 (29), 13 (46), 26 (37), 23 (57), 29 (51), 14 (66), 5 (56), 38 (67), 6 (81), 4 (79)]";3330;"Maquina 4: [31 (7), 46 (30), 30 (22), 49 (13), 15 (29), 12 (44), 37 (49), 39 (53), 7 (56), 22 (72), 18 (99), 19 (88), 47 (92)]";3763
Multiarranque;50;4;15463;3554.0;1000;"Maquina 1: [3 (28), 46 (30), 21 (19), 43 (52), 12 (44), 5 (56), 37 (49), 39 (53), 38 (67), 7 (56), 19 (88), 6 (81)]";3637;"Maquina 2: [40 (12), 24 (51), 15 (29), 29 (51), 23 (57), 25 (64), 13 (46), 26 (37), 32 (90), 20 (91), 18 (99), 27 (76)]";4191;"Maquina 3: [9 (20), 42 (60), 30 (22), 48 (32), 8 (14), 1 (29), 36 (40), 35 (54), 4 (79), 34 (59), 47 (92), 0 (97)]";3589;"Maquina 4: [31 (7), 10 (40), 49 (13), 17 (35), 33 (1), 28 (49), 2 (36), 11 (45), 14 (66), 44 (60), 22 (72), 41 (60), 45 (72), 16 (81)]";4046
GREEDY;50;4;18125;0.0;1;"Maquina 1: [17 (1), 42 (3), 7 (42), 46 (34), 29 (12), 11 (36), 32 (53), 19 (73), 45 (62), 9 (87), 37 (91), 27 (79), 1 (97)]";4989;"Maquina 2: [13 (5), 21 (2), 48 (41), 8 (56), 2 (29), 40 (18), 30 (48), 49 (58), 15 (72), 0 (86), 22 (79), 44 (96), 31 (90)]";4661;"Maquina 3: [34 (41), 5 (3), 16 (12), 26 (24), 12 (35), 36 (46), 6 (56), 23 (76), 25 (70), 20 (80), 33 (88), 38 (91)]";4117;"Maquina 4: [39 (3), 3 (39), 18 (12), 4 (61), 10 (25), 28 (50), 47 (43), 41 (76), 24 (71), 35 (89), 14 (95), 43 (80)]";4358
GRASP;50;4;16669;3033.0;1000;"Maquina 1: [17 (1), 26 (24), 48 (41), 8 (56), 46 (34), 30 (48), 3 (39), 24 (71), 36 (46), 14 (95), 43 (80), 31 (90), 0 (86)]";4665;"Maquina 2: [16 (12), 21 (2), 11 (36), 42 (3), 12 (35), 7 (42), 6 (56), 23 (76), 25 (70), 22 (79), 37 (91), 33 (88), 15 (72)]";3961;"Maquina 3: [5 (3), 41 (76), 39 (3), 35 (89), 49 (58), 2 (29), 28 (50), 4 (61), 47 (43), 27 (79), 20 (80), 9 (87)]";4318;"Maquina 4: [13 (5), 32 (53), 18 (12), 29 (12), 10 (25), 45 (62), 34 (41), 40 (18), 19 (73), 44 (96), 38 (91), 1 (97)]";3725
LNS;50;4;18023;183.0;1000;"Maquina 1: [29 (12), 42 (3), 7 (42), 46 (34), 17 (1), 11 (36), 32 (53), 19 (73), 45 (62), 9 (87), 37 (91), 27 (79), 1 (97)]";4895;"Maquina 2: [13 (5), 21 (2), 48 (41), 8 (56), 2 (29), 40 (18), 30 (48), 49 (58), 15 (72), 22 (79), 0 (86), 44 (96), 31 (90)]";4653;"Maquina 3: [34 (41), 5 (3), 16 (12), 26 (24), 12 (35), 36 (46), 6 (56), 23 (76), 25 (70), 20 (80), 33 (88), 38 (91)]";4117;"Maquina 4: [39 (3), 3 (39), 18 (12), 4 (61), 10 (25), 28 (50), 47 (43), 41 (76), 24 (71), 35 (89), 14 (95), 43 (80)]";4358
TABÚ;50;4;16883;820.0;1000;"Maquina 1: [18 (12), 4 (61), 47 (43), 27 (79), 21 (2), 8 (56), 46 (34), 3 (39), 0 (86), 14 (95), 9 (87), 20 (80)]";4162;"Maquina 2: [17 (1), 39 (3), 6 (56), 40 (18), 28 (50), 41 (76), 12 (35), 7 (42), 48 (41), 1 (97), 19 (73), 31 (90), 33 (88)]";4284;"Maquina 3: [5 (3), 16 (12), 13 (5), 26 (24), 24 (71), 15 (72), 36 (46), 10 (25), 49 (58), 32 (53), 44 (96), 38 (91), 23 (76)]";4536;"Maquina 4: [11 (36), 42 (3), 2 (29), 29 (12), 34 (41), 45 (62), 35 (89), 30 (48), 25 (70), 22 (79), 43 (80), 37 (91)]";3901
VNS;50;4;16219;41734.0;1000;"Maquina 1: [5 (3), 42 (3), 46 (34), 11 (36), 32 (53), 3 (39), 45 (62), 38 (91), 37 (91), 27 (79), 20 (80), 1 (97)]";3960;"Maquina 2: [13 (5), 21 (2), 6 (56), 48 (41), 8 (56), 2 (29), 30 (48), 49 (58), 15 (72), 0 (86), 22 (79), 43 (80)]";3875;"Maquina 3: [29 (12), 34 (41), 17 (1), 39 (3), 16 (12), 26 (24), 12 (35), 7 (42), 36 (46), 19 (73), 25 (70), 23 (76), 31 (90), 33 (88)]";4199;"Maquina 4: [40 (18), 18 (12), 4 (61), 10 (25), 28 (50), 47 (43), 41 (76), 9 (87), 24 (71), 35 (89), 14 (95), 44 (96)]";4185
Multiarranque;50;4;16328;3512.0;1000;"Maquina 1: [13 (5), 16 (12), 29 (12), 34 (41), 45 (62), 46 (34), 33 (88), 11 (36), 36 (46), 24 (71), 20 (80), 14 (95), 9 (87)]";4134;"Maquina 2: [40 (18), 18 (12), 49 (58), 21 (2), 7 (42), 3 (39), 30 (48), 23 (76), 41 (76), 31 (90), 0 (86), 35 (89)]";4128;"Maquina 3: [17 (1), 39 (3), 28 (50), 2 (29), 6 (56), 48 (41), 8 (56), 15 (72), 22 (79), 43 (80), 1 (97), 37 (91)]";3857;"Maquina 4: [5 (3), 42 (3), 12 (35), 10 (25), 26 (24), 47 (43), 27 (79), 32 (53), 4 (61), 19 (73), 38 (91), 25 (70), 44 (96)]";4209
GREEDY;50;4;19859;0.0;1;"Maquina 1: [3 (6), 6 (59), 40 (21), 22 (29), 46 (42), 49 (16), 23 (46), 20 (73), 27 (87), 14 (54), 18 (64), 5 (82), 21 (94)]";5146;"Maquina 2: [26 (25), 8 (17), 19 (29), 15 (39), 41 (57), 9 (62), 37 (8), 0 (92), 42 (71), 36 (47), 35 (83), 47 (94), 4 (80)]";5472;"Maquina 3: [29 (17), 44 (10), 24 (47), 28 (36), 34 (24), 12 (28), 33 (59), 25 (57), 17 (67), 13 (75), 2 (83), 39 (91)]";4479;"Maquina 4: [11 (25), 48 (17), 10 (29), 45 (39), 1 (14), 38 (61), 30 (93), 32 (57), 7 (81), 43 (46), 31 (70), 16 (85)]";4762
GRASP;50;4;17513;3007.0;1000;"Maquina 1: [44 (10), 8 (17), 22 (29), 23 (46), 34 (24), 32 (57), 39 (91), 9 (62), 15 (39), 38 (61), 2 (83), 5 (82), 35 (83)]";4833;"Maquina 2: [37 (8), 25 (57), 49 (16), 16 (85), 28 (36), 20 (73), 26 (25), 42 (71), 45 (39), 46 (42), 47 (94), 17 (67), 27 (87)]";5049;"Maquina 3: [40 (21), 48 (17), 36 (47), 10 (29), 31 (70), 43 (46), 19 (29), 30 (93), 14 (54), 18 (64), 7 (81), 4 (80)]";4258;"Maquina 4: [3 (6), 1 (14), 12 (28), 29 (17), 6 (59), 24 (47), 13 (75), 11 (25), 33 (59), 41 (57), 0 (92), 21 (94)]";3373
LNS;50;4;19795;185.0;1000;"Maquina 1: [3 (6), 6 (59), 40 (21), 22 (29), 46 (42), 49 (16), 23 (46), 20 (73), 27 (87), 14 (54), 18 (64), 5 (82), 21 (94)]";5146;"Maquina 2: [26 (25), 8 (17), 19 (29), 15 (39), 41 (57), 9 (62), 37 (8), 0 (92), 42 (71), 36 (47), 35 (83), 47 (94), 4 (80)]";5472;"Maquina 3: [29 (17), 33 (59), 24 (47), 28 (36), 34 (24), 12 (28), 44 (10), 25 (57), 17 (67), 13 (75), 2 (83), 39 (91)]";4415;"Maquina 4: [11 (25), 48 (17), 10 (29), 45 (39), 1 (14), 38 (61), 30 (93), 32 (57), 7 (81), 43 (46), 31 (70), 16 (85)]";4762
TABÚ;50;4;16762;810.0;1000;"Maquina 1: [48 (17), 15 (39), 11 (25), 2 (83), 44 (10), 28 (36), 4 (80), 36 (47), 39 (91), 47 (94), 17 (67), 0 (92)]";4204;"Maquina 2: [34 (24), 3 (6), 8 (17), 19 (29), 29 (17), 33 (59), 24 (47), 43 (46), 35 (83), 31 (70), 41 (57), 30 (93), 21 (94)]";4226;"Maquina 3: [1 (14), 49 (16), 12 (28), 26 (25), 25 (57), 45 (39), 46 (42), 10 (29), 6 (59), 38 (61), 13 (75), 42 (71), 5 (82)]";4101;"Maquina 4: [37 (8), 40 (21), 14 (54), 22 (29), 23 (46), 16 (85), 20 (73), 9 (62), 18 (64), 7 (81), 32 (57), 27 (87)]";4231
VNS;50;4;17082;33255.0;1000;"Maquina 1: [8 (17), 3 (6), 15 (39), 40 (21), 22 (29), 46 (42), 49 (16), 28 (36), 18 (64), 27 (87), 14 (54), 20 (73), 38 (61), 5 (82)]";4707;"Maquina 2: [19 (29), 41 (57), 9 (62), 37 (8), 42 (71), 36 (47), 32 (57), 31 (70), 16 (85), 0 (92), 13 (75)]";4142;"Maquina 3: [26 (25), 44 (10), 24 (47), 6 (59), 34 (24), 21 (94), 33 (59), 25 (57), 23 (46), 17 (67), 4 (80), 30 (93)]";3929;"Maquina 4: [48 (17), 10 (29), 45 (39), 1 (14), 12 (28), 29 (17), 11 (25), 2 (83), 7 (81), 43 (46), 35 (83), 47 (94), 39 (91)]";4304
Multiarranque;50;4;17287;3620.0;1000;"Maquina 1: [3 (6), 19 (29), 49 (16), 23 (46), 17 (67), 10 (29), 14 (54), 18 (64), 25 (57), 13 (75), 39 (91), 5 (82)]";3922;"Maquina 2: [40 (21), 1 (14), 12 (28), 26 (25), 45 (39), 24 (47), 41 (57), 9 (62), 31 (70), 35 (83), 21 (94), 20 (73)]";4037;"Maquina 3: [37 (8), 44 (10), 28 (36), 34 (24), 32 (57), 46 (42), 11 (25), 2 (83), 7 (81), 43 (46), 4 (80), 38 (61), 47 (94)]";4443;"Maquina 4: [48 (17), 15 (39), 29 (17), 33 (59), 8 (17), 0 (92), 42 (71), 36 (47), 22 (29), 6 (59), 30 (93), 27 (87), 16 (85)]";4885
GREEDY;50;4;18855;0.0;1;"Maquina 1: [4 (28), 36 (13), 25 (54), 32 (1), 20 (95), 33 (38), 14 (56), 42 (47), 23 (30), 46 (77), 37 (67), 43 (85)]";4459;"Maquina 2: [15 (48), 31 (37), 18 (4), 21 (29), 2 (47), 35 (24), 1 (18), 39 (58), 40 (64), 45 (75), 19 (85), 30 (91)]";4378;"Maquina 3: [34 (20), 28 (31), 26 (4), 49 (32), 10 (29), 6 (83), 17 (43), 8 (55), 3 (60), 44 (74), 29 (99), 11 (48), 27 (91)]";5168;"Maquina 4: [5 (44), 24 (22), 7 (5), 12 (62), 48 (24), 13 (30), 16 (70), 41 (34), 9 (59), 38 (52), 22 (79), 47 (96), 0 (89)]";4850
GRASP;50;4;16233;3065.0;1000;"Maquina 1: [11 (48), 26 (4), 49 (32), 38 (52), 18 (4), 14 (56), 23 (30), 40 (64), 44 (74), 39 (58), 46 (77), 47 (96)]";3445;"Maquina 2: [1 (18), 24 (22), 41 (34), 21 (29), 5 (44), 22 (79), 16 (70), 42 (47), 12 (62), 9 (59), 43 (85), 20 (95)]";4355;"Maquina 3: [35 (24), 4 (28), 36 (13), 48 (24), 13 (30), 15 (48), 25 (54), 8 (55), 17 (43), 0 (89), 27 (91), 6 (83)]";3697;"Maquina 4: [32 (1), 34 (20), 33 (38), 10 (29), 28 (31), 31 (37), 37 (67), 7 (5), 3 (60), 45 (75), 19 (85), 2 (47), 30 (91), 29 (99)]";4736
LNS;50;4;18607;204.0;1000;"Maquina 1: [4 (28), 36 (13), 25 (54), 32 (1), 20 (95), 33 (38), 14 (56), 42 (47), 23 (30), 46 (77), 37 (67), 43 (85)]";4459;"Maquina 2: [15 (48), 31 (37), 18 (4), 1 (18), 2 (47), 35 (24), 21 (29), 45 (75), 40 (64), 39 (58), 19 (85), 30 (91)]";4130;"Maquina 3: [34 (20), 28 (31), 26 (4), 49 (32), 10 (29), 6 (83), 17 (43), 8 (55), 3 (60), 44 (74), 29 (99), 11 (48), 27 (91)]";5168;"Maquina 4: [5 (44), 24 (22), 7 (5), 12 (62), 48 (24), 13 (30), 16 (70), 41 (34), 9 (59), 38 (52), 22 (79), 47 (96), 0 (89)]";4850
TABÚ;50;4;16499;819.0;1000;"Maquina 1: [32 (1), 1 (18), 14 (56), 10 (29), 17 (43), 5 (44), 13 (30), 15 (48), 42 (47), 3 (60), 20 (95), 6 (83)]";3759;"Maquina 2: [26 (4), 49 (32), 38 (52), 34 (20), 28 (31), 40 (64), 45 (75), 19 (85), 30 (91), 25 (54), 9 (59), 47 (96)]";4091;"Maquina 3: [18 (4), 24 (22), 7 (5), 21 (29), 2 (47), 35 (24), 12 (62), 39 (58), 11 (48), 16 (70), 43 (85), 0 (89), 27 (91)]";4157;"Maquina 4: [4 (28), 36 (13), 48 (24), 33 (38), 41 (34), 8 (55), 31 (37), 37 (67), 46 (77), 23 (30), 44 (74), 29 (99), 22 (79)]";4492
VNS;50;4;16722;33438.0;1000;"Maquina 1: [41 (34), 4 (28), 36 (13), 25 (54), 20 (95), 33 (38), 14 (56), 23 (30), 46 (77), 27 (91), 30 (91)]";3457;"Maquina 2: [35 (24), 31 (37), 18 (4), 32 (1), 2 (47), 8 (55), 21 (29), 3 (60), 1 (18), 42 (47), 11 (48), 40 (64), 45 (75), 47 (96), 37 (67)]";5145;"Maquina 3: [39 (58), 34 (20), 28 (31), 26 (4), 49 (32), 6 (83), 15 (48), 44 (74), 29 (99), 19 (85), 0 (89)]";3582;"Maquina 4: [10 (29), 5 (44), 24 (22), 7 (5), 12 (62), 48 (24), 13 (30), 16 (70), 17 (43), 9 (59), 38 (52), 22 (79), 43 (85)]";4538
Multiarranque;50;4;17676;3502.0;1000;"Maquina 1: [49 (32), 7 (5), 36 (13), 17 (43), 5 (44), 13 (30), 40 (64), 28 (31), 16 (70), 45 (75), 19 (85), 22 (79), 20 (95)]";5029;"Maquina 2: [18 (4), 32 (1), 34 (20), 8 (55), 31 (37), 15 (48), 25 (54), 21 (29), 3 (60), 44 (74), 39 (58), 29 (99), 43 (85)]";4385;"Maquina 3: [35 (24), 4 (28), 46 (77), 23 (30), 11 (48), 26 (4), 12 (62), 9 (59), 37 (67), 6 (83), 30 (91)]";3570;"Maquina 4: [41 (34), 24 (22), 1 (18), 48 (24), 38 (52), 2 (47), 33 (38), 10 (29), 14 (56), 0 (89), 27 (91), 42 (47), 47 (96)]";4692
GREEDY;50;4;13432;0.0;1;"Maquina 1: [11 (1), 28 (16), 42 (8), 31 (17), 32 (58), 20 (29), 7 (33), 21 (25), 15 (77), 25 (72), 0 (69), 5 (48), 23 (84)]";3199;"Maquina 2: [47 (8), 6 (2), 35 (12), 36 (26), 14 (23), 24 (31), 44 (43), 12 (54), 29 (70), 18 (82), 8 (68), 26 (97), 9 (77)]";3502;"Maquina 3: [30 (9), 45 (6), 1 (17), 33 (25), 41 (39), 19 (62), 10 (30), 46 (69), 38 (53), 17 (97), 43 (75), 22 (79)]";3371;"Maquina 4: [48 (9), 2 (7), 3 (14), 49 (30), 16 (24), 34 (32), 13 (50), 4 (74), 40 (60), 27 (77), 39 (90), 37 (69)]";3360
GRASP;50;4;12358;3019.0;1000;"Maquina 1: [48 (9), 6 (2), 14 (23), 28 (16), 16 (24), 44 (43), 10 (30), 4 (74), 40 (60), 39 (90), 25 (72), 46 (69), 26 (97)]";3588;"Maquina 2: [30 (9), 1 (17), 3 (14), 21 (25), 34 (32), 33 (25), 41 (39), 0 (69), 32 (58), 19 (62), 18 (82), 9 (77), 23 (84)]";3440;"Maquina 3: [47 (8), 45 (6), 31 (17), 49 (30), 36 (26), 5 (48), 24 (31), 15 (77), 38 (53), 27 (77), 43 (75), 22 (79)]";2668;"Maquina 4: [11 (1), 2 (7), 35 (12), 7 (33), 20 (29), 42 (8), 8 (68), 12 (54), 13 (50), 29 (70), 37 (69), 17 (97)]";2662
LNS;50;4;13155;180.0;1000;"Maquina 1: [11 (1), 28 (16), 42 (8), 31 (17), 32 (58), 20 (29), 7 (33), 21 (25), 15 (77), 25 (72), 5 (48), 0 (69), 23 (84)]";3180;"Maquina 2: [47 (8), 6 (2), 35 (12), 36 (26), 14 (23), 24 (31), 44 (43), 12 (54), 29 (70), 18 (82), 8 (68), 26 (97), 9 (77)]";3502;"Maquina 3: [10 (30), 45 (6), 41 (39), 1 (17), 30 (9), 19 (62), 33 (25), 46 (69), 38 (53), 17 (97), 43 (75), 22 (79)]";3256;"Maquina 4: [16 (24), 2 (7), 48 (9), 34 (32), 3 (14), 49 (30), 13 (50), 4 (74), 40 (60), 27 (77), 39 (90), 37 (69)]";3217
TABÚ;50;4;12344;806.0;1000;"Maquina 1: [11 (1), 31 (17), 30 (9), 1 (17), 14 (23), 0 (69), 32 (58), 7 (33), 12 (54), 16 (24), 8 (68), 46 (69), 43 (75)]";2930;"Maquina 2: [47 (8), 45 (6), 48 (9), 33 (25), 3 (14), 38 (53), 21 (25), 19 (62), 41 (39), 29 (70), 18 (82), 17 (97)]";2470;"Maquina 3: [2 (7), 35 (12), 6 (2), 15 (77), 49 (30), 10 (30), 40 (60), 20 (29), 34 (32), 37 (69), 39 (90), 25 (72), 4 (74)]";3574;"Maquina 4: [28 (16), 42 (8), 36 (26), 5 (48), 24 (31), 44 (43), 13 (50), 9 (77), 23 (84), 26 (97), 22 (79), 27 (77)]";3370
VNS;50;4;12161;38211.0;1000;"Maquina 1: [11 (1), 28 (16), 42 (8), 31 (17), 32 (58), 7 (33), 49 (30), 10 (30), 15 (77), 25 (72), 0 (69), 17 (97), 37 (69)]";3180;"Maquina 2: [47 (8), 45 (6), 6 (2), 1 (17), 3 (14), 36 (26), 24 (31), 44 (43), 12 (54), 29 (70), 18 (82), 8 (68), 26 (97), 23 (84)]";3341;"Maquina 3: [30 (9), 48 (9), 33 (25), 41 (39), 5 (48), 21 (25), 14 (23), 20 (29), 39 (90), 46 (69), 22 (79), 27 (77)]";2956;"Maquina 4: [16 (24), 2 (7), 35 (12), 38 (53), 19 (62), 34 (32), 13 (50), 40 (60), 43 (75), 9 (77), 4 (74)]";2684
Multiarranque;50;4;12659;3613.0;1000;"Maquina 1: [1 (17), 44 (43), 13 (50), 21 (25), 14 (23), 0 (69), 4 (74), 38 (53), 17 (97), 39 (90), 26 (97)]";3194;"Maquina 2: [2 (7), 35 (12), 6 (2), 48 (9), 33 (25), 41 (39), 34 (32), 42 (8), 37 (69), 23 (84), 32 (58), 8 (68), 15 (77)]";2838;"Maquina 3: [36 (26), 11 (1), 28 (16), 45 (6), 24 (31), 7 (33), 12 (54), 31 (17), 27 (77), 43 (75), 18 (82), 25 (72), 22 (79)]";3362;"Maquina 4: [3 (14), 30 (9), 49 (30), 47 (8), 40 (60), 20 (29), 16 (24), 10 (30), 46 (69), 5 (48), 19 (62), 9 (77), 29 (70)]";3265
GREEDY;50;4;20048;1.0;1;"Maquina 1: [6 (2), 15 (43), 38 (42), 9 (24), 21 (45), 44 (61), 30 (33), 1 (72), 35 (48), 25 (93), 3 (57), 16 (68), 24 (80)]";4658;"Maquina 2: [41 (32), 22 (2), 33 (76), 14 (25), 20 (51), 13 (43), 27 (38), 37 (56), 0 (72), 29 (60), 23 (67), 47 (88), 17 (96)]";5247;"Maquina 3: [32 (7), 4 (41), 46 (61), 36 (80), 42 (33), 48 (49), 2 (28), 12 (44), 40 (70), 5 (58), 45 (73), 11 (95)]";4736;"Maquina 4: [8 (43), 10 (31), 7 (48), 28 (16), 34 (59), 31 (36), 19 (71), 39 (96), 43 (90), 49 (62), 18 (55), 26 (76)]";5407
GRASP;50;4;19061;3012.0;1000;"Maquina 1: [8 (43), 6 (2), 5 (58), 14 (25), 3 (57), 49 (62), 36 (80), 7 (48), 17 (96), 47 (88), 1 (72), 19 (71), 29 (60)]";5710;"Maquina 2: [32 (7), 41 (32), 45 (73), 9 (24), 31 (36), 15 (43), 34 (59), 21 (45), 33 (76), 44 (61), 46 (61), 0 (72)]";4003;"Maquina 3: [38 (42), 22 (2), 42 (33), 2 (28), 30 (33), 20 (51), 23 (67), 24 (80), 35 (48), 25 (93), 12 (44), 40 (70), 11 (95)]";4930;"Maquina 4: [13 (43), 10 (31), 48 (49), 18 (55), 27 (38), 37 (56), 28 (16), 4 (41), 16 (68), 39 (96), 43 (90), 26 (76)]";4418
LNS;50;4;20027;176.0;1000;"Maquina 1: [6 (2), 15 (43), 38 (42), 9 (24), 21 (45), 44 (61), 30 (33), 1 (72), 35 (48), 25 (93), 3 (57), 16 (68), 24 (80)]";4658;"Maquina 2: [41 (32), 22 (2), 33 (76), 14 (25), 20 (51), 13 (43), 27 (38), 37 (56), 0 (72), 29 (60), 23 (67), 47 (88), 17 (96)]";5247;"Maquina 3: [32 (7), 4 (41), 46 (61), 36 (80), 42 (33), 48 (49), 2 (28), 12 (44), 40 (70), 5 (58), 45 (73), 11 (95)]";4736;"Maquina 4: [8 (43), 10 (31), 7 (48), 28 (16), 34 (59), 31 (36), 19 (71), 39 (96), 18 (55), 49 (62), 43 (90), 26 (76)]";5386
TABÚ;50;4;18706;834.0;1000;"Maquina 1: [27 (38), 37 (56), 22 (2), 5 (58), 2 (28), 29 (60), 0 (72), 8 (43), 3 (57), 40 (70), 19 (71), 39 (96)]";4403;"Maquina 2: [42 (33), 6 (2), 28 (16), 32 (7), 25 (93), 48 (49), 44 (61), 1 (72), 33 (76), 49 (62), 47 (88), 18 (55), 43 (90)]";4886;"Maquina 3: [13 (43), 12 (44), 10 (31), 38 (42), 9 (24), 21 (45), 46 (61), 36 (80), 7 (48), 26 (76), 16 (68), 11 (95)]";4357;"Maquina 4: [30 (33), 14 (25), 41 (32), 4 (41), 15 (43), 34 (59), 31 (36), 45 (73), 35 (48), 20 (51), 23 (67), 24 (80), 17 (96)]";5060
VNS;50;4;18145;56859.0;1000;"Maquina 1: [6 (2), 15 (43), 38 (42), 9 (24), 21 (45), 46 (61), 44 (61), 1 (72), 26 (76), 25 (93), 3 (57), 16 (68), 11 (95)]";4890;"Maquina 2: [30 (33), 22 (2), 49 (62), 33 (76), 14 (25), 20 (51), 42 (33), 13 (43), 27 (38), 37 (56), 35 (48), 39 (96), 47 (88)]";4702;"Maquina 3: [32 (7), 41 (32), 4 (41), 36 (80), 48 (49), 19 (71), 12 (44), 40 (70), 18 (55), 5 (58), 7 (48), 17 (96)]";4134;"Maquina 4: [8 (43), 10 (31), 45 (73), 28 (16), 34 (59), 31 (36), 2 (28), 29 (60), 23 (67), 0 (72), 43 (90), 24 (80)]";4419
Multiarranque;50;4;18972;3607.0;1000;"Maquina 1: [35 (48), 5 (58), 48 (49), 36 (80), 28 (16), 4 (41), 39 (96), 43 (90), 0 (72), 24 (80), 3 (57), 25 (93)]";5398;"Maquina 2: [7 (48), 32 (7), 29 (60), 13 (43), 9 (24), 21 (45), 44 (61), 1 (72), 38 (42), 8 (43), 49 (62), 47 (88)]";4542;"Maquina 3: [41 (32), 15 (43), 10 (31), 45 (73), 30 (33), 31 (36), 19 (71), 34 (59), 16 (68), 46 (61), 26 (76), 11 (95)]";4551;"Maquina 4: [22 (2), 12 (44), 14 (25), 2 (28), 6 (2), 20 (51), 42 (33), 18 (55), 27 (38), 37 (56), 33 (76), 40 (70), 23 (67), 17 (96)]";4481
GREEDY;50;4;17968;0.0;1;"Maquina 1: [47 (2), 7 (15), 1 (38), 20 (24), 11 (70), 41 (49), 27 (81), 34 (61), 22 (58), 21 (74), 14 (88), 30 (91), 46 (97)]";4876;"Maquina 2: [25 (4), 38 (15), 23 (51), 28 (75), 39 (21), 13 (59), 42 (62), 37 (72), 16 (41), 3 (92), 12 (84), 8 (89)]";4249;"Maquina 3: [17 (17), 10 (7), 15 (30), 48 (60), 29 (24), 26 (94), 5 (44), 32 (57), 2 (73), 4 (68), 18 (87), 19 (80), 24 (91)]";4438;"Maquina 4: [45 (8), 43 (17), 33 (42), 9 (53), 6 (74), 44 (76), 0 (27), 31 (59), 35 (84), 36 (65), 49 (92), 40 (90)]";4405
GRASP;50;4;16559;3026.0;1000;"Maquina 1: [29 (24), 47 (2), 43 (17), 11 (70), 0 (27), 40 (90), 33 (42), 35 (84), 36 (65), 8 (89), 4 (68), 44 (76), 30 (91)]";4343;"Maquina 2: [25 (4), 16 (41), 32 (57), 23 (51), 28 (75), 41 (49), 45 (8), 48 (60), 37 (72), 21 (74), 18 (87), 3 (92), 46 (97)]";4857;"Maquina 3: [7 (15), 10 (7), 15 (30), 6 (74), 22 (58), 12 (84), 9 (53), 13 (59), 5 (44), 42 (62), 49 (92), 24 (91)]";3847;"Maquina 4: [17 (17), 38 (15), 1 (38), 20 (24), 31 (59), 39 (21), 27 (81), 34 (61), 19 (80), 14 (88), 2 (73), 26 (94)]";3512
LNS;50;4;17968;185.0;1000;"Maquina 1: [47 (2), 7 (15), 1 (38), 20 (24), 11 (70), 41 (49), 27 (81), 34 (61), 22 (58), 21 (74), 14 (88), 30 (91), 46 (97)]";4876;"Maquina 2: [25 (4), 38 (15), 23 (51), 28 (75), 39 (21), 13 (59), 42 (62), 37 (72), 16 (41), 3 (92), 12 (84), 8 (89)]";4249;"Maquina 3: [17 (17), 10 (7), 15 (30), 48 (60), 29 (24), 26 (94), 5 (44), 32 (57), 2 (73), 4 (68), 18 (87), 19 (80), 24 (91)]";4438;"Maquina 4: [45 (8), 43 (17), 33 (42), 9 (53), 6 (74), 44 (76), 0 (27), 31 (59), 35 (84), 36 (65), 49 (92), 40 (90)]";4405
TABÚ;50;4;16465;793.0;1000;"Maquina 1: [25 (4), 17 (17), 1 (38), 20 (24), 2 (73), 36 (65), 34 (61), 13 (59), 44 (76), 9 (53), 6 (74), 30 (91), 26 (94)]";4329;"Maquina 2: [7 (15), 39 (21), 29 (24), 11 (70), 0 (27), 48 (60), 3 (92), 22 (58), 8 (89), 4 (68), 35 (84), 49 (92)]";3891;"Maquina 3: [45 (8), 47 (2), 43 (17), 16 (41), 15 (30), 41 (49), 40 (90), 32 (57), 42 (62), 21 (74), 46 (97), 12 (84), 18 (87)]";3921;"Maquina 4: [5 (44), 33 (42), 38 (15), 10 (7), 23 (51), 37 (72), 27 (81), 28 (75), 31 (59), 19 (80), 14 (88), 24 (91)]";4324
VNS;50;4;16323;35856.0;1000;"Maquina 1: [17 (17), 38 (15), 1 (38), 20 (24), 11 (70), 41 (49), 4 (68), 34 (61), 26 (94), 21 (74), 27 (81), 30 (91), 46 (97)]";4443;"Maquina 2: [29 (24), 25 (4), 23 (51), 45 (8), 39 (21), 13 (59), 31 (59), 42 (62), 14 (88), 37 (72), 18 (87), 3 (92), 8 (89)]";4131;"Maquina 3: [7 (15), 10 (7), 15 (30), 48 (60), 16 (41), 22 (58), 5 (44), 32 (57), 2 (73), 0 (27), 28 (75), 19 (80), 24 (91)]";4151;"Maquina 4: [47 (2), 43 (17), 33 (42), 12 (84), 9 (53), 6 (74), 44 (76), 35 (84), 36 (65), 49 (92), 40 (90)]";3598
Multiarranque;50;4;16550;3550.0;1000;"Maquina 1: [45 (8), 39 (21), 29 (24), 20 (24), 31 (59), 15 (30), 9 (53), 4 (68), 44 (76), 14 (88), 2 (73), 30 (91), 46 (97)]";4095;"Maquina 2: [7 (15), 10 (7), 16 (41), 5 (44), 34 (61), 13 (59), 28 (75), 37 (72), 21 (74), 12 (84), 49 (92), 3 (92)]";4176;"Maquina 3: [25 (4), 0 (27), 38 (15), 33 (42), 35 (84), 41 (49), 11 (70), 48 (60), 19 (80), 24 (91), 6 (74), 8 (89)]";4070;"Maquina 4: [47 (2), 43 (17), 17 (17), 1 (38), 22 (58), 32 (57), 23 (51), 27 (81), 42 (62), 36 (65), 18 (87), 40 (90), 26 (94)]";4209
GREEDY;50;4;20734;0.0;1;"Maquina 1: [3 (2), 29 (48), 47 (57), 43 (28), 39 (19), 11 (39), 33 (65), 5 (71), 48 (52), 15 (91), 44 (80), 17 (93)]";4802;"Maquina 2: [34 (9), 6 (21), 36 (35), 2 (32), 9 (87), 46 (44), 30 (54), 19 (52), 38 (69), 24 (64), 4 (75), 26 (97), 42 (91)]";5397;"Maquina 3: [40 (36), 7 (21), 49 (11), 21 (32), 45 (91), 22 (47), 35 (50), 41 (53), 14 (89), 20 (99), 31 (60), 37 (67), 28 (75)]";5413;"Maquina 4: [8 (26), 1 (35), 32 (14), 0 (96), 25 (50), 18 (60), 12 (41), 16 (66), 23 (53), 13 (71), 10 (85), 27 (91)]";5122
GRASP;50;4;18666;3140.0;1000;"Maquina 1: [34 (9), 43 (28), 6 (21), 9 (87), 19 (52), 12 (41), 47 (57), 29 (48), 48 (52), 46 (44), 27 (91), 37 (67), 26 (97)]";4802;"Maquina 2: [25 (50), 8 (26), 1 (35), 21 (32), 22 (47), 18 (60), 33 (65), 38 (69), 24 (64), 15 (91), 44 (80), 14 (89), 17 (93)]";5651;"Maquina 3: [49 (11), 32 (14), 5 (71), 11 (39), 41 (53), 23 (53), 28 (75), 30 (54), 13 (71), 20 (99), 10 (85), 0 (96)]";4656;"Maquina 4: [36 (35), 39 (19), 7 (21), 3 (2), 16 (66), 35 (50), 31 (60), 2 (32), 40 (36), 42 (91), 4 (75), 45 (91)]";3557
LNS;50;4;20584;198.0;1000;"Maquina 1: [3 (2), 29 (48), 47 (57), 43 (28), 39 (19), 11 (39), 33 (65), 44 (80), 48 (52), 15 (91), 5 (71), 17 (93)]";4756;"Maquina 2: [34 (9), 6 (21), 36 (35), 2 (32), 9 (87), 46 (44), 30 (54), 19 (52), 38 (69), 24 (64), 4 (75), 26 (97), 42 (91)]";5397;"Maquina 3: [40 (36), 7 (21), 49 (11), 21 (32), 45 (91), 22 (47), 35 (50), 41 (53), 14 (89), 37 (67), 31 (60), 20 (99), 28 (75)]";5309;"Maquina 4: [8 (26), 1 (35), 32 (14), 0 (96), 25 (50), 18 (60), 12 (41), 16 (66), 23 (53), 13 (71), 10 (85), 27 (91)]";5122
TABÚ;50;4;18142;814.0;1000;"Maquina 1: [49 (11), 34 (9), 43 (28), 46 (44), 15 (91), 24 (64), 16 (66), 35 (50), 5 (71), 12 (41), 17 (93), 27 (91), 9 (87)]";4957;"Maquina 2: [40 (36), 3 (2), 8 (26), 30 (54), 21 (32), 47 (57), 25 (50), 42 (91), 10 (85), 48 (52), 38 (69), 44 (80), 26 (97)]";4885;"Maquina 3: [39 (19), 7 (21), 37 (67), 1 (35), 11 (39), 22 (47), 18 (60), 23 (53), 31 (60), 13 (71), 20 (99), 14 (89)]";4107;"Maquina 4: [2 (32), 6 (21), 32 (14), 36 (35), 33 (65), 41 (53), 29 (48), 28 (75), 19 (52), 4 (75), 45 (91), 0 (96)]";4193
VNS;50;4;18183;33749.0;1000;"Maquina 1: [43 (28), 36 (35), 39 (19), 11 (39), 33 (65), 10 (85), 37 (67), 5 (71), 1 (35), 44 (80), 27 (91)]";3726;"Maquina 2: [49 (11), 2 (32), 23 (53), 46 (44), 30 (54), 19 (52), 4 (75), 48 (52), 38 (69), 20 (99), 42 (91), 26 (97)]";4545;"Maquina 3: [7 (21), 47 (57), 29 (48), 21 (32), 45 (91), 22 (47), 18 (60), 35 (50), 41 (53), 14 (89), 13 (71), 9 (87), 28 (75)]";5285;"Maquina 4: [40 (36), 3 (2), 8 (26), 6 (21), 32 (14), 34 (9), 25 (50), 12 (41), 24 (64), 16 (66), 17 (93), 31 (60), 15 (91), 0 (96)]";4627
Multiarranque;50;4;18616;3646.0;1000;"Maquina 1: [40 (36), 3 (2), 29 (48), 49 (11), 1 (35), 25 (50), 18 (60), 37 (67), 30 (54), 47 (57), 14 (89), 17 (93), 0 (96)]";4640;"Maquina 2: [8 (26), 19 (52), 32 (14), 7 (21), 48 (52), 46 (44), 15 (91), 31 (60), 42 (91), 33 (65), 9 (87), 13 (71), 20 (99)]";5238;"Maquina 3: [34 (9), 22 (47), 21 (32), 39 (19), 11 (39), 4 (75), 24 (64), 35 (50), 38 (69), 44 (80), 45 (91), 27 (91)]";4283;"Maquina 4: [2 (32), 12 (41), 6 (21), 43 (28), 36 (35), 5 (71), 28 (75), 41 (53), 23 (53), 16 (66), 26 (97), 10 (85)]";4455
GREEDY;50;4;20339;0.0;1;"Maquina 1: [5 (7), 12 (13), 47 (45), 31 (20), 14 (49), 17 (57), 36 (33), 4 (83), 25 (61), 24 (71), 15 (87), 38 (93)]";4633;"Maquina 2: [43 (13), 10 (9), 29 (62), 39 (33), 3 (27), 35 (38), 1 (64), 20 (89), 2 (56), 34 (47), 23 (83), 42 (94), 22 (77)]";5300;"Maquina 3: [44 (13), 21 (44), 33 (11), 27 (34), 8 (31), 28 (48), 46 (87), 13 (83), 41 (63), 49 (56), 19 (77), 11 (94)]";4874;"Maquina 4: [16 (47), 30 (31), 45 (12), 9 (58), 0 (14), 7 (81), 6 (34), 37 (50), 32 (75), 48 (60), 40 (92), 26 (96), 18 (85)]";5532
GRASP;50;4;17306;2953.0;1000;"Maquina 1: [8 (31), 5 (7), 44 (13), 3 (27), 21 (44), 25 (61), 49 (56), 37 (50), 22 (77), 18 (85), 20 (89), 2 (56), 15 (87)]";4533;"Maquina 2: [35 (38), 36 (33), 43 (13), 6 (34), 9 (58), 33 (11), 41 (63), 34 (47), 40 (92), 1 (64), 11 (94), 7 (81), 26 (96)]";4832;"Maquina 3: [12 (13), 0 (14), 30 (31), 31 (20), 4 (83), 45 (12), 47 (45), 24 (71), 28 (48), 32 (75), 29 (62), 42 (94)]";3471;"Maquina 4: [39 (33), 10 (9), 16 (47), 19 (77), 27 (34), 17 (57), 48 (60), 46 (87), 13 (83), 14 (49), 23 (83), 38 (93)]";4470
LNS;50;4;20000;196.0;1000;"Maquina 1: [5 (7), 12 (13), 47 (45), 31 (20), 14 (49), 17 (57), 36 (33), 4 (83), 25 (61), 24 (71), 15 (87), 38 (93)]";4633;"Maquina 2: [34 (47), 10 (9), 29 (62), 39 (33), 3 (27), 35 (38), 1 (64), 20 (89), 2 (56), 43 (13), 23 (83), 42 (94), 22 (77)]";5126;"Maquina 3: [13 (83), 21 (44), 44 (13), 27 (34), 8 (31), 28 (48), 46 (87), 33 (11), 41 (63), 49 (56), 19 (77), 11 (94)]";4739;"Maquina 4: [16 (47), 30 (31), 45 (12), 9 (58), 0 (14), 7 (81), 6 (34), 37 (50), 40 (92), 48 (60), 32 (75), 26 (96), 18 (85)]";5502
TABÚ;50;4;18256;838.0;1000;"Maquina 1: [3 (27), 21 (44), 45 (12), 19 (77), 10 (9), 34 (47), 40 (92), 37 (50), 29 (62), 25 (61), 46 (87), 48 (60)]";4178;"Maquina 2: [0 (14), 5 (7), 44 (13), 47 (45), 14 (49), 17 (57), 6 (34), 41 (63), 38 (93), 11 (94), 7 (81), 24 (71), 15 (87)]";4913;"Maquina 3: [30 (31), 39 (33), 12 (13), 49 (56), 36 (33), 16 (47), 32 (75), 35 (38), 4 (83), 42 (94), 22 (77), 18 (85)]";4599;"Maquina 4: [31 (20), 33 (11), 27 (34), 8 (31), 43 (13), 1 (64), 13 (83), 20 (89), 2 (56), 28 (48), 9 (58), 23 (83), 26 (96)]";4566
VNS;50;4;17132;25472.0;1000;"Maquina 1: [44 (13), 47 (45), 14 (49), 3 (27), 36 (33), 15 (87), 16 (47), 4 (83), 49 (56), 23 (83), 26 (96), 32 (75)]";4237;"Maquina 2: [12 (13), 10 (9), 29 (62), 39 (33), 30 (31), 17 (57), 35 (38), 1 (64), 13 (83), 20 (89), 2 (56), 42 (94), 46 (87)]";4804;"Maquina 3: [21 (44), 45 (12), 43 (13), 27 (34), 8 (31), 28 (48), 48 (60), 40 (92), 22 (77), 41 (63), 18 (85)]";3280;"Maquina 4: [6 (34), 31 (20), 25 (61), 33 (11), 9 (58), 5 (7), 37 (50), 0 (14), 7 (81), 34 (47), 19 (77), 24 (71), 38 (93), 11 (94)]";4811
Multiarranque;50;4;17092;3613.0;1000;"Maquina 1: [45 (12), 43 (13), 30 (31), 36 (33), 41 (63), 44 (13), 37 (50), 25 (61), 13 (83), 21 (44), 15 (87), 38 (93), 11 (94)]";4221;"Maquina 2: [12 (13), 0 (14), 29 (62), 3 (27), 27 (34), 34 (47), 16 (47), 1 (64), 46 (87), 48 (60), 32 (75), 26 (96)]";3885;"Maquina 3: [31 (20), 33 (11), 6 (34), 7 (81), 47 (45), 24 (71), 35 (38), 49 (56), 4 (83), 40 (92), 2 (56), 23 (83)]";4151;"Maquina 4: [8 (31), 5 (7), 39 (33), 10 (9), 28 (48), 9 (58), 14 (49), 17 (57), 22 (77), 18 (85), 19 (77), 20 (89), 42 (94)]";4835
