GREEDY;50;6;14472;0.0;1;"Maquina 1: [5 (7), 44 (13), 49 (56), 36 (33), 15 (87), 16 (47), 29 (62), 42 (94), 22 (77)]";2578;"Maquina 2: [21 (44), 37 (50), 0 (14), 19 (77), 10 (9), 25 (61), 18 (85), 11 (94)]";2530;"Maquina 3: [31 (20), 39 (33), 28 (48), 24 (71), 33 (11), 17 (57), 46 (87), 13 (83), 26 (96)]";2786;"Maquina 4: [45 (12), 27 (34), 47 (45), 4 (83), 3 (27), 20 (89), 2 (56), 1 (64)]";2088;"Maquina 5: [12 (13), 8 (31), 48 (60), 32 (75), 35 (38), 23 (83), 14 (49), 38 (93)]";2388;"Maquina 6: [43 (13), 30 (31), 6 (34), 9 (58), 34 (47), 40 (92), 41 (63), 7 (81)]";2102
GRASP;50;6;11851;2857.0;1000;"Maquina 1: [10 (9), 30 (31), 43 (13), 16 (47), 1 (64), 42 (94), 22 (77), 15 (87)]";1584;"Maquina 2: [45 (12), 19 (77), 8 (31), 24 (71), 35 (38), 37 (50), 29 (62), 11 (94)]";2005;"Maquina 3: [31 (20), 41 (63), 12 (13), 28 (48), 47 (45), 46 (87), 38 (93), 13 (83)]";1827;"Maquina 4: [5 (7), 39 (33), 33 (11), 9 (58), 27 (34), 17 (57), 48 (60), 4 (83), 40 (92)]";2074;"Maquina 5: [14 (49), 0 (14), 36 (33), 7 (81), 34 (47), 49 (56), 23 (83), 26 (96), 18 (85)]";2652;"Maquina 6: [44 (13), 3 (27), 21 (44), 25 (61), 2 (56), 32 (75), 6 (34), 20 (89)]";1709
LNS;50;6;14147;102.0;1000;"Maquina 1: [5 (7), 44 (13), 49 (56), 36 (33), 15 (87), 16 (47), 29 (62), 42 (94), 22 (77)]";2578;"Maquina 2: [21 (44), 0 (14), 37 (50), 19 (77), 10 (9), 25 (61), 18 (85), 11 (94)]";2497;"Maquina 3: [31 (20), 39 (33), 28 (48), 24 (71), 33 (11), 17 (57), 46 (87), 13 (83), 26 (96)]";2786;"Maquina 4: [3 (27), 27 (34), 47 (45), 2 (56), 45 (12), 20 (89), 4 (83), 1 (64)]";1934;"Maquina 5: [12 (13), 8 (31), 48 (60), 32 (75), 35 (38), 23 (83), 14 (49), 38 (93)]";2388;"Maquina 6: [30 (31), 43 (13), 6 (34), 9 (58), 34 (47), 40 (92), 41 (63), 7 (81)]";1964
TABÚ;50;6;11828;824.0;1000;"Maquina 1: [10 (9), 30 (31), 43 (13), 16 (47), 8 (31), 7 (81), 32 (75), 15 (87), 4 (83)]";1958;"Maquina 2: [44 (13), 47 (45), 33 (11), 9 (58), 27 (34), 34 (47), 49 (56), 23 (83), 38 (93)]";2083;"Maquina 3: [36 (33), 12 (13), 14 (49), 3 (27), 42 (94), 40 (92), 1 (64), 11 (94)]";2076;"Maquina 4: [5 (7), 48 (60), 35 (38), 37 (50), 25 (61), 28 (48), 46 (87), 13 (83)]";1804;"Maquina 5: [45 (12), 31 (20), 6 (34), 17 (57), 22 (77), 18 (85), 19 (77), 24 (71)]";1840;"Maquina 6: [21 (44), 0 (14), 29 (62), 39 (33), 20 (89), 2 (56), 26 (96), 41 (63)]";2067
VNS;50;6;11978;23365.0;1000;"Maquina 1: [5 (7), 44 (13), 49 (56), 15 (87), 16 (47), 19 (77), 2 (56), 26 (96)]";2012;"Maquina 2: [10 (9), 30 (31), 8 (31), 36 (33), 29 (62), 18 (85), 11 (94), 22 (77), 41 (63)]";2193;"Maquina 3: [31 (20), 39 (33), 28 (48), 24 (71), 35 (38), 17 (57), 23 (83), 13 (83)]";1955;"Maquina 4: [33 (11), 27 (34), 47 (45), 14 (49), 3 (27), 20 (89), 4 (83), 25 (61)]";1721;"Maquina 5: [21 (44), 12 (13), 0 (14), 7 (81), 32 (75), 48 (60), 46 (87), 38 (93)]";2033;"Maquina 6: [45 (12), 43 (13), 6 (34), 9 (58), 34 (47), 40 (92), 37 (50), 42 (94), 1 (64)]";2064
Multiarranque;50;6;12384;3269.0;1000;"Maquina 1: [31 (20), 33 (11), 41 (63), 35 (38), 37 (50), 9 (58), 23 (83), 7 (81)]";1895;"Maquina 2: [12 (13), 10 (9), 16 (47), 19 (77), 8 (31), 48 (60), 46 (87), 26 (96)]";1807;"Maquina 3: [43 (13), 30 (31), 17 (57), 28 (48), 47 (45), 22 (77), 4 (83), 42 (94)]";1862;"Maquina 4: [21 (44), 27 (34), 34 (47), 24 (71), 25 (61), 13 (83), 11 (94), 32 (75)]";2380;"Maquina 5: [0 (14), 5 (7), 6 (34), 1 (64), 2 (56), 49 (56), 18 (85), 38 (93)]";2082;"Maquina 6: [45 (12), 36 (33), 44 (13), 14 (49), 3 (27), 39 (33), 20 (89), 15 (87), 29 (62), 40 (92)]";2358
GREEDY;50;6;15050;0.0;1;"Maquina 1: [7 (21), 41 (53), 3 (2), 29 (48), 33 (65), 4 (75), 36 (35), 15 (91), 26 (97)]";2717;"Maquina 2: [34 (9), 40 (36), 8 (26), 30 (54), 16 (66), 25 (50), 28 (75), 27 (91)]";2198;"Maquina 3: [24 (64), 49 (11), 13 (71), 46 (44), 43 (28), 14 (89), 48 (52), 0 (96)]";2666;"Maquina 4: [32 (14), 2 (32), 11 (39), 18 (60), 35 (50), 38 (69), 44 (80), 42 (91), 20 (99)]";2832;"Maquina 5: [21 (32), 39 (19), 45 (91), 19 (52), 12 (41), 47 (57), 10 (85), 37 (67)]";2198;"Maquina 6: [6 (21), 5 (71), 1 (35), 9 (87), 23 (53), 22 (47), 31 (60), 17 (93)]";2439
GRASP;50;6;12562;2863.0;1000;"Maquina 1: [39 (19), 7 (21), 12 (41), 9 (87), 34 (9), 35 (50), 5 (71), 13 (71), 15 (91)]";2102;"Maquina 2: [2 (32), 40 (36), 23 (53), 22 (47), 31 (60), 24 (64), 16 (66), 17 (93)]";2198;"Maquina 3: [21 (32), 49 (11), 28 (75), 41 (53), 29 (48), 33 (65), 20 (99), 14 (89)]";2082;"Maquina 4: [32 (14), 36 (35), 18 (60), 46 (44), 27 (91), 1 (35), 38 (69), 37 (67), 26 (97)]";2456;"Maquina 5: [6 (21), 43 (28), 47 (57), 11 (39), 19 (52), 4 (75), 45 (91), 0 (96)]";1791;"Maquina 6: [3 (2), 8 (26), 30 (54), 10 (85), 48 (52), 25 (50), 42 (91), 44 (80)]";1933
LNS;50;6;14749;93.0;1000;"Maquina 1: [7 (21), 41 (53), 3 (2), 29 (48), 33 (65), 4 (75), 36 (35), 15 (91), 26 (97)]";2717;"Maquina 2: [34 (9), 25 (50), 8 (26), 30 (54), 40 (36), 16 (66), 28 (75), 27 (91)]";2047;"Maquina 3: [24 (64), 49 (11), 13 (71), 43 (28), 46 (44), 14 (89), 48 (52), 0 (96)]";2516;"Maquina 4: [32 (14), 2 (32), 11 (39), 18 (60), 35 (50), 38 (69), 44 (80), 42 (91), 20 (99)]";2832;"Maquina 5: [21 (32), 39 (19), 45 (91), 19 (52), 12 (41), 47 (57), 10 (85), 37 (67)]";2198;"Maquina 6: [6 (21), 5 (71), 1 (35), 9 (87), 23 (53), 22 (47), 31 (60), 17 (93)]";2439
TABÚ;50;6;12824;825.0;1000;"Maquina 1: [39 (19), 7 (21), 37 (67), 2 (32), 23 (53), 36 (35), 5 (71), 13 (71), 27 (91)]";2229;"Maquina 2: [34 (9), 25 (50), 12 (41), 41 (53), 43 (28), 9 (87), 19 (52), 44 (80), 42 (91)]";2388;"Maquina 3: [48 (52), 18 (60), 49 (11), 28 (75), 22 (47), 26 (97), 24 (64), 15 (91)]";2258;"Maquina 4: [21 (32), 1 (35), 29 (48), 32 (14), 38 (69), 31 (60), 33 (65), 20 (99), 14 (89)]";2564;"Maquina 5: [8 (26), 6 (21), 46 (44), 11 (39), 4 (75), 47 (57), 45 (91), 0 (96)]";1779;"Maquina 6: [40 (36), 3 (2), 30 (54), 10 (85), 35 (50), 16 (66), 17 (93)]";1606
VNS;50;6;12677;26146.0;1000;"Maquina 1: [8 (26), 41 (53), 3 (2), 29 (48), 33 (65), 38 (69), 31 (60), 14 (89), 17 (93)]";2354;"Maquina 2: [49 (11), 2 (32), 40 (36), 16 (66), 28 (75), 22 (47), 24 (64), 27 (91)]";1861;"Maquina 3: [21 (32), 34 (9), 48 (52), 13 (71), 43 (28), 47 (57), 25 (50), 44 (80), 0 (96)]";2376;"Maquina 4: [46 (44), 11 (39), 18 (60), 35 (50), 23 (53), 39 (19), 42 (91), 20 (99)]";1995;"Maquina 5: [36 (35), 19 (52), 12 (41), 30 (54), 10 (85), 5 (71), 26 (97)]";1823;"Maquina 6: [6 (21), 32 (14), 7 (21), 37 (67), 1 (35), 9 (87), 4 (75), 45 (91), 15 (91)]";2268
Multiarranque;50;6;13190;3096.0;1000;"Maquina 1: [32 (14), 36 (35), 33 (65), 44 (80), 23 (53), 9 (87), 37 (67), 42 (91)]";2172;"Maquina 2: [6 (21), 11 (39), 22 (47), 21 (32), 38 (69), 31 (60), 27 (91), 14 (89)]";2099;"Maquina 3: [49 (11), 34 (9), 48 (52), 25 (50), 28 (75), 40 (36), 1 (35), 17 (93), 15 (91)]";2336;"Maquina 4: [46 (44), 30 (54), 8 (26), 24 (64), 35 (50), 5 (71), 19 (52), 20 (99)]";2174;"Maquina 5: [39 (19), 7 (21), 47 (57), 43 (28), 18 (60), 10 (85), 13 (71), 26 (97)]";2048;"Maquina 6: [2 (32), 12 (41), 41 (53), 3 (2), 29 (48), 16 (66), 45 (91), 0 (96), 4 (75)]";2361
GREEDY;50;6;14130;0.0;1;"Maquina 1: [32 (1), 34 (20), 33 (38), 14 (56), 42 (47), 21 (29), 20 (95), 37 (67), 6 (83)]";2488;"Maquina 2: [13 (30), 24 (22), 18 (4), 31 (37), 11 (48), 16 (70), 39 (58), 22 (79), 30 (91)]";2303;"Maquina 3: [41 (34), 26 (4), 9 (59), 15 (48), 44 (74), 29 (99), 35 (24), 43 (85)]";2580;"Maquina 4: [28 (31), 7 (5), 45 (75), 17 (43), 48 (24), 38 (52), 3 (60), 0 (89)]";1980;"Maquina 5: [4 (28), 36 (13), 8 (55), 5 (44), 23 (30), 46 (77), 27 (91), 12 (62)]";2247;"Maquina 6: [10 (29), 49 (32), 1 (18), 19 (85), 2 (47), 47 (96), 25 (54), 40 (64)]";2532
GRASP;50;6;11827;2925.0;1000;"Maquina 1: [41 (34), 8 (55), 36 (13), 25 (54), 35 (24), 22 (79), 46 (77), 27 (91)]";2040;"Maquina 2: [26 (4), 18 (4), 11 (48), 15 (48), 12 (62), 39 (58), 29 (99), 20 (95)]";1540;"Maquina 3: [33 (38), 13 (30), 7 (5), 10 (29), 2 (47), 47 (96), 43 (85), 40 (64), 45 (75)]";2431;"Maquina 4: [31 (37), 17 (43), 1 (18), 28 (31), 44 (74), 19 (85), 3 (60), 30 (91)]";1855;"Maquina 5: [32 (1), 34 (20), 9 (59), 37 (67), 21 (29), 14 (56), 49 (32), 6 (83), 16 (70)]";2182;"Maquina 6: [24 (22), 42 (47), 4 (28), 23 (30), 48 (24), 38 (52), 5 (44), 0 (89)]";1779
LNS;50;6;14118;90.0;1000;"Maquina 1: [32 (1), 34 (20), 33 (38), 14 (56), 42 (47), 21 (29), 20 (95), 37 (67), 6 (83)]";2488;"Maquina 2: [13 (30), 24 (22), 18 (4), 31 (37), 11 (48), 16 (70), 39 (58), 22 (79), 30 (91)]";2303;"Maquina 3: [41 (34), 26 (4), 9 (59), 15 (48), 44 (74), 29 (99), 35 (24), 43 (85)]";2580;"Maquina 4: [28 (31), 7 (5), 45 (75), 17 (43), 48 (24), 38 (52), 3 (60), 0 (89)]";1980;"Maquina 5: [8 (55), 36 (13), 4 (28), 5 (44), 23 (30), 46 (77), 27 (91), 12 (62)]";2235;"Maquina 6: [10 (29), 49 (32), 1 (18), 19 (85), 2 (47), 47 (96), 25 (54), 40 (64)]";2532
TABÚ;50;6;11665;811.0;1000;"Maquina 1: [24 (22), 28 (31), 32 (1), 18 (4), 9 (59), 3 (60), 30 (91), 25 (54), 20 (95)]";2002;"Maquina 2: [36 (13), 8 (55), 48 (24), 33 (38), 41 (34), 12 (62), 37 (67), 46 (77)]";1831;"Maquina 3: [7 (5), 2 (47), 35 (24), 15 (48), 13 (30), 16 (70), 43 (85), 0 (89)]";1644;"Maquina 4: [49 (32), 26 (4), 4 (28), 31 (37), 17 (43), 1 (18), 42 (47), 29 (99), 19 (85)]";1775;"Maquina 5: [10 (29), 6 (83), 34 (20), 5 (44), 11 (48), 40 (64), 45 (75), 27 (91)]";2055;"Maquina 6: [23 (30), 44 (74), 39 (58), 22 (79), 14 (56), 21 (29), 38 (52), 47 (96)]";2358
VNS;50;6;11367;26842.0;1000;"Maquina 1: [34 (20), 33 (38), 14 (56), 23 (30), 21 (29), 20 (95), 37 (67), 47 (96)]";1871;"Maquina 2: [24 (22), 18 (4), 11 (48), 16 (70), 39 (58), 22 (79), 30 (91), 29 (99)]";1817;"Maquina 3: [32 (1), 31 (37), 41 (34), 9 (59), 15 (48), 44 (74), 17 (43), 40 (64), 0 (89)]";2278;"Maquina 4: [10 (29), 28 (31), 7 (5), 45 (75), 12 (62), 48 (24), 8 (55), 3 (60), 43 (85)]";2261;"Maquina 5: [26 (4), 49 (32), 38 (52), 5 (44), 13 (30), 46 (77), 27 (91), 6 (83)]";1566;"Maquina 6: [2 (47), 35 (24), 1 (18), 42 (47), 4 (28), 36 (13), 25 (54), 19 (85)]";1574
Multiarranque;50;6;12523;3096.0;1000;"Maquina 1: [26 (4), 49 (32), 35 (24), 32 (1), 1 (18), 22 (79), 46 (77), 21 (29), 25 (54)]";2105;"Maquina 2: [5 (44), 37 (67), 43 (85), 48 (24), 8 (55), 20 (95), 27 (91)]";2076;"Maquina 3: [38 (52), 18 (4), 11 (48), 15 (48), 16 (70), 39 (58), 9 (59), 45 (75)]";1935;"Maquina 4: [24 (22), 41 (34), 4 (28), 31 (37), 17 (43), 40 (64), 3 (60), 30 (91), 0 (89)]";2271;"Maquina 5: [10 (29), 2 (47), 33 (38), 36 (13), 14 (56), 44 (74), 19 (85), 47 (96)]";2003;"Maquina 6: [34 (20), 13 (30), 7 (5), 42 (47), 28 (31), 6 (83), 12 (62), 23 (30), 29 (99)]";2133
GREEDY;50;6;14348;0.0;1;"Maquina 1: [2 (28), 6 (2), 47 (88), 18 (55), 20 (51), 49 (62), 0 (72), 4 (41)]";1926;"Maquina 2: [22 (2), 3 (57), 10 (31), 38 (42), 19 (71), 21 (45), 44 (61), 24 (80), 39 (96)]";2646;"Maquina 3: [32 (7), 41 (32), 36 (80), 12 (44), 27 (38), 37 (56), 1 (72), 46 (61), 17 (96)]";2517;"Maquina 4: [28 (16), 34 (59), 48 (49), 30 (33), 8 (43), 45 (73), 16 (68), 25 (93)]";2397;"Maquina 5: [9 (24), 42 (33), 13 (43), 33 (76), 29 (60), 7 (48), 11 (95), 40 (70)]";2447;"Maquina 6: [14 (25), 31 (36), 15 (43), 26 (76), 35 (48), 5 (58), 43 (90), 23 (67)]";2415
GRASP;50;6;12723;2837.0;1000;"Maquina 1: [32 (7), 41 (32), 34 (59), 47 (88), 18 (55), 27 (38), 16 (68), 23 (67), 36 (80)]";2417;"Maquina 2: [13 (43), 10 (31), 38 (42), 19 (71), 12 (44), 20 (51), 24 (80), 25 (93)]";2048;"Maquina 3: [22 (2), 5 (58), 7 (48), 21 (45), 44 (61), 42 (33), 26 (76), 1 (72), 39 (96)]";2524;"Maquina 4: [49 (62), 30 (33), 14 (25), 31 (36), 29 (60), 17 (96), 11 (95), 37 (56)]";2104;"Maquina 5: [28 (16), 48 (49), 2 (28), 6 (2), 15 (43), 4 (41), 46 (61), 33 (76)]";1339;"Maquina 6: [35 (48), 8 (43), 9 (24), 45 (73), 3 (57), 40 (70), 43 (90), 0 (72)]";2291
LNS;50;6;14348;89.0;1000;"Maquina 1: [2 (28), 6 (2), 47 (88), 18 (55), 20 (51), 49 (62), 0 (72), 4 (41)]";1926;"Maquina 2: [22 (2), 3 (57), 10 (31), 38 (42), 19 (71), 21 (45), 44 (61), 24 (80), 39 (96)]";2646;"Maquina 3: [32 (7), 41 (32), 36 (80), 12 (44), 27 (38), 37 (56), 1 (72), 46 (61), 17 (96)]";2517;"Maquina 4: [28 (16), 34 (59), 48 (49), 30 (33), 8 (43), 45 (73), 16 (68), 25 (93)]";2397;"Maquina 5: [9 (24), 42 (33), 13 (43), 33 (76), 29 (60), 7 (48), 11 (95), 40 (70)]";2447;"Maquina 6: [14 (25), 31 (36), 15 (43), 26 (76), 35 (48), 5 (58), 43 (90), 23 (67)]";2415
TABÚ;50;6;12792;813.0;1000;"Maquina 1: [22 (2), 41 (32), 34 (59), 38 (42), 7 (48), 49 (62), 36 (80), 26 (76), 25 (93)]";2199;"Maquina 2: [32 (7), 0 (72), 40 (70), 42 (33), 8 (43), 10 (31), 43 (90), 33 (76)]";2192;"Maquina 3: [12 (44), 9 (24), 21 (45), 37 (56), 35 (48), 31 (36), 16 (68), 24 (80)]";1906;"Maquina 4: [27 (38), 4 (41), 14 (25), 18 (55), 20 (51), 23 (67), 30 (33), 1 (72), 46 (61)]";2312;"Maquina 5: [45 (73), 28 (16), 48 (49), 15 (43), 39 (96), 44 (61), 5 (58), 29 (60)]";2271;"Maquina 6: [2 (28), 6 (2), 19 (71), 3 (57), 13 (43), 47 (88), 17 (96), 11 (95)]";1912
VNS;50;6;12330;29113.0;1000;"Maquina 1: [2 (28), 6 (2), 47 (88), 18 (55), 20 (51), 49 (62), 23 (67), 0 (72)]";1856;"Maquina 2: [22 (2), 3 (57), 10 (31), 38 (42), 19 (71), 48 (49), 44 (61), 5 (58)]";1747;"Maquina 3: [32 (7), 41 (32), 36 (80), 26 (76), 27 (38), 37 (56), 1 (72), 45 (73), 17 (96)]";2419;"Maquina 4: [28 (16), 34 (59), 21 (45), 46 (61), 16 (68), 4 (41), 25 (93), 39 (96)]";2130;"Maquina 5: [9 (24), 42 (33), 13 (43), 12 (44), 29 (60), 7 (48), 43 (90), 40 (70)]";1887;"Maquina 6: [30 (33), 14 (25), 31 (36), 15 (43), 24 (80), 35 (48), 8 (43), 11 (95), 33 (76)]";2291
Multiarranque;50;6;13527;3100.0;1000;"Maquina 1: [20 (51), 42 (33), 13 (43), 23 (67), 21 (45), 19 (71), 46 (61), 5 (58)]";2199;"Maquina 2: [6 (2), 15 (43), 10 (31), 48 (49), 44 (61), 1 (72), 35 (48), 39 (96), 0 (72)]";2190;"Maquina 3: [27 (38), 4 (41), 14 (25), 2 (28), 26 (76), 16 (68), 11 (95), 49 (62), 24 (80)]";2600;"Maquina 4: [38 (42), 9 (24), 31 (36), 41 (32), 45 (73), 33 (76), 40 (70), 47 (88)]";2300;"Maquina 5: [28 (16), 32 (7), 29 (60), 18 (55), 30 (33), 8 (43), 36 (80), 34 (59), 17 (96)]";2524;"Maquina 6: [37 (56), 22 (2), 3 (57), 25 (93), 12 (44), 43 (90), 7 (48)]";1714
GREEDY;50;6;12728;1.0;1;"Maquina 1: [32 (12), 1 (5), 40 (44), 19 (33), 48 (77), 9 (51), 8 (64), 6 (88)]";2096;"Maquina 2: [38 (13), 12 (7), 18 (19), 41 (49), 29 (45), 5 (73), 28 (33), 37 (61), 36 (82)]";1968;"Maquina 3: [22 (36), 0 (14), 31 (66), 13 (10), 30 (48), 45 (89), 33 (59), 17 (77)]";2294;"Maquina 4: [23 (10), 16 (15), 44 (28), 24 (40), 15 (48), 35 (51), 2 (66), 43 (81), 25 (98)]";2530;"Maquina 5: [39 (10), 27 (15), 20 (24), 7 (45), 21 (50), 10 (62), 34 (84), 11 (71)]";2000;"Maquina 6: [4 (12), 3 (36), 46 (46), 49 (18), 14 (49), 42 (60), 26 (82), 47 (66)]";1840
GRASP;50;6;10650;2849.0;1000;"Maquina 1: [18 (19), 35 (51), 22 (36), 2 (66), 47 (66), 13 (10), 6 (88), 11 (71)]";1772;"Maquina 2: [1 (5), 49 (18), 15 (48), 5 (73), 23 (10), 17 (77), 14 (49), 30 (48)]";1605;"Maquina 3: [39 (10), 44 (28), 7 (45), 21 (50), 0 (14), 31 (66), 36 (82), 34 (84)]";1663;"Maquina 4: [27 (15), 4 (12), 37 (61), 46 (46), 40 (44), 42 (60), 19 (33), 26 (82), 29 (45)]";1975;"Maquina 5: [12 (7), 16 (15), 20 (24), 32 (12), 48 (77), 9 (51), 41 (49), 25 (98)]";1363;"Maquina 6: [3 (36), 38 (13), 28 (33), 24 (40), 43 (81), 33 (59), 10 (62), 45 (89), 8 (64)]";2272
LNS;50;6;12728;91.0;1000;"Maquina 1: [32 (12), 1 (5), 40 (44), 19 (33), 48 (77), 9 (51), 8 (64), 6 (88)]";2096;"Maquina 2: [38 (13), 12 (7), 18 (19), 41 (49), 29 (45), 5 (73), 28 (33), 37 (61), 36 (82)]";1968;"Maquina 3: [22 (36), 0 (14), 31 (66), 13 (10), 30 (48), 45 (89), 33 (59), 17 (77)]";2294;"Maquina 4: [23 (10), 16 (15), 44 (28), 24 (40), 15 (48), 35 (51), 2 (66), 43 (81), 25 (98)]";2530;"Maquina 5: [39 (10), 27 (15), 20 (24), 7 (45), 21 (50), 10 (62), 34 (84), 11 (71)]";2000;"Maquina 6: [4 (12), 3 (36), 46 (46), 49 (18), 14 (49), 42 (60), 26 (82), 47 (66)]";1840
TABÚ;50;6;10795;812.0;1000;"Maquina 1: [20 (24), 49 (18), 27 (15), 4 (12), 15 (48), 9 (51), 26 (82), 25 (98)]";1518;"Maquina 2: [38 (13), 13 (10), 28 (33), 24 (40), 40 (44), 42 (60), 48 (77), 21 (50), 47 (66)]";1753;"Maquina 3: [1 (5), 0 (14), 23 (10), 29 (45), 8 (64), 37 (61), 41 (49), 31 (66), 17 (77)]";1748;"Maquina 4: [3 (36), 46 (46), 39 (10), 18 (19), 2 (66), 34 (84), 30 (48), 43 (81)]";2011;"Maquina 5: [22 (36), 44 (28), 7 (45), 32 (12), 35 (51), 5 (73), 33 (59), 36 (82)]";1992;"Maquina 6: [12 (7), 16 (15), 14 (49), 45 (89), 10 (62), 19 (33), 6 (88), 11 (71)]";1773
VNS;50;6;10750;34466.0;1000;"Maquina 1: [13 (10), 28 (33), 32 (12), 19 (33), 48 (77), 9 (51), 45 (89), 5 (73)]";1744;"Maquina 2: [38 (13), 12 (7), 18 (19), 39 (10), 41 (49), 43 (81), 29 (45), 8 (64), 26 (82)]";1579;"Maquina 3: [1 (5), 0 (14), 31 (66), 30 (48), 2 (66), 40 (44), 42 (60), 33 (59)]";1680;"Maquina 4: [23 (10), 16 (15), 44 (28), 24 (40), 15 (48), 35 (51), 34 (84), 47 (66)]";1734;"Maquina 5: [27 (15), 4 (12), 17 (77), 20 (24), 7 (45), 21 (50), 10 (62), 6 (88), 11 (71)]";2103;"Maquina 6: [37 (61), 46 (46), 49 (18), 14 (49), 22 (36), 3 (36), 25 (98), 36 (82)]";1910
Multiarranque;50;6;11409;3090.0;1000;"Maquina 1: [13 (10), 28 (33), 9 (51), 7 (45), 29 (45), 8 (64), 25 (98), 36 (82)]";1855;"Maquina 2: [32 (12), 27 (15), 19 (33), 10 (62), 15 (48), 30 (48), 42 (60), 33 (59)]";1843;"Maquina 3: [0 (14), 12 (7), 1 (5), 4 (12), 39 (10), 41 (49), 46 (46), 47 (66), 5 (73), 26 (82)]";1828;"Maquina 4: [24 (40), 18 (19), 16 (15), 20 (24), 14 (49), 37 (61), 44 (28), 48 (77), 34 (84)]";2013;"Maquina 5: [3 (36), 38 (13), 21 (50), 6 (88), 22 (36), 31 (66), 17 (77)]";1709;"Maquina 6: [49 (18), 23 (10), 2 (66), 40 (44), 11 (71), 45 (89), 35 (51), 43 (81)]";2161
GREEDY;50;6;14443;0.0;1;"Maquina 1: [48 (19), 10 (56), 19 (2), 22 (59), 27 (68), 15 (40), 46 (75), 24 (94)]";2218;"Maquina 2: [7 (10), 38 (21), 36 (44), 44 (33), 32 (73), 29 (47), 35 (88), 33 (63), 30 (95)]";2489;"Maquina 3: [13 (43), 1 (24), 8 (52), 39 (14), 20 (60), 12 (85), 4 (69), 21 (95)]";2411;"Maquina 4: [5 (15), 0 (40), 6 (45), 47 (27), 18 (54), 45 (69), 40 (89), 42 (97), 11 (62)]";2510;"Maquina 5: [49 (60), 16 (47), 34 (17), 26 (28), 17 (69), 23 (96), 9 (37), 37 (92)]";2426;"Maquina 6: [3 (58), 2 (30), 28 (64), 41 (89), 25 (43), 43 (17), 14 (97), 31 (70)]";2389
GRASP;50;6;13012;2879.0;1000;"Maquina 1: [7 (10), 5 (15), 33 (63), 0 (40), 42 (97), 27 (68), 15 (40), 45 (69), 23 (96)]";2409;"Maquina 2: [19 (2), 6 (45), 47 (27), 4 (69), 18 (54), 29 (47), 35 (88), 24 (94)]";1784;"Maquina 3: [1 (24), 36 (44), 8 (52), 34 (17), 3 (58), 22 (59), 46 (75), 21 (95)]";2230;"Maquina 4: [48 (19), 2 (30), 28 (64), 43 (17), 10 (56), 49 (60), 40 (89), 30 (95)]";1862;"Maquina 5: [31 (70), 44 (33), 25 (43), 16 (47), 17 (69), 11 (62), 12 (85), 41 (89)]";2263;"Maquina 6: [38 (21), 39 (14), 9 (37), 32 (73), 20 (60), 14 (97), 26 (28), 13 (43), 37 (92)]";2464
LNS;50;6;14443;90.0;1000;"Maquina 1: [48 (19), 10 (56), 19 (2), 22 (59), 27 (68), 15 (40), 46 (75), 24 (94)]";2218;"Maquina 2: [7 (10), 38 (21), 36 (44), 44 (33), 32 (73), 29 (47), 35 (88), 33 (63), 30 (95)]";2489;"Maquina 3: [13 (43), 1 (24), 8 (52), 39 (14), 20 (60), 12 (85), 4 (69), 21 (95)]";2411;"Maquina 4: [5 (15), 0 (40), 6 (45), 47 (27), 18 (54), 45 (69), 40 (89), 42 (97), 11 (62)]";2510;"Maquina 5: [49 (60), 16 (47), 34 (17), 26 (28), 17 (69), 23 (96), 9 (37), 37 (92)]";2426;"Maquina 6: [3 (58), 2 (30), 28 (64), 41 (89), 25 (43), 43 (17), 14 (97), 31 (70)]";2389
TABÚ;50;6;12599;834.0;1000;"Maquina 1: [19 (2), 1 (24), 5 (15), 0 (40), 20 (60), 35 (88), 24 (94), 17 (69), 42 (97)]";2071;"Maquina 2: [2 (30), 6 (45), 18 (54), 11 (62), 36 (44), 9 (37), 46 (75), 41 (89)]";2013;"Maquina 3: [44 (33), 8 (52), 49 (60), 34 (17), 16 (47), 40 (89), 37 (92), 30 (95)]";2044;"Maquina 4: [38 (21), 47 (27), 32 (73), 29 (47), 13 (43), 12 (85), 43 (17), 23 (96)]";1983;"Maquina 5: [48 (19), 10 (56), 3 (58), 22 (59), 25 (43), 33 (63), 31 (70), 4 (69)]";2173;"Maquina 6: [7 (10), 39 (14), 15 (40), 45 (69), 27 (68), 26 (28), 28 (64), 21 (95), 14 (97)]";2315
VNS;50;6;12765;31196.0;1000;"Maquina 1: [48 (19), 10 (56), 3 (58), 22 (59), 49 (60), 19 (2), 6 (45), 46 (75), 41 (89)]";2647;"Maquina 2: [7 (10), 38 (21), 36 (44), 44 (33), 32 (73), 29 (47), 35 (88), 12 (85)]";1788;"Maquina 3: [26 (28), 13 (43), 1 (24), 28 (64), 15 (40), 9 (37), 30 (95), 14 (97)]";1895;"Maquina 4: [5 (15), 0 (40), 20 (60), 47 (27), 18 (54), 45 (69), 27 (68), 4 (69), 37 (92)]";2304;"Maquina 5: [34 (17), 16 (47), 40 (89), 17 (69), 11 (62), 33 (63), 31 (70), 21 (95)]";2228;"Maquina 6: [39 (14), 2 (30), 8 (52), 25 (43), 43 (17), 23 (96), 24 (94), 42 (97)]";1903
Multiarranque;50;6;13147;3112.0;1000;"Maquina 1: [26 (28), 5 (15), 10 (56), 36 (44), 4 (69), 37 (92), 42 (97), 49 (60)]";2032;"Maquina 2: [2 (30), 6 (45), 7 (10), 38 (21), 24 (94), 22 (59), 46 (75), 31 (70), 30 (95)]";2529;"Maquina 3: [34 (17), 39 (14), 3 (58), 0 (40), 20 (60), 35 (88), 11 (62), 40 (89)]";1967;"Maquina 4: [19 (2), 43 (17), 15 (40), 13 (43), 27 (68), 45 (69), 18 (54), 12 (85), 41 (89)]";2314;"Maquina 5: [8 (52), 48 (19), 32 (73), 44 (33), 16 (47), 14 (97), 21 (95), 29 (47)]";2260;"Maquina 6: [1 (24), 9 (37), 25 (43), 33 (63), 17 (69), 23 (96), 47 (27), 28 (64)]";2045
GREEDY;50;6;14394;0.0;1;"Maquina 1: [3 (4), 8 (41), 43 (23), 37 (51), 2 (43), 16 (73), 13 (58), 26 (84), 34 (93)]";2402;"Maquina 2: [32 (24), 20 (44), 30 (11), 9 (51), 29 (55), 36 (62), 18 (77), 12 (86)]";2139;"Maquina 3: [23 (17), 46 (51), 47 (65), 21 (25), 19 (79), 15 (58), 10 (39), 33 (92)]";2305;"Maquina 4: [31 (19), 5 (43), 7 (30), 49 (50), 6 (55), 14 (60), 39 (76), 0 (98), 1 (85)]";2792;"Maquina 5: [38 (67), 4 (45), 44 (84), 41 (30), 28 (58), 11 (21), 48 (54), 25 (93)]";2440;"Maquina 6: [45 (22), 22 (34), 17 (56), 27 (63), 40 (35), 35 (51), 42 (80), 24 (92)]";2316
GRASP;50;6;13287;2841.0;1000;"Maquina 1: [29 (55), 48 (54), 5 (43), 27 (63), 7 (30), 23 (17), 6 (55), 12 (86)]";2028;"Maquina 2: [31 (19), 45 (22), 22 (34), 10 (39), 21 (25), 1 (85), 24 (92), 42 (80)]";1809;"Maquina 3: [40 (35), 11 (21), 37 (51), 35 (51), 18 (77), 15 (58), 47 (65), 25 (93)]";2105;"Maquina 4: [3 (4), 8 (41), 46 (51), 36 (62), 43 (23), 0 (98), 20 (44), 19 (79), 38 (67)]";2334;"Maquina 5: [32 (24), 49 (50), 30 (11), 9 (51), 14 (60), 39 (76), 44 (84), 17 (56), 34 (93)]";2560;"Maquina 6: [4 (45), 41 (30), 28 (58), 16 (73), 13 (58), 2 (43), 33 (92), 26 (84)]";2451
LNS;50;6;14132;91.0;1000;"Maquina 1: [3 (4), 8 (41), 43 (23), 37 (51), 2 (43), 16 (73), 13 (58), 26 (84), 34 (93)]";2402;"Maquina 2: [30 (11), 20 (44), 32 (24), 36 (62), 29 (55), 9 (51), 18 (77), 12 (86)]";2069;"Maquina 3: [21 (25), 46 (51), 47 (65), 23 (17), 19 (79), 15 (58), 10 (39), 33 (92)]";2113;"Maquina 4: [31 (19), 5 (43), 7 (30), 49 (50), 6 (55), 14 (60), 39 (76), 0 (98), 1 (85)]";2792;"Maquina 5: [38 (67), 4 (45), 44 (84), 41 (30), 28 (58), 11 (21), 48 (54), 25 (93)]";2440;"Maquina 6: [45 (22), 22 (34), 17 (56), 27 (63), 40 (35), 35 (51), 42 (80), 24 (92)]";2316
TABÚ;50;6;12810;823.0;1000;"Maquina 1: [8 (41), 7 (30), 29 (55), 9 (51), 31 (19), 5 (43), 16 (73), 33 (92)]";1801;"Maquina 2: [30 (11), 46 (51), 45 (22), 32 (24), 49 (50), 12 (86), 6 (55), 39 (76), 36 (62)]";2323;"Maquina 3: [43 (23), 23 (17), 35 (51), 21 (25), 15 (58), 24 (92), 26 (84), 18 (77)]";1872;"Maquina 4: [40 (35), 11 (21), 37 (51), 38 (67), 22 (34), 27 (63), 19 (79), 25 (93)]";2099;"Maquina 5: [13 (58), 20 (44), 47 (65), 34 (93), 41 (30), 14 (60), 2 (43), 1 (85)]";2261;"Maquina 6: [3 (4), 48 (54), 10 (39), 17 (56), 28 (58), 42 (80), 44 (84), 4 (45), 0 (98)]";2454
VNS;50;6;12933;43080.0;1000;"Maquina 1: [3 (4), 8 (41), 43 (23), 2 (43), 16 (73), 38 (67), 10 (39), 26 (84)]";1745;"Maquina 2: [30 (11), 20 (44), 9 (51), 29 (55), 18 (77), 24 (92), 42 (80), 34 (93)]";2056;"Maquina 3: [40 (35), 46 (51), 47 (65), 21 (25), 19 (79), 27 (63), 32 (24), 0 (98), 33 (92)]";2670;"Maquina 4: [31 (19), 5 (43), 37 (51), 7 (30), 49 (50), 6 (55), 14 (60), 39 (76)]";1812;"Maquina 5: [4 (45), 44 (84), 41 (30), 28 (58), 11 (21), 36 (62), 15 (58), 25 (93), 1 (85)]";2785;"Maquina 6: [45 (22), 22 (34), 17 (56), 48 (54), 23 (17), 35 (51), 13 (58), 12 (86)]";1865
Multiarranque;50;6;13649;3129.0;1000;"Maquina 1: [32 (24), 36 (62), 43 (23), 0 (98), 48 (54), 14 (60), 1 (85), 25 (93)]";2295;"Maquina 2: [31 (19), 40 (35), 11 (21), 29 (55), 9 (51), 7 (30), 20 (44), 37 (51), 10 (39), 26 (84)]";2406;"Maquina 3: [45 (22), 22 (34), 17 (56), 39 (76), 15 (58), 2 (43), 19 (79), 12 (86)]";2295;"Maquina 4: [21 (25), 35 (51), 18 (77), 34 (93), 13 (58), 16 (73), 38 (67), 4 (45)]";2668;"Maquina 5: [41 (30), 30 (11), 5 (43), 42 (80), 47 (65), 23 (17), 33 (92), 27 (63)]";2108;"Maquina 6: [6 (55), 3 (4), 8 (41), 49 (50), 46 (51), 44 (84), 28 (58), 24 (92)]";1877
GREEDY;50;6;12849;0.0;1;"Maquina 1: [2 (4), 49 (56), 43 (31), 0 (14), 35 (51), 3 (74), 45 (43), 5 (91)]";2174;"Maquina 2: [18 (48), 7 (14), 11 (10), 8 (23), 42 (69), 10 (53), 9 (79), 26 (37), 28 (94)]";2402;"Maquina 3: [23 (10), 6 (44), 39 (28), 40 (14), 33 (52), 36 (49), 31 (58), 41 (78), 27 (92)]";2219;"Maquina 4: [14 (12), 16 (17), 46 (53), 20 (65), 22 (42), 37 (27), 17 (50), 4 (81)]";1867;"Maquina 5: [24 (12), 34 (34), 12 (42), 1 (53), 38 (18), 47 (86), 25 (64), 48 (45)]";1880;"Maquina 6: [29 (21), 19 (28), 15 (43), 21 (51), 13 (78), 32 (55), 30 (13), 44 (92)]";2307
GRASP;50;6;10706;2839.0;1000;"Maquina 1: [16 (17), 46 (53), 11 (10), 4 (81), 26 (37), 25 (64), 9 (79)]";1479;"Maquina 2: [14 (12), 18 (48), 43 (31), 15 (43), 39 (28), 48 (45), 3 (74), 13 (78), 44 (92)]";2341;"Maquina 3: [2 (4), 6 (44), 24 (12), 21 (51), 40 (14), 33 (52), 31 (58), 1 (53), 5 (91)]";1824;"Maquina 4: [34 (34), 38 (18), 17 (50), 42 (69), 32 (55), 45 (43), 22 (42), 27 (92)]";1840;"Maquina 5: [7 (14), 19 (28), 23 (10), 41 (78), 8 (23), 12 (42), 49 (56), 36 (49), 47 (86)]";1973;"Maquina 6: [30 (13), 37 (27), 0 (14), 29 (21), 35 (51), 10 (53), 20 (65), 28 (94)]";1249
LNS;50;6;12849;101.0;1000;"Maquina 1: [2 (4), 49 (56), 43 (31), 0 (14), 35 (51), 3 (74), 45 (43), 5 (91)]";2174;"Maquina 2: [18 (48), 7 (14), 11 (10), 8 (23), 42 (69), 10 (53), 9 (79), 26 (37), 28 (94)]";2402;"Maquina 3: [23 (10), 6 (44), 39 (28), 40 (14), 33 (52), 36 (49), 31 (58), 41 (78), 27 (92)]";2219;"Maquina 4: [14 (12), 16 (17), 46 (53), 20 (65), 22 (42), 37 (27), 17 (50), 4 (81)]";1867;"Maquina 5: [24 (12), 34 (34), 12 (42), 1 (53), 38 (18), 47 (86), 25 (64), 48 (45)]";1880;"Maquina 6: [29 (21), 19 (28), 15 (43), 21 (51), 13 (78), 32 (55), 30 (13), 44 (92)]";2307
TABÚ;50;6;10234;859.0;1000;"Maquina 1: [2 (4), 39 (28), 19 (28), 0 (14), 48 (45), 3 (74), 32 (55), 28 (94)]";1266;"Maquina 2: [16 (17), 43 (31), 11 (10), 15 (43), 25 (64), 9 (79), 41 (78), 1 (53), 47 (86)]";2139;"Maquina 3: [24 (12), 8 (23), 49 (56), 46 (53), 38 (18), 17 (50), 5 (91), 42 (69)]";1430;"Maquina 4: [23 (10), 30 (13), 33 (52), 26 (37), 20 (65), 22 (42), 37 (27), 44 (92), 13 (78)]";2024;"Maquina 5: [6 (44), 34 (34), 21 (51), 14 (12), 31 (58), 18 (48), 36 (49), 27 (92)]";1878;"Maquina 6: [7 (14), 40 (14), 12 (42), 45 (43), 29 (21), 35 (51), 10 (53), 4 (81)]";1497
VNS;50;6;10315;24332.0;1000;"Maquina 1: [2 (4), 16 (17), 43 (31), 14 (12), 1 (53), 5 (91), 3 (74), 13 (78)]";1339;"Maquina 2: [22 (42), 11 (10), 12 (42), 18 (48), 8 (23), 42 (69), 10 (53), 4 (81)]";1877;"Maquina 3: [23 (10), 29 (21), 6 (44), 15 (43), 21 (51), 40 (14), 36 (49), 31 (58), 41 (78)]";1842;"Maquina 4: [38 (18), 17 (50), 46 (53), 20 (65), 28 (94), 48 (45), 32 (55), 9 (79)]";1978;"Maquina 5: [7 (14), 24 (12), 34 (34), 45 (43), 30 (13), 26 (37), 25 (64), 49 (56), 27 (92)]";1746;"Maquina 6: [19 (28), 33 (52), 39 (28), 37 (27), 0 (14), 35 (51), 47 (86), 44 (92)]";1533
Multiarranque;50;6;10925;3083.0;1000;"Maquina 1: [14 (12), 34 (34), 19 (28), 33 (52), 25 (64), 47 (86), 28 (94), 5 (91)]";2010;"Maquina 2: [24 (12), 16 (17), 43 (31), 7 (14), 10 (53), 23 (10), 46 (53), 1 (53), 26 (37), 20 (65)]";1773;"Maquina 3: [29 (21), 6 (44), 35 (51), 22 (42), 48 (45), 49 (56), 44 (92)]";1615;"Maquina 4: [8 (23), 12 (42), 2 (4), 42 (69), 0 (14), 15 (43), 18 (48), 4 (81), 13 (78)]";1964;"Maquina 5: [11 (10), 40 (14), 31 (58), 45 (43), 32 (55), 9 (79), 41 (78), 39 (28)]";1889;"Maquina 6: [38 (18), 30 (13), 37 (27), 21 (51), 36 (49), 17 (50), 3 (74), 27 (92)]";1674
GREEDY;50;6;11570;0.0;1;"Maquina 1: [33 (1), 9 (20), 2 (36), 22 (72), 39 (53), 41 (60), 13 (46), 19 (88)]";1789;"Maquina 2: [30 (22), 31 (7), 12 (44), 48 (32), 29 (51), 14 (66), 23 (57), 0 (97), 6 (81)]";2079;"Maquina 3: [40 (12), 24 (51), 7 (56), 36 (40), 3 (28), 25 (64), 4 (79), 47 (92)]";1882;"Maquina 4: [49 (13), 1 (29), 17 (35), 11 (45), 16 (81), 38 (67), 34 (59), 43 (52), 18 (99)]";2233;"Maquina 5: [8 (14), 15 (29), 5 (56), 37 (49), 26 (37), 44 (60), 20 (91), 27 (76)]";1792;"Maquina 6: [46 (30), 21 (19), 10 (40), 35 (54), 28 (49), 42 (60), 32 (90), 45 (72)]";1795
GRASP;50;6;11049;2844.0;1000;"Maquina 1: [40 (12), 11 (45), 39 (53), 21 (19), 42 (60), 1 (29), 45 (72), 35 (54), 4 (79)]";1958;"Maquina 2: [31 (7), 46 (30), 3 (28), 36 (40), 12 (44), 5 (56), 38 (67), 25 (64)]";1449;"Maquina 3: [49 (13), 6 (81), 26 (37), 22 (72), 24 (51), 28 (49), 47 (92), 18 (99)]";2070;"Maquina 4: [8 (14), 48 (32), 2 (36), 43 (52), 44 (60), 20 (91), 10 (40), 0 (97)]";1731;"Maquina 5: [17 (35), 33 (1), 7 (56), 37 (49), 9 (20), 34 (59), 41 (60), 19 (88), 32 (90)]";2026;"Maquina 6: [30 (22), 14 (66), 15 (29), 29 (51), 23 (57), 13 (46), 16 (81), 27 (76)]";1815
LNS;50;6;11570;90.0;1000;"Maquina 1: [33 (1), 9 (20), 2 (36), 22 (72), 39 (53), 41 (60), 13 (46), 19 (88)]";1789;"Maquina 2: [30 (22), 31 (7), 12 (44), 48 (32), 29 (51), 14 (66), 23 (57), 0 (97), 6 (81)]";2079;"Maquina 3: [40 (12), 24 (51), 7 (56), 36 (40), 3 (28), 25 (64), 4 (79), 47 (92)]";1882;"Maquina 4: [49 (13), 1 (29), 17 (35), 11 (45), 16 (81), 38 (67), 34 (59), 43 (52), 18 (99)]";2233;"Maquina 5: [8 (14), 15 (29), 5 (56), 37 (49), 26 (37), 44 (60), 20 (91), 27 (76)]";1792;"Maquina 6: [46 (30), 21 (19), 10 (40), 35 (54), 28 (49), 42 (60), 32 (90), 45 (72)]";1795
TABÚ;50;6;10434;821.0;1000;"Maquina 1: [21 (19), 30 (22), 33 (1), 36 (40), 17 (35), 11 (45), 35 (54), 19 (88), 32 (90)]";1622;"Maquina 2: [8 (14), 39 (53), 3 (28), 25 (64), 41 (60), 45 (72), 20 (91), 38 (67)]";1852;"Maquina 3: [48 (32), 1 (29), 13 (46), 12 (44), 27 (76), 22 (72), 23 (57), 0 (97)]";1819;"Maquina 4: [31 (7), 46 (30), 5 (56), 37 (49), 26 (37), 44 (60), 18 (99), 47 (92)]";1568;"Maquina 5: [40 (12), 24 (51), 15 (29), 2 (36), 7 (56), 29 (51), 34 (59), 16 (81)]";1551;"Maquina 6: [49 (13), 9 (20), 10 (40), 28 (49), 42 (60), 14 (66), 43 (52), 6 (81), 4 (79)]";2022
VNS;50;6;10544;29251.0;1000;"Maquina 1: [49 (13), 9 (20), 2 (36), 22 (72), 41 (60), 39 (53), 45 (72), 47 (92)]";1573;"Maquina 2: [31 (7), 48 (32), 8 (14), 14 (66), 15 (29), 6 (81), 23 (57), 0 (97)]";1457;"Maquina 3: [40 (12), 24 (51), 7 (56), 36 (40), 28 (49), 26 (37), 4 (79), 5 (56), 19 (88)]";2202;"Maquina 4: [1 (29), 17 (35), 11 (45), 13 (46), 38 (67), 25 (64), 34 (59), 16 (81)]";1863;"Maquina 5: [33 (1), 3 (28), 29 (51), 12 (44), 37 (49), 44 (60), 20 (91), 18 (99)]";1597;"Maquina 6: [46 (30), 30 (22), 21 (19), 43 (52), 10 (40), 35 (54), 42 (60), 32 (90), 27 (76)]";1852
Multiarranque;50;6;10971;3147.0;1000;"Maquina 1: [31 (7), 10 (40), 40 (12), 9 (20), 2 (36), 7 (56), 18 (99), 20 (91), 27 (76)]";1857;"Maquina 2: [48 (32), 21 (19), 25 (64), 17 (35), 11 (45), 39 (53), 47 (92), 14 (66)]";1704;"Maquina 3: [30 (22), 49 (13), 13 (46), 46 (30), 5 (56), 16 (81), 38 (67), 32 (90)]";1702;"Maquina 4: [8 (14), 12 (44), 26 (37), 24 (51), 45 (72), 22 (72), 43 (52), 0 (97)]";1874;"Maquina 5: [33 (1), 36 (40), 1 (29), 15 (29), 29 (51), 23 (57), 44 (60), 6 (81), 4 (79)]";1863;"Maquina 6: [3 (28), 28 (49), 34 (59), 37 (49), 35 (54), 42 (60), 41 (60), 19 (88)]";1971
GREEDY;50;6;11873;0.0;1;"Maquina 1: [29 (13), 48 (2), 16 (64), 40 (34), 6 (43), 19 (55), 32 (84), 11 (90)]";1771;"Maquina 2: [13 (3), 2 (19), 38 (56), 15 (36), 22 (68), 3 (87), 37 (49), 35 (92)]";1941;"Maquina 3: [47 (5), 14 (53), 41 (22), 25 (57), 43 (38), 39 (65), 12 (85), 4 (92)]";1847;"Maquina 4: [44 (7), 45 (22), 1 (59), 7 (34), 31 (42), 9 (55), 46 (79), 26 (94), 8 (90)]";2095;"Maquina 5: [36 (8), 33 (37), 5 (49), 42 (24), 49 (55), 17 (61), 27 (82), 10 (90), 0 (97)]";2288;"Maquina 6: [34 (50), 21 (27), 20 (9), 18 (57), 30 (89), 24 (42), 28 (73), 23 (93)]";1931
GRASP;50;6;10351;2841.0;1000;"Maquina 1: [47 (5), 29 (13), 6 (43), 21 (27), 12 (85), 16 (64), 35 (92), 1 (59), 26 (94)]";1962;"Maquina 2: [36 (8), 40 (34), 42 (24), 49 (55), 5 (49), 18 (57), 27 (82), 11 (90)]";1479;"Maquina 3: [13 (3), 44 (7), 48 (2), 25 (57), 9 (55), 3 (87), 32 (84), 4 (92), 0 (97)]";1807;"Maquina 4: [2 (19), 7 (34), 43 (38), 22 (68), 33 (37), 14 (53), 8 (90), 10 (90)]";1647;"Maquina 5: [15 (36), 34 (50), 41 (22), 31 (42), 28 (73), 38 (56), 30 (89), 23 (93)]";1898;"Maquina 6: [20 (9), 37 (49), 45 (22), 24 (42), 17 (61), 19 (55), 39 (65), 46 (79)]";1558
LNS;50;6;11625;87.0;1000;"Maquina 1: [29 (13), 48 (2), 16 (64), 6 (43), 40 (34), 19 (55), 32 (84), 11 (90)]";1748;"Maquina 2: [2 (19), 38 (56), 13 (3), 15 (36), 22 (68), 3 (87), 37 (49), 35 (92)]";1734;"Maquina 3: [47 (5), 14 (53), 41 (22), 25 (57), 43 (38), 39 (65), 12 (85), 4 (92)]";1847;"Maquina 4: [44 (7), 45 (22), 1 (59), 7 (34), 31 (42), 9 (55), 46 (79), 26 (94), 8 (90)]";2095;"Maquina 5: [36 (8), 33 (37), 5 (49), 49 (55), 42 (24), 17 (61), 27 (82), 10 (90), 0 (97)]";2270;"Maquina 6: [34 (50), 21 (27), 20 (9), 18 (57), 30 (89), 24 (42), 28 (73), 23 (93)]";1931
TABÚ;50;6;10383;814.0;1000;"Maquina 1: [47 (5), 29 (13), 37 (49), 22 (68), 24 (42), 19 (55), 39 (65), 4 (92)]";1444;"Maquina 2: [2 (19), 7 (34), 41 (22), 5 (49), 18 (57), 35 (92), 27 (82), 10 (90)]";1616;"Maquina 3: [44 (7), 45 (22), 25 (57), 31 (42), 9 (55), 3 (87), 32 (84), 26 (94)]";1714;"Maquina 4: [13 (3), 6 (43), 21 (27), 43 (38), 49 (55), 46 (79), 38 (56), 12 (85), 0 (97)]";2001;"Maquina 5: [20 (9), 36 (8), 34 (50), 40 (34), 14 (53), 33 (37), 16 (64), 28 (73), 23 (93)]";1828;"Maquina 6: [42 (24), 48 (2), 17 (61), 15 (36), 8 (90), 1 (59), 11 (90), 30 (89)]";1780
VNS;50;6;10335;23868.0;1000;"Maquina 1: [15 (36), 48 (2), 17 (61), 16 (64), 6 (43), 8 (90), 10 (90), 35 (92)]";1813;"Maquina 2: [29 (13), 38 (56), 19 (55), 5 (49), 22 (68), 30 (89), 3 (87), 32 (84)]";1934;"Maquina 3: [40 (34), 41 (22), 25 (57), 31 (42), 14 (53), 39 (65), 46 (79), 23 (93)]";1805;"Maquina 4: [13 (3), 44 (7), 45 (22), 7 (34), 9 (55), 0 (97), 37 (49), 26 (94), 11 (90)]";1704;"Maquina 5: [36 (8), 33 (37), 43 (38), 49 (55), 42 (24), 18 (57), 27 (82), 4 (92)]";1560;"Maquina 6: [20 (9), 47 (5), 34 (50), 21 (27), 1 (59), 2 (19), 24 (42), 28 (73), 12 (85)]";1519
Multiarranque;50;6;10835;3159.0;1000;"Maquina 1: [21 (27), 20 (9), 36 (8), 40 (34), 17 (61), 28 (73), 5 (49), 30 (89), 0 (97)]";2000;"Maquina 2: [15 (36), 41 (22), 2 (19), 1 (59), 37 (49), 26 (94), 49 (55), 4 (92)]";1782;"Maquina 3: [47 (5), 29 (13), 7 (34), 43 (38), 18 (57), 25 (57), 8 (90), 23 (93)]";1402;"Maquina 4: [45 (22), 24 (42), 38 (56), 14 (53), 16 (64), 32 (84), 11 (90), 3 (87)]";2005;"Maquina 5: [48 (2), 44 (7), 13 (3), 6 (43), 22 (68), 33 (37), 34 (50), 10 (90), 27 (82), 35 (92)]";2048;"Maquina 6: [42 (24), 19 (55), 39 (65), 31 (42), 9 (55), 46 (79), 12 (85)]";1598
GREEDY;50;6;10791;0.0;1;"Maquina 1: [6 (9), 16 (1), 29 (42), 1 (21), 47 (53), 21 (64), 31 (94), 14 (74), 34 (99)]";2032;"Maquina 2: [22 (9), 26 (2), 18 (32), 3 (48), 36 (70), 12 (84), 5 (59), 46 (97)]";1758;"Maquina 3: [24 (9), 35 (2), 19 (44), 9 (28), 7 (54), 17 (65), 20 (95), 39 (76)]";1606;"Maquina 4: [8 (3), 48 (9), 25 (20), 32 (33), 10 (71), 42 (62), 45 (48), 30 (99), 11 (90)]";1976;"Maquina 5: [15 (11), 27 (32), 38 (6), 33 (61), 37 (96), 23 (47), 44 (68), 40 (79)]";1599;"Maquina 6: [4 (15), 49 (6), 41 (61), 43 (28), 0 (70), 13 (46), 28 (80), 2 (99)]";1820
GRASP;50;6;9375;2887.0;1000;"Maquina 1: [26 (2), 16 (1), 4 (15), 25 (20), 32 (33), 3 (48), 42 (62), 14 (74), 20 (95)]";1393;"Maquina 2: [43 (28), 35 (2), 1 (21), 9 (28), 7 (54), 11 (90), 23 (47), 31 (94), 46 (97)]";1750;"Maquina 3: [15 (11), 48 (9), 47 (53), 29 (42), 21 (64), 44 (68), 39 (76), 37 (96)]";1550;"Maquina 4: [24 (9), 22 (9), 27 (32), 41 (61), 19 (44), 17 (65), 40 (79), 2 (99)]";1421;"Maquina 5: [8 (3), 6 (9), 13 (46), 5 (59), 10 (71), 28 (80), 36 (70), 34 (99)]";1578;"Maquina 6: [38 (6), 33 (61), 49 (6), 18 (32), 45 (48), 12 (84), 0 (70), 30 (99)]";1683
LNS;50;6;10544;86.0;1000;"Maquina 1: [6 (9), 16 (1), 29 (42), 1 (21), 47 (53), 21 (64), 31 (94), 14 (74), 34 (99)]";2032;"Maquina 2: [22 (9), 26 (2), 18 (32), 3 (48), 36 (70), 12 (84), 5 (59), 46 (97)]";1758;"Maquina 3: [35 (2), 19 (44), 24 (9), 9 (28), 7 (54), 17 (65), 20 (95), 39 (76)]";1426;"Maquina 4: [25 (20), 48 (9), 8 (3), 32 (33), 10 (71), 30 (99), 45 (48), 42 (62), 11 (90)]";1909;"Maquina 5: [15 (11), 27 (32), 38 (6), 33 (61), 37 (96), 23 (47), 44 (68), 40 (79)]";1599;"Maquina 6: [4 (15), 49 (6), 41 (61), 43 (28), 0 (70), 13 (46), 28 (80), 2 (99)]";1820
TABÚ;50;6;9646;804.0;1000;"Maquina 1: [16 (1), 24 (9), 9 (28), 5 (59), 10 (71), 28 (80), 36 (70), 21 (64), 31 (94)]";1987;"Maquina 2: [35 (2), 1 (21), 40 (79), 48 (9), 29 (42), 14 (74), 33 (61), 37 (96)]";1460;"Maquina 3: [8 (3), 38 (6), 19 (44), 3 (48), 47 (53), 7 (54), 45 (48), 44 (68), 11 (90)]";1827;"Maquina 4: [49 (6), 22 (9), 27 (32), 13 (46), 23 (47), 39 (76), 12 (84), 46 (97)]";1505;"Maquina 5: [43 (28), 15 (11), 6 (9), 18 (32), 34 (99), 41 (61), 0 (70), 30 (99)]";1479;"Maquina 6: [26 (2), 4 (15), 25 (20), 32 (33), 42 (62), 17 (65), 20 (95), 2 (99)]";1388
VNS;50;6;9534;28689.0;1000;"Maquina 1: [6 (9), 16 (1), 41 (61), 29 (42), 43 (28), 7 (54), 31 (94), 40 (79), 2 (99)]";1770;"Maquina 2: [15 (11), 18 (32), 19 (44), 3 (48), 0 (70), 12 (84), 46 (97)]";1408;"Maquina 3: [49 (6), 26 (2), 35 (2), 17 (65), 22 (9), 21 (64), 42 (62), 28 (80), 44 (68)]";1468;"Maquina 4: [8 (3), 48 (9), 4 (15), 25 (20), 32 (33), 10 (71), 30 (99), 45 (48), 39 (76), 11 (90)]";2003;"Maquina 5: [27 (32), 38 (6), 33 (61), 37 (96), 13 (46), 14 (74), 20 (95)]";1478;"Maquina 6: [24 (9), 1 (21), 9 (28), 47 (53), 23 (47), 5 (59), 36 (70), 34 (99)]";1407
Multiarranque;50;6;9731;3111.0;1000;"Maquina 1: [32 (33), 35 (2), 48 (9), 6 (9), 25 (20), 39 (76), 17 (65), 44 (68), 30 (99)]";1490;"Maquina 2: [26 (2), 24 (9), 19 (44), 3 (48), 42 (62), 9 (28), 5 (59), 2 (99), 46 (97)]";1785;"Maquina 3: [4 (15), 49 (6), 27 (32), 41 (61), 47 (53), 10 (71), 28 (80), 34 (99)]";1624;"Maquina 4: [38 (6), 16 (1), 33 (61), 18 (32), 45 (48), 36 (70), 21 (64), 37 (96)]";1456;"Maquina 5: [15 (11), 8 (3), 43 (28), 29 (42), 14 (74), 11 (90), 23 (47), 31 (94), 40 (79)]";1933;"Maquina 6: [1 (21), 22 (9), 7 (54), 12 (84), 0 (70), 13 (46), 20 (95)]";1443
GREEDY;50;6;12626;0.0;1;"Maquina 1: [47 (2), 15 (30), 48 (60), 17 (17), 23 (51), 37 (72), 19 (80), 46 (97), 8 (89)]";2404;"Maquina 2: [25 (4), 16 (41), 43 (17), 9 (53), 40 (90), 27 (81), 34 (61), 26 (94), 2 (73)]";2341;"Maquina 3: [10 (7), 39 (21), 1 (38), 32 (57), 42 (62), 24 (91), 6 (74), 12 (84)]";1896;"Maquina 4: [5 (44), 45 (8), 28 (75), 20 (24), 11 (70), 13 (59), 49 (92), 14 (88)]";2071;"Maquina 5: [29 (24), 7 (15), 41 (49), 4 (68), 44 (76), 31 (59), 3 (92), 18 (87)]";1965;"Maquina 6: [0 (27), 38 (15), 33 (42), 35 (84), 36 (65), 21 (74), 30 (91), 22 (58)]";1949
GRASP;50;6;11480;2853.0;1000;"Maquina 1: [47 (2), 43 (17), 33 (42), 48 (60), 19 (80), 2 (73), 4 (68), 49 (92), 30 (91)]";2144;"Maquina 2: [45 (8), 39 (21), 46 (97), 12 (84), 23 (51), 28 (75), 36 (65), 8 (89)]";1976;"Maquina 3: [10 (7), 15 (30), 7 (15), 5 (44), 9 (53), 40 (90), 44 (76), 26 (94)]";1552;"Maquina 4: [25 (4), 17 (17), 1 (38), 35 (84), 41 (49), 13 (59), 42 (62), 21 (74), 14 (88)]";2067;"Maquina 5: [38 (15), 31 (59), 20 (24), 37 (72), 16 (41), 22 (58), 3 (92), 18 (87)]";1760;"Maquina 6: [29 (24), 11 (70), 0 (27), 34 (61), 32 (57), 27 (81), 6 (74), 24 (91)]";1981
LNS;50;6;12626;87.0;1000;"Maquina 1: [47 (2), 15 (30), 48 (60), 17 (17), 23 (51), 37 (72), 19 (80), 46 (97), 8 (89)]";2404;"Maquina 2: [25 (4), 16 (41), 43 (17), 9 (53), 40 (90), 27 (81), 34 (61), 26 (94), 2 (73)]";2341;"Maquina 3: [10 (7), 39 (21), 1 (38), 32 (57), 42 (62), 24 (91), 6 (74), 12 (84)]";1896;"Maquina 4: [5 (44), 45 (8), 28 (75), 20 (24), 11 (70), 13 (59), 49 (92), 14 (88)]";2071;"Maquina 5: [29 (24), 7 (15), 41 (49), 4 (68), 44 (76), 31 (59), 3 (92), 18 (87)]";1965;"Maquina 6: [0 (27), 38 (15), 33 (42), 35 (84), 36 (65), 21 (74), 30 (91), 22 (58)]";1949
TABÚ;50;6;11386;820.0;1000;"Maquina 1: [25 (4), 16 (41), 48 (60), 15 (30), 6 (74), 19 (80), 35 (84), 3 (92)]";1749;"Maquina 2: [45 (8), 39 (21), 29 (24), 11 (70), 32 (57), 42 (62), 14 (88), 2 (73), 26 (94)]";2021;"Maquina 3: [33 (42), 7 (15), 21 (74), 20 (24), 37 (72), 4 (68), 49 (92), 30 (91)]";1953;"Maquina 4: [10 (7), 23 (51), 0 (27), 34 (61), 41 (49), 36 (65), 28 (75), 40 (90), 46 (97)]";2302;"Maquina 5: [47 (2), 17 (17), 1 (38), 22 (58), 5 (44), 8 (89), 12 (84), 24 (91)]";1613;"Maquina 6: [38 (15), 43 (17), 9 (53), 13 (59), 44 (76), 31 (59), 18 (87), 27 (81)]";1748
VNS;50;6;11457;28035.0;1000;"Maquina 1: [39 (21), 1 (38), 48 (60), 23 (51), 37 (72), 19 (80), 49 (92)]";1645;"Maquina 2: [25 (4), 15 (30), 9 (53), 40 (90), 27 (81), 34 (61), 26 (94), 12 (84)]";1920;"Maquina 3: [47 (2), 29 (24), 13 (59), 31 (59), 28 (75), 32 (57), 2 (73), 30 (91), 46 (97)]";2323;"Maquina 4: [45 (8), 10 (7), 20 (24), 11 (70), 16 (41), 22 (58), 6 (74), 42 (62), 8 (89)]";1861;"Maquina 5: [7 (15), 17 (17), 5 (44), 41 (49), 4 (68), 44 (76), 3 (92), 18 (87)]";1654;"Maquina 6: [0 (27), 38 (15), 43 (17), 33 (42), 35 (84), 36 (65), 21 (74), 14 (88), 24 (91)]";2054
Multiarranque;50;6;11691;3102.0;1000;"Maquina 1: [0 (27), 47 (2), 43 (17), 9 (53), 13 (59), 5 (44), 18 (87), 40 (90), 46 (97)]";1990;"Maquina 2: [33 (42), 25 (4), 23 (51), 28 (75), 37 (72), 27 (81), 30 (91), 14 (88)]";2074;"Maquina 3: [20 (24), 31 (59), 11 (70), 32 (57), 2 (73), 42 (62), 3 (92)]";1675;"Maquina 4: [45 (8), 10 (7), 38 (15), 1 (38), 22 (58), 12 (84), 48 (60), 49 (92), 24 (91)]";1822;"Maquina 5: [39 (21), 29 (24), 21 (74), 7 (15), 17 (17), 6 (74), 19 (80), 35 (84), 4 (68)]";2108;"Maquina 6: [16 (41), 15 (30), 41 (49), 36 (65), 34 (61), 44 (76), 26 (94), 8 (89)]";2022
GREEDY;50;6;10074;0.0;1;"Maquina 1: [11 (1), 30 (9), 14 (23), 44 (43), 10 (30), 27 (77), 29 (70), 40 (60), 26 (97)]";1903;"Maquina 2: [48 (9), 6 (2), 31 (17), 32 (58), 20 (29), 46 (69), 15 (77), 41 (39), 17 (97)]";1829;"Maquina 3: [35 (12), 45 (6), 36 (26), 7 (33), 12 (54), 37 (69), 39 (90), 9 (77)]";1641;"Maquina 4: [2 (7), 3 (14), 21 (25), 23 (84), 13 (50), 24 (31), 43 (75), 0 (69)]";1621;"Maquina 5: [28 (16), 42 (8), 5 (48), 16 (24), 49 (30), 25 (72), 19 (62), 22 (79)]";1534;"Maquina 6: [47 (8), 1 (17), 33 (25), 34 (32), 38 (53), 18 (82), 8 (68), 4 (74)]";1546
GRASP;50;6;8629;2843.0;1000;"Maquina 1: [47 (8), 42 (8), 20 (29), 12 (54), 27 (77), 34 (32), 25 (72), 22 (79)]";1401;"Maquina 2: [30 (9), 35 (12), 10 (30), 3 (14), 46 (69), 7 (33), 23 (84), 26 (97)]";1246;"Maquina 3: [11 (1), 36 (26), 33 (25), 41 (39), 5 (48), 19 (62), 18 (82), 8 (68), 15 (77)]";1768;"Maquina 4: [45 (6), 48 (9), 1 (17), 44 (43), 38 (53), 21 (25), 43 (75), 37 (69), 39 (90)]";1614;"Maquina 5: [2 (7), 6 (2), 32 (58), 49 (30), 13 (50), 9 (77), 4 (74), 40 (60)]";1353;"Maquina 6: [31 (17), 28 (16), 14 (23), 24 (31), 16 (24), 0 (69), 29 (70), 17 (97)]";1247
LNS;50;6;10069;94.0;1000;"Maquina 1: [11 (1), 30 (9), 40 (60), 44 (43), 10 (30), 27 (77), 29 (70), 14 (23), 26 (97)]";1900;"Maquina 2: [48 (9), 6 (2), 31 (17), 32 (58), 20 (29), 46 (69), 15 (77), 41 (39), 17 (97)]";1829;"Maquina 3: [35 (12), 36 (26), 45 (6), 7 (33), 12 (54), 37 (69), 39 (90), 9 (77)]";1639;"Maquina 4: [2 (7), 3 (14), 21 (25), 23 (84), 13 (50), 24 (31), 43 (75), 0 (69)]";1621;"Maquina 5: [28 (16), 42 (8), 5 (48), 16 (24), 49 (30), 25 (72), 19 (62), 22 (79)]";1534;"Maquina 6: [47 (8), 1 (17), 33 (25), 34 (32), 38 (53), 18 (82), 8 (68), 4 (74)]";1546
TABÚ;50;6;8875;803.0;1000;"Maquina 1: [48 (9), 6 (2), 32 (58), 49 (30), 16 (24), 0 (69), 8 (68), 46 (69), 26 (97)]";1728;"Maquina 2: [42 (8), 35 (12), 10 (30), 5 (48), 19 (62), 21 (25), 18 (82), 9 (77)]";1341;"Maquina 3: [36 (26), 41 (39), 4 (74), 47 (8), 44 (43), 38 (53), 29 (70), 17 (97)]";1783;"Maquina 4: [11 (1), 31 (17), 28 (16), 14 (23), 24 (31), 7 (33), 25 (72), 22 (79), 27 (77)]";1360;"Maquina 5: [45 (6), 13 (50), 3 (14), 20 (29), 43 (75), 33 (25), 15 (77), 23 (84)]";1403;"Maquina 6: [2 (7), 1 (17), 30 (9), 40 (60), 34 (32), 12 (54), 37 (69), 39 (90)]";1260
VNS;50;6;8419;24235.0;1000;"Maquina 1: [31 (17), 30 (9), 1 (17), 44 (43), 10 (30), 36 (26), 41 (39), 0 (69), 4 (74), 17 (97)]";1767;"Maquina 2: [16 (24), 2 (7), 24 (31), 32 (58), 20 (29), 26 (97), 15 (77), 23 (84)]";1480;"Maquina 3: [42 (8), 35 (12), 7 (33), 12 (54), 29 (70), 8 (68), 37 (69), 39 (90)]";1480;"Maquina 4: [3 (14), 21 (25), 18 (82), 13 (50), 25 (72), 46 (69)]";967;"Maquina 5: [28 (16), 14 (23), 5 (48), 11 (1), 49 (30), 40 (60), 43 (75), 9 (77)]";1305;"Maquina 6: [47 (8), 45 (6), 6 (2), 48 (9), 33 (25), 34 (32), 19 (62), 38 (53), 27 (77), 22 (79)]";1420
Multiarranque;50;6;9038;3098.0;1000;"Maquina 1: [48 (9), 42 (8), 10 (30), 24 (31), 32 (58), 49 (30), 40 (60), 17 (97), 18 (82)]";1774;"Maquina 2: [21 (25), 14 (23), 20 (29), 34 (32), 8 (68), 0 (69), 38 (53), 22 (79)]";1522;"Maquina 3: [30 (9), 35 (12), 6 (2), 15 (77), 31 (17), 19 (62), 41 (39), 39 (90), 25 (72)]";1584;"Maquina 4: [28 (16), 33 (25), 12 (54), 29 (70), 37 (69), 27 (77), 4 (74)]";1499;"Maquina 5: [2 (7), 11 (1), 46 (69), 16 (24), 44 (43), 7 (33), 23 (84), 43 (75)]";1328;"Maquina 6: [47 (8), 45 (6), 1 (17), 3 (14), 36 (26), 5 (48), 13 (50), 9 (77), 26 (97)]";1331
GREEDY;50;6;13987;0.0;1;"Maquina 1: [3 (6), 6 (59), 29 (17), 22 (29), 24 (47), 39 (91), 18 (64), 7 (81)]";2022;"Maquina 2: [37 (8), 48 (17), 12 (28), 45 (39), 14 (54), 20 (73), 35 (83), 21 (94), 38 (61)]";2638;"Maquina 3: [44 (10), 23 (46), 28 (36), 40 (21), 32 (57), 31 (70), 5 (82), 0 (92)]";2354;"Maquina 4: [19 (29), 1 (14), 34 (24), 46 (42), 47 (94), 25 (57), 9 (62), 13 (75), 16 (85)]";2605;"Maquina 5: [49 (16), 30 (93), 11 (25), 42 (71), 10 (29), 2 (83), 43 (46), 41 (57)]";2369;"Maquina 6: [26 (25), 15 (39), 33 (59), 8 (17), 17 (67), 4 (80), 36 (47), 27 (87)]";1999
GRASP;50;6;12115;2850.0;1000;"Maquina 1: [15 (39), 46 (42), 23 (46), 3 (6), 1 (14), 17 (67), 13 (75), 35 (83)]";1765;"Maquina 2: [41 (57), 43 (46), 48 (17), 34 (24), 5 (82), 22 (29), 6 (59), 27 (87)]";1997;"Maquina 3: [37 (8), 24 (47), 49 (16), 7 (81), 10 (29), 45 (39), 36 (47), 39 (91), 21 (94)]";2301;"Maquina 4: [26 (25), 44 (10), 32 (57), 28 (36), 4 (80), 25 (57), 30 (93), 42 (71), 47 (94)]";2460;"Maquina 5: [12 (28), 40 (21), 9 (62), 18 (64), 11 (25), 31 (70), 16 (85), 20 (73)]";1946;"Maquina 6: [8 (17), 19 (29), 29 (17), 33 (59), 14 (54), 38 (61), 2 (83), 0 (92)]";1646
LNS;50;6;13987;88.0;1000;"Maquina 1: [3 (6), 6 (59), 29 (17), 22 (29), 24 (47), 39 (91), 18 (64), 7 (81)]";2022;"Maquina 2: [37 (8), 48 (17), 12 (28), 45 (39), 14 (54), 20 (73), 35 (83), 21 (94), 38 (61)]";2638;"Maquina 3: [44 (10), 23 (46), 28 (36), 40 (21), 32 (57), 31 (70), 5 (82), 0 (92)]";2354;"Maquina 4: [19 (29), 1 (14), 34 (24), 46 (42), 47 (94), 25 (57), 9 (62), 13 (75), 16 (85)]";2605;"Maquina 5: [49 (16), 30 (93), 11 (25), 42 (71), 10 (29), 2 (83), 43 (46), 41 (57)]";2369;"Maquina 6: [26 (25), 15 (39), 33 (59), 8 (17), 17 (67), 4 (80), 36 (47), 27 (87)]";1999
TABÚ;50;6;11547;830.0;1000;"Maquina 1: [8 (17), 33 (59), 9 (62), 37 (8), 42 (71), 36 (47), 25 (57), 30 (93)]";1864;"Maquina 2: [26 (25), 44 (10), 24 (47), 41 (57), 19 (29), 31 (70), 28 (36), 27 (87)]";1569;"Maquina 3: [49 (16), 23 (46), 12 (28), 40 (21), 14 (54), 18 (64), 7 (81), 17 (67), 39 (91)]";2185;"Maquina 4: [22 (29), 34 (24), 32 (57), 1 (14), 2 (83), 38 (61), 0 (92), 21 (94)]";2012;"Maquina 5: [3 (6), 15 (39), 29 (17), 11 (25), 10 (29), 5 (82), 46 (42), 35 (83), 47 (94)]";1825;"Maquina 6: [45 (39), 48 (17), 43 (46), 4 (80), 6 (59), 20 (73), 13 (75), 16 (85)]";2092
VNS;50;6;11199;26934.0;1000;"Maquina 1: [3 (6), 8 (17), 22 (29), 10 (29), 39 (91), 18 (64), 31 (70), 27 (87)]";1679;"Maquina 2: [37 (8), 1 (14), 12 (28), 40 (21), 14 (54), 38 (61), 13 (75), 35 (83), 16 (85)]";1868;"Maquina 3: [45 (39), 48 (17), 36 (47), 25 (57), 9 (62), 28 (36), 0 (92), 47 (94)]";1828;"Maquina 4: [44 (10), 49 (16), 23 (46), 34 (24), 46 (42), 41 (57), 30 (93), 5 (82), 21 (94)]";2037;"Maquina 5: [43 (46), 19 (29), 11 (25), 42 (71), 24 (47), 2 (83), 7 (81), 20 (73)]";1965;"Maquina 6: [26 (25), 15 (39), 29 (17), 33 (59), 6 (59), 32 (57), 17 (67), 4 (80)]";1822
Multiarranque;50;6;12337;3108.0;1000;"Maquina 1: [37 (8), 1 (14), 17 (67), 12 (28), 36 (47), 22 (29), 47 (94), 33 (59), 21 (94)]";2251;"Maquina 2: [34 (24), 3 (6), 6 (59), 32 (57), 45 (39), 46 (42), 27 (87), 2 (83)]";1680;"Maquina 3: [44 (10), 49 (16), 8 (17), 4 (80), 40 (21), 38 (61), 0 (92), 41 (57), 39 (91)]";2001;"Maquina 4: [28 (36), 20 (73), 19 (29), 11 (25), 42 (71), 15 (39), 31 (70), 35 (83)]";2049;"Maquina 5: [48 (17), 9 (62), 18 (64), 43 (46), 23 (46), 29 (17), 30 (93), 5 (82)]";2101;"Maquina 6: [26 (25), 25 (57), 10 (29), 14 (54), 24 (47), 13 (75), 16 (85), 7 (81)]";2255
GREEDY;50;6;12515;1.0;1;"Maquina 1: [17 (1), 16 (12), 11 (36), 2 (29), 47 (43), 19 (73), 31 (90), 8 (56), 20 (80)]";1884;"Maquina 2: [18 (12), 21 (2), 34 (41), 45 (62), 36 (46), 14 (95), 9 (87), 23 (76)]";2002;"Maquina 3: [5 (3), 29 (12), 46 (34), 7 (42), 6 (56), 24 (71), 35 (89), 27 (79), 1 (97)]";2489;"Maquina 4: [12 (35), 39 (3), 40 (18), 28 (50), 41 (76), 4 (61), 0 (86), 37 (91)]";1916;"Maquina 5: [26 (24), 42 (3), 30 (48), 3 (39), 49 (58), 15 (72), 43 (80), 38 (91)]";2044;"Maquina 6: [48 (41), 13 (5), 32 (53), 10 (25), 25 (70), 22 (79), 44 (96), 33 (88)]";2180
GRASP;50;6;11228;2875.0;1000;"Maquina 1: [5 (3), 12 (35), 48 (41), 45 (62), 7 (42), 6 (56), 24 (71), 44 (96)]";1639;"Maquina 2: [17 (1), 13 (5), 39 (3), 47 (43), 46 (34), 43 (80), 0 (86), 38 (91), 19 (73)]";1939;"Maquina 3: [26 (24), 2 (29), 40 (18), 30 (48), 25 (70), 35 (89), 49 (58), 37 (91)]";1970;"Maquina 4: [29 (12), 36 (46), 28 (50), 21 (2), 8 (56), 31 (90), 33 (88), 27 (79), 1 (97)]";2213;"Maquina 5: [11 (36), 42 (3), 16 (12), 32 (53), 3 (39), 15 (72), 9 (87), 14 (95)]";1622;"Maquina 6: [18 (12), 4 (61), 10 (25), 22 (79), 34 (41), 23 (76), 41 (76), 20 (80)]";1845
LNS;50;6;12368;87.0;1000;"Maquina 1: [17 (1), 16 (12), 11 (36), 2 (29), 47 (43), 19 (73), 31 (90), 8 (56), 20 (80)]";1884;"Maquina 2: [18 (12), 21 (2), 34 (41), 45 (62), 36 (46), 14 (95), 9 (87), 23 (76)]";2002;"Maquina 3: [5 (3), 29 (12), 46 (34), 7 (42), 6 (56), 24 (71), 35 (89), 27 (79), 1 (97)]";2489;"Maquina 4: [12 (35), 40 (18), 39 (3), 28 (50), 41 (76), 4 (61), 0 (86), 37 (91)]";1769;"Maquina 5: [26 (24), 42 (3), 30 (48), 3 (39), 49 (58), 15 (72), 43 (80), 38 (91)]";2044;"Maquina 6: [48 (41), 13 (5), 32 (53), 10 (25), 25 (70), 22 (79), 44 (96), 33 (88)]";2180
TABÚ;50;6;11469;803.0;1000;"Maquina 1: [17 (1), 16 (12), 13 (5), 47 (43), 41 (76), 20 (80), 49 (58), 22 (79)]";1380;"Maquina 2: [30 (48), 5 (3), 18 (12), 4 (61), 45 (62), 35 (89), 27 (79), 1 (97)]";1806;"Maquina 3: [11 (36), 42 (3), 36 (46), 6 (56), 10 (25), 15 (72), 32 (53), 19 (73), 38 (91)]";2386;"Maquina 4: [26 (24), 29 (12), 48 (41), 8 (56), 25 (70), 23 (76), 14 (95), 9 (87)]";2049;"Maquina 5: [34 (41), 40 (18), 28 (50), 2 (29), 46 (34), 33 (88), 43 (80), 31 (90)]";1745;"Maquina 6: [39 (3), 21 (2), 12 (35), 7 (42), 3 (39), 0 (86), 37 (91), 24 (71), 44 (96)]";2103
VNS;50;6;10717;29635.0;1000;"Maquina 1: [17 (1), 39 (3), 16 (12), 21 (2), 11 (36), 2 (29), 47 (43), 31 (90), 8 (56), 38 (91)]";1550;"Maquina 2: [40 (18), 18 (12), 48 (41), 34 (41), 45 (62), 14 (95), 9 (87), 44 (96)]";1660;"Maquina 3: [5 (3), 42 (3), 12 (35), 7 (42), 6 (56), 24 (71), 35 (89), 27 (79), 0 (86)]";1916;"Maquina 4: [36 (46), 28 (50), 41 (76), 4 (61), 20 (80), 49 (58), 37 (91)]";1835;"Maquina 5: [26 (24), 29 (12), 46 (34), 30 (48), 3 (39), 19 (73), 33 (88), 15 (72)]";1763;"Maquina 6: [13 (5), 32 (53), 10 (25), 25 (70), 22 (79), 23 (76), 43 (80), 1 (97)]";1993
Multiarranque;50;6;11702;3076.0;1000;"Maquina 1: [5 (3), 16 (12), 29 (12), 42 (3), 22 (79), 3 (39), 36 (46), 43 (80), 41 (76), 25 (70)]";2236;"Maquina 2: [18 (12), 4 (61), 20 (80), 26 (24), 15 (72), 9 (87), 38 (91), 14 (95)]";2402;"Maquina 3: [17 (1), 34 (41), 40 (18), 28 (50), 7 (42), 46 (34), 49 (58), 1 (97), 35 (89)]";1954;"Maquina 4: [39 (3), 21 (2), 6 (56), 11 (36), 2 (29), 10 (25), 45 (62), 37 (91), 31 (90)]";1794;"Maquina 5: [12 (35), 8 (56), 48 (41), 24 (71), 44 (96), 19 (73), 27 (79)]";1766;"Maquina 6: [13 (5), 32 (53), 30 (48), 47 (43), 33 (88), 0 (86), 23 (76)]";1550
