GREEDY;40;8;7892;0.0;1;"Maquina 1: [1 (2), 19 (52), 17 (83), 3 (29), 16 (68)]";865;"Maquina 2: [25 (2), 7 (99), 22 (29), 9 (83), 0 (61)]";1129;"Maquina 3: [5 (11), 26 (32), 13 (57), 11 (91), 36 (68)]";931;"Maquina 4: [29 (32), 27 (15), 37 (84), 10 (53), 18 (68)]";973;"Maquina 5: [39 (57), 12 (16), 34 (34), 30 (71), 24 (83)]";884;"Maquina 6: [8 (44), 21 (18), 35 (53), 23 (91), 14 (77)]";1053;"Maquina 7: [4 (23), 32 (57), 2 (50), 20 (92), 6 (81)]";1081;"Maquina 8: [15 (53), 28 (25), 38 (50), 31 (78), 33 (89)]";976
GRASP;40;8;5923;1735.0;1000;"Maquina 1: [29 (32), 13 (57), 28 (25), 38 (50), 6 (81)]";716;"Maquina 2: [22 (29), 1 (2), 37 (84), 14 (77), 24 (83)]";742;"Maquina 3: [26 (32), 27 (15), 36 (68), 35 (53), 17 (83)]";644;"Maquina 4: [25 (2), 12 (16), 8 (44), 2 (50), 31 (78)]";515;"Maquina 5: [4 (23), 32 (57), 9 (83), 0 (61)]";561;"Maquina 6: [5 (11), 3 (29), 15 (53), 20 (92), 18 (68), 11 (91)]";989;"Maquina 7: [10 (53), 16 (68), 39 (57), 23 (91), 7 (99)]";1072;"Maquina 8: [21 (18), 19 (52), 34 (34), 30 (71), 33 (89)]";684
LNS;40;8;7803;28.0;1000;"Maquina 1: [1 (2), 19 (52), 17 (83), 3 (29), 16 (68)]";865;"Maquina 2: [22 (29), 7 (99), 25 (2), 9 (83), 0 (61)]";1058;"Maquina 3: [5 (11), 26 (32), 13 (57), 11 (91), 36 (68)]";931;"Maquina 4: [29 (32), 27 (15), 37 (84), 10 (53), 18 (68)]";973;"Maquina 5: [39 (57), 12 (16), 34 (34), 30 (71), 24 (83)]";884;"Maquina 6: [21 (18), 8 (44), 35 (53), 23 (91), 14 (77)]";1035;"Maquina 7: [4 (23), 32 (57), 2 (50), 20 (92), 6 (81)]";1081;"Maquina 8: [15 (53), 28 (25), 38 (50), 31 (78), 33 (89)]";976
TABÚ;40;8;6324;538.0;1000;"Maquina 1: [4 (23), 8 (44), 26 (32), 10 (53), 36 (68)]";684;"Maquina 2: [3 (29), 27 (15), 14 (77), 7 (99), 23 (91)]";871;"Maquina 3: [1 (2), 0 (61), 15 (53), 20 (92), 18 (68)]";770;"Maquina 4: [25 (2), 39 (57), 21 (18), 32 (57), 37 (84)]";628;"Maquina 5: [2 (50), 35 (53), 29 (32), 6 (81), 16 (68)]";870;"Maquina 6: [19 (52), 34 (34), 22 (29), 13 (57), 11 (91)]";834;"Maquina 7: [5 (11), 28 (25), 38 (50), 31 (78), 17 (83)]";698;"Maquina 8: [12 (16), 9 (83), 24 (83), 30 (71), 33 (89)]";969
VNS;40;8;5959;15117.0;1000;"Maquina 1: [28 (25), 38 (50), 31 (78), 29 (32), 6 (81)]";757;"Maquina 2: [27 (15), 35 (53), 22 (29), 13 (57), 0 (61)]";681;"Maquina 3: [34 (34), 26 (32), 19 (52), 10 (53), 36 (68)]";694;"Maquina 4: [5 (11), 3 (29), 15 (53), 9 (83), 20 (92)]";661;"Maquina 5: [12 (16), 1 (2), 30 (71), 24 (83), 16 (68), 7 (99)]";985;"Maquina 6: [8 (44), 21 (18), 2 (50), 37 (84), 33 (89)]";826;"Maquina 7: [4 (23), 32 (57), 18 (68), 11 (91)]";551;"Maquina 8: [25 (2), 39 (57), 23 (91), 14 (77), 17 (83)]";804
Multiarranque;40;8;6544;1858.0;1000;"Maquina 1: [27 (15), 12 (16), 0 (61), 31 (78), 20 (92)]";851;"Maquina 2: [21 (18), 18 (68), 34 (34), 7 (99), 16 (68)]";866;"Maquina 3: [4 (23), 39 (57), 29 (32), 5 (11), 33 (89)]";710;"Maquina 4: [30 (71), 13 (57), 6 (81), 9 (83)]";736;"Maquina 5: [22 (29), 1 (2), 10 (53), 36 (68), 35 (53), 32 (57)]";914;"Maquina 6: [28 (25), 38 (50), 24 (83), 19 (52), 23 (91)]";894;"Maquina 7: [8 (44), 3 (29), 15 (53), 37 (84), 14 (77)]";843;"Maquina 8: [25 (2), 26 (32), 2 (50), 11 (91), 17 (83)]";730
GREEDY;40;8;7333;1.0;1;"Maquina 1: [9 (1), 22 (59), 6 (71), 20 (28), 5 (91)]";961;"Maquina 2: [23 (2), 25 (28), 7 (60), 18 (37), 35 (79)]";686;"Maquina 3: [28 (2), 17 (30), 15 (63), 34 (42), 14 (81)]";864;"Maquina 4: [31 (4), 27 (32), 30 (85), 10 (38), 0 (61)]";908;"Maquina 5: [2 (7), 26 (46), 12 (63), 11 (33), 39 (79)]";711;"Maquina 6: [4 (34), 24 (11), 8 (68), 29 (53), 32 (88)]";942;"Maquina 7: [21 (34), 1 (98), 3 (20), 38 (59), 16 (73)]";1078;"Maquina 8: [37 (34), 19 (23), 36 (59), 33 (74), 13 (98)]";1183
GRASP;40;8;5522;1781.0;1000;"Maquina 1: [9 (1), 36 (59), 21 (34), 17 (30), 35 (79)]";603;"Maquina 2: [23 (2), 26 (46), 15 (63), 32 (88), 5 (91)]";675;"Maquina 3: [3 (20), 2 (7), 4 (34), 33 (74), 30 (85)]";552;"Maquina 4: [28 (2), 11 (33), 7 (60), 12 (63), 29 (53)]";645;"Maquina 5: [19 (23), 34 (42), 0 (61), 1 (98), 13 (98)]";897;"Maquina 6: [31 (4), 8 (68), 22 (59), 20 (28), 39 (79)]";701;"Maquina 7: [38 (59), 24 (11), 16 (73), 37 (34), 6 (71)]";784;"Maquina 8: [18 (37), 10 (38), 25 (28), 27 (32), 14 (81)]";665
LNS;40;8;7119;27.0;1000;"Maquina 1: [22 (59), 9 (1), 6 (71), 20 (28), 5 (91)]";932;"Maquina 2: [23 (2), 25 (28), 7 (60), 18 (37), 35 (79)]";686;"Maquina 3: [17 (30), 28 (2), 15 (63), 34 (42), 14 (81)]";829;"Maquina 4: [27 (32), 31 (4), 30 (85), 10 (38), 0 (61)]";880;"Maquina 5: [2 (7), 26 (46), 12 (63), 11 (33), 39 (79)]";711;"Maquina 6: [4 (34), 24 (11), 8 (68), 29 (53), 32 (88)]";942;"Maquina 7: [21 (34), 1 (98), 3 (20), 38 (59), 16 (73)]";1078;"Maquina 8: [36 (59), 37 (34), 19 (23), 33 (74), 13 (98)]";1061
TABÚ;40;8;5673;571.0;1000;"Maquina 1: [28 (2), 25 (28), 37 (34), 22 (59), 38 (59), 32 (88)]";834;"Maquina 2: [24 (11), 35 (79), 36 (59), 14 (81)]";527;"Maquina 3: [9 (1), 23 (2), 3 (20), 8 (68), 12 (63)]";416;"Maquina 4: [31 (4), 27 (32), 6 (71), 34 (42), 29 (53)]";658;"Maquina 5: [4 (34), 13 (98), 11 (33), 0 (61), 1 (98)]";916;"Maquina 6: [17 (30), 26 (46), 15 (63), 33 (74), 39 (79)]";864;"Maquina 7: [2 (7), 10 (38), 20 (28), 30 (85), 16 (73)]";709;"Maquina 8: [7 (60), 18 (37), 19 (23), 21 (34), 5 (91)]";749
VNS;40;8;5503;15371.0;1000;"Maquina 1: [37 (34), 36 (59), 6 (71), 35 (79)]";589;"Maquina 2: [20 (28), 23 (2), 3 (20), 38 (59), 15 (63), 5 (91)]";789;"Maquina 3: [21 (34), 17 (30), 0 (61), 34 (42), 29 (53)]";737;"Maquina 4: [27 (32), 19 (23), 30 (85), 10 (38), 16 (73)]";727;"Maquina 5: [28 (2), 9 (1), 2 (7), 26 (46), 12 (63), 11 (33), 14 (81)]";716;"Maquina 6: [4 (34), 24 (11), 22 (59), 39 (79)]";454;"Maquina 7: [18 (37), 7 (60), 1 (98)]";437;"Maquina 8: [25 (28), 31 (4), 8 (68), 33 (74), 32 (88), 13 (98)]";1054
Multiarranque;40;8;6015;1835.0;1000;"Maquina 1: [3 (20), 28 (2), 10 (38), 16 (73), 39 (79)]";622;"Maquina 2: [9 (1), 2 (7), 26 (46), 18 (37), 34 (42), 12 (63)]";629;"Maquina 3: [25 (28), 8 (68), 30 (85), 1 (98)]";689;"Maquina 4: [31 (4), 4 (34), 7 (60), 17 (30), 6 (71)]";754;"Maquina 5: [21 (34), 0 (61), 15 (63), 32 (88), 11 (33)]";940;"Maquina 6: [20 (28), 23 (2), 38 (59), 24 (11), 37 (34), 14 (81)]";869;"Maquina 7: [29 (53), 22 (59), 35 (79), 36 (59)]";672;"Maquina 8: [27 (32), 19 (23), 5 (91), 33 (74), 13 (98)]";840
GREEDY;40;8;5353;0.0;1;"Maquina 1: [2 (34), 26 (2), 21 (63), 25 (19), 20 (92)]";620;"Maquina 2: [35 (6), 32 (21), 10 (36), 27 (74), 0 (97)]";736;"Maquina 3: [36 (6), 16 (23), 22 (33), 1 (58), 24 (89)]";587;"Maquina 4: [28 (25), 11 (7), 38 (34), 39 (91), 3 (61)]";583;"Maquina 5: [9 (12), 8 (51), 31 (86), 5 (29), 30 (99)]";786;"Maquina 6: [17 (13), 13 (44), 18 (30), 14 (79), 7 (94)]";677;"Maquina 7: [37 (15), 23 (32), 15 (43), 12 (83), 33 (98)]";736;"Maquina 8: [4 (19), 34 (32), 19 (43), 29 (66), 6 (94)]";628
GRASP;40;8;4838;1772.0;1000;"Maquina 1: [26 (2), 29 (66), 32 (21), 18 (30), 6 (94)]";526;"Maquina 2: [35 (6), 16 (23), 34 (32), 15 (43), 30 (99)]";491;"Maquina 3: [36 (6), 5 (29), 22 (33), 19 (43), 20 (92)]";481;"Maquina 4: [11 (7), 2 (34), 4 (19), 10 (36), 33 (98)]";511;"Maquina 5: [9 (12), 13 (44), 14 (79), 39 (91), 27 (74)]";754;"Maquina 6: [17 (13), 8 (51), 3 (61), 12 (83), 7 (94)]";756;"Maquina 7: [37 (15), 1 (58), 38 (34), 23 (32), 24 (89)]";611;"Maquina 8: [25 (19), 28 (25), 21 (63), 31 (86), 0 (97)]";708
LNS;40;8;5336;30.0;1000;"Maquina 1: [2 (34), 26 (2), 21 (63), 25 (19), 20 (92)]";620;"Maquina 2: [35 (6), 32 (21), 10 (36), 27 (74), 0 (97)]";736;"Maquina 3: [36 (6), 22 (33), 16 (23), 1 (58), 24 (89)]";580;"Maquina 4: [28 (25), 11 (7), 38 (34), 39 (91), 3 (61)]";583;"Maquina 5: [9 (12), 8 (51), 31 (86), 5 (29), 30 (99)]";786;"Maquina 6: [17 (13), 13 (44), 18 (30), 14 (79), 7 (94)]";677;"Maquina 7: [37 (15), 15 (43), 23 (32), 12 (83), 33 (98)]";726;"Maquina 8: [4 (19), 34 (32), 19 (43), 29 (66), 6 (94)]";628
TABÚ;40;8;4853;559.0;1000;"Maquina 1: [28 (25), 2 (34), 38 (34), 23 (32), 0 (97)]";577;"Maquina 2: [4 (19), 32 (21), 15 (43), 11 (7), 24 (89)]";473;"Maquina 3: [9 (12), 13 (44), 10 (36), 14 (79), 39 (91)]";625;"Maquina 4: [36 (6), 5 (29), 1 (58), 6 (94), 27 (74)]";662;"Maquina 5: [37 (15), 26 (2), 21 (63), 31 (86), 30 (99)]";611;"Maquina 6: [22 (33), 17 (13), 8 (51), 19 (43), 20 (92)]";624;"Maquina 7: [18 (30), 34 (32), 25 (19), 29 (66), 7 (94)]";646;"Maquina 8: [35 (6), 16 (23), 3 (61), 12 (83), 33 (98)]";635
VNS;40;8;4816;19524.0;1000;"Maquina 1: [37 (15), 26 (2), 21 (63), 8 (51), 3 (61)]";469;"Maquina 2: [35 (6), 17 (13), 1 (58), 2 (34), 29 (66), 0 (97)]";796;"Maquina 3: [36 (6), 16 (23), 5 (29), 22 (33), 10 (36), 20 (92)]";651;"Maquina 4: [28 (25), 11 (7), 38 (34), 39 (91), 24 (89)]";598;"Maquina 5: [9 (12), 25 (19), 31 (86), 30 (99)]";426;"Maquina 6: [32 (21), 13 (44), 18 (30), 14 (79), 7 (94)]";677;"Maquina 7: [15 (43), 23 (32), 12 (83), 33 (98)]";563;"Maquina 8: [4 (19), 34 (32), 19 (43), 27 (74), 6 (94)]";636
Multiarranque;40;8;5037;1919.0;1000;"Maquina 1: [35 (6), 16 (23), 22 (33), 3 (61), 39 (91)]";520;"Maquina 2: [36 (6), 15 (43), 28 (25), 14 (79), 7 (94)]";695;"Maquina 3: [32 (21), 26 (2), 38 (34), 1 (58), 24 (89)]";462;"Maquina 4: [9 (12), 13 (44), 18 (30), 20 (92), 29 (66)]";652;"Maquina 5: [11 (7), 10 (36), 25 (19), 12 (83), 33 (98)]";734;"Maquina 6: [5 (29), 17 (13), 8 (51), 31 (86), 30 (99)]";727;"Maquina 7: [37 (15), 23 (32), 19 (43), 27 (74), 0 (97)]";630;"Maquina 8: [2 (34), 4 (19), 34 (32), 6 (94), 21 (63)]";617
GREEDY;40;8;5987;0.0;1;"Maquina 1: [31 (5), 10 (27), 15 (49), 17 (62), 25 (74)]";626;"Maquina 2: [0 (10), 6 (28), 12 (50), 30 (74), 34 (63)]";668;"Maquina 3: [4 (29), 2 (14), 3 (75), 27 (50), 32 (65)]";624;"Maquina 4: [38 (16), 16 (29), 18 (50), 9 (64), 26 (77)]";725;"Maquina 5: [19 (31), 7 (17), 24 (69), 37 (51), 36 (98)]";844;"Maquina 6: [20 (20), 8 (59), 29 (38), 23 (70), 14 (88)]";791;"Maquina 7: [39 (24), 22 (39), 11 (53), 1 (74), 28 (99)]";905;"Maquina 8: [35 (25), 5 (61), 33 (46), 13 (71), 21 (95)]";804
GRASP;40;8;5412;1804.0;1000;"Maquina 1: [31 (5), 7 (17), 32 (65), 17 (62), 26 (77)]";597;"Maquina 2: [4 (29), 2 (14), 3 (75), 12 (50), 36 (98)]";662;"Maquina 3: [0 (10), 27 (50), 18 (50), 34 (63), 30 (74)]";634;"Maquina 4: [20 (20), 22 (39), 37 (51), 14 (88), 28 (99)]";756;"Maquina 5: [39 (24), 38 (16), 16 (29), 1 (74), 24 (69)]";527;"Maquina 6: [35 (25), 5 (61), 19 (31), 9 (64), 25 (74)]";723;"Maquina 7: [10 (27), 15 (49), 6 (28), 11 (53), 21 (95)]";651;"Maquina 8: [29 (38), 8 (59), 33 (46), 13 (71), 23 (70)]";862
LNS;40;8;5959;29.0;1000;"Maquina 1: [31 (5), 10 (27), 15 (49), 17 (62), 25 (74)]";626;"Maquina 2: [0 (10), 6 (28), 12 (50), 30 (74), 34 (63)]";668;"Maquina 3: [4 (29), 2 (14), 3 (75), 27 (50), 32 (65)]";624;"Maquina 4: [38 (16), 16 (29), 18 (50), 9 (64), 26 (77)]";725;"Maquina 5: [7 (17), 19 (31), 24 (69), 37 (51), 36 (98)]";823;"Maquina 6: [20 (20), 8 (59), 29 (38), 23 (70), 14 (88)]";791;"Maquina 7: [39 (24), 1 (74), 11 (53), 22 (39), 28 (99)]";898;"Maquina 8: [35 (25), 5 (61), 33 (46), 13 (71), 21 (95)]";804
TABÚ;40;8;5496;573.0;1000;"Maquina 1: [22 (39), 15 (49), 27 (50), 37 (51), 28 (99)]";862;"Maquina 2: [31 (5), 2 (14), 18 (50), 34 (63), 23 (70)]";554;"Maquina 3: [29 (38), 4 (29), 16 (29), 8 (59), 26 (77)]";648;"Maquina 4: [0 (10), 38 (16), 25 (74), 17 (62), 3 (75)]";586;"Maquina 5: [19 (31), 7 (17), 32 (65), 24 (69), 21 (95)]";735;"Maquina 6: [20 (20), 39 (24), 1 (74), 11 (53), 14 (88)]";669;"Maquina 7: [6 (28), 35 (25), 5 (61), 30 (74), 36 (98)]";711;"Maquina 8: [10 (27), 33 (46), 13 (71), 12 (50), 9 (64)]";731
VNS;40;8;5511;19966.0;1000;"Maquina 1: [31 (5), 10 (27), 15 (49), 18 (50), 23 (70)]";572;"Maquina 2: [39 (24), 6 (28), 34 (63), 30 (74), 25 (74)]";722;"Maquina 3: [4 (29), 38 (16), 2 (14), 3 (75), 12 (50), 27 (50)]";735;"Maquina 4: [0 (10), 19 (31), 37 (51), 14 (88), 28 (99)]";674;"Maquina 5: [20 (20), 7 (17), 32 (65), 17 (62), 36 (98)]";627;"Maquina 6: [16 (29), 8 (59), 29 (38), 1 (74), 24 (69)]";812;"Maquina 7: [22 (39), 9 (64), 11 (53), 21 (95)]";576;"Maquina 8: [35 (25), 5 (61), 33 (46), 13 (71), 26 (77)]";793
Multiarranque;40;8;5711;1835.0;1000;"Maquina 1: [27 (50), 29 (38), 38 (16), 25 (74), 1 (74)]";737;"Maquina 2: [22 (39), 7 (17), 8 (59), 15 (49), 21 (95)]";708;"Maquina 3: [20 (20), 35 (25), 9 (64), 11 (53), 3 (75)]";678;"Maquina 4: [0 (10), 16 (29), 19 (31), 13 (71), 23 (70)]";553;"Maquina 5: [10 (27), 33 (46), 26 (77), 34 (63), 30 (74)]";817;"Maquina 6: [39 (24), 12 (50), 32 (65), 17 (62), 36 (98)]";857;"Maquina 7: [2 (14), 31 (5), 24 (69), 4 (29), 14 (88)]";570;"Maquina 8: [6 (28), 18 (50), 5 (61), 37 (51), 28 (99)]";791
GREEDY;40;8;5063;0.0;1;"Maquina 1: [19 (9), 9 (2), 18 (29), 32 (80), 25 (56)]";553;"Maquina 2: [31 (10), 30 (2), 6 (43), 16 (67), 24 (90)]";653;"Maquina 3: [10 (13), 3 (4), 35 (31), 15 (56), 22 (98), 37 (77)]";828;"Maquina 4: [7 (4), 38 (18), 0 (34), 1 (66), 5 (85)]";641;"Maquina 5: [26 (33), 12 (5), 20 (20), 36 (82), 14 (67)]";563;"Maquina 6: [33 (20), 17 (6), 34 (67), 28 (46), 29 (89)]";647;"Maquina 7: [4 (23), 23 (7), 11 (48), 27 (74), 39 (96)]";703;"Maquina 8: [8 (8), 2 (27), 13 (52), 21 (76)]";475
GRASP;40;8;4244;1772.0;1000;"Maquina 1: [17 (6), 14 (67), 3 (4), 35 (31), 32 (80)]";545;"Maquina 2: [9 (2), 7 (4), 13 (52), 24 (90), 16 (67)]";500;"Maquina 3: [33 (20), 19 (9), 1 (66), 25 (56), 5 (85)]";570;"Maquina 4: [30 (2), 38 (18), 4 (23), 6 (43), 22 (98)]";434;"Maquina 5: [12 (5), 20 (20), 11 (48), 21 (76), 27 (74)]";510;"Maquina 6: [23 (7), 10 (13), 28 (46), 26 (33), 29 (89)]";455;"Maquina 7: [8 (8), 15 (56), 2 (27), 39 (96), 36 (82)]";670;"Maquina 8: [31 (10), 18 (29), 34 (67), 0 (34), 37 (77)]";560
LNS;40;8;5054;27.0;1000;"Maquina 1: [19 (9), 9 (2), 18 (29), 32 (80), 25 (56)]";553;"Maquina 2: [31 (10), 30 (2), 16 (67), 6 (43), 24 (90)]";644;"Maquina 3: [10 (13), 3 (4), 35 (31), 15 (56), 22 (98), 37 (77)]";828;"Maquina 4: [7 (4), 38 (18), 0 (34), 1 (66), 5 (85)]";641;"Maquina 5: [26 (33), 12 (5), 20 (20), 36 (82), 14 (67)]";563;"Maquina 6: [33 (20), 17 (6), 34 (67), 28 (46), 29 (89)]";647;"Maquina 7: [4 (23), 23 (7), 11 (48), 27 (74), 39 (96)]";703;"Maquina 8: [8 (8), 2 (27), 13 (52), 21 (76)]";475
TABÚ;40;8;4145;559.0;1000;"Maquina 1: [17 (6), 31 (10), 14 (67), 26 (33), 29 (89)]";462;"Maquina 2: [0 (34), 8 (8), 30 (2), 34 (67), 21 (76)]";432;"Maquina 3: [7 (4), 3 (4), 35 (31), 13 (52), 24 (90)]";402;"Maquina 4: [23 (7), 33 (20), 15 (56), 27 (74), 36 (82)]";608;"Maquina 5: [12 (5), 18 (29), 32 (80), 28 (46), 22 (98)]";673;"Maquina 6: [10 (13), 4 (23), 6 (43), 16 (67), 1 (66)]";555;"Maquina 7: [19 (9), 20 (20), 11 (48), 2 (27), 39 (96)]";466;"Maquina 8: [9 (2), 38 (18), 25 (56), 5 (85), 37 (77)]";547
VNS;40;8;4133;15375.0;1000;"Maquina 1: [17 (6), 31 (10), 18 (29), 38 (18), 27 (74), 36 (82)]";582;"Maquina 2: [12 (5), 8 (8), 16 (67), 6 (43), 21 (76)]";486;"Maquina 3: [3 (4), 20 (20), 22 (98), 37 (77)]";382;"Maquina 4: [9 (2), 7 (4), 10 (13), 28 (46), 30 (2), 34 (67), 15 (56)]";548;"Maquina 5: [26 (33), 25 (56), 5 (85), 29 (89)]";596;"Maquina 6: [33 (20), 19 (9), 35 (31), 1 (66), 32 (80)]";474;"Maquina 7: [4 (23), 23 (7), 13 (52), 0 (34), 39 (96)]";526;"Maquina 8: [11 (48), 2 (27), 14 (67), 24 (90)]";539
Multiarranque;40;8;4335;1829.0;1000;"Maquina 1: [19 (9), 7 (4), 10 (13), 2 (27), 5 (85), 29 (89)]";577;"Maquina 2: [17 (6), 31 (10), 11 (48), 16 (67), 25 (56)]";433;"Maquina 3: [9 (2), 38 (18), 26 (33), 28 (46), 1 (66)]";473;"Maquina 4: [20 (20), 6 (43), 14 (67), 24 (90)]";530;"Maquina 5: [30 (2), 18 (29), 34 (67), 37 (77), 36 (82)]";647;"Maquina 6: [0 (34), 8 (8), 32 (80), 21 (76)]";445;"Maquina 7: [3 (4), 35 (31), 4 (23), 13 (52), 27 (74)]";515;"Maquina 8: [12 (5), 23 (7), 33 (20), 15 (56), 39 (96), 22 (98)]";715
GREEDY;40;8;6805;0.0;1;"Maquina 1: [32 (17), 19 (45), 18 (1), 4 (66), 36 (83), 11 (97)]";1041;"Maquina 2: [9 (9), 0 (59), 7 (18), 39 (93), 28 (76)]";989;"Maquina 3: [10 (10), 38 (23), 16 (37), 14 (64), 29 (84)]";695;"Maquina 4: [3 (24), 15 (13), 12 (56), 37 (72), 13 (88)]";923;"Maquina 5: [31 (39), 33 (31), 6 (16), 27 (70), 5 (87)]";810;"Maquina 6: [30 (16), 22 (34), 35 (38), 25 (67), 1 (86)]";808;"Maquina 7: [34 (40), 8 (36), 21 (17), 23 (70), 2 (86)]";868;"Maquina 8: [20 (78), 24 (17), 26 (36), 17 (63)]";671
GRASP;40;8;5792;1784.0;1000;"Maquina 1: [35 (38), 16 (37), 31 (39), 39 (93), 17 (63)]";844;"Maquina 2: [32 (17), 14 (64), 33 (31), 3 (24), 13 (88)]";740;"Maquina 3: [38 (23), 6 (16), 24 (17), 23 (70), 5 (87), 20 (78)]";851;"Maquina 4: [30 (16), 8 (36), 19 (45), 0 (59), 36 (83)]";669;"Maquina 5: [29 (84), 12 (56), 22 (34), 25 (67), 28 (76)]";1033;"Maquina 6: [15 (13), 18 (1), 26 (36), 4 (66), 11 (97)]";499;"Maquina 7: [34 (40), 9 (9), 10 (10), 37 (72), 2 (86)]";615;"Maquina 8: [7 (18), 1 (86), 21 (17), 27 (70)]";541
LNS;40;8;6805;30.0;1000;"Maquina 1: [32 (17), 19 (45), 18 (1), 4 (66), 36 (83), 11 (97)]";1041;"Maquina 2: [9 (9), 0 (59), 7 (18), 39 (93), 28 (76)]";989;"Maquina 3: [10 (10), 38 (23), 16 (37), 14 (64), 29 (84)]";695;"Maquina 4: [3 (24), 15 (13), 12 (56), 37 (72), 13 (88)]";923;"Maquina 5: [31 (39), 33 (31), 6 (16), 27 (70), 5 (87)]";810;"Maquina 6: [30 (16), 22 (34), 35 (38), 25 (67), 1 (86)]";808;"Maquina 7: [34 (40), 8 (36), 21 (17), 23 (70), 2 (86)]";868;"Maquina 8: [20 (78), 24 (17), 26 (36), 17 (63)]";671
TABÚ;40;8;5874;550.0;1000;"Maquina 1: [18 (1), 6 (16), 24 (17), 35 (38), 28 (76), 12 (56)]";577;"Maquina 2: [15 (13), 19 (45), 22 (34), 29 (84), 36 (83)]";755;"Maquina 3: [9 (9), 38 (23), 34 (40), 13 (88), 27 (70)]";728;"Maquina 4: [33 (31), 26 (36), 17 (63), 25 (67), 39 (93)]";954;"Maquina 5: [10 (10), 16 (37), 3 (24), 14 (64), 11 (97)]";713;"Maquina 6: [0 (59), 7 (18), 23 (70), 5 (87), 4 (66)]";941;"Maquina 7: [8 (36), 21 (17), 37 (72), 2 (86), 1 (86)]";839;"Maquina 8: [30 (16), 32 (17), 20 (78), 31 (39)]";367
VNS;40;8;5712;23192.0;1000;"Maquina 1: [3 (24), 18 (1), 4 (66), 35 (38), 23 (70)]";646;"Maquina 2: [9 (9), 38 (23), 0 (59), 7 (18), 39 (93)]";512;"Maquina 3: [16 (37), 31 (39), 17 (63), 19 (45), 11 (97)]";781;"Maquina 4: [15 (13), 6 (16), 14 (64), 37 (72), 13 (88)]";690;"Maquina 5: [33 (31), 12 (56), 27 (70), 1 (86)]";644;"Maquina 6: [10 (10), 34 (40), 22 (34), 36 (83), 25 (67), 28 (76)]";1007;"Maquina 7: [30 (16), 8 (36), 21 (17), 29 (84), 2 (86)]";640;"Maquina 8: [32 (17), 20 (78), 24 (17), 26 (36), 5 (87)]";792
Multiarranque;40;8;6183;1834.0;1000;"Maquina 1: [6 (16), 30 (16), 17 (63), 11 (97), 33 (31)]";732;"Maquina 2: [7 (18), 4 (66), 35 (38), 38 (23), 36 (83)]";786;"Maquina 3: [32 (17), 9 (9), 39 (93), 12 (56), 37 (72)]";850;"Maquina 4: [10 (10), 31 (39), 34 (40), 14 (64), 1 (86)]";727;"Maquina 5: [24 (17), 21 (17), 22 (34), 25 (67), 27 (70)]";709;"Maquina 6: [18 (1), 16 (37), 23 (70), 5 (87), 13 (88)]";774;"Maquina 7: [3 (24), 26 (36), 0 (59), 20 (78), 28 (76)]";842;"Maquina 8: [8 (36), 15 (13), 29 (84), 19 (45), 2 (86)]";763
GREEDY;40;8;7760;0.0;1;"Maquina 1: [16 (19), 7 (2), 31 (49), 33 (91), 11 (74)]";1013;"Maquina 2: [25 (25), 22 (8), 23 (39), 2 (74), 6 (91)]";984;"Maquina 3: [12 (27), 30 (8), 38 (69), 4 (41), 5 (88)]";968;"Maquina 4: [26 (45), 17 (10), 13 (29), 24 (63), 8 (85)]";815;"Maquina 5: [19 (10), 18 (55), 3 (31), 15 (69), 14 (87)]";806;"Maquina 6: [39 (32), 28 (16), 9 (54), 36 (94), 27 (74)]";1067;"Maquina 7: [29 (16), 21 (56), 35 (96), 34 (33), 37 (79)]";1111;"Maquina 8: [10 (39), 20 (59), 32 (18), 1 (94), 0 (79)]";996
GRASP;40;8;5966;1780.0;1000;"Maquina 1: [7 (2), 38 (69), 31 (49), 2 (74), 5 (88)]";735;"Maquina 2: [25 (25), 9 (54), 22 (8), 27 (74), 33 (91)]";910;"Maquina 3: [19 (10), 10 (39), 39 (32), 15 (69), 1 (94)]";712;"Maquina 4: [28 (16), 0 (79), 30 (8), 34 (33), 14 (87)]";648;"Maquina 5: [29 (16), 12 (27), 23 (39), 8 (85), 6 (91)]";679;"Maquina 6: [13 (29), 32 (18), 24 (63), 37 (79), 35 (96)]";748;"Maquina 7: [16 (19), 36 (94), 4 (41), 26 (45), 11 (74)]";914;"Maquina 8: [17 (10), 18 (55), 3 (31), 20 (59), 21 (56)]";620
LNS;40;8;7665;28.0;1000;"Maquina 1: [16 (19), 7 (2), 31 (49), 33 (91), 11 (74)]";1013;"Maquina 2: [25 (25), 22 (8), 23 (39), 2 (74), 6 (91)]";984;"Maquina 3: [4 (41), 30 (8), 38 (69), 12 (27), 5 (88)]";890;"Maquina 4: [26 (45), 17 (10), 13 (29), 24 (63), 8 (85)]";815;"Maquina 5: [19 (10), 18 (55), 3 (31), 15 (69), 14 (87)]";806;"Maquina 6: [39 (32), 28 (16), 9 (54), 36 (94), 27 (74)]";1067;"Maquina 7: [34 (33), 21 (56), 35 (96), 29 (16), 37 (79)]";1094;"Maquina 8: [10 (39), 20 (59), 32 (18), 1 (94), 0 (79)]";996
TABÚ;40;8;6071;555.0;1000;"Maquina 1: [17 (10), 32 (18), 26 (45), 2 (74), 21 (56), 35 (96)]";1035;"Maquina 2: [7 (2), 13 (29), 11 (74), 9 (54), 31 (49), 37 (79)]";909;"Maquina 3: [30 (8), 10 (39), 16 (19), 6 (91)]";355;"Maquina 4: [23 (39), 34 (33), 3 (31), 5 (88)]";467;"Maquina 5: [29 (16), 28 (16), 15 (69), 1 (94), 8 (85)]";754;"Maquina 6: [19 (10), 0 (79), 38 (69), 12 (27), 14 (87)]";788;"Maquina 7: [39 (32), 22 (8), 27 (74), 24 (63), 36 (94)]";840;"Maquina 8: [18 (55), 25 (25), 4 (41), 20 (59), 33 (91)]";923
VNS;40;8;5814;14672.0;1000;"Maquina 1: [16 (19), 28 (16), 11 (74), 9 (54), 34 (33)]";586;"Maquina 2: [25 (25), 22 (8), 4 (41), 20 (59)]";399;"Maquina 3: [30 (8), 38 (69), 2 (74), 5 (88), 35 (96)]";904;"Maquina 4: [26 (45), 17 (10), 18 (55), 27 (74), 24 (63), 36 (94)]";1089;"Maquina 5: [7 (2), 13 (29), 3 (31), 0 (79), 15 (69)]";529;"Maquina 6: [29 (16), 32 (18), 33 (91), 23 (39), 8 (85)]";677;"Maquina 7: [19 (10), 21 (56), 31 (49), 37 (79), 6 (91)]";756;"Maquina 8: [10 (39), 39 (32), 1 (94), 12 (27), 14 (87)]";874
Multiarranque;40;8;6433;1794.0;1000;"Maquina 1: [22 (8), 33 (91), 3 (31), 27 (74)]";612;"Maquina 2: [19 (10), 20 (59), 39 (32), 21 (56), 36 (94)]";806;"Maquina 3: [16 (19), 28 (16), 23 (39), 18 (55), 14 (87), 35 (96)]";1052;"Maquina 4: [29 (16), 13 (29), 11 (74), 34 (33), 5 (88)]";691;"Maquina 5: [7 (2), 12 (27), 37 (79), 4 (41), 2 (74)]";657;"Maquina 6: [17 (10), 10 (39), 31 (49), 15 (69), 1 (94)]";896;"Maquina 7: [32 (18), 0 (79), 9 (54), 26 (45), 38 (69)]";908;"Maquina 8: [25 (25), 30 (8), 8 (85), 24 (63), 6 (91)]";811
GREEDY;40;8;5623;0.0;1;"Maquina 1: [19 (2), 23 (25), 29 (73), 5 (54), 24 (41)]";576;"Maquina 2: [8 (3), 16 (44), 21 (28), 0 (64), 32 (85)]";686;"Maquina 3: [1 (4), 27 (28), 33 (44), 38 (67), 20 (92)]";723;"Maquina 4: [15 (4), 34 (41), 6 (29), 30 (84), 22 (55)]";678;"Maquina 5: [35 (9), 28 (29), 25 (48), 17 (36), 2 (80)]";605;"Maquina 6: [7 (10), 37 (44), 4 (30), 11 (58), 39 (90)]";713;"Maquina 7: [3 (35), 10 (25), 26 (45), 36 (72), 9 (98)]";851;"Maquina 8: [18 (25), 14 (46), 13 (72), 31 (35), 12 (97)]";791
GRASP;40;8;4665;1741.0;1000;"Maquina 1: [8 (3), 24 (41), 26 (45), 14 (46), 13 (72)]";549;"Maquina 2: [7 (10), 27 (28), 31 (35), 11 (58), 12 (97)]";534;"Maquina 3: [35 (9), 28 (29), 34 (41), 20 (92), 39 (90)]";624;"Maquina 4: [15 (4), 19 (2), 33 (44), 16 (44), 2 (80)]";400;"Maquina 5: [21 (28), 6 (29), 5 (54), 30 (84), 9 (98)]";758;"Maquina 6: [3 (35), 18 (25), 37 (44), 0 (64), 32 (85)]";689;"Maquina 7: [1 (4), 10 (25), 17 (36), 36 (72), 38 (67)]";474;"Maquina 8: [23 (25), 4 (30), 22 (55), 25 (48), 29 (73)]";637
LNS;40;8;5623;27.0;1000;"Maquina 1: [19 (2), 23 (25), 29 (73), 5 (54), 24 (41)]";576;"Maquina 2: [8 (3), 16 (44), 21 (28), 0 (64), 32 (85)]";686;"Maquina 3: [1 (4), 27 (28), 33 (44), 38 (67), 20 (92)]";723;"Maquina 4: [15 (4), 34 (41), 6 (29), 30 (84), 22 (55)]";678;"Maquina 5: [35 (9), 28 (29), 25 (48), 17 (36), 2 (80)]";605;"Maquina 6: [7 (10), 37 (44), 4 (30), 11 (58), 39 (90)]";713;"Maquina 7: [3 (35), 10 (25), 26 (45), 36 (72), 9 (98)]";851;"Maquina 8: [18 (25), 14 (46), 13 (72), 31 (35), 12 (97)]";791
TABÚ;40;8;4757;543.0;1000;"Maquina 1: [18 (25), 19 (2), 34 (41), 11 (58), 12 (97)]";494;"Maquina 2: [1 (4), 36 (72), 27 (28), 37 (44), 13 (72)]";647;"Maquina 3: [4 (30), 28 (29), 3 (35), 0 (64), 32 (85)]";696;"Maquina 4: [15 (4), 21 (28), 23 (25), 2 (80), 30 (84)]";551;"Maquina 5: [31 (35), 7 (10), 33 (44), 26 (45), 9 (98)]";576;"Maquina 6: [14 (46), 10 (25), 17 (36), 16 (44), 38 (67)]";618;"Maquina 7: [35 (9), 6 (29), 5 (54), 29 (73), 20 (92)]";593;"Maquina 8: [8 (3), 24 (41), 22 (55), 25 (48), 39 (90)]";582
VNS;40;8;4699;16357.0;1000;"Maquina 1: [3 (35), 17 (36), 11 (58), 32 (85)]";489;"Maquina 2: [8 (3), 1 (4), 10 (25), 22 (55), 21 (28), 39 (90)]";528;"Maquina 3: [27 (28), 31 (35), 26 (45), 16 (44), 2 (80)]";644;"Maquina 4: [4 (30), 23 (25), 34 (41), 24 (41), 9 (98)]";633;"Maquina 5: [7 (10), 28 (29), 25 (48), 5 (54), 30 (84)]";563;"Maquina 6: [35 (9), 37 (44), 15 (4), 29 (73), 20 (92)]";498;"Maquina 7: [33 (44), 36 (72), 38 (67), 12 (97)]";643;"Maquina 8: [6 (29), 19 (2), 18 (25), 14 (46), 13 (72), 0 (64)]";701
Multiarranque;40;8;5051;1821.0;1000;"Maquina 1: [19 (2), 34 (41), 23 (25), 25 (48), 29 (73), 9 (98)]";854;"Maquina 2: [8 (3), 27 (28), 5 (54), 24 (41), 2 (80)]";533;"Maquina 3: [15 (4), 21 (28), 0 (64), 16 (44), 30 (84)]";641;"Maquina 4: [1 (4), 6 (29), 11 (58), 17 (36), 32 (85)]";540;"Maquina 5: [7 (10), 28 (29), 33 (44), 22 (55), 39 (90)]";612;"Maquina 6: [3 (35), 31 (35), 26 (45), 38 (67)]";465;"Maquina 7: [18 (25), 14 (46), 10 (25), 36 (72), 12 (97)]";774;"Maquina 8: [35 (9), 37 (44), 4 (30), 13 (72), 20 (92)]";632
GREEDY;40;8;7019;0.0;1;"Maquina 1: [22 (46), 28 (19), 11 (78), 0 (3), 7 (86)]";823;"Maquina 2: [35 (5), 29 (46), 15 (20), 37 (87), 2 (76)]";843;"Maquina 3: [3 (6), 25 (80), 18 (21), 23 (60), 39 (82)]";779;"Maquina 4: [1 (50), 4 (6), 38 (89), 31 (26), 13 (78)]";864;"Maquina 5: [20 (7), 9 (60), 30 (91), 32 (28), 14 (79)]";948;"Maquina 6: [27 (31), 5 (61), 6 (10), 33 (80), 16 (91)]";892;"Maquina 7: [34 (93), 26 (15), 36 (61), 8 (40), 19 (82)]";1098;"Maquina 8: [10 (17), 24 (41), 12 (48), 21 (68), 17 (83)]";772
GRASP;40;8;5681;1744.0;1000;"Maquina 1: [3 (6), 9 (60), 36 (61), 13 (78), 34 (93)]";773;"Maquina 2: [32 (28), 31 (26), 27 (31), 21 (68), 14 (79)]";605;"Maquina 3: [0 (3), 15 (20), 7 (86), 29 (46), 30 (91)]";666;"Maquina 4: [4 (6), 8 (40), 22 (46), 1 (50), 11 (78)]";586;"Maquina 5: [26 (15), 24 (41), 12 (48), 25 (80), 37 (87)]";698;"Maquina 6: [18 (21), 23 (60), 6 (10), 38 (89), 39 (82)]";865;"Maquina 7: [35 (5), 28 (19), 2 (76), 17 (83), 33 (80)]";688;"Maquina 8: [20 (7), 5 (61), 16 (91), 10 (17), 19 (82)]";800
LNS;40;8;7019;28.0;1000;"Maquina 1: [22 (46), 28 (19), 11 (78), 0 (3), 7 (86)]";823;"Maquina 2: [35 (5), 29 (46), 15 (20), 37 (87), 2 (76)]";843;"Maquina 3: [3 (6), 25 (80), 18 (21), 23 (60), 39 (82)]";779;"Maquina 4: [1 (50), 4 (6), 38 (89), 31 (26), 13 (78)]";864;"Maquina 5: [20 (7), 9 (60), 30 (91), 32 (28), 14 (79)]";948;"Maquina 6: [27 (31), 5 (61), 6 (10), 33 (80), 16 (91)]";892;"Maquina 7: [34 (93), 26 (15), 36 (61), 8 (40), 19 (82)]";1098;"Maquina 8: [10 (17), 24 (41), 12 (48), 21 (68), 17 (83)]";772
TABÚ;40;8;5532;547.0;1000;"Maquina 1: [4 (6), 32 (28), 25 (80), 37 (87), 23 (60)]";667;"Maquina 2: [3 (6), 10 (17), 17 (83), 33 (80), 13 (78)]";654;"Maquina 3: [36 (61), 12 (48), 18 (21), 1 (50), 38 (89)]";885;"Maquina 4: [6 (10), 15 (20), 8 (40), 2 (76), 14 (79)]";567;"Maquina 5: [24 (41), 31 (26), 27 (31), 19 (82), 39 (82)]";742;"Maquina 6: [20 (7), 26 (15), 35 (5), 29 (46), 34 (93)]";343;"Maquina 7: [22 (46), 28 (19), 5 (61), 11 (78), 16 (91)]";889;"Maquina 8: [0 (3), 9 (60), 21 (68), 30 (91), 7 (86)]";785
VNS;40;8;5723;16183.0;1000;"Maquina 1: [22 (46), 39 (82), 11 (78)]";422;"Maquina 2: [35 (5), 29 (46), 28 (19), 15 (20), 37 (87), 2 (76)]";751;"Maquina 3: [3 (6), 12 (48), 18 (21), 23 (60), 19 (82), 38 (89)]";991;"Maquina 4: [1 (50), 4 (6), 27 (31), 21 (68), 14 (79)]";626;"Maquina 5: [0 (3), 9 (60), 36 (61), 13 (78), 32 (28), 17 (83)]";990;"Maquina 6: [26 (15), 5 (61), 6 (10), 33 (80), 16 (91)]";664;"Maquina 7: [20 (7), 7 (86), 31 (26), 34 (93)]";513;"Maquina 8: [10 (17), 24 (41), 8 (40), 25 (80), 30 (91)]";766
Multiarranque;40;8;6166;1803.0;1000;"Maquina 1: [31 (26), 20 (7), 33 (80), 16 (91), 39 (82)]";895;"Maquina 2: [29 (46), 23 (60), 24 (41), 37 (87)]";677;"Maquina 3: [4 (6), 38 (89), 35 (5), 11 (78), 36 (61)]";740;"Maquina 4: [0 (3), 9 (60), 22 (46), 8 (40), 2 (76), 14 (79)]";911;"Maquina 5: [5 (61), 32 (28), 25 (80), 30 (91)]";636;"Maquina 6: [6 (10), 26 (15), 12 (48), 21 (68), 27 (31), 34 (93)]";904;"Maquina 7: [18 (21), 17 (83), 1 (50), 13 (78)]";673;"Maquina 8: [28 (19), 3 (6), 10 (17), 15 (20), 7 (86), 19 (82)]";730
GREEDY;40;8;7684;0.0;1;"Maquina 1: [10 (23), 26 (3), 19 (76), 1 (58), 11 (90)]";1002;"Maquina 2: [21 (23), 8 (5), 35 (58), 15 (91), 5 (71)]";912;"Maquina 3: [31 (24), 29 (70), 22 (5), 0 (85), 13 (41)]";722;"Maquina 4: [12 (75), 6 (7), 18 (43), 4 (32), 32 (98)]";988;"Maquina 5: [7 (34), 39 (10), 17 (42), 14 (84), 23 (68)]";872;"Maquina 6: [27 (99), 2 (37), 20 (12), 33 (54), 38 (79)]";1194;"Maquina 7: [25 (12), 30 (49), 28 (40), 16 (71), 24 (89)]";881;"Maquina 8: [34 (63), 9 (17), 3 (99), 36 (80), 37 (40)]";1113
GRASP;40;8;5896;1723.0;1000;"Maquina 1: [25 (12), 17 (42), 15 (91), 35 (58), 34 (63)]";752;"Maquina 2: [6 (7), 18 (43), 26 (3), 16 (71), 1 (58), 24 (89)]";855;"Maquina 3: [33 (54), 39 (10), 2 (37), 30 (49), 19 (76)]";767;"Maquina 4: [22 (5), 4 (32), 28 (40), 29 (70), 3 (99), 12 (75)]";962;"Maquina 5: [7 (34), 37 (40), 5 (71), 38 (79)]";507;"Maquina 6: [8 (5), 13 (41), 0 (85), 11 (90)]";492;"Maquina 7: [31 (24), 10 (23), 20 (12), 36 (80), 14 (84)]";666;"Maquina 8: [23 (68), 21 (23), 9 (17), 32 (98), 27 (99)]";895
LNS;40;8;7684;27.0;1000;"Maquina 1: [10 (23), 26 (3), 19 (76), 1 (58), 11 (90)]";1002;"Maquina 2: [21 (23), 8 (5), 35 (58), 15 (91), 5 (71)]";912;"Maquina 3: [31 (24), 29 (70), 22 (5), 0 (85), 13 (41)]";722;"Maquina 4: [12 (75), 6 (7), 18 (43), 4 (32), 32 (98)]";988;"Maquina 5: [7 (34), 39 (10), 17 (42), 14 (84), 23 (68)]";872;"Maquina 6: [27 (99), 2 (37), 20 (12), 33 (54), 38 (79)]";1194;"Maquina 7: [25 (12), 30 (49), 28 (40), 16 (71), 24 (89)]";881;"Maquina 8: [34 (63), 9 (17), 3 (99), 36 (80), 37 (40)]";1113
TABÚ;40;8;6017;538.0;1000;"Maquina 1: [8 (5), 17 (42), 36 (80), 24 (89), 5 (71)]";819;"Maquina 2: [7 (34), 37 (40), 10 (23), 14 (84), 27 (99)]";798;"Maquina 3: [22 (5), 6 (7), 11 (90), 35 (58), 15 (91)]";637;"Maquina 4: [2 (37), 1 (58), 13 (41), 18 (43), 19 (76)]";845;"Maquina 5: [23 (68), 21 (23), 29 (70), 32 (98), 30 (49)]";970;"Maquina 6: [25 (12), 39 (10), 34 (63), 3 (99), 0 (85)]";689;"Maquina 7: [4 (32), 9 (17), 28 (40), 16 (71), 33 (54)]";739;"Maquina 8: [20 (12), 26 (3), 31 (24), 12 (75), 38 (79)]";520
VNS;40;8;6102;16774.0;1000;"Maquina 1: [20 (12), 26 (3), 8 (5), 17 (42), 1 (58), 24 (89), 19 (76)]";916;"Maquina 2: [21 (23), 25 (12), 35 (58), 9 (17), 15 (91)]";634;"Maquina 3: [31 (24), 29 (70), 22 (5), 5 (71), 36 (80), 14 (84)]";1086;"Maquina 4: [6 (7), 27 (99), 4 (32), 11 (90)]";582;"Maquina 5: [7 (34), 39 (10), 34 (63), 0 (85), 33 (54)]";722;"Maquina 6: [2 (37), 10 (23), 23 (68), 12 (75)]";585;"Maquina 7: [13 (41), 18 (43), 28 (40), 16 (71), 38 (79)]";842;"Maquina 8: [30 (49), 3 (99), 37 (40), 32 (98)]";735
Multiarranque;40;8;6603;1798.0;1000;"Maquina 1: [7 (34), 12 (75), 29 (70), 5 (71)]";759;"Maquina 2: [18 (43), 30 (49), 19 (76), 11 (90)]";799;"Maquina 3: [2 (37), 10 (23), 20 (12), 21 (23), 0 (85)]";611;"Maquina 4: [22 (5), 34 (63), 9 (17), 23 (68), 27 (99)]";933;"Maquina 5: [31 (24), 4 (32), 25 (12), 3 (99), 16 (71)]";791;"Maquina 6: [6 (7), 17 (42), 1 (58), 36 (80), 24 (89), 32 (98)]";1231;"Maquina 7: [38 (79), 28 (40), 13 (41), 14 (84)]";688;"Maquina 8: [8 (5), 26 (3), 33 (54), 39 (10), 37 (40), 35 (58), 15 (91)]";791
GREEDY;40;8;4435;0.0;1;"Maquina 1: [0 (3), 19 (14), 9 (29), 21 (51), 10 (65)]";459;"Maquina 2: [8 (3), 30 (15), 16 (40), 14 (55), 17 (90)]";602;"Maquina 3: [12 (3), 27 (16), 3 (52), 31 (69), 23 (29)]";447;"Maquina 4: [37 (4), 24 (29), 38 (16), 36 (54), 2 (71)]";526;"Maquina 5: [26 (18), 7 (5), 4 (42), 20 (55), 15 (81)]";502;"Maquina 6: [13 (5), 29 (19), 6 (31), 28 (55), 11 (90)]";567;"Maquina 7: [35 (6), 1 (22), 32 (99), 33 (45), 18 (61)]";730;"Maquina 8: [25 (10), 39 (27), 22 (60), 5 (49), 34 (95)]";602
GRASP;40;8;3832;1742.0;1000;"Maquina 1: [19 (14), 12 (3), 1 (22), 3 (52), 11 (90)]";397;"Maquina 2: [24 (29), 37 (4), 36 (54), 14 (55), 15 (81)]";585;"Maquina 3: [7 (5), 23 (29), 29 (19), 22 (60), 2 (71)]";467;"Maquina 4: [13 (5), 25 (10), 16 (40), 28 (55), 33 (45)]";363;"Maquina 5: [0 (3), 38 (16), 4 (42), 20 (55), 31 (69)]";435;"Maquina 6: [26 (18), 39 (27), 21 (51), 10 (65), 32 (99)]";659;"Maquina 7: [8 (3), 35 (6), 6 (31), 5 (49), 34 (95)]";381;"Maquina 8: [9 (29), 30 (15), 27 (16), 17 (90), 18 (61)]";545
LNS;40;8;4435;26.0;1000;"Maquina 1: [0 (3), 19 (14), 9 (29), 21 (51), 10 (65)]";459;"Maquina 2: [8 (3), 30 (15), 16 (40), 14 (55), 17 (90)]";602;"Maquina 3: [12 (3), 27 (16), 3 (52), 31 (69), 23 (29)]";447;"Maquina 4: [37 (4), 24 (29), 38 (16), 36 (54), 2 (71)]";526;"Maquina 5: [26 (18), 7 (5), 4 (42), 20 (55), 15 (81)]";502;"Maquina 6: [13 (5), 29 (19), 6 (31), 28 (55), 11 (90)]";567;"Maquina 7: [35 (6), 1 (22), 32 (99), 33 (45), 18 (61)]";730;"Maquina 8: [25 (10), 39 (27), 22 (60), 5 (49), 34 (95)]";602
TABÚ;40;8;3867;544.0;1000;"Maquina 1: [37 (4), 7 (5), 23 (29), 21 (51), 32 (99)]";355;"Maquina 2: [27 (16), 0 (3), 5 (49), 36 (54), 11 (90)]";487;"Maquina 3: [9 (29), 29 (19), 33 (45), 28 (55), 17 (90)]";634;"Maquina 4: [8 (3), 19 (14), 1 (22), 3 (52), 31 (69)]";385;"Maquina 5: [25 (10), 16 (40), 4 (42), 20 (55), 18 (61)]";542;"Maquina 6: [26 (18), 35 (6), 38 (16), 39 (27), 34 (95)]";372;"Maquina 7: [13 (5), 14 (55), 6 (31), 10 (65), 2 (71)]";632;"Maquina 8: [12 (3), 30 (15), 24 (29), 22 (60), 15 (81)]";460
VNS;40;8;3823;18174.0;1000;"Maquina 1: [0 (3), 19 (14), 9 (29), 36 (54), 11 (90)]";427;"Maquina 2: [12 (3), 23 (29), 29 (19), 33 (45), 28 (55)]";406;"Maquina 3: [37 (4), 7 (5), 27 (16), 3 (52), 31 (69), 17 (90)]";543;"Maquina 4: [24 (29), 20 (55), 21 (51), 32 (99)]";528;"Maquina 5: [26 (18), 4 (42), 2 (71), 34 (95)]";471;"Maquina 6: [30 (15), 39 (27), 16 (40), 15 (81)]";351;"Maquina 7: [8 (3), 35 (6), 38 (16), 1 (22), 10 (65), 22 (60)]";501;"Maquina 8: [13 (5), 25 (10), 6 (31), 14 (55), 5 (49), 18 (61)]";596
Multiarranque;40;8;4176;1799.0;1000;"Maquina 1: [13 (5), 30 (15), 7 (5), 4 (42), 20 (55), 11 (90)]";598;"Maquina 2: [26 (18), 35 (6), 22 (60), 1 (22), 32 (99)]";465;"Maquina 3: [37 (4), 12 (3), 24 (29), 36 (54), 34 (95)]";504;"Maquina 4: [25 (10), 0 (3), 29 (19), 3 (52), 18 (61), 21 (51)]";619;"Maquina 5: [19 (14), 23 (29), 14 (55), 5 (49), 31 (69)]";597;"Maquina 6: [8 (3), 39 (27), 9 (29), 2 (71), 10 (65)]";547;"Maquina 7: [6 (31), 27 (16), 28 (55), 17 (90)]";411;"Maquina 8: [38 (16), 16 (40), 15 (81), 33 (45)]";435
GREEDY;40;8;5763;0.0;1;"Maquina 1: [14 (19), 2 (2), 37 (69), 21 (40), 11 (80)]";734;"Maquina 2: [35 (20), 23 (3), 8 (63), 13 (48), 12 (94)]";840;"Maquina 3: [24 (3), 31 (31), 32 (22), 29 (75), 0 (58)]";620;"Maquina 4: [15 (25), 38 (3), 18 (35), 7 (58), 26 (86)]";705;"Maquina 5: [28 (5), 30 (25), 10 (35), 16 (55), 27 (73)]";562;"Maquina 6: [4 (6), 6 (27), 22 (38), 33 (56), 20 (84)]";667;"Maquina 7: [36 (46), 39 (13), 19 (29), 17 (91), 3 (63)]";777;"Maquina 8: [25 (14), 9 (31), 34 (49), 5 (97), 1 (67)]";858
GRASP;40;8;4990;1754.0;1000;"Maquina 1: [24 (3), 0 (58), 7 (58), 19 (29), 12 (94)]";639;"Maquina 2: [15 (25), 38 (3), 21 (40), 22 (38), 8 (63)]";490;"Maquina 3: [4 (6), 3 (63), 10 (35), 17 (91), 27 (73)]";731;"Maquina 4: [6 (27), 28 (5), 18 (35), 13 (48), 16 (55)]";540;"Maquina 5: [30 (25), 5 (97), 33 (56), 36 (46), 29 (75)]";937;"Maquina 6: [25 (14), 39 (13), 9 (31), 31 (31), 20 (84)]";463;"Maquina 7: [14 (19), 34 (49), 23 (3), 11 (80), 26 (86)]";682;"Maquina 8: [32 (22), 2 (2), 37 (69), 35 (20), 1 (67)]";508
LNS;40;8;5760;27.0;1000;"Maquina 1: [14 (19), 2 (2), 37 (69), 21 (40), 11 (80)]";734;"Maquina 2: [35 (20), 23 (3), 13 (48), 8 (63), 12 (94)]";837;"Maquina 3: [24 (3), 31 (31), 32 (22), 29 (75), 0 (58)]";620;"Maquina 4: [15 (25), 38 (3), 18 (35), 7 (58), 26 (86)]";705;"Maquina 5: [28 (5), 30 (25), 10 (35), 16 (55), 27 (73)]";562;"Maquina 6: [4 (6), 6 (27), 22 (38), 33 (56), 20 (84)]";667;"Maquina 7: [36 (46), 39 (13), 19 (29), 17 (91), 3 (63)]";777;"Maquina 8: [25 (14), 9 (31), 34 (49), 5 (97), 1 (67)]";858
TABÚ;40;8;4664;542.0;1000;"Maquina 1: [24 (3), 32 (22), 20 (84), 10 (35), 33 (56)]";543;"Maquina 2: [39 (13), 38 (3), 21 (40), 3 (63), 26 (86)]";491;"Maquina 3: [6 (27), 28 (5), 36 (46), 15 (25), 11 (80)]";453;"Maquina 4: [2 (2), 35 (20), 1 (67), 0 (58), 16 (55), 12 (94)]";847;"Maquina 5: [4 (6), 18 (35), 13 (48), 9 (31), 37 (69)]";589;"Maquina 6: [23 (3), 30 (25), 17 (91), 22 (38), 27 (73)]";713;"Maquina 7: [25 (14), 7 (58), 8 (63), 29 (75)]";457;"Maquina 8: [19 (29), 14 (19), 31 (31), 34 (49), 5 (97)]";571
VNS;40;8;4568;17070.0;1000;"Maquina 1: [19 (29), 2 (2), 9 (31), 37 (69), 17 (91)]";542;"Maquina 2: [25 (14), 23 (3), 34 (49), 7 (58), 26 (86)]";516;"Maquina 3: [15 (25), 39 (13), 13 (48), 32 (22), 29 (75), 27 (73)]";789;"Maquina 4: [38 (3), 6 (27), 14 (19), 35 (20), 11 (80)]";373;"Maquina 5: [28 (5), 30 (25), 10 (35), 16 (55), 33 (56)]";547;"Maquina 6: [18 (35), 22 (38), 20 (84), 1 (67)]";516;"Maquina 7: [31 (31), 36 (46), 21 (40), 3 (63), 5 (97)]";761;"Maquina 8: [4 (6), 24 (3), 0 (58), 8 (63), 12 (94)]";524
Multiarranque;40;8;5028;1837.0;1000;"Maquina 1: [24 (3), 16 (55), 8 (63), 15 (25), 11 (80)]";642;"Maquina 2: [2 (2), 35 (20), 18 (35), 29 (75), 0 (58)]";511;"Maquina 3: [23 (3), 30 (25), 10 (35), 33 (56), 37 (69)]";599;"Maquina 4: [28 (5), 22 (38), 32 (22), 5 (97), 1 (67)]";750;"Maquina 5: [4 (6), 36 (46), 9 (31), 7 (58), 26 (86)]";687;"Maquina 6: [25 (14), 39 (13), 31 (31), 21 (40), 17 (91)]";499;"Maquina 7: [19 (29), 14 (19), 27 (73), 13 (48), 12 (94)]";762;"Maquina 8: [38 (3), 6 (27), 3 (63), 34 (49), 20 (84)]";578
GREEDY;40;8;7816;0.0;1;"Maquina 1: [24 (3), 38 (31), 18 (22), 10 (71), 28 (58)]";792;"Maquina 2: [3 (5), 34 (89), 19 (37), 7 (24), 20 (67)]";1011;"Maquina 3: [16 (11), 12 (34), 35 (25), 4 (56), 14 (71), 15 (94)]";1190;"Maquina 4: [32 (11), 2 (72), 1 (48), 13 (26)]";789;"Maquina 5: [22 (26), 27 (59), 17 (19), 31 (64), 39 (73)]";910;"Maquina 6: [6 (20), 8 (50), 29 (26), 37 (66), 9 (80)]";1016;"Maquina 7: [21 (21), 11 (44), 26 (92), 0 (27), 33 (69)]";1211;"Maquina 8: [30 (27), 5 (22), 36 (43), 23 (72), 25 (63)]";897
GRASP;40;8;5846;1747.0;1000;"Maquina 1: [12 (34), 24 (3), 28 (58), 2 (72), 15 (94)]";775;"Maquina 2: [38 (31), 39 (73), 16 (11), 13 (26), 26 (92)]";862;"Maquina 3: [18 (22), 30 (27), 32 (11), 8 (50), 23 (72)]";475;"Maquina 4: [6 (20), 22 (26), 20 (67), 36 (43), 27 (59)]";749;"Maquina 5: [21 (21), 17 (19), 14 (71), 29 (26), 34 (89)]";759;"Maquina 6: [35 (25), 5 (22), 11 (44), 9 (80), 33 (69)]";699;"Maquina 7: [3 (5), 25 (63), 4 (56), 1 (48), 10 (71)]";894;"Maquina 8: [7 (24), 0 (27), 31 (64), 19 (37), 37 (66)]";633
LNS;40;8;7762;27.0;1000;"Maquina 1: [24 (3), 38 (31), 18 (22), 10 (71), 28 (58)]";792;"Maquina 2: [3 (5), 34 (89), 19 (37), 7 (24), 20 (67)]";1011;"Maquina 3: [16 (11), 12 (34), 35 (25), 4 (56), 14 (71), 15 (94)]";1190;"Maquina 4: [32 (11), 2 (72), 1 (48), 13 (26)]";789;"Maquina 5: [22 (26), 27 (59), 17 (19), 31 (64), 39 (73)]";910;"Maquina 6: [29 (26), 8 (50), 6 (20), 37 (66), 9 (80)]";962;"Maquina 7: [21 (21), 11 (44), 26 (92), 0 (27), 33 (69)]";1211;"Maquina 8: [30 (27), 5 (22), 36 (43), 23 (72), 25 (63)]";897
TABÚ;40;8;5722;543.0;1000;"Maquina 1: [3 (5), 16 (11), 12 (34), 11 (44), 31 (64)]";472;"Maquina 2: [29 (26), 19 (37), 39 (73), 10 (71), 37 (66)]";875;"Maquina 3: [38 (31), 17 (19), 14 (71), 8 (50), 33 (69)]";729;"Maquina 4: [13 (26), 25 (63), 4 (56), 7 (24), 1 (48)]";764;"Maquina 5: [27 (59), 24 (3), 28 (58), 18 (22), 2 (72)]";753;"Maquina 6: [6 (20), 30 (27), 34 (89), 32 (11), 15 (94)]";781;"Maquina 7: [35 (25), 5 (22), 36 (43), 9 (80), 21 (21)]";567;"Maquina 8: [0 (27), 22 (26), 20 (67), 26 (92), 23 (72)]";781
VNS;40;8;5312;15366.0;1000;"Maquina 1: [24 (3), 28 (58), 37 (66), 1 (48), 15 (94)]";778;"Maquina 2: [3 (5), 0 (27), 19 (37), 27 (59), 10 (71)]";630;"Maquina 3: [16 (11), 12 (34), 33 (69), 4 (56), 14 (71)]";745;"Maquina 4: [32 (11), 8 (50), 36 (43), 9 (80)]";402;"Maquina 5: [17 (19), 18 (22), 22 (26), 7 (24), 39 (73), 23 (72)]";830;"Maquina 6: [38 (31), 35 (25), 20 (67), 26 (92)]";449;"Maquina 7: [21 (21), 13 (26), 11 (44), 31 (64), 2 (72)]";647;"Maquina 8: [5 (22), 6 (20), 30 (27), 29 (26), 34 (89), 25 (63)]";831
Multiarranque;40;8;6129;1932.0;1000;"Maquina 1: [6 (20), 19 (37), 37 (66), 7 (24), 10 (71)]";796;"Maquina 2: [38 (31), 35 (25), 39 (73), 15 (94)]";582;"Maquina 3: [3 (5), 0 (27), 30 (27), 23 (72), 31 (64)]";580;"Maquina 4: [28 (58), 17 (19), 18 (22), 16 (11), 34 (89), 1 (48)]";979;"Maquina 5: [29 (26), 20 (67), 4 (56), 5 (22), 14 (71)]";781;"Maquina 6: [13 (26), 36 (43), 11 (44), 12 (34), 26 (92)]";747;"Maquina 7: [22 (26), 24 (3), 21 (21), 32 (11), 27 (59), 9 (80)]";893;"Maquina 8: [2 (72), 8 (50), 33 (69), 25 (63)]";771
GREEDY;40;8;8309;0.0;1;"Maquina 1: [10 (4), 6 (75), 1 (30), 26 (91), 11 (54)]";890;"Maquina 2: [17 (5), 30 (59), 28 (30), 19 (72), 12 (90)]";963;"Maquina 3: [20 (83), 39 (30), 35 (8), 27 (61), 18 (97)]";1083;"Maquina 4: [38 (12), 13 (35), 16 (61), 7 (77), 24 (92)]";1018;"Maquina 5: [29 (17), 34 (37), 9 (81), 23 (55), 4 (90)]";861;"Maquina 6: [22 (20), 5 (88), 0 (38), 14 (70), 25 (95)]";1025;"Maquina 7: [31 (71), 33 (20), 3 (90), 8 (44), 37 (99)]";1192;"Maquina 8: [2 (49), 15 (25), 32 (68), 21 (97), 36 (83)]";1277
GRASP;40;8;6663;1769.0;1000;"Maquina 1: [10 (4), 16 (61), 19 (72), 18 (97), 25 (95)]";936;"Maquina 2: [17 (5), 30 (59), 8 (44), 2 (49), 5 (88)]";669;"Maquina 3: [35 (8), 23 (55), 13 (35), 14 (70), 36 (83)]";827;"Maquina 4: [27 (61), 38 (12), 28 (30), 7 (77), 12 (90)]";751;"Maquina 5: [33 (20), 32 (68), 0 (38), 20 (83), 31 (71)]";845;"Maquina 6: [29 (17), 3 (90), 6 (75), 4 (90), 24 (92)]";1036;"Maquina 7: [11 (54), 1 (30), 34 (37), 9 (81), 21 (97)]";844;"Maquina 8: [15 (25), 22 (20), 39 (30), 26 (91), 37 (99)]";755
LNS;40;8;8309;27.0;1000;"Maquina 1: [10 (4), 6 (75), 1 (30), 26 (91), 11 (54)]";890;"Maquina 2: [17 (5), 30 (59), 28 (30), 19 (72), 12 (90)]";963;"Maquina 3: [20 (83), 39 (30), 35 (8), 27 (61), 18 (97)]";1083;"Maquina 4: [38 (12), 13 (35), 16 (61), 7 (77), 24 (92)]";1018;"Maquina 5: [29 (17), 34 (37), 9 (81), 23 (55), 4 (90)]";861;"Maquina 6: [22 (20), 5 (88), 0 (38), 14 (70), 25 (95)]";1025;"Maquina 7: [31 (71), 33 (20), 3 (90), 8 (44), 37 (99)]";1192;"Maquina 8: [2 (49), 15 (25), 32 (68), 21 (97), 36 (83)]";1277
TABÚ;40;8;6536;541.0;1000;"Maquina 1: [28 (30), 31 (71), 14 (70), 19 (72), 27 (61)]";959;"Maquina 2: [33 (20), 32 (68), 34 (37), 20 (83), 21 (97)]";903;"Maquina 3: [1 (30), 17 (5), 30 (59), 9 (81), 24 (92), 18 (97)]";1193;"Maquina 4: [22 (20), 35 (8), 23 (55), 25 (95), 36 (83)]";679;"Maquina 5: [13 (35), 0 (38), 2 (49), 5 (88), 12 (90)]";794;"Maquina 6: [29 (17), 10 (4), 6 (75), 11 (54), 7 (77)]";615;"Maquina 7: [8 (44), 37 (99), 15 (25), 26 (91)]";690;"Maquina 8: [38 (12), 39 (30), 16 (61), 4 (90), 3 (90)]";703
VNS;40;8;6612;17221.0;1000;"Maquina 1: [10 (4), 6 (75), 11 (54), 1 (30), 26 (91), 9 (81)]";1139;"Maquina 2: [17 (5), 30 (59), 35 (8), 4 (90), 12 (90)]";595;"Maquina 3: [33 (20), 0 (38), 14 (70), 19 (72), 18 (97)]";826;"Maquina 4: [8 (44), 38 (12), 39 (30), 16 (61), 36 (83), 27 (61)]";1019;"Maquina 5: [22 (20), 23 (55), 3 (90), 20 (83)]";615;"Maquina 6: [28 (30), 7 (77), 25 (95), 24 (92)]";761;"Maquina 7: [34 (37), 13 (35), 32 (68), 37 (99), 21 (97)]";941;"Maquina 8: [29 (17), 2 (49), 15 (25), 31 (71), 5 (88)]";716
Multiarranque;40;8;7062;1803.0;1000;"Maquina 1: [19 (72), 38 (12), 28 (30), 7 (77), 5 (88)]";873;"Maquina 2: [22 (20), 35 (8), 30 (59), 3 (90), 6 (75), 25 (95)]";1072;"Maquina 3: [32 (68), 1 (30), 23 (55), 4 (90), 26 (91)]";1068;"Maquina 4: [33 (20), 0 (38), 2 (49), 9 (81), 24 (92)]";775;"Maquina 5: [15 (25), 29 (17), 14 (70), 36 (83), 20 (83)]";783;"Maquina 6: [13 (35), 34 (37), 21 (97), 31 (71), 37 (99)]";1049;"Maquina 7: [8 (44), 39 (30), 16 (61), 12 (90)]";740;"Maquina 8: [10 (4), 17 (5), 11 (54), 27 (61), 18 (97)]";702
GREEDY;40;8;7685;0.0;1;"Maquina 1: [15 (47), 29 (25), 38 (5), 2 (68), 35 (86)]";889;"Maquina 2: [37 (13), 26 (31), 20 (44), 33 (59), 39 (90)]";981;"Maquina 3: [22 (17), 12 (46), 0 (70), 19 (96), 5 (33)]";1043;"Maquina 4: [21 (48), 28 (34), 25 (17), 23 (62), 16 (82)]";893;"Maquina 5: [18 (18), 24 (55), 13 (50), 32 (34), 1 (82)]";758;"Maquina 6: [9 (22), 11 (41), 27 (70), 7 (93), 34 (46)]";942;"Maquina 7: [4 (23), 10 (76), 36 (43), 6 (55), 14 (98)]";1204;"Maquina 8: [8 (51), 17 (25), 30 (70), 3 (44), 31 (94)]";975
GRASP;40;8;5715;1733.0;1000;"Maquina 1: [28 (34), 37 (13), 12 (46), 24 (55), 29 (25), 14 (98)]";857;"Maquina 2: [17 (25), 32 (34), 0 (70), 1 (82), 33 (59)]";767;"Maquina 3: [21 (48), 11 (41), 38 (5), 10 (76), 31 (94)]";797;"Maquina 4: [5 (33), 25 (17), 36 (43), 2 (68), 7 (93)]";702;"Maquina 5: [26 (31), 9 (22), 34 (46), 16 (82), 39 (90)]";688;"Maquina 6: [4 (23), 22 (17), 3 (44), 30 (70), 27 (70)]";588;"Maquina 7: [18 (18), 13 (50), 20 (44), 15 (47), 35 (86)]";656;"Maquina 8: [8 (51), 23 (62), 6 (55), 19 (96)]";660
LNS;40;8;7548;30.0;1000;"Maquina 1: [15 (47), 29 (25), 38 (5), 2 (68), 35 (86)]";889;"Maquina 2: [26 (31), 37 (13), 20 (44), 33 (59), 39 (90)]";915;"Maquina 3: [22 (17), 12 (46), 0 (70), 19 (96), 5 (33)]";1043;"Maquina 4: [21 (48), 28 (34), 25 (17), 23 (62), 16 (82)]";893;"Maquina 5: [18 (18), 24 (55), 13 (50), 32 (34), 1 (82)]";758;"Maquina 6: [9 (22), 27 (70), 11 (41), 7 (93), 34 (46)]";939;"Maquina 7: [10 (76), 6 (55), 36 (43), 4 (23), 14 (98)]";1136;"Maquina 8: [8 (51), 17 (25), 30 (70), 3 (44), 31 (94)]";975
TABÚ;40;8;5958;546.0;1000;"Maquina 1: [22 (17), 32 (34), 7 (93), 16 (82), 39 (90)]";883;"Maquina 2: [18 (18), 37 (13), 26 (31), 23 (62), 6 (55)]";504;"Maquina 3: [28 (34), 27 (70), 11 (41), 0 (70), 1 (82)]";880;"Maquina 4: [25 (17), 9 (22), 12 (46), 8 (51), 33 (59)]";513;"Maquina 5: [5 (33), 29 (25), 2 (68), 15 (47), 31 (94)]";780;"Maquina 6: [21 (48), 17 (25), 20 (44), 3 (44), 30 (70)]";779;"Maquina 7: [4 (23), 38 (5), 13 (50), 35 (86), 10 (76)]";656;"Maquina 8: [36 (43), 24 (55), 34 (46), 19 (96), 14 (98)]";963
VNS;40;8;6055;14766.0;1000;"Maquina 1: [5 (33), 20 (44), 3 (44), 33 (59), 2 (68)]";750;"Maquina 2: [26 (31), 37 (13), 17 (25), 29 (25), 23 (62), 6 (55)]";819;"Maquina 3: [22 (17), 34 (46), 12 (46), 31 (94), 19 (96)]";777;"Maquina 4: [21 (48), 28 (34), 25 (17), 36 (43), 39 (90)]";743;"Maquina 5: [18 (18), 24 (55), 32 (34), 0 (70), 1 (82)]";749;"Maquina 6: [30 (70), 27 (70), 7 (93), 35 (86)]";805;"Maquina 7: [4 (23), 38 (5), 10 (76), 13 (50), 14 (98)]";651;"Maquina 8: [8 (51), 9 (22), 11 (41), 15 (47), 16 (82)]";761
Multiarranque;40;8;6503;1820.0;1000;"Maquina 1: [24 (55), 13 (50), 26 (31), 16 (82), 4 (23)]";826;"Maquina 2: [36 (43), 30 (70), 27 (70), 39 (90)]";735;"Maquina 3: [6 (55), 34 (46), 12 (46), 15 (47), 23 (62)]";858;"Maquina 4: [32 (34), 0 (70), 19 (96), 10 (76)]";726;"Maquina 5: [20 (44), 22 (17), 28 (34), 18 (18), 3 (44), 2 (68)]";812;"Maquina 6: [25 (17), 37 (13), 17 (25), 29 (25), 5 (33), 21 (48), 8 (51)]";994;"Maquina 7: [9 (22), 11 (41), 31 (94), 33 (59), 1 (82)]";923;"Maquina 8: [38 (5), 35 (86), 7 (93), 14 (98)]";629
