GREEDY;60;2;33203;1.0;1;"Maquina 1: [57 (4), 24 (4), 33 (6), 46 (31), 32 (10), 18 (8), 48 (19), 56 (13), 40 (34), 45 (6), 13 (13), 49 (33), 15 (30), 8 (24), 34 (52), 21 (41), 47 (73), 31 (36), 23 (45), 17 (42), 59 (58), 54 (54), 53 (59), 11 (63), 41 (64), 37 (84), 30 (76), 51 (87), 39 (96), 20 (89)]";16073;"Maquina 2: [22 (5), 35 (6), 52 (24), 16 (18), 50 (11), 26 (9), 55 (4), 27 (33), 4 (8), 43 (13), 42 (56), 1 (43), 9 (34), 29 (22), 2 (42), 28 (35), 44 (31), 58 (39), 12 (54), 7 (63), 3 (71), 14 (51), 25 (74), 19 (64), 10 (79), 0 (86), 5 (98), 36 (59), 6 (89), 38 (89)]";17130
GRASP;60;2;32231;3319.0;1000;"Maquina 1: [13 (13), 32 (10), 55 (4), 24 (4), 35 (6), 45 (6), 18 (8), 48 (19), 56 (13), 16 (18), 53 (59), 29 (22), 49 (33), 15 (30), 3 (71), 58 (39), 52 (24), 23 (45), 14 (51), 34 (52), 41 (64), 47 (73), 59 (58), 54 (54), 27 (33), 19 (64), 10 (79), 20 (89), 38 (89), 37 (84)]";15074;"Maquina 2: [57 (4), 22 (5), 43 (13), 46 (31), 33 (6), 4 (8), 8 (24), 50 (11), 26 (9), 40 (34), 21 (41), 28 (35), 44 (31), 31 (36), 2 (42), 36 (59), 9 (34), 1 (43), 25 (74), 11 (63), 12 (54), 17 (42), 42 (56), 7 (63), 30 (76), 51 (87), 39 (96), 6 (89), 0 (86), 5 (98)]";17157
LNS;60;2;33203;579.0;1000;"Maquina 1: [57 (4), 24 (4), 33 (6), 46 (31), 32 (10), 18 (8), 48 (19), 56 (13), 40 (34), 45 (6), 13 (13), 49 (33), 15 (30), 8 (24), 34 (52), 21 (41), 47 (73), 31 (36), 23 (45), 17 (42), 59 (58), 54 (54), 53 (59), 11 (63), 41 (64), 37 (84), 30 (76), 51 (87), 39 (96), 20 (89)]";16073;"Maquina 2: [22 (5), 35 (6), 52 (24), 16 (18), 50 (11), 26 (9), 55 (4), 27 (33), 4 (8), 43 (13), 42 (56), 1 (43), 9 (34), 29 (22), 2 (42), 28 (35), 44 (31), 58 (39), 12 (54), 7 (63), 3 (71), 14 (51), 25 (74), 19 (64), 10 (79), 0 (86), 5 (98), 36 (59), 6 (89), 38 (89)]";17130
TABÚ;60;2;31640;915.0;1000;"Maquina 1: [4 (8), 50 (11), 55 (4), 24 (4), 33 (6), 27 (33), 13 (13), 32 (10), 49 (33), 8 (24), 31 (36), 16 (18), 34 (52), 44 (31), 19 (64), 47 (73), 45 (6), 21 (41), 23 (45), 17 (42), 42 (56), 36 (59), 11 (63), 12 (54), 0 (86), 3 (71), 51 (87), 39 (96), 38 (89), 37 (84)]";15757;"Maquina 2: [57 (4), 22 (5), 35 (6), 56 (13), 43 (13), 48 (19), 18 (8), 26 (9), 9 (34), 28 (35), 15 (30), 29 (22), 2 (42), 58 (39), 40 (34), 7 (63), 46 (31), 1 (43), 54 (54), 52 (24), 6 (89), 14 (51), 53 (59), 59 (58), 41 (64), 25 (74), 30 (76), 10 (79), 20 (89), 5 (98)]";15883
VNS;60;2;32292;74950.0;1000;"Maquina 1: [57 (4), 24 (4), 33 (6), 46 (31), 13 (13), 32 (10), 18 (8), 48 (19), 56 (13), 43 (13), 40 (34), 45 (6), 36 (59), 49 (33), 8 (24), 21 (41), 47 (73), 31 (36), 16 (18), 17 (42), 59 (58), 9 (34), 1 (43), 54 (54), 25 (74), 11 (63), 41 (64), 37 (84), 38 (89), 51 (87), 39 (96), 5 (98)]";17367;"Maquina 2: [22 (5), 35 (6), 52 (24), 23 (45), 50 (11), 26 (9), 55 (4), 27 (33), 4 (8), 42 (56), 29 (22), 34 (52), 2 (42), 15 (30), 44 (31), 58 (39), 12 (54), 7 (63), 3 (71), 14 (51), 53 (59), 28 (35), 19 (64), 10 (79), 0 (86), 6 (89), 20 (89), 30 (76)]";14925
Multiarranque;60;2;31554;5666.0;1000;"Maquina 1: [57 (4), 32 (10), 55 (4), 13 (13), 46 (31), 33 (6), 29 (22), 16 (18), 50 (11), 52 (24), 23 (45), 28 (35), 44 (31), 1 (43), 40 (34), 42 (56), 34 (52), 21 (41), 47 (73), 59 (58), 54 (54), 17 (42), 36 (59), 11 (63), 37 (84), 6 (89), 10 (79), 20 (89), 39 (96)]";14996;"Maquina 2: [26 (9), 45 (6), 22 (5), 24 (4), 56 (13), 43 (13), 18 (8), 48 (19), 4 (8), 49 (33), 35 (6), 15 (30), 8 (24), 31 (36), 9 (34), 2 (42), 58 (39), 12 (54), 14 (51), 53 (59), 27 (33), 3 (71), 41 (64), 7 (63), 38 (89), 30 (76), 25 (74), 19 (64), 5 (98), 0 (86), 51 (87)]";16558
GREEDY;60;2;39849;0.0;1;"Maquina 1: [36 (7), 27 (19), 4 (17), 39 (19), 16 (30), 25 (40), 43 (11), 17 (27), 42 (42), 21 (48), 23 (33), 34 (26), 5 (27), 54 (32), 58 (45), 30 (44), 32 (35), 18 (52), 14 (56), 50 (64), 12 (68), 52 (49), 41 (57), 13 (71), 29 (75), 6 (80), 0 (73), 20 (93), 9 (95), 11 (99), 55 (88)]";20107;"Maquina 2: [49 (14), 53 (24), 26 (15), 40 (48), 24 (8), 8 (18), 57 (34), 31 (44), 46 (26), 15 (36), 7 (27), 45 (31), 38 (27), 28 (46), 1 (51), 48 (42), 3 (41), 35 (57), 22 (53), 2 (62), 47 (72), 59 (64), 37 (68), 51 (73), 56 (77), 10 (94), 33 (95), 19 (93), 44 (87)]";19742
GRASP;60;2;39055;3332.0;1000;"Maquina 1: [36 (7), 39 (19), 24 (8), 26 (15), 5 (27), 8 (18), 23 (33), 54 (32), 31 (44), 34 (26), 3 (41), 7 (27), 45 (31), 1 (51), 40 (48), 25 (40), 18 (52), 28 (46), 37 (68), 22 (53), 2 (62), 47 (72), 50 (64), 12 (68), 56 (77), 10 (94), 41 (57), 19 (93), 51 (73), 55 (88)]";18946;"Maquina 2: [43 (11), 27 (19), 4 (17), 49 (14), 53 (24), 16 (30), 46 (26), 52 (49), 48 (42), 30 (44), 38 (27), 32 (35), 58 (45), 17 (27), 42 (42), 21 (48), 14 (56), 15 (36), 57 (34), 59 (64), 35 (57), 0 (73), 44 (87), 13 (71), 29 (75), 20 (93), 9 (95), 11 (99), 6 (80), 33 (95)]";20109
LNS;60;2;39788;597.0;1000;"Maquina 1: [36 (7), 27 (19), 4 (17), 39 (19), 16 (30), 25 (40), 43 (11), 17 (27), 42 (42), 21 (48), 23 (33), 34 (26), 5 (27), 54 (32), 58 (45), 30 (44), 32 (35), 18 (52), 14 (56), 50 (64), 12 (68), 52 (49), 41 (57), 13 (71), 29 (75), 6 (80), 0 (73), 20 (93), 9 (95), 11 (99), 55 (88)]";20107;"Maquina 2: [49 (14), 53 (24), 26 (15), 40 (48), 24 (8), 8 (18), 57 (34), 31 (44), 46 (26), 15 (36), 7 (27), 45 (31), 38 (27), 28 (46), 1 (51), 48 (42), 3 (41), 35 (57), 22 (53), 2 (62), 51 (73), 59 (64), 37 (68), 47 (72), 56 (77), 10 (94), 33 (95), 19 (93), 44 (87)]";19681
TABÚ;60;2;38997;909.0;1000;"Maquina 1: [43 (11), 49 (14), 8 (18), 4 (17), 39 (19), 23 (33), 54 (32), 1 (51), 52 (49), 45 (31), 25 (40), 7 (27), 2 (62), 32 (35), 18 (52), 40 (48), 42 (42), 59 (64), 35 (57), 10 (94), 28 (46), 11 (99), 51 (73), 47 (72), 50 (64), 6 (80), 56 (77), 55 (88), 33 (95)]";19513;"Maquina 2: [36 (7), 24 (8), 16 (30), 26 (15), 38 (27), 53 (24), 5 (27), 27 (19), 46 (26), 58 (45), 17 (27), 30 (44), 34 (26), 57 (34), 15 (36), 21 (48), 14 (56), 48 (42), 3 (41), 22 (53), 31 (44), 0 (73), 41 (57), 12 (68), 29 (75), 20 (93), 37 (68), 44 (87), 13 (71), 19 (93), 9 (95)]";19484
VNS;60;2;38782;62271.0;1000;"Maquina 1: [36 (7), 27 (19), 4 (17), 39 (19), 16 (30), 25 (40), 43 (11), 17 (27), 42 (42), 21 (48), 23 (33), 34 (26), 57 (34), 15 (36), 54 (32), 58 (45), 30 (44), 32 (35), 18 (52), 14 (56), 47 (72), 48 (42), 41 (57), 13 (71), 29 (75), 6 (80), 0 (73), 20 (93), 9 (95), 11 (99)]";18094;"Maquina 2: [49 (14), 53 (24), 26 (15), 40 (48), 24 (8), 52 (49), 8 (18), 31 (44), 46 (26), 5 (27), 7 (27), 45 (31), 38 (27), 28 (46), 1 (51), 3 (41), 35 (57), 12 (68), 22 (53), 2 (62), 51 (73), 59 (64), 37 (68), 50 (64), 56 (77), 55 (88), 19 (93), 33 (95), 44 (87), 10 (94)]";20688
Multiarranque;60;2;38453;5506.0;1000;"Maquina 1: [45 (31), 5 (27), 8 (18), 27 (19), 4 (17), 7 (27), 24 (8), 16 (30), 48 (42), 36 (7), 42 (42), 54 (32), 14 (56), 59 (64), 37 (68), 3 (41), 22 (53), 15 (36), 28 (46), 2 (62), 50 (64), 21 (48), 35 (57), 47 (72), 51 (73), 6 (80), 33 (95), 10 (94), 29 (75), 9 (95)]";19738;"Maquina 2: [57 (34), 39 (19), 23 (33), 43 (11), 49 (14), 53 (24), 26 (15), 38 (27), 31 (44), 34 (26), 46 (26), 40 (48), 30 (44), 32 (35), 18 (52), 25 (40), 17 (27), 58 (45), 1 (51), 52 (49), 56 (77), 41 (57), 13 (71), 0 (73), 44 (87), 12 (68), 55 (88), 19 (93), 11 (99), 20 (93)]";18715
GREEDY;60;2;47729;0.0;1;"Maquina 1: [42 (25), 32 (3), 28 (9), 57 (16), 49 (23), 30 (14), 4 (20), 14 (25), 23 (27), 40 (36), 9 (29), 7 (64), 58 (38), 56 (82), 6 (46), 36 (43), 18 (57), 41 (52), 54 (76), 3 (48), 31 (55), 47 (57), 37 (66), 52 (75), 29 (78), 2 (71), 34 (74), 59 (84), 22 (79), 5 (97), 26 (97)]";24888;"Maquina 2: [45 (25), 10 (19), 44 (47), 0 (42), 51 (10), 12 (8), 19 (28), 53 (37), 33 (55), 35 (25), 25 (76), 1 (54), 48 (14), 16 (23), 17 (59), 8 (79), 13 (36), 39 (44), 21 (49), 38 (75), 46 (65), 50 (90), 27 (57), 55 (69), 11 (71), 24 (78), 15 (83), 43 (82), 20 (97)]";22841
GRASP;60;2;48204;3394.0;1000;"Maquina 1: [16 (23), 45 (25), 32 (3), 57 (16), 40 (36), 4 (20), 35 (25), 11 (71), 10 (19), 42 (25), 49 (23), 2 (71), 56 (82), 6 (46), 14 (25), 31 (55), 53 (37), 26 (97), 12 (8), 54 (76), 37 (66), 36 (43), 38 (75), 46 (65), 1 (54), 25 (76), 8 (79), 5 (97), 17 (59), 20 (97)]";23422;"Maquina 2: [9 (29), 51 (10), 13 (36), 28 (9), 0 (42), 39 (44), 21 (49), 47 (57), 48 (14), 23 (27), 24 (78), 15 (83), 30 (14), 19 (28), 3 (48), 44 (47), 27 (57), 41 (52), 55 (69), 58 (38), 33 (55), 50 (90), 7 (64), 18 (57), 22 (79), 52 (75), 34 (74), 59 (84), 43 (82), 29 (78)]";24782
LNS;60;2;47296;622.0;1000;"Maquina 1: [42 (25), 32 (3), 28 (9), 41 (52), 49 (23), 30 (14), 4 (20), 14 (25), 23 (27), 40 (36), 9 (29), 7 (64), 58 (38), 56 (82), 36 (43), 6 (46), 18 (57), 57 (16), 54 (76), 3 (48), 31 (55), 47 (57), 37 (66), 52 (75), 29 (78), 2 (71), 34 (74), 59 (84), 22 (79), 5 (97), 26 (97)]";24455;"Maquina 2: [45 (25), 10 (19), 44 (47), 0 (42), 51 (10), 12 (8), 19 (28), 53 (37), 33 (55), 35 (25), 25 (76), 1 (54), 48 (14), 16 (23), 17 (59), 8 (79), 13 (36), 39 (44), 21 (49), 38 (75), 46 (65), 50 (90), 27 (57), 55 (69), 11 (71), 24 (78), 15 (83), 43 (82), 20 (97)]";22841
TABÚ;60;2;47813;953.0;1000;"Maquina 1: [16 (23), 30 (14), 51 (10), 28 (9), 57 (16), 14 (25), 45 (25), 13 (36), 58 (38), 32 (3), 15 (83), 10 (19), 0 (42), 6 (46), 7 (64), 21 (49), 39 (44), 19 (28), 37 (66), 18 (57), 41 (52), 46 (65), 26 (97), 24 (78), 25 (76), 8 (79), 29 (78), 2 (71), 59 (84), 52 (75)]";22910;"Maquina 2: [40 (36), 12 (8), 42 (25), 49 (23), 9 (29), 47 (57), 35 (25), 1 (54), 48 (14), 23 (27), 44 (47), 4 (20), 53 (37), 38 (75), 3 (48), 31 (55), 36 (43), 34 (74), 17 (59), 27 (57), 55 (69), 43 (82), 54 (76), 22 (79), 11 (71), 33 (55), 56 (82), 50 (90), 5 (97), 20 (97)]";24903
VNS;60;2;46141;72865.0;1000;"Maquina 1: [42 (25), 32 (3), 28 (9), 41 (52), 49 (23), 30 (14), 4 (20), 14 (25), 23 (27), 40 (36), 9 (29), 7 (64), 58 (38), 56 (82), 6 (46), 18 (57), 57 (16), 54 (76), 3 (48), 31 (55), 47 (57), 37 (66), 53 (37), 55 (69), 29 (78), 36 (43), 34 (74), 59 (84), 22 (79), 20 (97), 26 (97), 50 (90)]";25299;"Maquina 2: [45 (25), 10 (19), 44 (47), 0 (42), 51 (10), 12 (8), 19 (28), 33 (55), 35 (25), 25 (76), 1 (54), 48 (14), 16 (23), 17 (59), 8 (79), 13 (36), 39 (44), 21 (49), 2 (71), 38 (75), 46 (65), 27 (57), 52 (75), 11 (71), 24 (78), 15 (83), 43 (82), 5 (97)]";20842
Multiarranque;60;2;45045;5667.0;1000;"Maquina 1: [16 (23), 51 (10), 12 (8), 58 (38), 57 (16), 10 (19), 47 (57), 35 (25), 15 (83), 30 (14), 13 (36), 39 (44), 49 (23), 31 (55), 0 (42), 6 (46), 18 (57), 33 (55), 21 (49), 2 (71), 56 (82), 17 (59), 38 (75), 50 (90), 29 (78), 41 (52), 59 (84), 37 (66), 26 (97), 20 (97)]";22965;"Maquina 2: [45 (25), 4 (20), 42 (25), 32 (3), 28 (9), 14 (25), 1 (54), 48 (14), 23 (27), 40 (36), 9 (29), 36 (43), 19 (28), 53 (37), 55 (69), 43 (82), 54 (76), 7 (64), 11 (71), 3 (48), 44 (47), 27 (57), 52 (75), 46 (65), 34 (74), 24 (78), 25 (76), 8 (79), 5 (97), 22 (79)]";22080
GREEDY;60;2;48278;1.0;1;"Maquina 1: [16 (41), 9 (14), 8 (62), 31 (1), 52 (49), 18 (18), 49 (21), 47 (29), 57 (29), 46 (33), 20 (5), 48 (28), 43 (42), 21 (43), 32 (86), 50 (57), 11 (57), 33 (78), 54 (23), 53 (64), 42 (46), 4 (64), 5 (74), 28 (66), 19 (85), 24 (81), 51 (74), 23 (88), 14 (93)]";23337;"Maquina 2: [0 (20), 2 (18), 25 (3), 3 (31), 17 (43), 41 (10), 12 (45), 38 (14), 45 (48), 37 (5), 22 (16), 27 (76), 59 (23), 10 (27), 6 (70), 40 (64), 58 (35), 15 (74), 26 (29), 36 (58), 7 (52), 55 (65), 13 (57), 39 (62), 35 (41), 1 (83), 29 (86), 34 (94), 30 (80), 44 (87), 56 (89)]";24941
GRASP;60;2;47199;3410.0;1000;"Maquina 1: [2 (18), 25 (3), 3 (31), 31 (1), 18 (18), 8 (62), 22 (16), 47 (29), 16 (41), 59 (23), 48 (28), 43 (42), 15 (74), 12 (45), 23 (88), 11 (57), 58 (35), 6 (70), 57 (29), 54 (23), 53 (64), 42 (46), 55 (65), 40 (64), 19 (85), 24 (81), 33 (78), 13 (57), 30 (80), 27 (76), 14 (93)]";24464;"Maquina 2: [0 (20), 37 (5), 41 (10), 38 (14), 45 (48), 21 (43), 20 (5), 49 (21), 26 (29), 52 (49), 46 (33), 10 (27), 35 (41), 9 (14), 17 (43), 5 (74), 1 (83), 50 (57), 44 (87), 39 (62), 36 (58), 56 (89), 7 (52), 4 (64), 29 (86), 28 (66), 32 (86), 51 (74), 34 (94)]";22735
LNS;60;2;47813;578.0;1000;"Maquina 1: [16 (41), 9 (14), 8 (62), 31 (1), 52 (49), 18 (18), 49 (21), 47 (29), 57 (29), 46 (33), 20 (5), 48 (28), 43 (42), 21 (43), 32 (86), 23 (88), 11 (57), 33 (78), 54 (23), 53 (64), 50 (57), 4 (64), 5 (74), 28 (66), 19 (85), 24 (81), 51 (74), 42 (46), 14 (93)]";22872;"Maquina 2: [0 (20), 2 (18), 25 (3), 3 (31), 17 (43), 41 (10), 12 (45), 38 (14), 45 (48), 37 (5), 22 (16), 27 (76), 59 (23), 10 (27), 6 (70), 40 (64), 58 (35), 15 (74), 26 (29), 36 (58), 7 (52), 55 (65), 13 (57), 39 (62), 35 (41), 1 (83), 29 (86), 34 (94), 30 (80), 44 (87), 56 (89)]";24941
TABÚ;60;2;46276;899.0;1000;"Maquina 1: [57 (29), 54 (23), 37 (5), 41 (10), 25 (3), 3 (31), 31 (1), 18 (18), 22 (16), 47 (29), 16 (41), 59 (23), 43 (42), 45 (48), 52 (49), 26 (29), 36 (58), 11 (57), 35 (41), 39 (62), 17 (43), 4 (64), 34 (94), 32 (86), 19 (85), 29 (86), 24 (81), 14 (93), 15 (74), 44 (87), 51 (74)]";23003;"Maquina 2: [46 (33), 58 (35), 9 (14), 0 (20), 2 (18), 49 (21), 38 (14), 27 (76), 7 (52), 21 (43), 20 (5), 8 (62), 13 (57), 48 (28), 6 (70), 12 (45), 33 (78), 10 (27), 42 (46), 55 (65), 40 (64), 5 (74), 28 (66), 1 (83), 50 (57), 30 (80), 23 (88), 56 (89), 53 (64)]";23273
VNS;60;2;46384;58858.0;1000;"Maquina 1: [35 (41), 9 (14), 8 (62), 31 (1), 52 (49), 18 (18), 49 (21), 47 (29), 57 (29), 54 (23), 20 (5), 48 (28), 43 (42), 21 (43), 30 (80), 50 (57), 39 (62), 11 (57), 33 (78), 10 (27), 56 (89), 42 (46), 4 (64), 29 (86), 28 (66), 13 (57), 32 (86), 44 (87), 23 (88)]";22688;"Maquina 2: [0 (20), 2 (18), 25 (3), 3 (31), 17 (43), 41 (10), 12 (45), 38 (14), 45 (48), 37 (5), 22 (16), 27 (76), 59 (23), 46 (33), 6 (70), 40 (64), 58 (35), 15 (74), 26 (29), 14 (93), 53 (64), 36 (58), 7 (52), 16 (41), 55 (65), 19 (85), 24 (81), 1 (83), 5 (74), 51 (74), 34 (94)]";23696
Multiarranque;60;2;45172;5649.0;1000;"Maquina 1: [18 (18), 2 (18), 37 (5), 22 (16), 52 (49), 15 (74), 49 (21), 16 (41), 59 (23), 46 (33), 58 (35), 26 (29), 40 (64), 7 (52), 45 (48), 54 (23), 5 (74), 1 (83), 27 (76), 50 (57), 44 (87), 39 (62), 32 (86), 34 (94), 51 (74), 29 (86), 28 (66), 19 (85), 56 (89)]";23006;"Maquina 2: [25 (3), 41 (10), 35 (41), 20 (5), 48 (28), 0 (20), 3 (31), 31 (1), 10 (27), 17 (43), 47 (29), 43 (42), 9 (14), 57 (29), 12 (45), 23 (88), 11 (57), 8 (62), 21 (43), 36 (58), 38 (14), 53 (64), 42 (46), 55 (65), 24 (81), 6 (70), 33 (78), 13 (57), 30 (80), 4 (64), 14 (93)]";22166
GREEDY;60;2;54953;0.0;1;"Maquina 1: [30 (21), 9 (6), 50 (16), 35 (33), 8 (44), 18 (20), 55 (52), 3 (48), 34 (30), 42 (56), 40 (9), 51 (38), 7 (76), 20 (50), 25 (61), 37 (54), 14 (53), 13 (67), 52 (66), 28 (64), 36 (63), 57 (70), 27 (78), 4 (90), 45 (68), 2 (93), 1 (87), 22 (64), 29 (81), 41 (91)]";27117;"Maquina 2: [10 (13), 15 (22), 32 (15), 31 (22), 49 (32), 12 (38), 56 (7), 44 (45), 38 (43), 39 (17), 48 (51), 58 (52), 54 (53), 16 (56), 21 (75), 17 (57), 6 (50), 43 (69), 46 (75), 59 (63), 26 (90), 23 (64), 24 (88), 53 (64), 19 (79), 11 (67), 47 (61), 33 (98), 0 (92), 5 (82)]";27836
GRASP;60;2;52555;3340.0;1000;"Maquina 1: [30 (21), 10 (13), 32 (15), 6 (50), 35 (33), 11 (67), 29 (81), 58 (52), 40 (9), 38 (43), 59 (63), 36 (63), 8 (44), 39 (17), 57 (70), 20 (50), 52 (66), 17 (57), 45 (68), 47 (61), 1 (87), 22 (64), 54 (53), 21 (75), 3 (48), 27 (78), 7 (76), 41 (91), 33 (98), 19 (79)]";27091;"Maquina 2: [9 (6), 50 (16), 56 (7), 55 (52), 44 (45), 18 (20), 49 (32), 15 (22), 31 (22), 48 (51), 51 (38), 16 (56), 25 (61), 37 (54), 34 (30), 42 (56), 5 (82), 2 (93), 12 (38), 24 (88), 14 (53), 13 (67), 28 (64), 53 (64), 23 (64), 43 (69), 26 (90), 46 (75), 4 (90), 0 (92)]";25464
LNS;60;2;53947;588.0;1000;"Maquina 1: [30 (21), 9 (6), 50 (16), 35 (33), 8 (44), 18 (20), 55 (52), 37 (54), 34 (30), 42 (56), 40 (9), 51 (38), 7 (76), 20 (50), 25 (61), 3 (48), 14 (53), 13 (67), 52 (66), 28 (64), 36 (63), 57 (70), 27 (78), 4 (90), 45 (68), 2 (93), 1 (87), 22 (64), 29 (81), 41 (91)]";26111;"Maquina 2: [10 (13), 15 (22), 32 (15), 31 (22), 49 (32), 12 (38), 56 (7), 44 (45), 38 (43), 39 (17), 48 (51), 58 (52), 54 (53), 16 (56), 21 (75), 17 (57), 6 (50), 43 (69), 46 (75), 59 (63), 26 (90), 23 (64), 24 (88), 53 (64), 19 (79), 11 (67), 47 (61), 33 (98), 0 (92), 5 (82)]";27836
TABÚ;60;2;54123;887.0;1000;"Maquina 1: [34 (30), 39 (17), 49 (32), 9 (6), 6 (50), 35 (33), 11 (67), 16 (56), 37 (54), 30 (21), 23 (64), 7 (76), 25 (61), 38 (43), 8 (44), 52 (66), 48 (51), 58 (52), 26 (90), 14 (53), 42 (56), 36 (63), 29 (81), 2 (93), 51 (38), 19 (79), 21 (75), 1 (87), 24 (88), 27 (78)]";28472;"Maquina 2: [12 (38), 40 (9), 44 (45), 10 (13), 13 (67), 15 (22), 18 (20), 53 (64), 50 (16), 32 (15), 28 (64), 56 (7), 55 (52), 22 (64), 59 (63), 3 (48), 57 (70), 46 (75), 4 (90), 20 (50), 17 (57), 45 (68), 47 (61), 43 (69), 31 (22), 54 (53), 5 (82), 33 (98), 41 (91), 0 (92)]";25651
VNS;60;2;51201;38171.0;1000;"Maquina 1: [30 (21), 43 (69), 9 (6), 50 (16), 35 (33), 8 (44), 18 (20), 37 (54), 34 (30), 42 (56), 40 (9), 51 (38), 7 (76), 20 (50), 25 (61), 3 (48), 29 (81), 52 (66), 28 (64), 36 (63), 57 (70), 46 (75), 4 (90), 5 (82), 2 (93), 1 (87), 19 (79), 21 (75), 27 (78), 41 (91)]";26373;"Maquina 2: [10 (13), 13 (67), 15 (22), 32 (15), 31 (22), 49 (32), 56 (7), 55 (52), 44 (45), 38 (43), 39 (17), 48 (51), 58 (52), 54 (53), 16 (56), 12 (38), 17 (57), 6 (50), 14 (53), 45 (68), 59 (63), 26 (90), 23 (64), 22 (64), 53 (64), 11 (67), 0 (92), 24 (88), 47 (61), 33 (98)]";24828
Multiarranque;60;2;50756;5741.0;1000;"Maquina 1: [34 (30), 39 (17), 48 (51), 9 (6), 50 (16), 35 (33), 49 (32), 56 (7), 53 (64), 12 (38), 40 (9), 36 (63), 44 (45), 38 (43), 8 (44), 58 (52), 17 (57), 52 (66), 16 (56), 21 (75), 1 (87), 22 (64), 54 (53), 2 (93), 33 (98), 4 (90), 37 (54), 24 (88), 25 (61), 26 (90), 41 (91)]";25559;"Maquina 2: [55 (52), 30 (21), 10 (13), 13 (67), 15 (22), 32 (15), 31 (22), 51 (38), 59 (63), 18 (20), 11 (67), 20 (50), 43 (69), 6 (50), 14 (53), 42 (56), 19 (79), 28 (64), 45 (68), 47 (61), 3 (48), 57 (70), 46 (75), 27 (78), 7 (76), 23 (64), 29 (81), 5 (82), 0 (92)]";25197
GREEDY;60;2;45956;0.0;1;"Maquina 1: [10 (6), 48 (2), 40 (13), 30 (28), 9 (16), 4 (40), 56 (36), 43 (44), 34 (50), 31 (39), 15 (51), 41 (35), 28 (49), 5 (52), 33 (69), 7 (38), 55 (59), 46 (58), 35 (77), 27 (56), 50 (64), 52 (80), 36 (61), 47 (83), 29 (86), 59 (81), 26 (96), 42 (94), 44 (93), 32 (98)]";22714;"Maquina 2: [39 (26), 12 (5), 13 (34), 54 (13), 49 (10), 38 (37), 22 (40), 6 (36), 45 (39), 3 (63), 25 (51), 51 (38), 0 (51), 18 (54), 14 (57), 16 (50), 17 (46), 53 (58), 58 (80), 1 (68), 23 (60), 19 (80), 11 (82), 24 (76), 2 (84), 57 (93), 37 (97), 8 (95), 21 (93), 20 (99)]";23242
GRASP;60;2;44949;3328.0;1000;"Maquina 1: [40 (13), 12 (5), 30 (28), 7 (38), 16 (50), 49 (10), 31 (39), 38 (37), 6 (36), 5 (52), 18 (54), 43 (44), 45 (39), 3 (63), 25 (51), 14 (57), 53 (58), 46 (58), 23 (60), 50 (64), 24 (76), 52 (80), 19 (80), 11 (82), 47 (83), 2 (84), 58 (80), 44 (93), 26 (96), 42 (94)]";23059;"Maquina 2: [22 (40), 48 (2), 54 (13), 10 (6), 9 (16), 36 (61), 39 (26), 0 (51), 28 (49), 51 (38), 41 (35), 13 (34), 56 (36), 27 (56), 21 (93), 55 (59), 34 (50), 4 (40), 17 (46), 15 (51), 1 (68), 33 (69), 29 (86), 35 (77), 59 (81), 8 (95), 37 (97), 20 (99), 57 (93), 32 (98)]";21890
LNS;60;2;45919;613.0;1000;"Maquina 1: [10 (6), 48 (2), 40 (13), 30 (28), 9 (16), 4 (40), 56 (36), 43 (44), 34 (50), 31 (39), 15 (51), 41 (35), 28 (49), 5 (52), 33 (69), 7 (38), 55 (59), 46 (58), 35 (77), 27 (56), 50 (64), 52 (80), 36 (61), 47 (83), 29 (86), 59 (81), 26 (96), 42 (94), 44 (93), 32 (98)]";22714;"Maquina 2: [39 (26), 12 (5), 13 (34), 54 (13), 49 (10), 38 (37), 22 (40), 6 (36), 45 (39), 3 (63), 25 (51), 51 (38), 0 (51), 18 (54), 14 (57), 16 (50), 17 (46), 53 (58), 58 (80), 1 (68), 23 (60), 19 (80), 11 (82), 57 (93), 2 (84), 24 (76), 37 (97), 8 (95), 21 (93), 20 (99)]";23205
TABÚ;60;2;45290;897.0;1000;"Maquina 1: [12 (5), 10 (6), 48 (2), 6 (36), 39 (26), 54 (13), 34 (50), 4 (40), 56 (36), 43 (44), 0 (51), 40 (13), 14 (57), 55 (59), 22 (40), 17 (46), 59 (81), 3 (63), 5 (52), 24 (76), 23 (60), 36 (61), 52 (80), 8 (95), 29 (86), 1 (68), 35 (77), 20 (99), 42 (94), 21 (93)]";21192;"Maquina 2: [49 (10), 30 (28), 9 (16), 41 (35), 28 (49), 25 (51), 51 (38), 7 (38), 13 (34), 16 (50), 31 (39), 38 (37), 15 (51), 27 (56), 33 (69), 37 (97), 18 (54), 47 (83), 53 (58), 58 (80), 46 (58), 45 (39), 50 (64), 57 (93), 19 (80), 11 (82), 32 (98), 2 (84), 44 (93), 26 (96)]";24098
VNS;60;2;44726;79244.0;1000;"Maquina 1: [10 (6), 30 (28), 9 (16), 56 (36), 43 (44), 34 (50), 31 (39), 15 (51), 39 (26), 41 (35), 28 (49), 5 (52), 24 (76), 18 (54), 38 (37), 7 (38), 13 (34), 46 (58), 27 (56), 50 (64), 52 (80), 36 (61), 47 (83), 58 (80), 29 (86), 59 (81), 26 (96), 42 (94), 44 (93), 8 (95)]";22674;"Maquina 2: [40 (13), 12 (5), 55 (59), 54 (13), 49 (10), 22 (40), 48 (2), 6 (36), 4 (40), 45 (39), 3 (63), 25 (51), 51 (38), 0 (51), 33 (69), 14 (57), 16 (50), 17 (46), 53 (58), 1 (68), 35 (77), 23 (60), 19 (80), 11 (82), 2 (84), 57 (93), 32 (98), 37 (97), 21 (93), 20 (99)]";22052
Multiarranque;60;2;44399;5597.0;1000;"Maquina 1: [12 (5), 10 (6), 30 (28), 9 (16), 56 (36), 54 (13), 17 (46), 13 (34), 46 (58), 45 (39), 31 (39), 38 (37), 35 (77), 27 (56), 19 (80), 6 (36), 28 (49), 14 (57), 59 (81), 34 (50), 11 (82), 5 (52), 55 (59), 3 (63), 37 (97), 57 (93), 21 (93), 47 (83), 20 (99), 26 (96)]";21741;"Maquina 2: [39 (26), 48 (2), 41 (35), 40 (13), 22 (40), 7 (38), 16 (50), 49 (10), 4 (40), 0 (51), 18 (54), 43 (44), 36 (61), 25 (51), 51 (38), 58 (80), 1 (68), 23 (60), 15 (51), 53 (58), 2 (84), 24 (76), 50 (64), 52 (80), 33 (69), 29 (86), 32 (98), 42 (94), 44 (93), 8 (95)]";22658
GREEDY;60;2;38842;0.0;1;"Maquina 1: [50 (19), 34 (15), 38 (12), 17 (3), 39 (29), 10 (10), 40 (1), 7 (27), 47 (17), 23 (29), 9 (33), 3 (40), 4 (41), 27 (39), 14 (66), 21 (53), 11 (73), 2 (51), 58 (74), 29 (70), 25 (58), 15 (72), 13 (82), 57 (67), 42 (77), 44 (98), 16 (94), 36 (85), 54 (87), 0 (98)]";19774;"Maquina 2: [45 (7), 1 (6), 52 (1), 12 (19), 5 (22), 35 (38), 56 (10), 53 (13), 19 (17), 20 (30), 8 (53), 43 (28), 31 (39), 6 (40), 22 (57), 24 (29), 37 (44), 26 (72), 59 (90), 18 (59), 28 (66), 32 (70), 48 (68), 41 (98), 33 (78), 30 (73), 49 (84), 51 (76), 55 (97), 46 (85)]";19068
GRASP;60;2;39348;3360.0;1000;"Maquina 1: [40 (1), 52 (1), 10 (10), 1 (6), 5 (22), 53 (13), 20 (30), 12 (19), 50 (19), 25 (58), 24 (29), 35 (38), 31 (39), 6 (40), 3 (40), 22 (57), 37 (44), 26 (72), 29 (70), 18 (59), 51 (76), 14 (66), 30 (73), 32 (70), 49 (84), 41 (98), 59 (90), 16 (94), 42 (77), 44 (98)]";19651;"Maquina 2: [38 (12), 17 (3), 56 (10), 34 (15), 45 (7), 23 (29), 47 (17), 19 (17), 7 (27), 28 (66), 39 (29), 27 (39), 9 (33), 4 (41), 2 (51), 33 (78), 8 (53), 43 (28), 57 (67), 48 (68), 21 (53), 11 (73), 58 (74), 15 (72), 13 (82), 54 (87), 46 (85), 0 (98), 36 (85), 55 (97)]";19697
LNS;60;2;38842;601.0;1000;"Maquina 1: [50 (19), 34 (15), 38 (12), 17 (3), 39 (29), 10 (10), 40 (1), 7 (27), 47 (17), 23 (29), 9 (33), 3 (40), 4 (41), 27 (39), 14 (66), 21 (53), 11 (73), 2 (51), 58 (74), 29 (70), 25 (58), 15 (72), 13 (82), 57 (67), 42 (77), 44 (98), 16 (94), 36 (85), 54 (87), 0 (98)]";19774;"Maquina 2: [45 (7), 1 (6), 52 (1), 12 (19), 5 (22), 35 (38), 56 (10), 53 (13), 19 (17), 20 (30), 8 (53), 43 (28), 31 (39), 6 (40), 22 (57), 24 (29), 37 (44), 26 (72), 59 (90), 18 (59), 28 (66), 32 (70), 48 (68), 41 (98), 33 (78), 30 (73), 49 (84), 51 (76), 55 (97), 46 (85)]";19068
TABÚ;60;2;38403;917.0;1000;"Maquina 1: [40 (1), 52 (1), 17 (3), 19 (17), 21 (53), 23 (29), 43 (28), 34 (15), 24 (29), 9 (33), 3 (40), 28 (66), 39 (29), 27 (39), 6 (40), 25 (58), 18 (59), 20 (30), 26 (72), 22 (57), 14 (66), 48 (68), 13 (82), 49 (84), 30 (73), 44 (98), 46 (85), 59 (90), 16 (94), 41 (98)]";19807;"Maquina 2: [10 (10), 45 (7), 1 (6), 38 (12), 12 (19), 50 (19), 47 (17), 53 (13), 5 (22), 35 (38), 56 (10), 4 (41), 2 (51), 7 (27), 8 (53), 29 (70), 31 (39), 37 (44), 58 (74), 42 (77), 11 (73), 15 (72), 57 (67), 54 (87), 32 (70), 51 (76), 36 (85), 33 (78), 0 (98), 55 (97)]";18596
VNS;60;2;37370;59873.0;1000;"Maquina 1: [24 (29), 50 (19), 34 (15), 45 (7), 39 (29), 40 (1), 7 (27), 23 (29), 9 (33), 3 (40), 38 (12), 4 (41), 27 (39), 14 (66), 21 (53), 18 (59), 11 (73), 2 (51), 51 (76), 29 (70), 25 (58), 13 (82), 57 (67), 42 (77), 44 (98), 0 (98), 36 (85), 55 (97), 46 (85)]";18496;"Maquina 2: [17 (3), 1 (6), 52 (1), 47 (17), 12 (19), 5 (22), 35 (38), 10 (10), 56 (10), 53 (13), 19 (17), 20 (30), 8 (53), 43 (28), 31 (39), 6 (40), 22 (57), 37 (44), 26 (72), 59 (90), 15 (72), 28 (66), 32 (70), 48 (68), 41 (98), 33 (78), 30 (73), 49 (84), 16 (94), 58 (74), 54 (87)]";18874
Multiarranque;60;2;37300;5568.0;1000;"Maquina 1: [56 (10), 34 (15), 43 (28), 52 (1), 38 (12), 50 (19), 40 (1), 4 (41), 47 (17), 19 (17), 7 (27), 31 (39), 6 (40), 21 (53), 49 (84), 24 (29), 35 (38), 25 (58), 42 (77), 15 (72), 18 (59), 11 (73), 2 (51), 32 (70), 51 (76), 33 (78), 46 (85), 48 (68), 44 (98), 0 (98), 55 (97)]";19652;"Maquina 2: [1 (6), 17 (3), 12 (19), 5 (22), 53 (13), 20 (30), 45 (7), 39 (29), 10 (10), 23 (29), 9 (33), 3 (40), 22 (57), 27 (39), 14 (66), 36 (85), 57 (67), 28 (66), 13 (82), 37 (44), 26 (72), 8 (53), 29 (70), 58 (74), 54 (87), 30 (73), 16 (94), 41 (98), 59 (90)]";17648
GREEDY;60;2;51312;1.0;1;"Maquina 1: [17 (35), 57 (15), 3 (15), 50 (1), 30 (69), 47 (51), 5 (5), 26 (40), 18 (27), 29 (32), 51 (49), 16 (18), 21 (50), 20 (21), 13 (39), 34 (70), 44 (50), 56 (53), 46 (61), 14 (94), 28 (81), 24 (78), 10 (72), 27 (83), 42 (80), 40 (55), 33 (89), 7 (92), 23 (88), 22 (99)]";26511;"Maquina 2: [43 (28), 58 (25), 59 (4), 9 (15), 2 (42), 19 (17), 53 (10), 36 (51), 12 (25), 35 (36), 0 (19), 49 (32), 6 (61), 32 (44), 54 (54), 25 (82), 15 (89), 55 (39), 31 (66), 39 (59), 41 (50), 38 (91), 48 (72), 37 (53), 4 (72), 45 (80), 1 (84), 52 (79), 11 (94), 8 (98)]";24801
GRASP;60;2;50510;3304.0;1000;"Maquina 1: [19 (17), 50 (1), 32 (44), 35 (36), 5 (5), 18 (27), 43 (28), 12 (25), 59 (4), 14 (94), 20 (21), 6 (61), 0 (19), 10 (72), 21 (50), 39 (59), 2 (42), 41 (50), 1 (84), 56 (53), 46 (61), 45 (80), 37 (53), 4 (72), 52 (79), 25 (82), 48 (72), 30 (69), 11 (94), 33 (89), 7 (92)]";26283;"Maquina 2: [3 (15), 53 (10), 9 (15), 17 (35), 57 (15), 49 (32), 54 (54), 55 (39), 58 (25), 13 (39), 31 (66), 36 (51), 44 (50), 29 (32), 51 (49), 34 (70), 16 (18), 47 (51), 42 (80), 27 (83), 24 (78), 28 (81), 8 (98), 23 (88), 26 (40), 22 (99), 15 (89), 40 (55), 38 (91)]";24227
LNS;60;2;50569;578.0;1000;"Maquina 1: [17 (35), 57 (15), 3 (15), 50 (1), 30 (69), 47 (51), 5 (5), 26 (40), 18 (27), 29 (32), 51 (49), 16 (18), 21 (50), 10 (72), 13 (39), 20 (21), 44 (50), 56 (53), 46 (61), 14 (94), 28 (81), 24 (78), 34 (70), 27 (83), 42 (80), 40 (55), 33 (89), 7 (92), 23 (88), 22 (99)]";25856;"Maquina 2: [43 (28), 58 (25), 59 (4), 9 (15), 2 (42), 19 (17), 53 (10), 36 (51), 12 (25), 35 (36), 0 (19), 49 (32), 6 (61), 32 (44), 54 (54), 25 (82), 15 (89), 55 (39), 31 (66), 39 (59), 41 (50), 1 (84), 11 (94), 37 (53), 4 (72), 45 (80), 38 (91), 52 (79), 48 (72), 8 (98)]";24713
TABÚ;60;2;47660;899.0;1000;"Maquina 1: [50 (1), 32 (44), 26 (40), 53 (10), 36 (51), 12 (25), 35 (36), 0 (19), 42 (80), 24 (78), 46 (61), 28 (81), 47 (51), 29 (32), 6 (61), 16 (18), 31 (66), 13 (39), 22 (99), 44 (50), 2 (42), 40 (55), 14 (94), 48 (72), 38 (91), 15 (89), 30 (69), 11 (94)]";23273;"Maquina 2: [19 (17), 3 (15), 5 (5), 43 (28), 58 (25), 18 (27), 54 (54), 59 (4), 49 (32), 56 (53), 10 (72), 9 (15), 57 (15), 55 (39), 17 (35), 20 (21), 21 (50), 51 (49), 34 (70), 37 (53), 41 (50), 1 (84), 39 (59), 23 (88), 25 (82), 52 (79), 4 (72), 33 (89), 7 (92), 45 (80), 8 (98), 27 (83)]";24387
VNS;60;2;48221;41538.0;1000;"Maquina 1: [17 (35), 57 (15), 19 (17), 50 (1), 30 (69), 47 (51), 5 (5), 18 (27), 51 (49), 16 (18), 21 (50), 10 (72), 13 (39), 34 (70), 44 (50), 56 (53), 46 (61), 28 (81), 8 (98), 4 (72), 20 (21), 42 (80), 27 (83), 22 (99), 52 (79), 33 (89), 7 (92), 1 (84), 11 (94)]";23481;"Maquina 2: [29 (32), 43 (28), 58 (25), 59 (4), 9 (15), 2 (42), 3 (15), 53 (10), 36 (51), 12 (25), 35 (36), 0 (19), 49 (32), 6 (61), 32 (44), 54 (54), 25 (82), 15 (89), 55 (39), 31 (66), 39 (59), 24 (78), 41 (50), 14 (94), 40 (55), 37 (53), 26 (40), 23 (88), 48 (72), 45 (80), 38 (91)]";24740
Multiarranque;60;2;46835;5649.0;1000;"Maquina 1: [55 (39), 17 (35), 57 (15), 32 (44), 44 (50), 2 (42), 3 (15), 5 (5), 18 (27), 41 (50), 16 (18), 37 (53), 26 (40), 39 (59), 35 (36), 29 (32), 1 (84), 24 (78), 31 (66), 4 (72), 20 (21), 52 (79), 33 (89), 7 (92), 15 (89), 23 (88), 48 (72), 8 (98), 25 (82)]";21772;"Maquina 2: [50 (1), 58 (25), 53 (10), 9 (15), 19 (17), 43 (28), 12 (25), 59 (4), 49 (32), 21 (50), 30 (69), 51 (49), 6 (61), 0 (19), 10 (72), 13 (39), 34 (70), 11 (94), 36 (51), 54 (54), 47 (51), 56 (53), 46 (61), 14 (94), 28 (81), 45 (80), 38 (91), 40 (55), 22 (99), 27 (83), 42 (80)]";25063
GREEDY;60;2;36029;1.0;1;"Maquina 1: [55 (14), 29 (3), 23 (8), 4 (1), 21 (12), 1 (23), 19 (10), 54 (38), 5 (22), 16 (28), 48 (29), 2 (36), 13 (41), 58 (21), 26 (42), 33 (37), 12 (47), 35 (43), 28 (55), 30 (64), 22 (73), 47 (66), 49 (78), 17 (65), 41 (68), 10 (98), 20 (70), 27 (81), 43 (87), 14 (93)]";17356;"Maquina 2: [38 (7), 24 (3), 6 (15), 57 (7), 3 (16), 59 (21), 11 (25), 7 (11), 25 (30), 39 (36), 42 (22), 31 (52), 53 (37), 46 (41), 50 (44), 44 (29), 52 (67), 56 (38), 18 (76), 45 (69), 8 (43), 9 (65), 0 (84), 37 (79), 40 (63), 32 (72), 36 (92), 34 (65), 51 (99), 15 (97)]";18673
GRASP;60;2;34282;3337.0;1000;"Maquina 1: [24 (3), 4 (1), 38 (7), 50 (44), 55 (14), 6 (15), 19 (10), 54 (38), 59 (21), 33 (37), 57 (7), 48 (29), 1 (23), 26 (42), 39 (36), 44 (29), 40 (63), 46 (41), 47 (66), 45 (69), 41 (68), 28 (55), 52 (67), 27 (81), 22 (73), 0 (84), 37 (79), 43 (87), 49 (78), 15 (97)]";16614;"Maquina 2: [21 (12), 16 (28), 23 (8), 3 (16), 58 (21), 7 (11), 29 (3), 11 (25), 2 (36), 25 (30), 5 (22), 12 (47), 13 (41), 42 (22), 35 (43), 53 (37), 8 (43), 56 (38), 18 (76), 17 (65), 30 (64), 9 (65), 31 (52), 32 (72), 20 (70), 34 (65), 14 (93), 36 (92), 51 (99), 10 (98)]";17668
LNS;60;2;35921;614.0;1000;"Maquina 1: [55 (14), 29 (3), 23 (8), 4 (1), 48 (29), 1 (23), 19 (10), 2 (36), 5 (22), 16 (28), 21 (12), 54 (38), 13 (41), 58 (21), 26 (42), 33 (37), 12 (47), 35 (43), 28 (55), 30 (64), 22 (73), 47 (66), 49 (78), 17 (65), 41 (68), 10 (98), 20 (70), 27 (81), 43 (87), 14 (93)]";17248;"Maquina 2: [38 (7), 24 (3), 6 (15), 57 (7), 3 (16), 59 (21), 11 (25), 7 (11), 25 (30), 39 (36), 42 (22), 31 (52), 53 (37), 46 (41), 50 (44), 44 (29), 52 (67), 56 (38), 18 (76), 45 (69), 8 (43), 9 (65), 0 (84), 37 (79), 40 (63), 32 (72), 36 (92), 34 (65), 51 (99), 15 (97)]";18673
TABÚ;60;2;34662;910.0;1000;"Maquina 1: [55 (14), 57 (7), 24 (3), 16 (28), 21 (12), 25 (30), 29 (3), 2 (36), 42 (22), 3 (16), 5 (22), 31 (52), 26 (42), 39 (36), 44 (29), 13 (41), 46 (41), 47 (66), 45 (69), 8 (43), 56 (38), 18 (76), 17 (65), 9 (65), 0 (84), 52 (67), 43 (87), 37 (79), 10 (98), 15 (97)]";17089;"Maquina 2: [4 (1), 38 (7), 23 (8), 58 (21), 7 (11), 1 (23), 48 (29), 6 (15), 19 (10), 54 (38), 59 (21), 33 (37), 53 (37), 12 (47), 35 (43), 40 (63), 11 (25), 50 (44), 28 (55), 34 (65), 30 (64), 41 (68), 32 (72), 20 (70), 27 (81), 22 (73), 49 (78), 14 (93), 36 (92), 51 (99)]";17573
VNS;60;2;34744;42954.0;1000;"Maquina 1: [55 (14), 29 (3), 23 (8), 3 (16), 54 (38), 2 (36), 19 (10), 24 (3), 16 (28), 48 (29), 1 (23), 13 (41), 42 (22), 58 (21), 26 (42), 12 (47), 35 (43), 32 (72), 28 (55), 30 (64), 22 (73), 49 (78), 17 (65), 41 (68), 10 (98), 20 (70), 34 (65), 27 (81), 43 (87), 15 (97)]";17840;"Maquina 2: [38 (7), 21 (12), 6 (15), 57 (7), 4 (1), 59 (21), 11 (25), 7 (11), 25 (30), 5 (22), 33 (37), 39 (36), 31 (52), 53 (37), 46 (41), 47 (66), 50 (44), 44 (29), 52 (67), 56 (38), 18 (76), 45 (69), 8 (43), 9 (65), 0 (84), 37 (79), 40 (63), 36 (92), 51 (99), 14 (93)]";16904
Multiarranque;60;2;34434;5767.0;1000;"Maquina 1: [57 (7), 55 (14), 25 (30), 58 (21), 4 (1), 3 (16), 5 (22), 16 (28), 33 (37), 42 (22), 13 (41), 39 (36), 44 (29), 56 (38), 28 (55), 30 (64), 41 (68), 50 (44), 40 (63), 18 (76), 47 (66), 45 (69), 34 (65), 27 (81), 43 (87), 9 (65), 14 (93), 36 (92), 10 (98)]";17471;"Maquina 2: [19 (10), 59 (21), 29 (3), 23 (8), 48 (29), 1 (23), 7 (11), 24 (3), 21 (12), 6 (15), 38 (7), 11 (25), 46 (41), 2 (36), 54 (38), 52 (67), 53 (37), 8 (43), 31 (52), 26 (42), 20 (70), 12 (47), 35 (43), 32 (72), 49 (78), 17 (65), 0 (84), 37 (79), 22 (73), 15 (97), 51 (99)]";16963
GREEDY;60;2;49793;1.0;1;"Maquina 1: [40 (2), 35 (24), 29 (10), 55 (23), 39 (19), 34 (7), 20 (62), 58 (30), 14 (22), 12 (48), 0 (42), 4 (34), 50 (24), 56 (39), 47 (40), 9 (50), 27 (52), 11 (67), 57 (68), 52 (63), 23 (94), 54 (54), 6 (65), 16 (69), 48 (89), 21 (90), 59 (76), 15 (85), 24 (91), 8 (74), 31 (98)]";25830;"Maquina 2: [13 (25), 41 (6), 7 (69), 5 (31), 3 (17), 25 (10), 22 (63), 42 (21), 18 (27), 33 (68), 49 (23), 38 (40), 30 (54), 37 (41), 1 (90), 51 (51), 2 (38), 10 (84), 44 (85), 28 (43), 43 (94), 19 (24), 32 (70), 45 (93), 17 (75), 53 (64), 26 (90), 36 (59), 46 (65)]";23963
GRASP;60;2;49271;3317.0;1000;"Maquina 1: [25 (10), 50 (24), 11 (67), 40 (2), 35 (24), 42 (21), 33 (68), 55 (23), 38 (40), 0 (42), 4 (34), 37 (41), 36 (59), 24 (91), 27 (52), 49 (23), 6 (65), 12 (48), 5 (31), 53 (64), 51 (51), 17 (75), 46 (65), 16 (69), 44 (85), 45 (93), 15 (85), 23 (94), 48 (89)]";25045;"Maquina 2: [39 (19), 34 (7), 13 (25), 41 (6), 20 (62), 3 (17), 29 (10), 19 (24), 59 (76), 47 (40), 58 (30), 14 (22), 9 (50), 18 (27), 7 (69), 2 (38), 56 (39), 28 (43), 26 (90), 54 (54), 31 (98), 52 (63), 57 (68), 8 (74), 32 (70), 21 (90), 1 (90), 22 (63), 30 (54), 43 (94), 10 (84)]";24226
LNS;60;2;49496;576.0;1000;"Maquina 1: [40 (2), 35 (24), 29 (10), 55 (23), 39 (19), 34 (7), 20 (62), 58 (30), 14 (22), 12 (48), 0 (42), 4 (34), 50 (24), 56 (39), 47 (40), 9 (50), 27 (52), 11 (67), 57 (68), 52 (63), 23 (94), 54 (54), 6 (65), 16 (69), 48 (89), 21 (90), 59 (76), 15 (85), 24 (91), 8 (74), 31 (98)]";25830;"Maquina 2: [13 (25), 41 (6), 7 (69), 5 (31), 3 (17), 25 (10), 22 (63), 42 (21), 18 (27), 33 (68), 49 (23), 38 (40), 10 (84), 37 (41), 1 (90), 51 (51), 2 (38), 30 (54), 44 (85), 28 (43), 43 (94), 19 (24), 32 (70), 36 (59), 17 (75), 53 (64), 26 (90), 45 (93), 46 (65)]";23666
TABÚ;60;2;48658;908.0;1000;"Maquina 1: [29 (10), 13 (25), 55 (23), 39 (19), 34 (7), 41 (6), 4 (34), 36 (59), 42 (21), 0 (42), 49 (23), 30 (54), 18 (27), 50 (24), 47 (40), 52 (63), 6 (65), 16 (69), 22 (63), 8 (74), 26 (90), 51 (51), 54 (54), 33 (68), 59 (76), 15 (85), 46 (65), 45 (93), 23 (94), 48 (89), 21 (90)]";24965;"Maquina 2: [5 (31), 3 (17), 25 (10), 35 (24), 40 (2), 19 (24), 32 (70), 14 (22), 37 (41), 27 (52), 7 (69), 11 (67), 2 (38), 12 (48), 56 (39), 28 (43), 53 (64), 38 (40), 9 (50), 43 (94), 58 (30), 17 (75), 20 (62), 57 (68), 1 (90), 10 (84), 44 (85), 31 (98), 24 (91)]";23693
VNS;60;2;47268;61956.0;1000;"Maquina 1: [40 (2), 19 (24), 29 (10), 30 (54), 34 (7), 20 (62), 54 (54), 58 (30), 14 (22), 12 (48), 0 (42), 4 (34), 50 (24), 56 (39), 47 (40), 27 (52), 11 (67), 57 (68), 52 (63), 23 (94), 36 (59), 6 (65), 16 (69), 48 (89), 21 (90), 59 (76), 15 (85), 46 (65), 8 (74), 31 (98)]";24539;"Maquina 2: [55 (23), 41 (6), 7 (69), 5 (31), 3 (17), 25 (10), 39 (19), 22 (63), 35 (24), 42 (21), 9 (50), 18 (27), 33 (68), 49 (23), 38 (40), 13 (25), 37 (41), 1 (90), 51 (51), 2 (38), 10 (84), 44 (85), 28 (43), 43 (94), 32 (70), 45 (93), 17 (75), 53 (64), 24 (91), 26 (90)]";22729
Multiarranque;60;2;45986;5596.0;1000;"Maquina 1: [40 (2), 35 (24), 58 (30), 5 (31), 42 (21), 14 (22), 49 (23), 30 (54), 18 (27), 55 (23), 44 (85), 50 (24), 56 (39), 28 (43), 20 (62), 4 (34), 37 (41), 8 (74), 26 (90), 51 (51), 7 (69), 10 (84), 32 (70), 48 (89), 21 (90), 17 (75), 31 (98), 43 (94), 24 (91)]";22443;"Maquina 2: [25 (10), 29 (10), 13 (25), 3 (17), 39 (19), 34 (7), 2 (38), 12 (48), 19 (24), 0 (42), 41 (6), 6 (65), 16 (69), 53 (64), 38 (40), 36 (59), 27 (52), 11 (67), 57 (68), 54 (54), 33 (68), 9 (50), 59 (76), 47 (40), 52 (63), 23 (94), 1 (90), 15 (85), 46 (65), 22 (63), 45 (93)]";23543
GREEDY;60;2;48423;1.0;1;"Maquina 1: [48 (15), 13 (1), 24 (20), 14 (15), 1 (37), 16 (34), 53 (14), 15 (30), 23 (9), 59 (39), 7 (18), 29 (29), 27 (81), 40 (55), 36 (44), 20 (41), 30 (68), 17 (46), 52 (71), 32 (57), 51 (75), 5 (52), 44 (89), 6 (59), 9 (80), 49 (86), 3 (77), 43 (92), 37 (98), 28 (95)]";24407;"Maquina 2: [45 (33), 38 (15), 12 (4), 4 (12), 8 (20), 22 (42), 31 (12), 18 (32), 41 (52), 19 (17), 35 (34), 33 (38), 0 (41), 56 (24), 39 (51), 46 (45), 55 (53), 25 (76), 42 (69), 26 (56), 54 (58), 50 (80), 58 (66), 47 (92), 11 (88), 21 (77), 34 (85), 2 (74), 10 (91), 57 (95)]";24016
GRASP;60;2;43469;3312.0;1000;"Maquina 1: [12 (4), 56 (24), 23 (9), 31 (12), 14 (15), 53 (14), 18 (32), 19 (17), 35 (34), 33 (38), 7 (18), 26 (56), 54 (58), 39 (51), 36 (44), 49 (86), 0 (41), 55 (53), 17 (46), 51 (75), 28 (95), 6 (59), 58 (66), 30 (68), 9 (80), 21 (77), 11 (88), 37 (98), 2 (74), 10 (91)]";22159;"Maquina 2: [15 (30), 38 (15), 48 (15), 13 (1), 24 (20), 45 (33), 29 (29), 41 (52), 4 (12), 16 (34), 8 (20), 20 (41), 46 (45), 1 (37), 32 (57), 59 (39), 5 (52), 52 (71), 22 (42), 3 (77), 40 (55), 25 (76), 42 (69), 27 (81), 50 (80), 44 (89), 34 (85), 43 (92), 57 (95), 47 (92)]";21310
LNS;60;2;46917;598.0;1000;"Maquina 1: [48 (15), 13 (1), 24 (20), 5 (52), 1 (37), 16 (34), 53 (14), 23 (9), 15 (30), 59 (39), 7 (18), 29 (29), 27 (81), 40 (55), 36 (44), 20 (41), 30 (68), 17 (46), 52 (71), 32 (57), 51 (75), 14 (15), 44 (89), 6 (59), 9 (80), 49 (86), 3 (77), 43 (92), 37 (98), 28 (95)]";23922;"Maquina 2: [45 (33), 38 (15), 22 (42), 4 (12), 8 (20), 12 (4), 31 (12), 18 (32), 41 (52), 19 (17), 35 (34), 33 (38), 0 (41), 56 (24), 39 (51), 46 (45), 55 (53), 25 (76), 42 (69), 26 (56), 54 (58), 11 (88), 58 (66), 47 (92), 50 (80), 21 (77), 34 (85), 2 (74), 10 (91), 57 (95)]";22995
TABÚ;60;2;44614;899.0;1000;"Maquina 1: [31 (12), 48 (15), 14 (15), 53 (14), 13 (1), 24 (20), 46 (45), 19 (17), 16 (34), 20 (41), 30 (68), 39 (51), 36 (44), 45 (33), 59 (39), 3 (77), 7 (18), 1 (37), 32 (57), 42 (69), 26 (56), 9 (80), 49 (86), 25 (76), 27 (81), 10 (91), 44 (89), 43 (92), 2 (74), 47 (92)]";22442;"Maquina 2: [8 (20), 15 (30), 12 (4), 56 (24), 23 (9), 18 (32), 38 (15), 22 (42), 5 (52), 29 (29), 41 (52), 4 (12), 0 (41), 35 (34), 33 (38), 17 (46), 52 (71), 40 (55), 58 (66), 54 (58), 50 (80), 55 (53), 51 (75), 28 (95), 6 (59), 21 (77), 37 (98), 34 (85), 11 (88), 57 (95)]";22172
VNS;60;2;44954;54125.0;1000;"Maquina 1: [13 (1), 24 (20), 5 (52), 1 (37), 16 (34), 14 (15), 53 (14), 15 (30), 59 (39), 3 (77), 7 (18), 29 (29), 27 (81), 40 (55), 36 (44), 20 (41), 30 (68), 17 (46), 52 (71), 22 (42), 51 (75), 28 (95), 2 (74), 6 (59), 26 (56), 9 (80), 10 (91), 47 (92), 37 (98)]";22950;"Maquina 2: [45 (33), 38 (15), 12 (4), 4 (12), 8 (20), 32 (57), 31 (12), 48 (15), 0 (41), 35 (34), 41 (52), 19 (17), 18 (32), 33 (38), 23 (9), 56 (24), 39 (51), 46 (45), 55 (53), 25 (76), 42 (69), 54 (58), 50 (80), 21 (77), 34 (85), 11 (88), 58 (66), 43 (92), 44 (89), 49 (86), 57 (95)]";22004
Multiarranque;60;2;43309;5518.0;1000;"Maquina 1: [7 (18), 53 (14), 13 (1), 24 (20), 23 (9), 35 (34), 33 (38), 45 (33), 17 (46), 29 (29), 4 (12), 55 (53), 41 (52), 19 (17), 9 (80), 59 (39), 36 (44), 20 (41), 30 (68), 51 (75), 0 (41), 50 (80), 49 (86), 25 (76), 58 (66), 32 (57), 44 (89), 47 (92), 28 (95), 43 (92), 57 (95)]";22520;"Maquina 2: [48 (15), 56 (24), 12 (4), 31 (12), 18 (32), 8 (20), 15 (30), 38 (15), 16 (34), 14 (15), 22 (42), 39 (51), 21 (77), 1 (37), 2 (74), 6 (59), 26 (56), 54 (58), 52 (71), 3 (77), 40 (55), 46 (45), 11 (88), 42 (69), 5 (52), 10 (91), 34 (85), 37 (98), 27 (81)]";20789
GREEDY;60;2;42741;1.0;1;"Maquina 1: [42 (11), 57 (7), 28 (15), 22 (32), 37 (6), 55 (3), 10 (36), 36 (9), 2 (17), 51 (58), 6 (39), 56 (21), 18 (42), 27 (37), 0 (34), 46 (64), 34 (77), 26 (44), 19 (49), 25 (62), 3 (48), 49 (66), 47 (94), 43 (62), 33 (69), 48 (82), 52 (91), 41 (97), 9 (90), 5 (79)]";20420;"Maquina 2: [24 (8), 32 (21), 53 (11), 39 (5), 14 (29), 45 (7), 4 (16), 54 (48), 58 (33), 29 (39), 15 (38), 30 (10), 23 (36), 8 (43), 12 (65), 20 (60), 35 (34), 7 (47), 50 (62), 13 (94), 44 (55), 40 (77), 31 (62), 21 (73), 59 (67), 11 (81), 17 (89), 16 (96), 1 (91), 38 (98)]";22321
GRASP;60;2;41088;3282.0;1000;"Maquina 1: [28 (15), 39 (5), 36 (9), 42 (11), 53 (11), 18 (42), 30 (10), 55 (3), 4 (16), 14 (29), 35 (34), 0 (34), 40 (77), 7 (47), 32 (21), 20 (60), 6 (39), 51 (58), 59 (67), 25 (62), 16 (96), 44 (55), 54 (48), 11 (81), 31 (62), 33 (69), 48 (82), 34 (77), 1 (91), 47 (94), 41 (97)]";21245;"Maquina 2: [22 (32), 37 (6), 57 (7), 58 (33), 2 (17), 24 (8), 45 (7), 56 (21), 10 (36), 19 (49), 23 (36), 27 (37), 29 (39), 15 (38), 8 (43), 26 (44), 49 (66), 3 (48), 17 (89), 43 (62), 50 (62), 46 (64), 21 (73), 12 (65), 38 (98), 5 (79), 13 (94), 9 (90), 52 (91)]";19843
LNS;60;2;42564;616.0;1000;"Maquina 1: [42 (11), 57 (7), 28 (15), 22 (32), 37 (6), 55 (3), 10 (36), 36 (9), 2 (17), 51 (58), 6 (39), 56 (21), 18 (42), 27 (37), 0 (34), 46 (64), 34 (77), 26 (44), 19 (49), 25 (62), 3 (48), 49 (66), 47 (94), 43 (62), 33 (69), 48 (82), 52 (91), 41 (97), 9 (90), 5 (79)]";20420;"Maquina 2: [24 (8), 32 (21), 53 (11), 39 (5), 14 (29), 45 (7), 4 (16), 54 (48), 58 (33), 29 (39), 15 (38), 30 (10), 7 (47), 8 (43), 12 (65), 20 (60), 35 (34), 23 (36), 50 (62), 13 (94), 44 (55), 40 (77), 59 (67), 21 (73), 17 (89), 11 (81), 31 (62), 16 (96), 1 (91), 38 (98)]";22144
TABÚ;60;2;40603;893.0;1000;"Maquina 1: [56 (21), 39 (5), 36 (9), 42 (11), 30 (10), 4 (16), 55 (3), 59 (67), 45 (7), 14 (29), 58 (33), 0 (34), 15 (38), 12 (65), 35 (34), 23 (36), 54 (48), 7 (47), 43 (62), 50 (62), 44 (55), 3 (48), 16 (96), 33 (69), 48 (82), 17 (89), 52 (91), 34 (77), 11 (81), 1 (91), 13 (94)]";20921;"Maquina 2: [37 (6), 57 (7), 28 (15), 22 (32), 53 (11), 18 (42), 32 (21), 2 (17), 24 (8), 6 (39), 10 (36), 40 (77), 19 (49), 27 (37), 29 (39), 8 (43), 26 (44), 20 (60), 25 (62), 51 (58), 31 (62), 21 (73), 41 (97), 9 (90), 5 (79), 38 (98), 46 (64), 49 (66), 47 (94)]";19682
VNS;60;2;41069;62801.0;1000;"Maquina 1: [58 (33), 42 (11), 57 (7), 28 (15), 22 (32), 37 (6), 55 (3), 10 (36), 36 (9), 2 (17), 6 (39), 56 (21), 18 (42), 27 (37), 46 (64), 34 (77), 26 (44), 19 (49), 23 (36), 25 (62), 40 (77), 49 (66), 47 (94), 43 (62), 33 (69), 17 (89), 52 (91), 38 (98), 5 (79), 11 (81)]";20019;"Maquina 2: [24 (8), 32 (21), 0 (34), 53 (11), 39 (5), 14 (29), 45 (7), 4 (16), 54 (48), 30 (10), 29 (39), 15 (38), 8 (43), 12 (65), 20 (60), 35 (34), 7 (47), 51 (58), 50 (62), 13 (94), 44 (55), 3 (48), 31 (62), 21 (73), 9 (90), 59 (67), 48 (82), 41 (97), 16 (96), 1 (91)]";21050
Multiarranque;60;2;39707;5589.0;1000;"Maquina 1: [28 (15), 39 (5), 36 (9), 56 (21), 30 (10), 4 (16), 57 (7), 35 (34), 7 (47), 22 (32), 10 (36), 9 (90), 15 (38), 50 (62), 0 (34), 25 (62), 3 (48), 40 (77), 49 (66), 43 (62), 18 (42), 6 (39), 11 (81), 17 (89), 52 (91), 41 (97), 47 (94), 46 (64), 38 (98)]";19406;"Maquina 2: [37 (6), 55 (3), 24 (8), 32 (21), 45 (7), 42 (11), 53 (11), 29 (39), 19 (49), 2 (17), 23 (36), 27 (37), 14 (29), 58 (33), 54 (48), 8 (43), 26 (44), 20 (60), 44 (55), 51 (58), 59 (67), 21 (73), 31 (62), 33 (69), 48 (82), 34 (77), 1 (91), 13 (94), 5 (79), 12 (65), 16 (96)]";20301
GREEDY;60;2;47595;1.0;1;"Maquina 1: [0 (3), 20 (23), 59 (15), 41 (46), 14 (37), 31 (22), 36 (33), 32 (51), 18 (28), 7 (35), 5 (40), 3 (31), 34 (7), 2 (43), 17 (64), 25 (42), 8 (60), 29 (65), 9 (50), 23 (69), 33 (66), 4 (65), 44 (77), 38 (70), 21 (56), 58 (93), 52 (67), 28 (83), 26 (72), 11 (96)]";23372;"Maquina 2: [1 (41), 10 (33), 24 (6), 40 (53), 55 (14), 13 (18), 15 (23), 45 (35), 6 (11), 12 (70), 37 (29), 49 (33), 56 (37), 22 (51), 48 (38), 46 (58), 27 (61), 42 (65), 57 (81), 50 (44), 35 (64), 51 (47), 53 (70), 47 (66), 19 (65), 54 (68), 39 (77), 16 (85), 43 (94), 30 (99)]";24223
GRASP;60;2;45991;3295.0;1000;"Maquina 1: [13 (18), 0 (3), 20 (23), 36 (33), 6 (11), 7 (35), 10 (33), 34 (7), 45 (35), 5 (40), 18 (28), 50 (44), 48 (38), 22 (51), 29 (65), 1 (41), 9 (50), 33 (66), 17 (64), 54 (68), 21 (56), 26 (72), 35 (64), 27 (61), 42 (65), 43 (94), 28 (83), 53 (70), 44 (77), 30 (99), 11 (96)]";23991;"Maquina 2: [59 (15), 24 (6), 40 (53), 55 (14), 37 (29), 49 (33), 31 (22), 15 (23), 8 (60), 56 (37), 3 (31), 25 (42), 47 (66), 41 (46), 14 (37), 12 (70), 52 (67), 51 (47), 32 (51), 46 (58), 2 (43), 19 (65), 23 (69), 39 (77), 38 (70), 4 (65), 57 (81), 16 (85), 58 (93)]";22000
LNS;60;2;46206;593.0;1000;"Maquina 1: [0 (3), 20 (23), 59 (15), 41 (46), 14 (37), 31 (22), 36 (33), 32 (51), 18 (28), 7 (35), 5 (40), 3 (31), 34 (7), 2 (43), 17 (64), 25 (42), 8 (60), 29 (65), 9 (50), 23 (69), 33 (66), 4 (65), 44 (77), 38 (70), 21 (56), 58 (93), 52 (67), 28 (83), 26 (72), 11 (96)]";23372;"Maquina 2: [50 (44), 10 (33), 24 (6), 40 (53), 55 (14), 13 (18), 47 (66), 45 (35), 6 (11), 12 (70), 37 (29), 49 (33), 56 (37), 22 (51), 48 (38), 46 (58), 27 (61), 42 (65), 15 (23), 1 (41), 19 (65), 51 (47), 53 (70), 57 (81), 35 (64), 54 (68), 39 (77), 43 (94), 16 (85), 30 (99)]";22834
TABÚ;60;2;46473;908.0;1000;"Maquina 1: [48 (38), 22 (51), 7 (35), 56 (37), 0 (3), 26 (72), 24 (6), 40 (53), 55 (14), 37 (29), 49 (33), 41 (46), 34 (7), 5 (40), 39 (77), 29 (65), 9 (50), 8 (60), 53 (70), 33 (66), 46 (58), 17 (64), 54 (68), 21 (56), 58 (93), 42 (65), 43 (94), 52 (67), 44 (77), 30 (99)]";23890;"Maquina 2: [6 (11), 15 (23), 36 (33), 20 (23), 59 (15), 13 (18), 14 (37), 1 (41), 19 (65), 10 (33), 51 (47), 18 (28), 27 (61), 3 (31), 31 (22), 12 (70), 2 (43), 4 (65), 16 (85), 25 (42), 47 (66), 45 (35), 32 (51), 35 (64), 28 (83), 57 (81), 38 (70), 50 (44), 23 (69), 11 (96)]";22583
VNS;60;2;45710;47555.0;1000;"Maquina 1: [20 (23), 15 (23), 41 (46), 14 (37), 31 (22), 36 (33), 32 (51), 18 (28), 7 (35), 5 (40), 3 (31), 10 (33), 34 (7), 2 (43), 17 (64), 25 (42), 8 (60), 29 (65), 9 (50), 33 (66), 4 (65), 44 (77), 38 (70), 21 (56), 52 (67), 53 (70), 28 (83), 26 (72), 30 (99)]";21942;"Maquina 2: [24 (6), 40 (53), 55 (14), 13 (18), 0 (3), 45 (35), 6 (11), 12 (70), 37 (29), 49 (33), 56 (37), 22 (51), 48 (38), 46 (58), 27 (61), 42 (65), 57 (81), 59 (15), 50 (44), 23 (69), 35 (64), 51 (47), 47 (66), 1 (41), 19 (65), 54 (68), 39 (77), 16 (85), 58 (93), 11 (96), 43 (94)]";23768
Multiarranque;60;2;44914;5615.0;1000;"Maquina 1: [34 (7), 2 (43), 55 (14), 59 (15), 13 (18), 0 (3), 20 (23), 37 (29), 49 (33), 41 (46), 26 (72), 8 (60), 45 (35), 32 (51), 1 (41), 18 (28), 27 (61), 17 (64), 23 (69), 35 (64), 58 (93), 47 (66), 4 (65), 52 (67), 39 (77), 16 (85), 53 (70), 28 (83), 11 (96), 30 (99)]";22292;"Maquina 2: [6 (11), 7 (35), 10 (33), 24 (6), 40 (53), 3 (31), 50 (44), 36 (33), 14 (37), 46 (58), 31 (22), 15 (23), 56 (37), 5 (40), 29 (65), 9 (50), 48 (38), 22 (51), 21 (56), 19 (65), 51 (47), 25 (42), 42 (65), 44 (77), 38 (70), 57 (81), 54 (68), 33 (66), 43 (94), 12 (70)]";22622
GREEDY;60;2;44151;0.0;1;"Maquina 1: [30 (3), 15 (27), 4 (2), 24 (5), 20 (17), 49 (33), 52 (23), 25 (12), 56 (19), 11 (38), 27 (8), 57 (56), 26 (27), 3 (66), 35 (10), 55 (43), 22 (42), 12 (79), 38 (44), 39 (73), 33 (49), 51 (68), 58 (64), 8 (67), 32 (86), 14 (74), 16 (87), 45 (98), 34 (76), 31 (91), 44 (94)]";22730;"Maquina 2: [28 (4), 47 (18), 6 (27), 21 (27), 19 (3), 2 (6), 0 (12), 46 (8), 41 (23), 43 (16), 23 (29), 1 (74), 53 (33), 37 (49), 36 (39), 59 (75), 40 (45), 7 (51), 10 (65), 17 (71), 9 (89), 5 (98), 18 (78), 54 (67), 50 (81), 13 (66), 29 (94), 48 (43), 42 (86)]";21421
GRASP;60;2;41409;3314.0;1000;"Maquina 1: [27 (8), 43 (16), 25 (12), 53 (33), 20 (17), 28 (4), 19 (3), 30 (3), 36 (39), 21 (27), 34 (76), 41 (23), 6 (27), 11 (38), 48 (43), 57 (56), 17 (71), 58 (64), 40 (45), 51 (68), 7 (51), 47 (18), 12 (79), 54 (67), 32 (86), 18 (78), 16 (87), 9 (89), 45 (98), 29 (94)]";20743;"Maquina 2: [15 (27), 4 (2), 2 (6), 22 (42), 24 (5), 38 (44), 0 (12), 46 (8), 35 (10), 52 (23), 23 (29), 49 (33), 56 (19), 26 (27), 55 (43), 1 (74), 37 (49), 10 (65), 14 (74), 33 (49), 8 (67), 13 (66), 3 (66), 44 (94), 31 (91), 59 (75), 42 (86), 39 (73), 50 (81), 5 (98)]";20666
LNS;60;2;43901;591.0;1000;"Maquina 1: [30 (3), 15 (27), 4 (2), 24 (5), 20 (17), 49 (33), 52 (23), 25 (12), 56 (19), 11 (38), 27 (8), 57 (56), 26 (27), 3 (66), 35 (10), 55 (43), 22 (42), 12 (79), 38 (44), 39 (73), 33 (49), 51 (68), 58 (64), 8 (67), 32 (86), 14 (74), 16 (87), 45 (98), 34 (76), 31 (91), 44 (94)]";22730;"Maquina 2: [28 (4), 47 (18), 6 (27), 21 (27), 7 (51), 2 (6), 0 (12), 46 (8), 41 (23), 43 (16), 23 (29), 1 (74), 53 (33), 37 (49), 36 (39), 59 (75), 40 (45), 19 (3), 10 (65), 17 (71), 9 (89), 5 (98), 18 (78), 54 (67), 50 (81), 13 (66), 29 (94), 48 (43), 42 (86)]";21171
TABÚ;60;2;42111;899.0;1000;"Maquina 1: [19 (3), 30 (3), 47 (18), 25 (12), 11 (38), 27 (8), 4 (2), 24 (5), 20 (17), 2 (6), 33 (49), 34 (76), 49 (33), 40 (45), 6 (27), 37 (49), 16 (87), 22 (42), 54 (67), 32 (86), 3 (66), 26 (27), 39 (73), 58 (64), 18 (78), 50 (81), 45 (98), 1 (74), 29 (94)]";19289;"Maquina 2: [46 (8), 41 (23), 35 (10), 52 (23), 28 (4), 36 (39), 38 (44), 0 (12), 48 (43), 21 (27), 53 (33), 23 (29), 56 (19), 43 (16), 7 (51), 8 (67), 15 (27), 55 (43), 12 (79), 13 (66), 5 (98), 57 (56), 17 (71), 51 (68), 59 (75), 14 (74), 31 (91), 9 (89), 44 (94), 42 (86), 10 (65)]";22822
VNS;60;2;41193;49105.0;1000;"Maquina 1: [19 (3), 15 (27), 4 (2), 24 (5), 20 (17), 49 (33), 52 (23), 56 (19), 11 (38), 21 (27), 27 (8), 57 (56), 26 (27), 3 (66), 35 (10), 55 (43), 12 (79), 18 (78), 39 (73), 33 (49), 51 (68), 40 (45), 6 (27), 8 (67), 48 (43), 16 (87), 45 (98), 34 (76), 14 (74), 50 (81), 5 (98), 42 (86)]";22283;"Maquina 2: [28 (4), 47 (18), 2 (6), 22 (42), 30 (3), 58 (64), 0 (12), 46 (8), 41 (23), 43 (16), 23 (29), 1 (74), 53 (33), 37 (49), 36 (39), 25 (12), 29 (94), 7 (51), 10 (65), 17 (71), 9 (89), 38 (44), 54 (67), 32 (86), 59 (75), 13 (66), 31 (91), 44 (94)]";18910
Multiarranque;60;2;39447;5652.0;1000;"Maquina 1: [19 (3), 30 (3), 47 (18), 25 (12), 53 (33), 56 (19), 26 (27), 41 (23), 33 (49), 0 (12), 31 (91), 49 (33), 40 (45), 6 (27), 17 (71), 27 (8), 57 (56), 51 (68), 22 (42), 12 (79), 54 (67), 59 (75), 13 (66), 32 (86), 16 (87), 1 (74), 58 (64), 50 (81), 34 (76)]";19297;"Maquina 2: [46 (8), 35 (10), 28 (4), 24 (5), 15 (27), 4 (2), 2 (6), 43 (16), 52 (23), 23 (29), 20 (17), 36 (39), 7 (51), 38 (44), 11 (38), 21 (27), 48 (43), 42 (86), 39 (73), 37 (49), 10 (65), 14 (74), 55 (43), 29 (94), 8 (67), 5 (98), 18 (78), 9 (89), 45 (98), 3 (66), 44 (94)]";20150
GREEDY;60;2;51391;1.0;1;"Maquina 1: [51 (11), 9 (51), 18 (43), 13 (7), 52 (22), 6 (35), 41 (42), 26 (44), 11 (50), 33 (2), 21 (29), 58 (48), 2 (52), 47 (52), 17 (61), 53 (45), 39 (62), 32 (40), 14 (70), 10 (65), 8 (90), 3 (83), 19 (56), 46 (78), 44 (90), 55 (83), 56 (75), 42 (74), 12 (92), 37 (98)]";25358;"Maquina 2: [49 (4), 23 (33), 29 (53), 22 (10), 4 (13), 50 (50), 15 (37), 20 (43), 48 (51), 16 (43), 1 (45), 31 (48), 43 (98), 38 (49), 25 (41), 36 (62), 27 (24), 57 (60), 7 (52), 40 (77), 24 (68), 28 (90), 34 (93), 30 (83), 45 (74), 35 (71), 5 (82), 54 (62), 0 (91), 59 (83)]";26033
GRASP;60;2;49376;3307.0;1000;"Maquina 1: [23 (33), 49 (4), 51 (11), 25 (41), 41 (42), 32 (40), 3 (83), 18 (43), 52 (22), 26 (44), 31 (48), 20 (43), 48 (51), 38 (49), 14 (70), 7 (52), 56 (75), 47 (52), 27 (24), 57 (60), 35 (71), 10 (65), 34 (93), 42 (74), 46 (78), 39 (62), 28 (90), 55 (83), 59 (83)]";23548;"Maquina 2: [6 (35), 22 (10), 13 (7), 33 (2), 2 (52), 4 (13), 9 (51), 15 (37), 16 (43), 29 (53), 19 (56), 36 (62), 21 (29), 58 (48), 45 (74), 50 (50), 11 (50), 53 (45), 40 (77), 24 (68), 17 (61), 5 (82), 54 (62), 37 (98), 30 (83), 0 (91), 1 (45), 44 (90), 43 (98), 12 (92), 8 (90)]";25828
LNS;60;2;51391;606.0;1000;"Maquina 1: [51 (11), 9 (51), 18 (43), 13 (7), 52 (22), 6 (35), 41 (42), 26 (44), 11 (50), 33 (2), 21 (29), 58 (48), 2 (52), 47 (52), 17 (61), 53 (45), 39 (62), 32 (40), 14 (70), 10 (65), 8 (90), 3 (83), 19 (56), 46 (78), 44 (90), 55 (83), 56 (75), 42 (74), 12 (92), 37 (98)]";25358;"Maquina 2: [49 (4), 23 (33), 29 (53), 22 (10), 4 (13), 50 (50), 15 (37), 20 (43), 48 (51), 16 (43), 1 (45), 31 (48), 43 (98), 38 (49), 25 (41), 36 (62), 27 (24), 57 (60), 7 (52), 40 (77), 24 (68), 28 (90), 34 (93), 30 (83), 45 (74), 35 (71), 5 (82), 54 (62), 0 (91), 59 (83)]";26033
TABÚ;60;2;52240;895.0;1000;"Maquina 1: [22 (10), 15 (37), 51 (11), 57 (60), 50 (50), 52 (22), 7 (52), 33 (2), 38 (49), 23 (33), 21 (29), 29 (53), 28 (90), 32 (40), 55 (83), 18 (43), 1 (45), 48 (51), 36 (62), 39 (62), 34 (93), 30 (83), 45 (74), 35 (71), 5 (82), 54 (62), 0 (91), 42 (74), 8 (90), 43 (98)]";26720;"Maquina 2: [6 (35), 41 (42), 13 (7), 20 (43), 4 (13), 25 (41), 49 (4), 24 (68), 27 (24), 11 (50), 16 (43), 47 (52), 53 (45), 59 (83), 2 (52), 26 (44), 9 (51), 31 (48), 58 (48), 19 (56), 46 (78), 44 (90), 17 (61), 37 (98), 10 (65), 40 (77), 3 (83), 12 (92), 56 (75), 14 (70)]";25520
VNS;60;2;49795;76509.0;1000;"Maquina 1: [51 (11), 9 (51), 18 (43), 13 (7), 52 (22), 6 (35), 41 (42), 26 (44), 11 (50), 33 (2), 21 (29), 58 (48), 2 (52), 1 (45), 47 (52), 17 (61), 53 (45), 39 (62), 32 (40), 14 (70), 10 (65), 8 (90), 57 (60), 59 (83), 56 (75), 44 (90), 42 (74), 12 (92), 37 (98), 55 (83)]";24207;"Maquina 2: [49 (4), 23 (33), 29 (53), 22 (10), 4 (13), 50 (50), 15 (37), 20 (43), 48 (51), 16 (43), 31 (48), 46 (78), 38 (49), 19 (56), 25 (41), 36 (62), 27 (24), 3 (83), 7 (52), 24 (68), 28 (90), 34 (93), 30 (83), 45 (74), 35 (71), 5 (82), 54 (62), 0 (91), 40 (77), 43 (98)]";25588
Multiarranque;60;2;49555;5665.0;1000;"Maquina 1: [22 (10), 13 (7), 15 (37), 20 (43), 4 (13), 52 (22), 53 (45), 51 (11), 27 (24), 11 (50), 48 (51), 16 (43), 1 (45), 47 (52), 32 (40), 45 (74), 50 (50), 2 (52), 43 (98), 38 (49), 14 (70), 39 (62), 12 (92), 57 (60), 30 (83), 0 (91), 24 (68), 10 (65), 8 (90), 3 (83), 34 (93)]";24629;"Maquina 2: [33 (2), 25 (41), 42 (74), 18 (43), 49 (4), 23 (33), 21 (29), 58 (48), 6 (35), 41 (42), 26 (44), 19 (56), 36 (62), 9 (51), 54 (62), 31 (48), 17 (61), 5 (82), 46 (78), 29 (53), 44 (90), 7 (52), 40 (77), 35 (71), 56 (75), 28 (90), 55 (83), 37 (98), 59 (83)]";24926
