GREEDY;40;4;7675;8.0;1;"Maquina 1: [7 (5), 27 (16), 0 (3), 23 (29), 21 (51), 26 (18), 16 (40), 10 (65), 20 (55), 11 (90)]";1715;"Maquina 2: [8 (3), 19 (14), 1 (22), 13 (5), 24 (29), 22 (60), 36 (54), 33 (45), 2 (71), 34 (95)]";1917;"Maquina 3: [35 (6), 12 (3), 30 (15), 3 (52), 9 (29), 29 (19), 17 (90), 28 (55), 4 (42), 31 (69)]";1839;"Maquina 4: [25 (10), 37 (4), 38 (16), 6 (31), 5 (49), 39 (27), 14 (55), 15 (81), 18 (61), 32 (99)]";2204
GRASP;40;4;7214;1796.0;1000;"Maquina 1: [9 (29), 26 (18), 35 (6), 8 (3), 0 (3), 5 (49), 18 (61), 22 (60), 15 (81), 32 (99)]";1696;"Maquina 2: [19 (14), 23 (29), 29 (19), 37 (4), 24 (29), 20 (55), 16 (40), 28 (55), 14 (55), 2 (71)]";1968;"Maquina 3: [13 (5), 38 (16), 4 (42), 25 (10), 39 (27), 21 (51), 30 (15), 36 (54), 11 (90), 34 (95)]";1832;"Maquina 4: [7 (5), 27 (16), 12 (3), 1 (22), 3 (52), 31 (69), 6 (31), 10 (65), 33 (45), 17 (90)]";1718
LNS;40;4;7675;84.0;1000;"Maquina 1: [7 (5), 27 (16), 0 (3), 23 (29), 21 (51), 26 (18), 16 (40), 10 (65), 20 (55), 11 (90)]";1715;"Maquina 2: [8 (3), 19 (14), 1 (22), 13 (5), 24 (29), 22 (60), 36 (54), 33 (45), 2 (71), 34 (95)]";1917;"Maquina 3: [35 (6), 12 (3), 30 (15), 3 (52), 9 (29), 29 (19), 17 (90), 28 (55), 4 (42), 31 (69)]";1839;"Maquina 4: [25 (10), 37 (4), 38 (16), 6 (31), 5 (49), 39 (27), 14 (55), 15 (81), 18 (61), 32 (99)]";2204
TABÚ;40;4;7121;433.0;1000;"Maquina 1: [19 (14), 0 (3), 29 (19), 27 (16), 12 (3), 23 (29), 21 (51), 10 (65), 33 (45), 17 (90), 2 (71)]";2008;"Maquina 2: [1 (22), 37 (4), 8 (3), 35 (6), 6 (31), 14 (55), 5 (49), 36 (54), 11 (90), 34 (95)]";1691;"Maquina 3: [7 (5), 25 (10), 16 (40), 28 (55), 38 (16), 4 (42), 22 (60), 15 (81), 32 (99)]";1613;"Maquina 4: [13 (5), 30 (15), 9 (29), 26 (18), 39 (27), 24 (29), 20 (55), 18 (61), 3 (52), 31 (69)]";1809
VNS;40;4;6903;20615.0;1000;"Maquina 1: [37 (4), 7 (5), 27 (16), 0 (3), 19 (14), 6 (31), 23 (29), 21 (51), 10 (65), 2 (71), 34 (95)]";1630;"Maquina 2: [1 (22), 38 (16), 13 (5), 24 (29), 4 (42), 22 (60), 28 (55), 33 (45), 20 (55), 18 (61)]";1947;"Maquina 3: [8 (3), 35 (6), 12 (3), 30 (15), 25 (10), 39 (27), 9 (29), 29 (19), 3 (52), 31 (69), 17 (90), 11 (90)]";1956;"Maquina 4: [26 (18), 14 (55), 5 (49), 36 (54), 16 (40), 15 (81), 32 (99)]";1370
Multiarranque;40;4;7253;1556.0;1000;"Maquina 1: [8 (3), 35 (6), 16 (40), 26 (18), 39 (27), 29 (19), 22 (60), 28 (55), 21 (51), 31 (69)]";1829;"Maquina 2: [0 (3), 38 (16), 13 (5), 25 (10), 6 (31), 23 (29), 14 (55), 4 (42), 2 (71), 34 (95), 11 (90)]";2049;"Maquina 3: [37 (4), 7 (5), 27 (16), 30 (15), 36 (54), 9 (29), 5 (49), 15 (81), 20 (55), 17 (90)]";1711;"Maquina 4: [19 (14), 12 (3), 1 (22), 3 (52), 18 (61), 24 (29), 10 (65), 33 (45), 32 (99)]";1664
GREEDY;40;4;9548;0.0;1;"Maquina 1: [19 (2), 4 (30), 35 (9), 6 (29), 5 (54), 24 (41), 37 (44), 2 (80), 38 (67), 20 (92)]";2350;"Maquina 2: [7 (10), 8 (3), 28 (29), 23 (25), 17 (36), 33 (44), 25 (48), 29 (73), 0 (64), 32 (85), 9 (98)]";2649;"Maquina 3: [1 (4), 10 (25), 16 (44), 3 (35), 21 (28), 11 (58), 26 (45), 36 (72), 39 (90)]";2040;"Maquina 4: [15 (4), 34 (41), 27 (28), 18 (25), 14 (46), 13 (72), 31 (35), 22 (55), 12 (97), 30 (84)]";2509
GRASP;40;4;8601;1346.0;1000;"Maquina 1: [1 (4), 6 (29), 21 (28), 25 (48), 5 (54), 29 (73), 3 (35), 24 (41), 22 (55), 20 (92)]";2287;"Maquina 2: [7 (10), 15 (4), 19 (2), 18 (25), 37 (44), 33 (44), 26 (45), 36 (72), 11 (58), 32 (85), 12 (97)]";2179;"Maquina 3: [17 (36), 8 (3), 27 (28), 28 (29), 23 (25), 4 (30), 38 (67), 0 (64), 30 (84), 9 (98)]";2073;"Maquina 4: [10 (25), 35 (9), 31 (35), 34 (41), 14 (46), 16 (44), 13 (72), 2 (80), 39 (90)]";2062
LNS;40;4;9548;74.0;1000;"Maquina 1: [19 (2), 4 (30), 35 (9), 6 (29), 5 (54), 24 (41), 37 (44), 2 (80), 38 (67), 20 (92)]";2350;"Maquina 2: [7 (10), 8 (3), 28 (29), 23 (25), 17 (36), 33 (44), 25 (48), 29 (73), 0 (64), 32 (85), 9 (98)]";2649;"Maquina 3: [1 (4), 10 (25), 16 (44), 3 (35), 21 (28), 11 (58), 26 (45), 36 (72), 39 (90)]";2040;"Maquina 4: [15 (4), 34 (41), 27 (28), 18 (25), 14 (46), 13 (72), 31 (35), 22 (55), 12 (97), 30 (84)]";2509
TABÚ;40;4;8891;411.0;1000;"Maquina 1: [35 (9), 31 (35), 33 (44), 18 (25), 1 (4), 10 (25), 16 (44), 38 (67), 30 (84), 9 (98)]";1994;"Maquina 2: [7 (10), 15 (4), 19 (2), 34 (41), 24 (41), 3 (35), 22 (55), 5 (54), 29 (73), 20 (92)]";1822;"Maquina 3: [4 (30), 28 (29), 23 (25), 17 (36), 36 (72), 11 (58), 14 (46), 26 (45), 32 (85), 12 (97)]";2689;"Maquina 4: [8 (3), 27 (28), 6 (29), 21 (28), 25 (48), 37 (44), 0 (64), 13 (72), 2 (80), 39 (90)]";2386
VNS;40;4;8495;15299.0;1000;"Maquina 1: [3 (35), 4 (30), 6 (29), 5 (54), 24 (41), 37 (44), 0 (64), 2 (80), 20 (92)]";2172;"Maquina 2: [7 (10), 8 (3), 27 (28), 28 (29), 35 (9), 23 (25), 17 (36), 33 (44), 25 (48), 29 (73), 30 (84), 9 (98)]";2436;"Maquina 3: [18 (25), 1 (4), 10 (25), 22 (55), 11 (58), 26 (45), 36 (72), 39 (90), 32 (85)]";1932;"Maquina 4: [15 (4), 19 (2), 34 (41), 14 (46), 21 (28), 13 (72), 31 (35), 16 (44), 38 (67), 12 (97)]";1955
Multiarranque;40;4;8899;1569.0;1000;"Maquina 1: [1 (4), 10 (25), 28 (29), 31 (35), 33 (44), 22 (55), 6 (29), 30 (84), 29 (73), 13 (72)]";2272;"Maquina 2: [7 (10), 8 (3), 27 (28), 18 (25), 34 (41), 11 (58), 25 (48), 37 (44), 0 (64), 32 (85), 20 (92)]";2387;"Maquina 3: [15 (4), 19 (2), 17 (36), 16 (44), 21 (28), 26 (45), 36 (72), 5 (54), 9 (98), 39 (90)]";2344;"Maquina 4: [35 (9), 23 (25), 4 (30), 3 (35), 24 (41), 14 (46), 2 (80), 38 (67), 12 (97)]";1896
GREEDY;40;4;12835;0.0;1;"Maquina 1: [28 (34), 18 (18), 8 (51), 23 (62), 34 (46), 38 (5), 36 (43), 30 (70), 35 (86), 19 (96)]";3221;"Maquina 2: [37 (13), 26 (31), 9 (22), 7 (93), 32 (34), 20 (44), 21 (48), 1 (82), 0 (70), 24 (55)]";2976;"Maquina 3: [4 (23), 22 (17), 33 (59), 29 (25), 27 (70), 11 (41), 13 (50), 16 (82), 12 (46), 31 (94)]";3182;"Maquina 4: [17 (25), 25 (17), 3 (44), 6 (55), 15 (47), 10 (76), 5 (33), 39 (90), 14 (98), 2 (68)]";3456
GRASP;40;4;11038;1337.0;1000;"Maquina 1: [37 (13), 12 (46), 21 (48), 29 (25), 24 (55), 18 (18), 6 (55), 28 (34), 27 (70), 10 (76)]";2396;"Maquina 2: [17 (25), 25 (17), 33 (59), 4 (23), 15 (47), 3 (44), 39 (90), 19 (96), 14 (98), 31 (94)]";3196;"Maquina 3: [5 (33), 22 (17), 26 (31), 9 (22), 8 (51), 23 (62), 36 (43), 2 (68), 30 (70), 35 (86)]";2583;"Maquina 4: [38 (5), 13 (50), 20 (44), 34 (46), 1 (82), 11 (41), 0 (70), 32 (34), 7 (93), 16 (82)]";2863
LNS;40;4;12752;85.0;1000;"Maquina 1: [28 (34), 18 (18), 8 (51), 23 (62), 34 (46), 36 (43), 38 (5), 30 (70), 35 (86), 19 (96)]";3200;"Maquina 2: [37 (13), 26 (31), 9 (22), 7 (93), 32 (34), 0 (70), 21 (48), 1 (82), 20 (44), 24 (55)]";2914;"Maquina 3: [4 (23), 22 (17), 33 (59), 29 (25), 27 (70), 11 (41), 13 (50), 16 (82), 12 (46), 31 (94)]";3182;"Maquina 4: [17 (25), 25 (17), 3 (44), 6 (55), 15 (47), 10 (76), 5 (33), 39 (90), 14 (98), 2 (68)]";3456
TABÚ;40;4;11363;382.0;1000;"Maquina 1: [25 (17), 9 (22), 8 (51), 28 (34), 38 (5), 21 (48), 12 (46), 10 (76), 33 (59), 2 (68)]";2464;"Maquina 2: [4 (23), 17 (25), 20 (44), 22 (17), 31 (94), 23 (62), 36 (43), 6 (55), 15 (47), 35 (86)]";2815;"Maquina 3: [18 (18), 37 (13), 26 (31), 16 (82), 30 (70), 11 (41), 27 (70), 3 (44), 39 (90), 19 (96)]";2984;"Maquina 4: [5 (33), 29 (25), 24 (55), 34 (46), 1 (82), 0 (70), 32 (34), 7 (93), 13 (50), 14 (98)]";3100
VNS;40;4;11102;14298.0;1000;"Maquina 1: [28 (34), 18 (18), 37 (13), 12 (46), 8 (51), 23 (62), 36 (43), 24 (55), 2 (68), 30 (70), 35 (86)]";2962;"Maquina 2: [4 (23), 13 (50), 26 (31), 9 (22), 7 (93), 32 (34), 20 (44), 34 (46), 1 (82), 10 (76)]";2807;"Maquina 3: [22 (17), 3 (44), 6 (55), 38 (5), 0 (70), 21 (48), 11 (41), 27 (70), 31 (94)]";2404;"Maquina 4: [17 (25), 25 (17), 33 (59), 29 (25), 15 (47), 16 (82), 5 (33), 39 (90), 19 (96), 14 (98)]";2929
Multiarranque;40;4;11213;1556.0;1000;"Maquina 1: [4 (23), 38 (5), 10 (76), 22 (17), 28 (34), 33 (59), 20 (44), 34 (46), 1 (82), 0 (70), 19 (96)]";3072;"Maquina 2: [12 (46), 37 (13), 17 (25), 29 (25), 25 (17), 36 (43), 6 (55), 16 (82), 39 (90), 27 (70)]";2580;"Maquina 3: [26 (31), 9 (22), 8 (51), 23 (62), 15 (47), 3 (44), 2 (68), 7 (93), 35 (86)]";2433;"Maquina 4: [5 (33), 21 (48), 11 (41), 18 (18), 24 (55), 13 (50), 32 (34), 14 (98), 31 (94), 30 (70)]";3128
GREEDY;40;4;10904;0.0;1;"Maquina 1: [31 (31), 28 (5), 30 (25), 14 (19), 2 (2), 33 (56), 21 (40), 7 (58), 29 (75), 12 (94)]";2775;"Maquina 2: [4 (6), 16 (55), 6 (27), 23 (3), 10 (35), 35 (20), 36 (46), 8 (63), 27 (73), 26 (86)]";2567;"Maquina 3: [15 (25), 39 (13), 22 (38), 19 (29), 11 (80), 13 (48), 24 (3), 1 (67), 0 (58), 17 (91)]";2555;"Maquina 4: [34 (49), 38 (3), 9 (31), 32 (22), 3 (63), 25 (14), 37 (69), 5 (97), 18 (35), 20 (84)]";3007
GRASP;40;4;8943;1343.0;1000;"Maquina 1: [25 (14), 4 (6), 24 (3), 30 (25), 34 (49), 33 (56), 20 (84), 37 (69), 10 (35), 12 (94)]";2196;"Maquina 2: [38 (3), 6 (27), 19 (29), 14 (19), 31 (31), 21 (40), 16 (55), 27 (73), 8 (63), 1 (67), 3 (63)]";2405;"Maquina 3: [32 (22), 15 (25), 2 (2), 36 (46), 39 (13), 9 (31), 7 (58), 26 (86), 29 (75), 17 (91)]";2572;"Maquina 4: [35 (20), 28 (5), 23 (3), 22 (38), 18 (35), 11 (80), 13 (48), 0 (58), 5 (97)]";1770
LNS;40;4;10663;73.0;1000;"Maquina 1: [31 (31), 28 (5), 30 (25), 21 (40), 2 (2), 33 (56), 7 (58), 14 (19), 29 (75), 12 (94)]";2549;"Maquina 2: [4 (6), 16 (55), 6 (27), 23 (3), 10 (35), 8 (63), 36 (46), 35 (20), 27 (73), 26 (86)]";2552;"Maquina 3: [15 (25), 39 (13), 22 (38), 19 (29), 11 (80), 13 (48), 24 (3), 1 (67), 0 (58), 17 (91)]";2555;"Maquina 4: [34 (49), 38 (3), 9 (31), 32 (22), 3 (63), 25 (14), 37 (69), 5 (97), 18 (35), 20 (84)]";3007
TABÚ;40;4;8822;381.0;1000;"Maquina 1: [2 (2), 24 (3), 30 (25), 10 (35), 21 (40), 22 (38), 8 (63), 37 (69), 5 (97), 17 (91)]";2268;"Maquina 2: [25 (14), 19 (29), 4 (6), 31 (31), 13 (48), 23 (3), 16 (55), 1 (67), 33 (56), 20 (84)]";2096;"Maquina 3: [35 (20), 18 (35), 28 (5), 15 (25), 11 (80), 6 (27), 0 (58), 7 (58), 26 (86), 12 (94)]";2426;"Maquina 4: [38 (3), 9 (31), 14 (19), 39 (13), 32 (22), 3 (63), 34 (49), 36 (46), 29 (75), 27 (73)]";2032
VNS;40;4;8497;12291.0;1000;"Maquina 1: [4 (6), 31 (31), 28 (5), 30 (25), 15 (25), 2 (2), 35 (20), 36 (46), 21 (40), 16 (55), 27 (73), 12 (94)]";2260;"Maquina 2: [34 (49), 23 (3), 10 (35), 33 (56), 20 (84), 1 (67), 0 (58), 7 (58)]";1819;"Maquina 3: [14 (19), 39 (13), 38 (3), 22 (38), 11 (80), 24 (3), 32 (22), 3 (63), 5 (97), 26 (86)]";1928;"Maquina 4: [6 (27), 19 (29), 25 (14), 8 (63), 9 (31), 37 (69), 29 (75), 18 (35), 13 (48), 17 (91)]";2490
Multiarranque;40;4;8979;1546.0;1000;"Maquina 1: [14 (19), 2 (2), 18 (35), 36 (46), 39 (13), 7 (58), 34 (49), 5 (97), 33 (56), 27 (73)]";2497;"Maquina 2: [25 (14), 23 (3), 10 (35), 21 (40), 38 (3), 22 (38), 20 (84), 1 (67), 0 (58), 17 (91)]";2159;"Maquina 3: [35 (20), 28 (5), 30 (25), 15 (25), 13 (48), 9 (31), 37 (69), 3 (63), 26 (86), 12 (94)]";2312;"Maquina 4: [4 (6), 24 (3), 16 (55), 6 (27), 19 (29), 8 (63), 31 (31), 32 (22), 29 (75), 11 (80)]";2011
GREEDY;40;4;10541;1.0;1;"Maquina 1: [31 (5), 19 (31), 7 (17), 10 (27), 15 (49), 37 (51), 17 (62), 24 (69), 14 (88), 25 (74)]";2389;"Maquina 2: [20 (20), 0 (10), 6 (28), 11 (53), 12 (50), 29 (38), 34 (63), 30 (74), 23 (70), 21 (95)]";2630;"Maquina 3: [4 (29), 2 (14), 18 (50), 39 (24), 22 (39), 9 (64), 8 (59), 26 (77), 13 (71), 36 (98)]";2769;"Maquina 4: [35 (25), 5 (61), 38 (16), 16 (29), 27 (50), 32 (65), 33 (46), 1 (74), 3 (75), 28 (99)]";2753
GRASP;40;4;10076;1334.0;1000;"Maquina 1: [31 (5), 12 (50), 11 (53), 17 (62), 10 (27), 33 (46), 13 (71), 32 (65), 1 (74), 28 (99)]";2740;"Maquina 2: [35 (25), 4 (29), 16 (29), 0 (10), 27 (50), 29 (38), 8 (59), 3 (75), 9 (64), 23 (70)]";2165;"Maquina 3: [38 (16), 2 (14), 22 (39), 7 (17), 30 (74), 18 (50), 34 (63), 5 (61), 24 (69), 21 (95)]";2543;"Maquina 4: [19 (31), 37 (51), 20 (20), 15 (49), 39 (24), 6 (28), 14 (88), 25 (74), 36 (98), 26 (77)]";2628
LNS;40;4;10541;76.0;1000;"Maquina 1: [31 (5), 19 (31), 7 (17), 10 (27), 15 (49), 37 (51), 17 (62), 24 (69), 14 (88), 25 (74)]";2389;"Maquina 2: [20 (20), 0 (10), 6 (28), 11 (53), 12 (50), 29 (38), 34 (63), 30 (74), 23 (70), 21 (95)]";2630;"Maquina 3: [4 (29), 2 (14), 18 (50), 39 (24), 22 (39), 9 (64), 8 (59), 26 (77), 13 (71), 36 (98)]";2769;"Maquina 4: [35 (25), 5 (61), 38 (16), 16 (29), 27 (50), 32 (65), 33 (46), 1 (74), 3 (75), 28 (99)]";2753
TABÚ;40;4;10361;389.0;1000;"Maquina 1: [2 (14), 16 (29), 10 (27), 33 (46), 13 (71), 19 (31), 9 (64), 25 (74), 3 (75), 26 (77)]";2665;"Maquina 2: [0 (10), 6 (28), 35 (25), 8 (59), 7 (17), 1 (74), 11 (53), 15 (49), 34 (63), 21 (95)]";2381;"Maquina 3: [38 (16), 12 (50), 4 (29), 29 (38), 23 (70), 24 (69), 39 (24), 5 (61), 28 (99), 14 (88)]";2807;"Maquina 4: [31 (5), 20 (20), 37 (51), 17 (62), 22 (39), 18 (50), 32 (65), 27 (50), 30 (74), 36 (98)]";2508
VNS;40;4;9964;21471.0;1000;"Maquina 1: [31 (5), 19 (31), 7 (17), 10 (27), 39 (24), 37 (51), 27 (50), 17 (62), 3 (75), 28 (99), 21 (95)]";2728;"Maquina 2: [16 (29), 0 (10), 12 (50), 11 (53), 34 (63), 30 (74), 8 (59), 14 (88), 25 (74)]";2234;"Maquina 3: [4 (29), 2 (14), 18 (50), 29 (38), 22 (39), 9 (64), 15 (49), 26 (77), 13 (71), 23 (70)]";2498;"Maquina 4: [6 (28), 35 (25), 5 (61), 38 (16), 20 (20), 32 (65), 33 (46), 1 (74), 24 (69), 36 (98)]";2504
Multiarranque;40;4;10069;1569.0;1000;"Maquina 1: [31 (5), 15 (49), 39 (24), 6 (28), 11 (53), 8 (59), 3 (75), 25 (74), 30 (74), 23 (70)]";2600;"Maquina 2: [20 (20), 7 (17), 10 (27), 35 (25), 22 (39), 33 (46), 13 (71), 32 (65), 21 (95), 36 (98)]";2307;"Maquina 3: [2 (14), 0 (10), 12 (50), 4 (29), 29 (38), 34 (63), 37 (51), 18 (50), 9 (64), 1 (74)]";2326;"Maquina 4: [38 (16), 16 (29), 19 (31), 17 (62), 24 (69), 27 (50), 5 (61), 26 (77), 28 (99), 14 (88)]";2836
GREEDY;40;4;9049;0.0;1;"Maquina 1: [26 (2), 9 (12), 34 (32), 25 (19), 28 (25), 8 (51), 31 (86), 10 (36), 29 (66), 6 (94), 30 (99)]";2515;"Maquina 2: [35 (6), 17 (13), 32 (21), 38 (34), 23 (32), 21 (63), 13 (44), 20 (92), 33 (98), 12 (83)]";2313;"Maquina 3: [37 (15), 36 (6), 16 (23), 22 (33), 18 (30), 19 (43), 3 (61), 14 (79), 7 (94), 24 (89)]";2054;"Maquina 4: [11 (7), 2 (34), 4 (19), 5 (29), 15 (43), 1 (58), 27 (74), 0 (97), 39 (91)]";2167
GRASP;40;4;8901;1331.0;1000;"Maquina 1: [4 (19), 35 (6), 17 (13), 8 (51), 22 (33), 19 (43), 3 (61), 21 (63), 6 (94), 31 (86)]";2102;"Maquina 2: [37 (15), 36 (6), 16 (23), 10 (36), 14 (79), 38 (34), 23 (32), 30 (99), 12 (83), 33 (98)]";2311;"Maquina 3: [5 (29), 26 (2), 9 (12), 13 (44), 25 (19), 34 (32), 27 (74), 0 (97), 39 (91), 7 (94)]";2076;"Maquina 4: [32 (21), 18 (30), 28 (25), 11 (7), 2 (34), 24 (89), 15 (43), 29 (66), 1 (58), 20 (92)]";2412
LNS;40;4;9029;83.0;1000;"Maquina 1: [26 (2), 9 (12), 34 (32), 25 (19), 28 (25), 8 (51), 31 (86), 10 (36), 29 (66), 6 (94), 30 (99)]";2515;"Maquina 2: [35 (6), 17 (13), 32 (21), 38 (34), 23 (32), 21 (63), 13 (44), 20 (92), 33 (98), 12 (83)]";2313;"Maquina 3: [37 (15), 36 (6), 16 (23), 22 (33), 18 (30), 19 (43), 3 (61), 14 (79), 7 (94), 24 (89)]";2054;"Maquina 4: [1 (58), 2 (34), 4 (19), 5 (29), 15 (43), 11 (7), 27 (74), 0 (97), 39 (91)]";2147
TABÚ;40;4;8557;390.0;1000;"Maquina 1: [37 (15), 26 (2), 10 (36), 23 (32), 21 (63), 8 (51), 3 (61), 12 (83), 20 (92), 30 (99)]";2276;"Maquina 2: [11 (7), 35 (6), 16 (23), 22 (33), 28 (25), 32 (21), 13 (44), 24 (89), 31 (86), 0 (97)]";1827;"Maquina 3: [9 (12), 2 (34), 18 (30), 38 (34), 17 (13), 19 (43), 27 (74), 6 (94), 33 (98), 7 (94)]";2383;"Maquina 4: [36 (6), 5 (29), 4 (19), 34 (32), 25 (19), 15 (43), 29 (66), 1 (58), 14 (79), 39 (91)]";2071
VNS;40;4;8561;27457.0;1000;"Maquina 1: [26 (2), 9 (12), 34 (32), 25 (19), 28 (25), 8 (51), 31 (86), 27 (74), 33 (98), 6 (94)]";1947;"Maquina 2: [35 (6), 17 (13), 32 (21), 18 (30), 38 (34), 23 (32), 21 (63), 13 (44), 20 (92), 0 (97), 30 (99)]";2561;"Maquina 3: [37 (15), 36 (6), 16 (23), 22 (33), 19 (43), 3 (61), 10 (36), 14 (79), 7 (94), 12 (83)]";2145;"Maquina 4: [11 (7), 2 (34), 4 (19), 5 (29), 15 (43), 29 (66), 1 (58), 24 (89), 39 (91)]";1908
Multiarranque;40;4;8810;1537.0;1000;"Maquina 1: [26 (2), 9 (12), 34 (32), 25 (19), 28 (25), 8 (51), 31 (86), 10 (36), 1 (58), 6 (94), 30 (99)]";2469;"Maquina 2: [35 (6), 17 (13), 32 (21), 38 (34), 23 (32), 21 (63), 13 (44), 20 (92), 33 (98), 12 (83)]";2313;"Maquina 3: [37 (15), 36 (6), 16 (23), 22 (33), 18 (30), 19 (43), 3 (61), 14 (79), 7 (94), 24 (89)]";2054;"Maquina 4: [11 (7), 2 (34), 4 (19), 5 (29), 15 (43), 29 (66), 27 (74), 0 (97), 39 (91)]";1974
GREEDY;40;4;8373;0.0;1;"Maquina 1: [10 (13), 12 (5), 9 (2), 0 (34), 4 (23), 13 (52), 27 (74), 22 (98), 1 (66), 5 (85)]";2381;"Maquina 2: [30 (2), 20 (20), 17 (6), 31 (10), 18 (29), 16 (67), 15 (56), 6 (43), 29 (89), 37 (77)]";1790;"Maquina 3: [3 (4), 23 (7), 33 (20), 19 (9), 35 (31), 32 (80), 25 (56), 28 (46), 34 (67), 24 (90)]";1996;"Maquina 4: [7 (4), 2 (27), 38 (18), 8 (8), 14 (67), 11 (48), 21 (76), 26 (33), 36 (82), 39 (96)]";2206
GRASP;40;4;7725;1326.0;1000;"Maquina 1: [10 (13), 3 (4), 35 (31), 6 (43), 0 (34), 13 (52), 4 (23), 14 (67), 32 (80), 22 (98)]";2134;"Maquina 2: [9 (2), 7 (4), 31 (10), 18 (29), 34 (67), 33 (20), 39 (96), 25 (56), 29 (89), 37 (77)]";1821;"Maquina 3: [30 (2), 20 (20), 38 (18), 17 (6), 19 (9), 1 (66), 11 (48), 21 (76), 27 (74), 36 (82)]";1817;"Maquina 4: [12 (5), 8 (8), 23 (7), 26 (33), 16 (67), 2 (27), 28 (46), 15 (56), 5 (85), 24 (90)]";1953
LNS;40;4;8284;75.0;1000;"Maquina 1: [10 (13), 12 (5), 9 (2), 0 (34), 27 (74), 13 (52), 4 (23), 22 (98), 1 (66), 5 (85)]";2361;"Maquina 2: [30 (2), 20 (20), 17 (6), 31 (10), 18 (29), 16 (67), 15 (56), 6 (43), 29 (89), 37 (77)]";1790;"Maquina 3: [3 (4), 23 (7), 33 (20), 19 (9), 35 (31), 34 (67), 28 (46), 25 (56), 32 (80), 24 (90)]";1927;"Maquina 4: [7 (4), 2 (27), 38 (18), 8 (8), 14 (67), 11 (48), 21 (76), 26 (33), 36 (82), 39 (96)]";2206
TABÚ;40;4;7586;399.0;1000;"Maquina 1: [3 (4), 9 (2), 7 (4), 26 (33), 12 (5), 28 (46), 27 (74), 37 (77), 39 (96), 36 (82)]";1537;"Maquina 2: [30 (2), 19 (9), 10 (13), 33 (20), 2 (27), 13 (52), 11 (48), 21 (76), 16 (67), 1 (66)]";1867;"Maquina 3: [4 (23), 35 (31), 20 (20), 8 (8), 15 (56), 0 (34), 22 (98), 25 (56), 29 (89), 24 (90)]";2326;"Maquina 4: [23 (7), 17 (6), 31 (10), 18 (29), 38 (18), 14 (67), 32 (80), 6 (43), 34 (67), 5 (85)]";1856
VNS;40;4;7268;13361.0;1000;"Maquina 1: [10 (13), 2 (27), 28 (46), 13 (52), 0 (34), 39 (96), 34 (67), 37 (77)]";1626;"Maquina 2: [30 (2), 20 (20), 8 (8), 31 (10), 18 (29), 16 (67), 15 (56), 27 (74), 36 (82), 22 (98)]";1823;"Maquina 3: [26 (33), 12 (5), 23 (7), 33 (20), 19 (9), 35 (31), 1 (66), 32 (80), 6 (43), 25 (56), 29 (89)]";2104;"Maquina 4: [4 (23), 7 (4), 3 (4), 9 (2), 38 (18), 17 (6), 14 (67), 11 (48), 21 (76), 5 (85), 24 (90)]";1715
Multiarranque;40;4;7526;1567.0;1000;"Maquina 1: [7 (4), 10 (13), 4 (23), 38 (18), 27 (74), 13 (52), 0 (34), 39 (96), 5 (85)]";1679;"Maquina 2: [3 (4), 9 (2), 17 (6), 31 (10), 18 (29), 14 (67), 2 (27), 26 (33), 36 (82), 1 (66), 37 (77)]";1824;"Maquina 3: [20 (20), 19 (9), 35 (31), 23 (7), 21 (76), 6 (43), 25 (56), 29 (89), 24 (90), 32 (80)]";2255;"Maquina 4: [12 (5), 8 (8), 30 (2), 33 (20), 15 (56), 11 (48), 16 (67), 28 (46), 34 (67), 22 (98)]";1768
GREEDY;40;4;12039;0.0;1;"Maquina 1: [18 (1), 6 (16), 32 (17), 22 (34), 35 (38), 25 (67), 38 (23), 0 (59), 39 (93), 28 (76), 1 (86)]";3078;"Maquina 2: [34 (40), 9 (9), 3 (24), 26 (36), 17 (63), 30 (16), 20 (78), 13 (88), 23 (70)]";2779;"Maquina 3: [8 (36), 21 (17), 10 (10), 31 (39), 7 (18), 4 (66), 29 (84), 19 (45), 37 (72), 2 (86), 11 (97)]";3403;"Maquina 4: [33 (31), 24 (17), 16 (37), 12 (56), 27 (70), 15 (13), 14 (64), 5 (87), 36 (83)]";2779
GRASP;40;4;10556;1335.0;1000;"Maquina 1: [18 (1), 6 (16), 17 (63), 19 (45), 37 (72), 4 (66), 7 (18), 2 (86), 1 (86), 39 (93)]";2583;"Maquina 2: [35 (38), 30 (16), 8 (36), 15 (13), 31 (39), 32 (17), 27 (70), 29 (84), 36 (83), 11 (97)]";2854;"Maquina 3: [21 (17), 10 (10), 34 (40), 22 (34), 23 (70), 33 (31), 12 (56), 14 (64), 5 (87), 20 (78)]";2739;"Maquina 4: [9 (9), 38 (23), 0 (59), 24 (17), 16 (37), 3 (24), 26 (36), 13 (88), 25 (67), 28 (76)]";2380
LNS;40;4;12039;75.0;1000;"Maquina 1: [18 (1), 6 (16), 32 (17), 22 (34), 35 (38), 25 (67), 38 (23), 0 (59), 39 (93), 28 (76), 1 (86)]";3078;"Maquina 2: [34 (40), 9 (9), 3 (24), 26 (36), 17 (63), 30 (16), 20 (78), 13 (88), 23 (70)]";2779;"Maquina 3: [8 (36), 21 (17), 10 (10), 31 (39), 7 (18), 4 (66), 29 (84), 19 (45), 37 (72), 2 (86), 11 (97)]";3403;"Maquina 4: [33 (31), 24 (17), 16 (37), 12 (56), 27 (70), 15 (13), 14 (64), 5 (87), 36 (83)]";2779
TABÚ;40;4;10812;399.0;1000;"Maquina 1: [8 (36), 21 (17), 35 (38), 9 (9), 33 (31), 12 (56), 27 (70), 29 (84), 36 (83)]";2230;"Maquina 2: [15 (13), 18 (1), 16 (37), 31 (39), 17 (63), 19 (45), 22 (34), 25 (67), 28 (76), 1 (86), 13 (88)]";2876;"Maquina 3: [6 (16), 24 (17), 30 (16), 32 (17), 3 (24), 26 (36), 5 (87), 20 (78), 0 (59), 23 (70)]";2452;"Maquina 4: [10 (10), 38 (23), 7 (18), 34 (40), 14 (64), 37 (72), 4 (66), 2 (86), 11 (97), 39 (93)]";3254
VNS;40;4;10572;19845.0;1000;"Maquina 1: [18 (1), 6 (16), 30 (16), 32 (17), 22 (34), 25 (67), 17 (63), 38 (23), 36 (83), 11 (97), 39 (93)]";2536;"Maquina 2: [9 (9), 15 (13), 19 (45), 3 (24), 26 (36), 4 (66), 29 (84), 20 (78), 28 (76), 13 (88)]";2644;"Maquina 3: [33 (31), 10 (10), 31 (39), 7 (18), 34 (40), 8 (36), 37 (72), 2 (86), 1 (86), 0 (59)]";2965;"Maquina 4: [24 (17), 35 (38), 16 (37), 12 (56), 27 (70), 21 (17), 14 (64), 5 (87), 23 (70)]";2427
Multiarranque;40;4;10942;1551.0;1000;"Maquina 1: [9 (9), 10 (10), 34 (40), 14 (64), 33 (31), 3 (24), 25 (67), 13 (88), 36 (83), 2 (86)]";2683;"Maquina 2: [30 (16), 32 (17), 27 (70), 21 (17), 35 (38), 17 (63), 29 (84), 12 (56), 23 (70), 5 (87)]";2999;"Maquina 3: [15 (13), 18 (1), 6 (16), 24 (17), 16 (37), 31 (39), 22 (34), 19 (45), 26 (36), 11 (97), 1 (86)]";2375;"Maquina 4: [38 (23), 0 (59), 7 (18), 4 (66), 20 (78), 8 (36), 37 (72), 39 (93), 28 (76)]";2885
GREEDY;40;4;13604;0.0;1;"Maquina 1: [19 (10), 7 (2), 18 (55), 4 (41), 16 (19), 39 (32), 15 (69), 1 (94), 14 (87), 27 (74)]";3376;"Maquina 2: [3 (31), 25 (25), 22 (8), 28 (16), 23 (39), 8 (85), 9 (54), 11 (74), 24 (63), 35 (96), 6 (91)]";3701;"Maquina 3: [29 (16), 13 (29), 30 (8), 34 (33), 20 (59), 26 (45), 37 (79), 33 (91), 38 (69)]";2959;"Maquina 4: [17 (10), 32 (18), 12 (27), 31 (49), 2 (74), 0 (79), 10 (39), 21 (56), 36 (94), 5 (88)]";3568
GRASP;40;4;10972;1324.0;1000;"Maquina 1: [19 (10), 7 (2), 12 (27), 23 (39), 34 (33), 9 (54), 14 (87), 21 (56), 35 (96), 8 (85)]";2576;"Maquina 2: [25 (25), 22 (8), 32 (18), 26 (45), 15 (69), 28 (16), 2 (74), 0 (79), 24 (63), 11 (74)]";2625;"Maquina 3: [39 (32), 29 (16), 17 (10), 18 (55), 13 (29), 3 (31), 27 (74), 33 (91), 1 (94), 38 (69)]";2675;"Maquina 4: [30 (8), 10 (39), 16 (19), 36 (94), 4 (41), 20 (59), 31 (49), 37 (79), 6 (91), 5 (88)]";3096
LNS;40;4;13056;74.0;1000;"Maquina 1: [19 (10), 7 (2), 18 (55), 4 (41), 16 (19), 39 (32), 15 (69), 1 (94), 14 (87), 27 (74)]";3376;"Maquina 2: [3 (31), 25 (25), 22 (8), 28 (16), 23 (39), 8 (85), 9 (54), 11 (74), 24 (63), 35 (96), 6 (91)]";3701;"Maquina 3: [29 (16), 13 (29), 20 (59), 34 (33), 30 (8), 26 (45), 37 (79), 33 (91), 38 (69)]";2412;"Maquina 4: [21 (56), 32 (18), 12 (27), 31 (49), 2 (74), 0 (79), 10 (39), 17 (10), 36 (94), 5 (88)]";3567
TABÚ;40;4;11282;382.0;1000;"Maquina 1: [13 (29), 32 (18), 30 (8), 39 (32), 34 (33), 3 (31), 27 (74), 24 (63), 36 (94), 38 (69)]";2441;"Maquina 2: [17 (10), 18 (55), 4 (41), 20 (59), 7 (2), 15 (69), 0 (79), 10 (39), 37 (79), 1 (94)]";2972;"Maquina 3: [29 (16), 12 (27), 19 (10), 21 (56), 23 (39), 8 (85), 9 (54), 31 (49), 2 (74), 5 (88)]";2711;"Maquina 4: [16 (19), 6 (91), 25 (25), 22 (8), 28 (16), 11 (74), 35 (96), 26 (45), 14 (87), 33 (91)]";3158
VNS;40;4;11232;13747.0;1000;"Maquina 1: [19 (10), 7 (2), 17 (10), 18 (55), 4 (41), 20 (59), 39 (32), 37 (79), 5 (88), 15 (69), 21 (56)]";3082;"Maquina 2: [25 (25), 22 (8), 32 (18), 29 (16), 28 (16), 23 (39), 8 (85), 9 (54), 11 (74), 35 (96), 1 (94)]";2857;"Maquina 3: [13 (29), 3 (31), 27 (74), 24 (63), 34 (33), 30 (8), 38 (69), 33 (91), 14 (87)]";2587;"Maquina 4: [26 (45), 12 (27), 31 (49), 2 (74), 0 (79), 10 (39), 16 (19), 6 (91), 36 (94)]";2706
Multiarranque;40;4;11220;1550.0;1000;"Maquina 1: [19 (10), 21 (56), 30 (8), 39 (32), 9 (54), 36 (94), 4 (41), 26 (45), 20 (59), 1 (94)]";2863;"Maquina 2: [12 (27), 23 (39), 18 (55), 13 (29), 10 (39), 37 (79), 33 (91), 8 (85), 6 (91)]";2817;"Maquina 3: [7 (2), 34 (33), 17 (10), 25 (25), 38 (69), 2 (74), 14 (87), 0 (79), 11 (74), 27 (74)]";3076;"Maquina 4: [22 (8), 32 (18), 29 (16), 16 (19), 28 (16), 31 (49), 3 (31), 5 (88), 15 (69), 35 (96), 24 (63)]";2464
GREEDY;40;4;12217;1.0;1;"Maquina 1: [24 (3), 35 (25), 18 (22), 17 (19), 36 (43), 8 (50), 34 (89), 30 (27), 20 (67), 14 (71)]";3002;"Maquina 2: [3 (5), 2 (72), 22 (26), 1 (48), 27 (59), 6 (20), 25 (63), 38 (31), 9 (80)]";2773;"Maquina 3: [21 (21), 13 (26), 39 (73), 16 (11), 19 (37), 37 (66), 10 (71), 26 (92), 4 (56), 29 (26)]";3260;"Maquina 4: [5 (22), 7 (24), 0 (27), 32 (11), 15 (94), 12 (34), 11 (44), 31 (64), 33 (69), 28 (58), 23 (72)]";3182
GRASP;40;4;10804;1354.0;1000;"Maquina 1: [21 (21), 3 (5), 22 (26), 1 (48), 23 (72), 19 (37), 25 (63), 13 (26), 26 (92)]";2530;"Maquina 2: [35 (25), 5 (22), 6 (20), 12 (34), 32 (11), 8 (50), 31 (64), 2 (72), 7 (24), 15 (94), 34 (89)]";3027;"Maquina 3: [18 (22), 16 (11), 33 (69), 0 (27), 38 (31), 36 (43), 9 (80), 37 (66), 27 (59), 11 (44)]";2664;"Maquina 4: [24 (3), 28 (58), 17 (19), 14 (71), 30 (27), 29 (26), 20 (67), 4 (56), 39 (73), 10 (71)]";2583
LNS;40;4;12210;81.0;1000;"Maquina 1: [24 (3), 35 (25), 18 (22), 17 (19), 36 (43), 8 (50), 34 (89), 30 (27), 20 (67), 14 (71)]";3002;"Maquina 2: [3 (5), 2 (72), 22 (26), 1 (48), 27 (59), 25 (63), 6 (20), 38 (31), 9 (80)]";2766;"Maquina 3: [21 (21), 13 (26), 39 (73), 16 (11), 19 (37), 37 (66), 10 (71), 26 (92), 4 (56), 29 (26)]";3260;"Maquina 4: [5 (22), 7 (24), 0 (27), 32 (11), 15 (94), 12 (34), 11 (44), 31 (64), 33 (69), 28 (58), 23 (72)]";3182
TABÚ;40;4;10916;391.0;1000;"Maquina 1: [35 (25), 18 (22), 16 (11), 12 (34), 37 (66), 7 (24), 39 (73), 25 (63), 9 (80), 21 (21)]";2657;"Maquina 2: [38 (31), 29 (26), 32 (11), 2 (72), 0 (27), 31 (64), 33 (69), 10 (71), 26 (92)]";2713;"Maquina 3: [5 (22), 36 (43), 4 (56), 24 (3), 20 (67), 19 (37), 8 (50), 22 (26), 1 (48), 15 (94), 34 (89)]";3117;"Maquina 4: [6 (20), 30 (27), 3 (5), 17 (19), 13 (26), 11 (44), 28 (58), 27 (59), 14 (71), 23 (72)]";2429
VNS;40;4;10812;21890.0;1000;"Maquina 1: [17 (19), 18 (22), 24 (3), 38 (31), 8 (50), 34 (89), 27 (59), 30 (27), 29 (26), 20 (67), 26 (92)]";2906;"Maquina 2: [3 (5), 2 (72), 22 (26), 9 (80), 6 (20), 12 (34), 23 (72), 10 (71), 1 (48)]";2557;"Maquina 3: [21 (21), 13 (26), 39 (73), 16 (11), 19 (37), 37 (66), 28 (58), 4 (56), 14 (71)]";2431;"Maquina 4: [35 (25), 5 (22), 36 (43), 7 (24), 0 (27), 32 (11), 15 (94), 11 (44), 31 (64), 33 (69), 25 (63)]";2918
Multiarranque;40;4;10426;1540.0;1000;"Maquina 1: [38 (31), 35 (25), 21 (21), 19 (37), 8 (50), 22 (26), 27 (59), 17 (19), 14 (71), 15 (94)]";2541;"Maquina 2: [29 (26), 20 (67), 5 (22), 16 (11), 12 (34), 11 (44), 31 (64), 2 (72), 39 (73), 33 (69)]";2758;"Maquina 3: [18 (22), 30 (27), 3 (5), 0 (27), 24 (3), 13 (26), 25 (63), 9 (80), 28 (58), 23 (72), 34 (89)]";2616;"Maquina 4: [6 (20), 32 (11), 36 (43), 4 (56), 7 (24), 1 (48), 10 (71), 26 (92), 37 (66)]";2511
GREEDY;40;4;14097;0.0;1;"Maquina 1: [10 (4), 29 (17), 14 (70), 8 (44), 30 (59), 28 (30), 7 (77), 26 (91), 5 (88), 21 (97)]";3716;"Maquina 2: [17 (5), 9 (81), 2 (49), 22 (20), 13 (35), 16 (61), 3 (90), 31 (71), 37 (99), 24 (92)]";3841;"Maquina 3: [35 (8), 1 (30), 36 (83), 33 (20), 34 (37), 19 (72), 18 (97), 11 (54), 12 (90), 27 (61)]";3382;"Maquina 4: [23 (55), 0 (38), 38 (12), 39 (30), 6 (75), 32 (68), 15 (25), 20 (83), 25 (95), 4 (90)]";3158
GRASP;40;4;12502;1346.0;1000;"Maquina 1: [38 (12), 39 (30), 13 (35), 17 (5), 30 (59), 8 (44), 2 (49), 15 (25), 18 (97), 16 (61), 36 (83)]";3104;"Maquina 2: [35 (8), 33 (20), 0 (38), 9 (81), 14 (70), 20 (83), 25 (95), 19 (72), 37 (99)]";2597;"Maquina 3: [10 (4), 29 (17), 3 (90), 6 (75), 11 (54), 1 (30), 23 (55), 24 (92), 32 (68), 21 (97)]";3290;"Maquina 4: [34 (37), 22 (20), 27 (61), 28 (30), 31 (71), 5 (88), 12 (90), 4 (90), 7 (77), 26 (91)]";3511
LNS;40;4;14097;74.0;1000;"Maquina 1: [10 (4), 29 (17), 14 (70), 8 (44), 30 (59), 28 (30), 7 (77), 26 (91), 5 (88), 21 (97)]";3716;"Maquina 2: [17 (5), 9 (81), 2 (49), 22 (20), 13 (35), 16 (61), 3 (90), 31 (71), 37 (99), 24 (92)]";3841;"Maquina 3: [35 (8), 1 (30), 36 (83), 33 (20), 34 (37), 19 (72), 18 (97), 11 (54), 12 (90), 27 (61)]";3382;"Maquina 4: [23 (55), 0 (38), 38 (12), 39 (30), 6 (75), 32 (68), 15 (25), 20 (83), 25 (95), 4 (90)]";3158
TABÚ;40;4;13085;403.0;1000;"Maquina 1: [17 (5), 30 (59), 35 (8), 14 (70), 39 (30), 11 (54), 1 (30), 27 (61), 24 (92), 12 (90), 18 (97)]";3597;"Maquina 2: [33 (20), 22 (20), 13 (35), 23 (55), 19 (72), 38 (12), 6 (75), 21 (97), 5 (88), 31 (71)]";2947;"Maquina 3: [29 (17), 34 (37), 8 (44), 3 (90), 20 (83), 16 (61), 4 (90), 9 (81), 26 (91)]";2913;"Maquina 4: [10 (4), 32 (68), 2 (49), 15 (25), 36 (83), 0 (38), 28 (30), 7 (77), 37 (99), 25 (95)]";3628
VNS;40;4;12053;15528.0;1000;"Maquina 1: [16 (61), 10 (4), 29 (17), 14 (70), 15 (25), 5 (88), 28 (30), 7 (77), 37 (99), 18 (97)]";3248;"Maquina 2: [17 (5), 35 (8), 11 (54), 2 (49), 33 (20), 22 (20), 39 (30), 13 (35), 30 (59), 3 (90), 6 (75), 4 (90)]";3214;"Maquina 3: [1 (30), 34 (37), 19 (72), 27 (61), 24 (92), 12 (90), 9 (81), 26 (91), 25 (95)]";2968;"Maquina 4: [23 (55), 0 (38), 38 (12), 8 (44), 32 (68), 31 (71), 20 (83), 21 (97), 36 (83)]";2623
Multiarranque;40;4;12737;1565.0;1000;"Maquina 1: [34 (37), 19 (72), 38 (12), 28 (30), 31 (71), 7 (77), 11 (54), 2 (49), 26 (91), 24 (92)]";3286;"Maquina 2: [29 (17), 17 (5), 39 (30), 13 (35), 0 (38), 14 (70), 36 (83), 33 (20), 27 (61), 21 (97), 18 (97)]";3041;"Maquina 3: [8 (44), 30 (59), 16 (61), 4 (90), 3 (90), 20 (83), 23 (55), 37 (99)]";2904;"Maquina 4: [10 (4), 1 (30), 15 (25), 22 (20), 6 (75), 25 (95), 35 (8), 32 (68), 5 (88), 12 (90), 9 (81)]";3506
GREEDY;40;4;11756;0.0;1;"Maquina 1: [0 (3), 20 (7), 28 (19), 11 (78), 32 (28), 17 (83), 22 (46), 23 (60), 25 (80), 16 (91)]";2718;"Maquina 2: [6 (10), 35 (5), 18 (21), 29 (46), 9 (60), 27 (31), 19 (82), 21 (68), 13 (78), 34 (93), 37 (87)]";3284;"Maquina 3: [3 (6), 26 (15), 39 (82), 1 (50), 15 (20), 8 (40), 36 (61), 38 (89), 14 (79)]";2763;"Maquina 4: [10 (17), 4 (6), 24 (41), 31 (26), 12 (48), 5 (61), 2 (76), 33 (80), 30 (91), 7 (86)]";2991
GRASP;40;4;10678;1354.0;1000;"Maquina 1: [0 (3), 32 (28), 31 (26), 6 (10), 33 (80), 25 (80), 23 (60), 24 (41), 16 (91), 34 (93)]";2930;"Maquina 2: [29 (46), 28 (19), 3 (6), 10 (17), 9 (60), 36 (61), 21 (68), 14 (79), 30 (91), 38 (89)]";2709;"Maquina 3: [20 (7), 26 (15), 35 (5), 18 (21), 15 (20), 27 (31), 17 (83), 12 (48), 5 (61), 11 (78), 37 (87)]";2354;"Maquina 4: [1 (50), 4 (6), 8 (40), 19 (82), 39 (82), 7 (86), 22 (46), 2 (76), 13 (78)]";2685
LNS;40;4;11683;75.0;1000;"Maquina 1: [0 (3), 20 (7), 28 (19), 11 (78), 32 (28), 17 (83), 22 (46), 23 (60), 25 (80), 16 (91)]";2718;"Maquina 2: [6 (10), 35 (5), 18 (21), 29 (46), 9 (60), 27 (31), 19 (82), 21 (68), 13 (78), 34 (93), 37 (87)]";3284;"Maquina 3: [3 (6), 26 (15), 39 (82), 36 (61), 15 (20), 8 (40), 1 (50), 38 (89), 14 (79)]";2690;"Maquina 4: [10 (17), 4 (6), 24 (41), 31 (26), 12 (48), 5 (61), 2 (76), 33 (80), 30 (91), 7 (86)]";2991
TABÚ;40;4;10848;384.0;1000;"Maquina 1: [4 (6), 0 (3), 33 (80), 32 (28), 25 (80), 8 (40), 37 (87), 5 (61), 13 (78), 34 (93)]";2966;"Maquina 2: [31 (26), 24 (41), 12 (48), 6 (10), 26 (15), 27 (31), 18 (21), 1 (50), 11 (78)]";1804;"Maquina 3: [3 (6), 10 (17), 35 (5), 29 (46), 23 (60), 19 (82), 21 (68), 14 (79), 16 (91), 30 (91), 7 (86)]";3122;"Maquina 4: [20 (7), 28 (19), 9 (60), 15 (20), 2 (76), 36 (61), 22 (46), 38 (89), 39 (82), 17 (83)]";2956
VNS;40;4;10000;23391.0;1000;"Maquina 1: [0 (3), 9 (60), 20 (7), 28 (19), 11 (78), 32 (28), 17 (83), 22 (46), 38 (89), 39 (82)]";2514;"Maquina 2: [3 (6), 10 (17), 26 (15), 35 (5), 29 (46), 19 (82), 21 (68), 13 (78), 33 (80), 34 (93)]";2294;"Maquina 3: [31 (26), 27 (31), 18 (21), 23 (60), 1 (50), 4 (6), 8 (40), 25 (80), 37 (87), 16 (91)]";2542;"Maquina 4: [6 (10), 15 (20), 24 (41), 12 (48), 5 (61), 2 (76), 36 (61), 14 (79), 7 (86), 30 (91)]";2650
Multiarranque;40;4;10768;1565.0;1000;"Maquina 1: [1 (50), 4 (6), 32 (28), 25 (80), 6 (10), 15 (20), 24 (41), 2 (76), 5 (61), 36 (61), 14 (79)]";3057;"Maquina 2: [3 (6), 10 (17), 35 (5), 20 (7), 26 (15), 17 (83), 28 (19), 19 (82), 39 (82), 7 (86), 11 (78)]";2286;"Maquina 3: [31 (26), 27 (31), 0 (3), 9 (60), 12 (48), 22 (46), 38 (89), 13 (78), 30 (91), 16 (91)]";2783;"Maquina 4: [18 (21), 29 (46), 23 (60), 34 (93), 8 (40), 37 (87), 33 (80), 21 (68)]";2642
GREEDY;40;4;11970;1.0;1;"Maquina 1: [9 (1), 2 (7), 11 (33), 29 (53), 18 (37), 20 (28), 5 (91), 39 (79), 7 (60), 8 (68)]";3017;"Maquina 2: [4 (34), 24 (11), 35 (79), 23 (2), 25 (28), 34 (42), 0 (61), 22 (59), 6 (71), 32 (88)]";2754;"Maquina 3: [3 (20), 28 (2), 33 (74), 37 (34), 17 (30), 26 (46), 15 (63), 1 (98), 38 (59), 14 (81)]";3086;"Maquina 4: [31 (4), 27 (32), 19 (23), 21 (34), 30 (85), 36 (59), 10 (38), 16 (73), 13 (98), 12 (63)]";3113
GRASP;40;4;10519;1339.0;1000;"Maquina 1: [19 (23), 28 (2), 25 (28), 29 (53), 10 (38), 17 (30), 22 (59), 0 (61), 1 (98), 8 (68), 30 (85)]";3085;"Maquina 2: [2 (7), 31 (4), 27 (32), 26 (46), 4 (34), 33 (74), 37 (34), 38 (59), 13 (98), 14 (81)]";2663;"Maquina 3: [9 (1), 34 (42), 23 (2), 3 (20), 7 (60), 18 (37), 39 (79), 15 (63), 6 (71), 16 (73)]";2268;"Maquina 4: [21 (34), 20 (28), 24 (11), 35 (79), 36 (59), 11 (33), 12 (63), 5 (91), 32 (88)]";2503
LNS;40;4;11650;77.0;1000;"Maquina 1: [9 (1), 2 (7), 11 (33), 7 (60), 18 (37), 20 (28), 5 (91), 29 (53), 39 (79), 8 (68)]";2882;"Maquina 2: [4 (34), 24 (11), 35 (79), 23 (2), 25 (28), 34 (42), 0 (61), 22 (59), 6 (71), 32 (88)]";2754;"Maquina 3: [3 (20), 28 (2), 33 (74), 37 (34), 17 (30), 26 (46), 15 (63), 1 (98), 38 (59), 14 (81)]";3086;"Maquina 4: [31 (4), 27 (32), 19 (23), 21 (34), 30 (85), 10 (38), 16 (73), 36 (59), 13 (98), 12 (63)]";2928
TABÚ;40;4;10482;398.0;1000;"Maquina 1: [23 (2), 3 (20), 27 (32), 19 (23), 22 (59), 18 (37), 5 (91), 36 (59), 14 (81)]";2024;"Maquina 2: [28 (2), 11 (33), 0 (61), 34 (42), 29 (53), 37 (34), 20 (28), 30 (85), 6 (71), 8 (68), 39 (79)]";3371;"Maquina 3: [25 (28), 31 (4), 24 (11), 16 (73), 10 (38), 26 (46), 12 (63), 33 (74), 17 (30), 35 (79)]";2317;"Maquina 4: [9 (1), 2 (7), 4 (34), 13 (98), 21 (34), 15 (63), 32 (88), 38 (59), 7 (60), 1 (98)]";2770
VNS;40;4;10105;14028.0;1000;"Maquina 1: [11 (33), 9 (1), 2 (7), 10 (38), 7 (60), 12 (63), 3 (20), 8 (68), 6 (71), 32 (88), 5 (91)]";3037;"Maquina 2: [31 (4), 4 (34), 24 (11), 35 (79), 20 (28), 23 (2), 29 (53), 22 (59), 38 (59), 13 (98), 16 (73)]";2754;"Maquina 3: [25 (28), 28 (2), 18 (37), 34 (42), 17 (30), 26 (46), 15 (63), 33 (74), 30 (85), 14 (81)]";2470;"Maquina 4: [27 (32), 19 (23), 21 (34), 39 (79), 37 (34), 36 (59), 0 (61), 1 (98)]";1844
Multiarranque;40;4;10615;1547.0;1000;"Maquina 1: [9 (1), 2 (7), 23 (2), 25 (28), 31 (4), 8 (68), 24 (11), 22 (59), 38 (59), 15 (63), 5 (91), 39 (79)]";2694;"Maquina 2: [28 (2), 11 (33), 0 (61), 18 (37), 10 (38), 26 (46), 4 (34), 13 (98), 14 (81), 12 (63)]";2822;"Maquina 3: [27 (32), 19 (23), 17 (30), 33 (74), 32 (88), 6 (71), 36 (59), 30 (85), 16 (73)]";2771;"Maquina 4: [37 (34), 21 (34), 20 (28), 3 (20), 7 (60), 34 (42), 29 (53), 1 (98), 35 (79)]";2328
GREEDY;40;4;13101;0.0;1;"Maquina 1: [12 (16), 1 (2), 18 (68), 3 (29), 34 (34), 11 (91), 13 (57), 19 (52), 17 (83), 14 (77)]";2990;"Maquina 2: [21 (18), 8 (44), 25 (2), 26 (32), 10 (53), 16 (68), 32 (57), 31 (78), 24 (83), 23 (91)]";3269;"Maquina 3: [35 (53), 29 (32), 5 (11), 33 (89), 30 (71), 4 (23), 39 (57), 7 (99), 38 (50), 9 (83)]";3489;"Maquina 4: [27 (15), 28 (25), 0 (61), 15 (53), 22 (29), 37 (84), 2 (50), 36 (68), 6 (81), 20 (92)]";3353
GRASP;40;4;11462;1470.0;1000;"Maquina 1: [21 (18), 5 (11), 28 (25), 17 (83), 39 (57), 2 (50), 31 (78), 37 (84), 36 (68), 33 (89)]";3069;"Maquina 2: [27 (15), 32 (57), 18 (68), 3 (29), 4 (23), 13 (57), 11 (91), 14 (77), 24 (83), 7 (99)]";3191;"Maquina 3: [29 (32), 22 (29), 12 (16), 8 (44), 16 (68), 34 (34), 30 (71), 19 (52), 20 (92), 23 (91)]";2899;"Maquina 4: [1 (2), 25 (2), 26 (32), 10 (53), 38 (50), 0 (61), 15 (53), 6 (81), 35 (53), 9 (83)]";2303
LNS;40;4;13041;83.0;1000;"Maquina 1: [12 (16), 1 (2), 18 (68), 3 (29), 34 (34), 11 (91), 13 (57), 19 (52), 17 (83), 14 (77)]";2990;"Maquina 2: [25 (2), 8 (44), 21 (18), 26 (32), 10 (53), 16 (68), 32 (57), 31 (78), 24 (83), 23 (91)]";3209;"Maquina 3: [35 (53), 29 (32), 5 (11), 33 (89), 30 (71), 4 (23), 39 (57), 7 (99), 38 (50), 9 (83)]";3489;"Maquina 4: [27 (15), 28 (25), 0 (61), 15 (53), 22 (29), 37 (84), 2 (50), 36 (68), 6 (81), 20 (92)]";3353
TABÚ;40;4;11807;386.0;1000;"Maquina 1: [21 (18), 5 (11), 3 (29), 31 (78), 39 (57), 0 (61), 11 (91), 17 (83), 30 (71), 24 (83)]";2956;"Maquina 2: [25 (2), 35 (53), 22 (29), 13 (57), 2 (50), 15 (53), 18 (68), 9 (83), 32 (57), 33 (89)]";3043;"Maquina 3: [12 (16), 14 (77), 4 (23), 34 (34), 26 (32), 19 (52), 38 (50), 16 (68), 20 (92)]";2434;"Maquina 4: [1 (2), 10 (53), 8 (44), 28 (25), 29 (32), 6 (81), 27 (15), 36 (68), 23 (91), 37 (84), 7 (99)]";3374
VNS;40;4;10956;12847.0;1000;"Maquina 1: [12 (16), 1 (2), 5 (11), 3 (29), 27 (15), 34 (34), 30 (71), 13 (57), 31 (78), 17 (83), 14 (77), 24 (83)]";2987;"Maquina 2: [4 (23), 8 (44), 26 (32), 19 (52), 38 (50), 16 (68), 32 (57), 9 (83), 36 (68), 33 (89)]";3114;"Maquina 3: [28 (25), 29 (32), 21 (18), 18 (68), 10 (53), 39 (57), 23 (91), 37 (84), 6 (81)]";2362;"Maquina 4: [25 (2), 2 (50), 0 (61), 15 (53), 35 (53), 22 (29), 7 (99), 20 (92), 11 (91)]";2493
Multiarranque;40;4;11559;1555.0;1000;"Maquina 1: [12 (16), 1 (2), 8 (44), 2 (50), 30 (71), 13 (57), 28 (25), 38 (50), 19 (52), 17 (83), 33 (89)]";3154;"Maquina 2: [21 (18), 26 (32), 18 (68), 29 (32), 6 (81), 16 (68), 7 (99), 23 (91), 32 (57), 9 (83)]";3189;"Maquina 3: [27 (15), 36 (68), 4 (23), 10 (53), 39 (57), 0 (61), 11 (91), 15 (53), 24 (83)]";2512;"Maquina 4: [25 (2), 35 (53), 5 (11), 34 (34), 22 (29), 3 (29), 14 (77), 31 (78), 37 (84), 20 (92)]";2704
GREEDY;40;4;12877;1.0;1;"Maquina 1: [26 (3), 39 (10), 1 (58), 17 (42), 28 (40), 16 (71), 10 (23), 29 (70), 36 (80), 15 (91)]";2923;"Maquina 2: [31 (24), 8 (5), 13 (41), 20 (12), 7 (34), 12 (75), 34 (63), 14 (84), 27 (99), 30 (49), 11 (90)]";3727;"Maquina 3: [21 (23), 25 (12), 22 (5), 35 (58), 18 (43), 24 (89), 5 (71), 38 (79), 2 (37), 3 (99)]";3178;"Maquina 4: [4 (32), 9 (17), 33 (54), 6 (7), 37 (40), 32 (98), 23 (68), 19 (76), 0 (85)]";3049
GRASP;40;4;11405;1344.0;1000;"Maquina 1: [20 (12), 26 (3), 8 (5), 4 (32), 28 (40), 2 (37), 10 (23), 30 (49), 35 (58), 19 (76)]";1913;"Maquina 2: [21 (23), 25 (12), 13 (41), 18 (43), 24 (89), 31 (24), 5 (71), 38 (79), 32 (98), 36 (80), 15 (91)]";3712;"Maquina 3: [9 (17), 16 (71), 22 (5), 0 (85), 17 (42), 1 (58), 29 (70), 23 (68), 3 (99)]";2891;"Maquina 4: [34 (63), 7 (34), 39 (10), 37 (40), 12 (75), 6 (7), 11 (90), 33 (54), 14 (84), 27 (99)]";2889
LNS;40;4;12877;77.0;1000;"Maquina 1: [26 (3), 39 (10), 1 (58), 17 (42), 28 (40), 16 (71), 10 (23), 29 (70), 36 (80), 15 (91)]";2923;"Maquina 2: [31 (24), 8 (5), 13 (41), 20 (12), 7 (34), 12 (75), 34 (63), 14 (84), 27 (99), 30 (49), 11 (90)]";3727;"Maquina 3: [21 (23), 25 (12), 22 (5), 35 (58), 18 (43), 24 (89), 5 (71), 38 (79), 2 (37), 3 (99)]";3178;"Maquina 4: [4 (32), 9 (17), 33 (54), 6 (7), 37 (40), 32 (98), 23 (68), 19 (76), 0 (85)]";3049
TABÚ;40;4;11924;389.0;1000;"Maquina 1: [10 (23), 20 (12), 25 (12), 17 (42), 31 (24), 29 (70), 35 (58), 14 (84), 30 (49), 19 (76), 0 (85)]";3286;"Maquina 2: [26 (3), 22 (5), 1 (58), 13 (41), 5 (71), 38 (79), 37 (40), 27 (99), 2 (37), 15 (91)]";3079;"Maquina 3: [7 (34), 12 (75), 39 (10), 18 (43), 9 (17), 36 (80), 24 (89), 33 (54), 11 (90)]";2649;"Maquina 4: [4 (32), 28 (40), 6 (7), 21 (23), 34 (63), 8 (5), 23 (68), 3 (99), 16 (71), 32 (98)]";2910
VNS;40;4;10746;16327.0;1000;"Maquina 1: [4 (32), 25 (12), 39 (10), 18 (43), 1 (58), 17 (42), 28 (40), 2 (37), 10 (23), 23 (68), 11 (90)]";2895;"Maquina 2: [31 (24), 8 (5), 13 (41), 33 (54), 7 (34), 12 (75), 14 (84), 27 (99), 36 (80), 3 (99)]";2882;"Maquina 3: [20 (12), 26 (3), 22 (5), 6 (7), 24 (89), 5 (71), 38 (79), 16 (71), 15 (91), 34 (63)]";2353;"Maquina 4: [21 (23), 9 (17), 30 (49), 35 (58), 37 (40), 32 (98), 29 (70), 19 (76), 0 (85)]";2616
Multiarranque;40;4;11440;1555.0;1000;"Maquina 1: [7 (34), 39 (10), 2 (37), 20 (12), 28 (40), 1 (58), 23 (68), 12 (75), 32 (98), 0 (85)]";2833;"Maquina 2: [25 (12), 6 (7), 21 (23), 34 (63), 9 (17), 30 (49), 35 (58), 11 (90), 36 (80), 24 (89)]";2568;"Maquina 3: [8 (5), 26 (3), 22 (5), 4 (32), 13 (41), 18 (43), 19 (76), 29 (70), 3 (99), 14 (84), 15 (91)]";2929;"Maquina 4: [17 (42), 31 (24), 10 (23), 37 (40), 5 (71), 38 (79), 16 (71), 33 (54), 27 (99)]";3110
