GREEDY;40;6;8797;0.0;1;"Maquina 1: [1 (2), 30 (71), 13 (57), 19 (52), 4 (23), 7 (99), 24 (83)]";1620;"Maquina 2: [25 (2), 28 (25), 34 (34), 15 (53), 17 (83), 16 (68), 11 (91)]";1503;"Maquina 3: [5 (11), 3 (29), 32 (57), 18 (68), 8 (44), 20 (92), 6 (81)]";1470;"Maquina 4: [38 (50), 27 (15), 0 (61), 22 (29), 31 (78), 33 (89)]";1424;"Maquina 5: [12 (16), 39 (57), 26 (32), 10 (53), 37 (84), 14 (77)]";1268;"Maquina 6: [21 (18), 2 (50), 29 (32), 35 (53), 9 (83), 36 (68), 23 (91)]";1512
GRASP;40;6;7825;1571.0;1000;"Maquina 1: [29 (32), 25 (2), 12 (16), 14 (77), 17 (83), 11 (91), 7 (99)]";1404;"Maquina 2: [1 (2), 27 (15), 28 (25), 30 (71), 33 (89), 8 (44), 9 (83)]";1217;"Maquina 3: [39 (57), 21 (18), 19 (52), 34 (34), 31 (78), 37 (84)]";1094;"Maquina 4: [2 (50), 0 (61), 15 (53), 35 (53), 38 (50), 24 (83)]";1282;"Maquina 5: [26 (32), 22 (29), 4 (23), 32 (57), 18 (68), 36 (68), 23 (91)]";1429;"Maquina 6: [5 (11), 3 (29), 10 (53), 16 (68), 20 (92), 13 (57), 6 (81)]";1399
LNS;40;6;8747;41.0;1000;"Maquina 1: [1 (2), 30 (71), 13 (57), 19 (52), 4 (23), 7 (99), 24 (83)]";1620;"Maquina 2: [25 (2), 28 (25), 34 (34), 15 (53), 17 (83), 16 (68), 11 (91)]";1503;"Maquina 3: [5 (11), 3 (29), 32 (57), 18 (68), 8 (44), 20 (92), 6 (81)]";1470;"Maquina 4: [38 (50), 27 (15), 0 (61), 22 (29), 31 (78), 33 (89)]";1424;"Maquina 5: [26 (32), 39 (57), 12 (16), 10 (53), 37 (84), 14 (77)]";1218;"Maquina 6: [21 (18), 2 (50), 29 (32), 35 (53), 9 (83), 36 (68), 23 (91)]";1512
TABÚ;40;6;7951;460.0;1000;"Maquina 1: [5 (11), 3 (29), 15 (53), 32 (57), 19 (52), 9 (83)]";950;"Maquina 2: [12 (16), 1 (2), 10 (53), 2 (50), 20 (92), 18 (68), 36 (68)]";1254;"Maquina 3: [26 (32), 27 (15), 14 (77), 24 (83), 16 (68), 34 (34), 30 (71)]";1533;"Maquina 4: [8 (44), 21 (18), 29 (32), 39 (57), 23 (91), 37 (84), 6 (81)]";1513;"Maquina 5: [13 (57), 28 (25), 38 (50), 0 (61), 11 (91), 7 (99)]";1254;"Maquina 6: [25 (2), 35 (53), 22 (29), 4 (23), 31 (78), 17 (83), 33 (89)]";1447
VNS;40;6;7595;16467.0;1000;"Maquina 1: [12 (16), 1 (2), 30 (71), 13 (57), 19 (52), 31 (78), 37 (84)]";1243;"Maquina 2: [0 (61), 15 (53), 6 (81), 16 (68), 7 (99)]";1022;"Maquina 3: [28 (25), 5 (11), 3 (29), 32 (57), 18 (68), 8 (44), 20 (92), 11 (91)]";1722;"Maquina 4: [27 (15), 34 (34), 22 (29), 4 (23), 39 (57), 23 (91), 24 (83)]";1244;"Maquina 5: [21 (18), 26 (32), 10 (53), 38 (50), 17 (83), 14 (77)]";1038;"Maquina 6: [29 (32), 25 (2), 2 (50), 35 (53), 9 (83), 36 (68), 33 (89)]";1326
Multiarranque;40;6;8294;1654.0;1000;"Maquina 1: [1 (2), 5 (11), 28 (25), 18 (68), 36 (68), 17 (83), 9 (83)]";1314;"Maquina 2: [4 (23), 10 (53), 27 (15), 0 (61), 15 (53), 24 (83)]";1162;"Maquina 3: [22 (29), 3 (29), 6 (81), 16 (68), 30 (71), 19 (52), 7 (99)]";1794;"Maquina 4: [34 (34), 26 (32), 2 (50), 31 (78), 37 (84), 32 (57)]";1247;"Maquina 5: [35 (53), 38 (50), 13 (57), 11 (91), 23 (91), 14 (77)]";1441;"Maquina 6: [21 (18), 29 (32), 25 (2), 39 (57), 12 (16), 8 (44), 20 (92), 33 (89)]";1336
GREEDY;40;6;9347;0.0;1;"Maquina 1: [3 (20), 9 (1), 29 (53), 37 (34), 15 (63), 1 (98), 35 (79)]";1757;"Maquina 2: [23 (2), 38 (59), 10 (38), 19 (23), 12 (63), 13 (98), 39 (79)]";1797;"Maquina 3: [28 (2), 20 (28), 4 (34), 7 (60), 34 (42), 32 (88), 16 (73)]";1486;"Maquina 4: [25 (28), 11 (33), 31 (4), 0 (61), 33 (74), 5 (91), 26 (46)]";1641;"Maquina 5: [2 (7), 21 (34), 17 (30), 8 (68), 14 (81), 22 (59)]";1325;"Maquina 6: [27 (32), 24 (11), 36 (59), 6 (71), 18 (37), 30 (85)]";1341
GRASP;40;6;7317;1554.0;1000;"Maquina 1: [23 (2), 25 (28), 35 (79), 22 (59), 38 (59), 32 (88), 5 (91)]";1465;"Maquina 2: [7 (60), 18 (37), 28 (2), 20 (28), 14 (81), 33 (74)]";1056;"Maquina 3: [2 (7), 4 (34), 13 (98), 11 (33), 36 (59), 8 (68), 30 (85)]";1442;"Maquina 4: [31 (4), 27 (32), 19 (23), 21 (34), 6 (71), 34 (42), 29 (53)]";1039;"Maquina 5: [9 (1), 39 (79), 37 (34), 17 (30), 26 (46), 12 (63), 16 (73)]";1287;"Maquina 6: [10 (38), 24 (11), 15 (63), 3 (20), 0 (61), 1 (98)]";1028
LNS;40;6;9283;41.0;1000;"Maquina 1: [3 (20), 9 (1), 29 (53), 37 (34), 15 (63), 1 (98), 35 (79)]";1757;"Maquina 2: [23 (2), 38 (59), 10 (38), 19 (23), 12 (63), 13 (98), 39 (79)]";1797;"Maquina 3: [28 (2), 20 (28), 4 (34), 32 (88), 34 (42), 7 (60), 16 (73)]";1422;"Maquina 4: [25 (28), 11 (33), 31 (4), 0 (61), 33 (74), 5 (91), 26 (46)]";1641;"Maquina 5: [2 (7), 21 (34), 17 (30), 8 (68), 14 (81), 22 (59)]";1325;"Maquina 6: [27 (32), 24 (11), 36 (59), 6 (71), 18 (37), 30 (85)]";1341
TABÚ;40;6;7775;465.0;1000;"Maquina 1: [23 (2), 3 (20), 34 (42), 2 (7), 4 (34), 38 (59), 13 (98)]";971;"Maquina 2: [9 (1), 15 (63), 28 (2), 7 (60), 12 (63), 33 (74), 32 (88)]";1377;"Maquina 3: [31 (4), 27 (32), 6 (71), 1 (98), 11 (33), 29 (53), 0 (61)]";1640;"Maquina 4: [26 (46), 20 (28), 22 (59), 18 (37), 8 (68), 30 (85)]";1296;"Maquina 5: [25 (28), 21 (34), 39 (79), 37 (34), 36 (59), 14 (81), 5 (91)]";1514;"Maquina 6: [19 (23), 10 (38), 17 (30), 35 (79), 24 (11), 16 (73)]";977
VNS;40;6;6974;13643.0;1000;"Maquina 1: [29 (53), 37 (34), 17 (30), 0 (61), 1 (98), 14 (81)]";1221;"Maquina 2: [20 (28), 23 (2), 3 (20), 38 (59), 27 (32), 19 (23), 5 (91), 13 (98)]";1398;"Maquina 3: [31 (4), 4 (34), 32 (88), 34 (42), 36 (59), 16 (73)]";1040;"Maquina 4: [25 (28), 11 (33), 12 (63), 33 (74), 22 (59), 35 (79)]";1189;"Maquina 5: [28 (2), 9 (1), 2 (7), 26 (46), 21 (34), 7 (60), 18 (37), 39 (79)]";960;"Maquina 6: [10 (38), 24 (11), 15 (63), 6 (71), 8 (68), 30 (85)]";1166
Multiarranque;40;6;7594;1661.0;1000;"Maquina 1: [20 (28), 23 (2), 29 (53), 22 (59), 13 (98), 14 (81), 8 (68)]";1579;"Maquina 2: [9 (1), 36 (59), 10 (38), 15 (63), 19 (23), 33 (74)]";1091;"Maquina 3: [28 (2), 25 (28), 37 (34), 17 (30), 0 (61), 1 (98), 35 (79)]";1063;"Maquina 4: [31 (4), 4 (34), 24 (11), 16 (73), 38 (59), 34 (42), 30 (85)]";1197;"Maquina 5: [2 (7), 27 (32), 26 (46), 12 (63), 18 (37), 5 (91), 39 (79)]";1456;"Maquina 6: [21 (34), 6 (71), 3 (20), 11 (33), 7 (60), 32 (88)]";1208
GREEDY;40;6;7905;1.0;1;"Maquina 1: [2 (2), 19 (29), 39 (13), 18 (35), 17 (91), 33 (56), 37 (69)]";1375;"Maquina 2: [25 (14), 23 (3), 30 (25), 3 (63), 10 (35), 12 (94), 34 (49), 11 (80)]";1510;"Maquina 3: [14 (19), 31 (31), 24 (3), 36 (46), 7 (58), 27 (73)]";1048;"Maquina 4: [6 (27), 38 (3), 35 (20), 21 (40), 20 (84), 0 (58)]";1057;"Maquina 5: [28 (5), 16 (55), 1 (67), 26 (86), 32 (22), 9 (31)]";1355;"Maquina 6: [4 (6), 22 (38), 8 (63), 15 (25), 13 (48), 29 (75), 5 (97)]";1560
GRASP;40;6;6268;1573.0;1000;"Maquina 1: [6 (27), 25 (14), 23 (3), 34 (49), 21 (40), 17 (91), 27 (73)]";1087;"Maquina 2: [38 (3), 9 (31), 14 (19), 31 (31), 13 (48), 12 (94), 16 (55)]";1022;"Maquina 3: [2 (2), 35 (20), 36 (46), 4 (6), 3 (63), 26 (86)]";761;"Maquina 4: [28 (5), 30 (25), 1 (67), 19 (29), 7 (58), 8 (63), 33 (56)]";1187;"Maquina 5: [39 (13), 10 (35), 18 (35), 22 (38), 37 (69), 29 (75)]";890;"Maquina 6: [24 (3), 32 (22), 20 (84), 0 (58), 5 (97), 15 (25), 11 (80)]";1321
LNS;40;6;7631;41.0;1000;"Maquina 1: [39 (13), 19 (29), 2 (2), 18 (35), 17 (91), 33 (56), 37 (69)]";1287;"Maquina 2: [25 (14), 23 (3), 30 (25), 3 (63), 10 (35), 12 (94), 34 (49), 11 (80)]";1510;"Maquina 3: [24 (3), 36 (46), 14 (19), 31 (31), 7 (58), 27 (73)]";862;"Maquina 4: [6 (27), 38 (3), 35 (20), 21 (40), 20 (84), 0 (58)]";1057;"Maquina 5: [28 (5), 16 (55), 1 (67), 26 (86), 32 (22), 9 (31)]";1355;"Maquina 6: [4 (6), 22 (38), 8 (63), 15 (25), 13 (48), 29 (75), 5 (97)]";1560
TABÚ;40;6;6192;461.0;1000;"Maquina 1: [9 (31), 14 (19), 35 (20), 28 (5), 0 (58), 5 (97), 33 (56)]";1066;"Maquina 2: [2 (2), 19 (29), 10 (35), 18 (35), 22 (38), 27 (73), 12 (94)]";1018;"Maquina 3: [6 (27), 3 (63), 24 (3), 32 (22), 37 (69), 20 (84), 1 (67)]";1409;"Maquina 4: [15 (25), 23 (3), 34 (49), 36 (46), 31 (31), 7 (58), 26 (86)]";1149;"Maquina 5: [39 (13), 38 (3), 11 (80), 13 (48), 30 (25), 17 (91)]";779;"Maquina 6: [4 (6), 21 (40), 16 (55), 25 (14), 8 (63), 29 (75)]";771
VNS;40;6;6074;14590.0;1000;"Maquina 1: [15 (25), 39 (13), 38 (3), 4 (6), 16 (55), 33 (56), 1 (67), 27 (73)]";1264;"Maquina 2: [25 (14), 30 (25), 3 (63), 10 (35), 12 (94), 34 (49)]";904;"Maquina 3: [14 (19), 31 (31), 28 (5), 36 (46), 9 (31), 37 (69), 5 (97)]";1000;"Maquina 4: [6 (27), 19 (29), 2 (2), 35 (20), 18 (35), 21 (40), 17 (91)]";856;"Maquina 5: [24 (3), 0 (58), 7 (58), 26 (86), 32 (22), 20 (84)]";1023;"Maquina 6: [13 (48), 23 (3), 22 (38), 8 (63), 29 (75), 11 (80)]";1027
Multiarranque;40;6;6601;1657.0;1000;"Maquina 1: [24 (3), 32 (22), 16 (55), 27 (73), 10 (35), 33 (56)]";955;"Maquina 2: [31 (31), 28 (5), 38 (3), 36 (46), 7 (58), 3 (63), 20 (84)]";1174;"Maquina 3: [39 (13), 25 (14), 30 (25), 1 (67), 13 (48), 17 (91), 8 (63)]";1207;"Maquina 4: [15 (25), 2 (2), 35 (20), 18 (35), 22 (38), 37 (69), 26 (86), 12 (94)]";1349;"Maquina 5: [4 (6), 14 (19), 34 (49), 5 (97), 9 (31), 0 (58)]";943;"Maquina 6: [19 (29), 6 (27), 21 (40), 23 (3), 11 (80), 29 (75)]";973
GREEDY;40;6;9632;0.0;1;"Maquina 1: [15 (47), 4 (23), 38 (5), 30 (70), 24 (55), 32 (34), 39 (90)]";1482;"Maquina 2: [37 (13), 17 (25), 11 (41), 31 (94), 10 (76), 33 (59), 34 (46)]";1629;"Maquina 3: [22 (17), 29 (25), 0 (70), 36 (43), 13 (50), 35 (86)]";1326;"Maquina 4: [26 (31), 25 (17), 3 (44), 2 (68), 16 (82), 21 (48), 14 (98)]";1879;"Maquina 5: [12 (46), 5 (33), 18 (18), 6 (55), 27 (70), 7 (93)]";1480;"Maquina 6: [9 (22), 8 (51), 28 (34), 23 (62), 1 (82), 20 (44), 19 (96)]";1836
GRASP;40;6;7553;1548.0;1000;"Maquina 1: [28 (34), 37 (13), 12 (46), 4 (23), 13 (50), 35 (86), 10 (76)]";1257;"Maquina 2: [5 (33), 25 (17), 20 (44), 34 (46), 19 (96), 14 (98)]";1042;"Maquina 3: [18 (18), 6 (55), 16 (82), 33 (59), 36 (43), 39 (90)]";1156;"Maquina 4: [26 (31), 9 (22), 11 (41), 0 (70), 1 (82), 32 (34), 7 (93)]";1303;"Maquina 5: [22 (17), 3 (44), 8 (51), 23 (62), 2 (68), 15 (47), 31 (94)]";1582;"Maquina 6: [38 (5), 21 (48), 17 (25), 29 (25), 24 (55), 30 (70), 27 (70)]";1213
LNS;40;6;9534;42.0;1000;"Maquina 1: [15 (47), 4 (23), 38 (5), 30 (70), 24 (55), 32 (34), 39 (90)]";1482;"Maquina 2: [37 (13), 17 (25), 11 (41), 31 (94), 10 (76), 33 (59), 34 (46)]";1629;"Maquina 3: [22 (17), 29 (25), 0 (70), 36 (43), 13 (50), 35 (86)]";1326;"Maquina 4: [26 (31), 25 (17), 3 (44), 2 (68), 16 (82), 21 (48), 14 (98)]";1879;"Maquina 5: [12 (46), 18 (18), 6 (55), 5 (33), 27 (70), 7 (93)]";1382;"Maquina 6: [9 (22), 8 (51), 28 (34), 23 (62), 1 (82), 20 (44), 19 (96)]";1836
TABÚ;40;6;7621;464.0;1000;"Maquina 1: [38 (5), 13 (50), 25 (17), 36 (43), 24 (55), 30 (70), 35 (86)]";1212;"Maquina 2: [37 (13), 26 (31), 12 (46), 20 (44), 3 (44), 2 (68), 7 (93)]";1416;"Maquina 3: [28 (34), 18 (18), 6 (55), 33 (59), 32 (34), 31 (94)]";1004;"Maquina 4: [4 (23), 22 (17), 21 (48), 11 (41), 0 (70), 1 (82), 19 (96)]";1331;"Maquina 5: [8 (51), 9 (22), 23 (62), 5 (33), 34 (46), 14 (98), 39 (90)]";1483;"Maquina 6: [17 (25), 29 (25), 15 (47), 16 (82), 27 (70), 10 (76)]";1175
VNS;40;6;7718;13966.0;1000;"Maquina 1: [15 (47), 4 (23), 38 (5), 10 (76), 5 (33), 20 (44), 16 (82), 39 (90)]";1642;"Maquina 2: [17 (25), 11 (41), 13 (50), 25 (17), 33 (59), 1 (82)]";1016;"Maquina 3: [29 (25), 24 (55), 36 (43), 0 (70), 32 (34), 14 (98)]";1099;"Maquina 4: [22 (17), 3 (44), 2 (68), 7 (93), 30 (70), 31 (94)]";1218;"Maquina 5: [37 (13), 26 (31), 21 (48), 12 (46), 18 (18), 23 (62), 35 (86)]";1327;"Maquina 6: [9 (22), 27 (70), 8 (51), 28 (34), 6 (55), 34 (46), 19 (96)]";1416
Multiarranque;40;6;8029;1702.0;1000;"Maquina 1: [29 (25), 8 (51), 9 (22), 11 (41), 0 (70), 19 (96), 10 (76)]";1562;"Maquina 2: [4 (23), 18 (18), 24 (55), 33 (59), 21 (48), 27 (70), 7 (93)]";1573;"Maquina 3: [26 (31), 28 (34), 37 (13), 12 (46), 30 (70), 31 (94), 16 (82)]";1364;"Maquina 4: [38 (5), 13 (50), 25 (17), 36 (43), 5 (33), 34 (46), 1 (82)]";1152;"Maquina 5: [17 (25), 6 (55), 20 (44), 3 (44), 2 (68), 35 (86)]";1178;"Maquina 6: [22 (17), 32 (34), 23 (62), 15 (47), 14 (98), 39 (90)]";1200
GREEDY;40;6;7350;0.0;1;"Maquina 1: [31 (35), 19 (2), 11 (58), 10 (25), 37 (44), 2 (80), 9 (98)]";1449;"Maquina 2: [33 (44), 18 (25), 8 (3), 36 (72), 3 (35), 22 (55), 20 (92)]";1236;"Maquina 3: [1 (4), 23 (25), 4 (30), 34 (41), 25 (48), 13 (72), 39 (90)]";1143;"Maquina 4: [15 (4), 21 (28), 28 (29), 16 (44), 5 (54), 29 (73), 12 (97)]";1406;"Maquina 5: [35 (9), 24 (41), 0 (64), 27 (28), 26 (45), 30 (84)]";1020;"Maquina 6: [7 (10), 14 (46), 6 (29), 17 (36), 32 (85), 38 (67)]";1096
GRASP;40;6;6244;1593.0;1000;"Maquina 1: [15 (4), 17 (36), 33 (44), 26 (45), 10 (25), 22 (55), 11 (58)]";1039;"Maquina 2: [1 (4), 6 (29), 38 (67), 0 (64), 37 (44), 39 (90)]";896;"Maquina 3: [8 (3), 5 (54), 24 (41), 31 (35), 32 (85), 12 (97)]";946;"Maquina 4: [19 (2), 34 (41), 23 (25), 4 (30), 29 (73), 13 (72), 2 (80)]";1083;"Maquina 5: [7 (10), 28 (29), 20 (92), 3 (35), 25 (48), 30 (84), 9 (98)]";1334;"Maquina 6: [35 (9), 21 (28), 18 (25), 14 (46), 16 (44), 27 (28), 36 (72)]";946
LNS;40;6;7278;41.0;1000;"Maquina 1: [31 (35), 19 (2), 11 (58), 10 (25), 37 (44), 2 (80), 9 (98)]";1449;"Maquina 2: [33 (44), 18 (25), 8 (3), 36 (72), 3 (35), 22 (55), 20 (92)]";1236;"Maquina 3: [1 (4), 4 (30), 23 (25), 34 (41), 13 (72), 25 (48), 39 (90)]";1115;"Maquina 4: [15 (4), 29 (73), 16 (44), 21 (28), 28 (29), 5 (54), 12 (97)]";1362;"Maquina 5: [35 (9), 24 (41), 0 (64), 27 (28), 26 (45), 30 (84)]";1020;"Maquina 6: [7 (10), 14 (46), 6 (29), 17 (36), 32 (85), 38 (67)]";1096
TABÚ;40;6;6241;471.0;1000;"Maquina 1: [19 (2), 34 (41), 24 (41), 0 (64), 37 (44), 13 (72), 32 (85)]";1229;"Maquina 2: [4 (30), 3 (35), 18 (25), 10 (25), 30 (84), 12 (97), 9 (98)]";1452;"Maquina 3: [35 (9), 21 (28), 11 (58), 26 (45), 14 (46), 2 (80)]";848;"Maquina 4: [8 (3), 27 (28), 28 (29), 17 (36), 36 (72), 5 (54), 29 (73)]";1050;"Maquina 5: [7 (10), 15 (4), 25 (48), 16 (44), 38 (67), 39 (90)]";746;"Maquina 6: [1 (4), 6 (29), 23 (25), 31 (35), 33 (44), 22 (55), 20 (92)]";916
VNS;40;6;6062;13198.0;1000;"Maquina 1: [31 (35), 7 (10), 28 (29), 23 (25), 29 (73), 38 (67), 39 (90)]";1107;"Maquina 2: [15 (4), 19 (2), 18 (25), 20 (92), 3 (35), 24 (41), 22 (55), 9 (98)]";1250;"Maquina 3: [4 (30), 34 (41), 14 (46), 13 (72), 0 (64)]";746;"Maquina 4: [8 (3), 27 (28), 21 (28), 6 (29), 5 (54), 30 (84), 12 (97)]";995;"Maquina 5: [35 (9), 37 (44), 26 (45), 36 (72), 11 (58), 32 (85)]";1001;"Maquina 6: [1 (4), 10 (25), 17 (36), 33 (44), 25 (48), 16 (44), 2 (80)]";963
Multiarranque;40;6;6337;1693.0;1000;"Maquina 1: [8 (3), 34 (41), 28 (29), 0 (64), 37 (44), 32 (85)]";876;"Maquina 2: [19 (2), 18 (25), 16 (44), 27 (28), 5 (54), 13 (72), 20 (92)]";1096;"Maquina 3: [1 (4), 10 (25), 22 (55), 25 (48), 3 (35), 12 (97), 36 (72)]";1144;"Maquina 4: [35 (9), 6 (29), 11 (58), 17 (36), 33 (44), 39 (90), 29 (73)]";1175;"Maquina 5: [15 (4), 21 (28), 4 (30), 24 (41), 26 (45), 30 (84), 9 (98)]";1184;"Maquina 6: [7 (10), 23 (25), 31 (35), 14 (46), 2 (80), 38 (67)]";862
GREEDY;40;6;5832;0.0;1;"Maquina 1: [35 (6), 0 (3), 5 (49), 39 (27), 14 (55), 10 (65), 32 (99)]";1162;"Maquina 2: [8 (3), 25 (10), 33 (45), 23 (29), 28 (55), 15 (81)]";848;"Maquina 3: [19 (14), 12 (3), 1 (22), 24 (29), 22 (60), 17 (90), 21 (51)]";966;"Maquina 4: [30 (15), 37 (4), 9 (29), 4 (42), 20 (55), 2 (71)]";807;"Maquina 5: [26 (18), 7 (5), 27 (16), 3 (52), 18 (61), 6 (31), 11 (90)]";918;"Maquina 6: [13 (5), 38 (16), 16 (40), 31 (69), 29 (19), 36 (54), 34 (95)]";1131
GRASP;40;6;5079;1538.0;1000;"Maquina 1: [7 (5), 23 (29), 30 (15), 8 (3), 2 (71), 34 (95), 32 (99)]";953;"Maquina 2: [6 (31), 27 (16), 39 (27), 16 (40), 28 (55), 5 (49), 31 (69)]";1075;"Maquina 3: [29 (19), 37 (4), 3 (52), 14 (55), 36 (54), 11 (90)]";827;"Maquina 4: [35 (6), 12 (3), 33 (45), 0 (3), 21 (51), 22 (60), 15 (81)]";777;"Maquina 5: [9 (29), 25 (10), 13 (5), 24 (29), 26 (18), 10 (65), 17 (90)]";821;"Maquina 6: [19 (14), 1 (22), 38 (16), 4 (42), 20 (55), 18 (61)]";626
LNS;40;6;5750;42.0;1000;"Maquina 1: [35 (6), 0 (3), 5 (49), 39 (27), 14 (55), 10 (65), 32 (99)]";1162;"Maquina 2: [8 (3), 28 (55), 33 (45), 25 (10), 23 (29), 15 (81)]";773;"Maquina 3: [19 (14), 12 (3), 1 (22), 24 (29), 22 (60), 17 (90), 21 (51)]";966;"Maquina 4: [30 (15), 37 (4), 20 (55), 9 (29), 4 (42), 2 (71)]";800;"Maquina 5: [26 (18), 7 (5), 27 (16), 3 (52), 18 (61), 6 (31), 11 (90)]";918;"Maquina 6: [13 (5), 38 (16), 16 (40), 31 (69), 29 (19), 36 (54), 34 (95)]";1131
TABÚ;40;6;5146;455.0;1000;"Maquina 1: [35 (6), 12 (3), 23 (29), 29 (19), 9 (29), 34 (95), 10 (65)]";805;"Maquina 2: [37 (4), 1 (22), 7 (5), 36 (54), 21 (51), 32 (99)]";638;"Maquina 3: [19 (14), 0 (3), 6 (31), 28 (55), 4 (42), 17 (90)]";717;"Maquina 4: [13 (5), 30 (15), 27 (16), 5 (49), 31 (69), 20 (55), 15 (81)]";913;"Maquina 5: [8 (3), 38 (16), 39 (27), 16 (40), 3 (52), 18 (61), 2 (71)]";989;"Maquina 6: [26 (18), 25 (10), 14 (55), 33 (45), 24 (29), 22 (60), 11 (90)]";1084
VNS;40;6;4950;13330.0;1000;"Maquina 1: [7 (5), 5 (49), 39 (27), 9 (29), 28 (55), 15 (81)]";727;"Maquina 2: [8 (3), 35 (6), 25 (10), 14 (55), 23 (29), 17 (90), 11 (90)]";853;"Maquina 3: [0 (3), 19 (14), 13 (5), 24 (29), 22 (60), 6 (31), 31 (69), 34 (95)]";996;"Maquina 4: [30 (15), 37 (4), 36 (54), 29 (19), 20 (55), 10 (65)]";759;"Maquina 5: [26 (18), 27 (16), 3 (52), 18 (61), 21 (51), 32 (99)]";833;"Maquina 6: [12 (3), 1 (22), 38 (16), 16 (40), 4 (42), 2 (71), 33 (45)]";782
Multiarranque;40;6;5142;1665.0;1000;"Maquina 1: [19 (14), 0 (3), 38 (16), 16 (40), 10 (65), 33 (45), 31 (69)]";810;"Maquina 2: [37 (4), 26 (18), 25 (10), 22 (60), 17 (90), 2 (71)]";808;"Maquina 3: [7 (5), 23 (29), 30 (15), 18 (61), 6 (31), 34 (95), 36 (54)]";989;"Maquina 4: [13 (5), 12 (3), 24 (29), 4 (42), 21 (51), 20 (55), 15 (81)]";888;"Maquina 5: [8 (3), 39 (27), 9 (29), 29 (19), 27 (16), 28 (55), 32 (99)]";813;"Maquina 6: [35 (6), 1 (22), 3 (52), 14 (55), 5 (49), 11 (90)]";834
GREEDY;40;6;6095;1.0;1;"Maquina 1: [4 (23), 23 (7), 9 (2), 28 (46), 14 (67), 37 (77), 22 (98)]";1204;"Maquina 2: [8 (8), 30 (2), 20 (20), 15 (56), 27 (74), 26 (33), 29 (89)]";951;"Maquina 3: [18 (29), 3 (4), 19 (9), 11 (48), 16 (67), 36 (82)]";820;"Maquina 4: [33 (20), 7 (4), 31 (10), 6 (43), 1 (66), 32 (80), 39 (96)]";1161;"Maquina 5: [12 (5), 10 (13), 2 (27), 0 (34), 25 (56), 24 (90), 21 (76)]";1068;"Maquina 6: [38 (18), 17 (6), 34 (67), 35 (31), 13 (52), 5 (85)]";891
GRASP;40;6;5174;1558.0;1000;"Maquina 1: [30 (2), 33 (20), 19 (9), 35 (31), 32 (80), 29 (89), 37 (77)]";928;"Maquina 2: [23 (7), 26 (33), 28 (46), 1 (66), 14 (67), 24 (90)]";997;"Maquina 3: [12 (5), 8 (8), 25 (56), 0 (34), 13 (52), 34 (67), 21 (76)]";945;"Maquina 4: [9 (2), 7 (4), 10 (13), 11 (48), 2 (27), 39 (96), 22 (98)]";724;"Maquina 5: [3 (4), 20 (20), 6 (43), 4 (23), 38 (18), 27 (74), 36 (82)]";889;"Maquina 6: [17 (6), 31 (10), 18 (29), 16 (67), 15 (56), 5 (85)]";691
LNS;40;6;6095;43.0;1000;"Maquina 1: [4 (23), 23 (7), 9 (2), 28 (46), 14 (67), 37 (77), 22 (98)]";1204;"Maquina 2: [8 (8), 30 (2), 20 (20), 15 (56), 27 (74), 26 (33), 29 (89)]";951;"Maquina 3: [18 (29), 3 (4), 19 (9), 11 (48), 16 (67), 36 (82)]";820;"Maquina 4: [33 (20), 7 (4), 31 (10), 6 (43), 1 (66), 32 (80), 39 (96)]";1161;"Maquina 5: [12 (5), 10 (13), 2 (27), 0 (34), 25 (56), 24 (90), 21 (76)]";1068;"Maquina 6: [38 (18), 17 (6), 34 (67), 35 (31), 13 (52), 5 (85)]";891
TABÚ;40;6;5348;461.0;1000;"Maquina 1: [23 (7), 33 (20), 20 (20), 6 (43), 25 (56), 5 (85), 24 (90)]";1011;"Maquina 2: [7 (4), 2 (27), 28 (46), 26 (33), 29 (89), 37 (77)]";789;"Maquina 3: [12 (5), 10 (13), 11 (48), 4 (23), 16 (67), 15 (56), 39 (96)]";1019;"Maquina 4: [38 (18), 17 (6), 19 (9), 35 (31), 1 (66), 32 (80)]";629;"Maquina 5: [31 (10), 18 (29), 30 (2), 34 (67), 0 (34), 13 (52), 22 (98)]";931;"Maquina 6: [3 (4), 9 (2), 8 (8), 27 (74), 36 (82), 14 (67), 21 (76)]";969
VNS;40;6;5264;17217.0;1000;"Maquina 1: [9 (2), 38 (18), 3 (4), 23 (7), 13 (52), 4 (23), 22 (98), 14 (67)]";908;"Maquina 2: [12 (5), 8 (8), 30 (2), 0 (34), 37 (77), 28 (46), 15 (56), 5 (85)]";1088;"Maquina 3: [20 (20), 6 (43), 16 (67), 1 (66), 32 (80)]";709;"Maquina 4: [19 (9), 7 (4), 31 (10), 11 (48), 21 (76), 27 (74), 36 (82)]";902;"Maquina 5: [10 (13), 2 (27), 26 (33), 25 (56), 29 (89), 24 (90)]";859;"Maquina 6: [33 (20), 17 (6), 34 (67), 18 (29), 35 (31), 39 (96)]";798
Multiarranque;40;6;5473;1662.0;1000;"Maquina 1: [3 (4), 23 (7), 26 (33), 25 (56), 37 (77), 15 (56), 32 (80)]";1117;"Maquina 2: [7 (4), 2 (27), 13 (52), 4 (23), 35 (31), 27 (74), 36 (82)]";1056;"Maquina 3: [12 (5), 8 (8), 33 (20), 21 (76), 6 (43), 0 (34), 22 (98)]";963;"Maquina 4: [9 (2), 17 (6), 31 (10), 18 (29), 14 (67), 1 (66), 39 (96)]";744;"Maquina 5: [19 (9), 20 (20), 11 (48), 16 (67), 5 (85), 24 (90)]";870;"Maquina 6: [10 (13), 28 (46), 30 (2), 34 (67), 38 (18), 29 (89)]";723
GREEDY;40;6;6965;0.0;1;"Maquina 1: [37 (15), 26 (2), 38 (34), 5 (29), 13 (44), 27 (74), 20 (92)]";1011;"Maquina 2: [4 (19), 35 (6), 18 (30), 10 (36), 3 (61), 31 (86), 0 (97)]";1260;"Maquina 3: [36 (6), 25 (19), 23 (32), 19 (43), 39 (91), 21 (63), 30 (99)]";1275;"Maquina 4: [11 (7), 32 (21), 34 (32), 8 (51), 14 (79), 7 (94)]";1047;"Maquina 5: [9 (12), 22 (33), 16 (23), 15 (43), 33 (98), 29 (66), 24 (89)]";1296;"Maquina 6: [17 (13), 1 (58), 2 (34), 28 (25), 12 (83), 6 (94)]";1076
GRASP;40;6;6305;1541.0;1000;"Maquina 1: [9 (12), 34 (32), 19 (43), 29 (66), 23 (32), 0 (97), 39 (91)]";1262;"Maquina 2: [22 (33), 17 (13), 8 (51), 15 (43), 30 (99), 27 (74)]";986;"Maquina 3: [37 (15), 36 (6), 32 (21), 13 (44), 24 (89), 21 (63), 33 (98)]";1061;"Maquina 4: [26 (2), 10 (36), 5 (29), 6 (94), 3 (61), 12 (83)]";921;"Maquina 5: [25 (19), 28 (25), 11 (7), 2 (34), 31 (86), 1 (58), 20 (92)]";1101;"Maquina 6: [38 (34), 4 (19), 35 (6), 16 (23), 18 (30), 14 (79), 7 (94)]";974
LNS;40;6;6965;43.0;1000;"Maquina 1: [37 (15), 26 (2), 38 (34), 5 (29), 13 (44), 27 (74), 20 (92)]";1011;"Maquina 2: [4 (19), 35 (6), 18 (30), 10 (36), 3 (61), 31 (86), 0 (97)]";1260;"Maquina 3: [36 (6), 25 (19), 23 (32), 19 (43), 39 (91), 21 (63), 30 (99)]";1275;"Maquina 4: [11 (7), 32 (21), 34 (32), 8 (51), 14 (79), 7 (94)]";1047;"Maquina 5: [9 (12), 22 (33), 16 (23), 15 (43), 33 (98), 29 (66), 24 (89)]";1296;"Maquina 6: [17 (13), 1 (58), 2 (34), 28 (25), 12 (83), 6 (94)]";1076
TABÚ;40;6;6235;458.0;1000;"Maquina 1: [35 (6), 3 (61), 25 (19), 23 (32), 19 (43), 15 (43), 30 (99)]";1073;"Maquina 2: [36 (6), 26 (2), 10 (36), 5 (29), 21 (63), 29 (66), 7 (94)]";975;"Maquina 3: [22 (33), 16 (23), 37 (15), 1 (58), 6 (94), 0 (97)]";864;"Maquina 4: [32 (21), 4 (19), 34 (32), 13 (44), 14 (79), 39 (91), 27 (74)]";1248;"Maquina 5: [28 (25), 11 (7), 38 (34), 17 (13), 24 (89), 12 (83), 33 (98)]";1152;"Maquina 6: [9 (12), 2 (34), 18 (30), 8 (51), 31 (86), 20 (92)]";923
VNS;40;6;5960;14527.0;1000;"Maquina 1: [25 (19), 37 (15), 26 (2), 38 (34), 5 (29), 21 (63), 20 (92), 24 (89)]";1151;"Maquina 2: [11 (7), 35 (6), 16 (23), 22 (33), 18 (30), 13 (44), 10 (36), 14 (79)]";1034;"Maquina 3: [36 (6), 34 (32), 23 (32), 19 (43), 3 (61), 12 (83), 30 (99)]";1097;"Maquina 4: [9 (12), 28 (25), 8 (51), 39 (91), 27 (74), 7 (94)]";987;"Maquina 5: [4 (19), 32 (21), 15 (43), 29 (66), 6 (94), 33 (98)]";953;"Maquina 6: [17 (13), 1 (58), 2 (34), 31 (86), 0 (97)]";738
Multiarranque;40;6;6335;1659.0;1000;"Maquina 1: [36 (6), 34 (32), 23 (32), 32 (21), 1 (58), 31 (86), 20 (92)]";1131;"Maquina 2: [26 (2), 9 (12), 13 (44), 24 (89), 5 (29), 12 (83), 0 (97)]";1137;"Maquina 3: [2 (34), 4 (19), 22 (33), 18 (30), 21 (63), 6 (94), 7 (94)]";1261;"Maquina 4: [35 (6), 16 (23), 37 (15), 3 (61), 8 (51), 39 (91), 27 (74)]";1008;"Maquina 5: [17 (13), 10 (36), 25 (19), 15 (43), 29 (66), 33 (98)]";854;"Maquina 6: [28 (25), 11 (7), 38 (34), 19 (43), 14 (79), 30 (99)]";944
GREEDY;40;6;8237;0.0;1;"Maquina 1: [31 (5), 33 (46), 11 (53), 39 (24), 32 (65), 30 (74), 28 (99)]";1622;"Maquina 2: [0 (10), 35 (25), 37 (51), 29 (38), 34 (63), 13 (71), 14 (88)]";1388;"Maquina 3: [2 (14), 10 (27), 17 (62), 19 (31), 18 (50), 21 (95), 1 (74)]";1389;"Maquina 4: [6 (28), 38 (16), 24 (69), 8 (59), 15 (49), 3 (75)]";1188;"Maquina 5: [7 (17), 4 (29), 27 (50), 22 (39), 9 (64), 25 (74), 36 (98)]";1399;"Maquina 6: [20 (20), 16 (29), 12 (50), 5 (61), 26 (77), 23 (70)]";1251
GRASP;40;6;6867;1551.0;1000;"Maquina 1: [2 (14), 10 (27), 4 (29), 16 (29), 1 (74), 14 (88), 28 (99)]";1065;"Maquina 2: [39 (24), 6 (28), 13 (71), 12 (50), 11 (53), 3 (75), 9 (64)]";1352;"Maquina 3: [31 (5), 7 (17), 30 (74), 5 (61), 37 (51), 17 (62), 36 (98)]";1280;"Maquina 4: [0 (10), 38 (16), 19 (31), 25 (74), 32 (65), 27 (50), 21 (95)]";1197;"Maquina 5: [20 (20), 33 (46), 22 (39), 18 (50), 23 (70), 24 (69)]";941;"Maquina 6: [29 (38), 35 (25), 8 (59), 15 (49), 26 (77), 34 (63)]";1032
LNS;40;6;8182;41.0;1000;"Maquina 1: [31 (5), 33 (46), 11 (53), 39 (24), 32 (65), 30 (74), 28 (99)]";1622;"Maquina 2: [0 (10), 35 (25), 13 (71), 29 (38), 34 (63), 37 (51), 14 (88)]";1376;"Maquina 3: [2 (14), 10 (27), 17 (62), 19 (31), 18 (50), 21 (95), 1 (74)]";1389;"Maquina 4: [6 (28), 38 (16), 24 (69), 15 (49), 8 (59), 3 (75)]";1147;"Maquina 5: [7 (17), 4 (29), 27 (50), 22 (39), 9 (64), 25 (74), 36 (98)]";1399;"Maquina 6: [12 (50), 16 (29), 20 (20), 5 (61), 26 (77), 23 (70)]";1249
TABÚ;40;6;6812;462.0;1000;"Maquina 1: [7 (17), 4 (29), 29 (38), 22 (39), 8 (59), 26 (77), 1 (74)]";1165;"Maquina 2: [39 (24), 6 (28), 33 (46), 3 (75), 17 (62), 24 (69), 21 (95)]";1411;"Maquina 3: [0 (10), 38 (16), 16 (29), 19 (31), 9 (64), 25 (74), 32 (65)]";939;"Maquina 4: [2 (14), 10 (27), 15 (49), 18 (50), 5 (61), 14 (88)]";871;"Maquina 5: [20 (20), 37 (51), 27 (50), 30 (74), 36 (98), 13 (71)]";1135;"Maquina 6: [35 (25), 31 (5), 12 (50), 11 (53), 34 (63), 23 (70), 28 (99)]";1291
VNS;40;6;6807;13090.0;1000;"Maquina 1: [11 (53), 12 (50), 32 (65), 1 (74), 14 (88)]";982;"Maquina 2: [6 (28), 35 (25), 39 (24), 37 (51), 18 (50), 34 (63), 30 (74)]";1206;"Maquina 3: [2 (14), 10 (27), 15 (49), 19 (31), 24 (69), 21 (95), 8 (59)]";1175;"Maquina 4: [7 (17), 4 (29), 38 (16), 13 (71), 23 (70), 17 (62), 36 (98)]";1177;"Maquina 5: [16 (29), 0 (10), 27 (50), 29 (38), 22 (39), 9 (64), 25 (74)]";1045;"Maquina 6: [31 (5), 20 (20), 33 (46), 5 (61), 26 (77), 3 (75), 28 (99)]";1222
Multiarranque;40;6;7073;1663.0;1000;"Maquina 1: [38 (16), 16 (29), 19 (31), 34 (63), 3 (75), 26 (77), 13 (71)]";1262;"Maquina 2: [2 (14), 0 (10), 5 (61), 33 (46), 11 (53), 21 (95), 36 (98)]";1303;"Maquina 3: [31 (5), 20 (20), 39 (24), 37 (51), 17 (62), 24 (69), 28 (99)]";1056;"Maquina 4: [10 (27), 15 (49), 27 (50), 22 (39), 18 (50), 23 (70)]";1011;"Maquina 5: [6 (28), 35 (25), 12 (50), 9 (64), 32 (65), 14 (88)]";1106;"Maquina 6: [7 (17), 4 (29), 29 (38), 8 (59), 25 (74), 30 (74), 1 (74)]";1335
GREEDY;40;6;9026;0.0;1;"Maquina 1: [26 (15), 27 (31), 0 (3), 2 (76), 19 (82), 1 (50), 16 (91)]";1528;"Maquina 2: [10 (17), 35 (5), 32 (28), 11 (78), 12 (48), 39 (82), 30 (91)]";1634;"Maquina 3: [28 (19), 3 (6), 38 (89), 9 (60), 21 (68), 33 (80), 8 (40)]";1454;"Maquina 4: [17 (83), 4 (6), 15 (20), 24 (41), 23 (60), 13 (78)]";1332;"Maquina 5: [20 (7), 18 (21), 25 (80), 37 (87), 5 (61), 22 (46), 34 (93)]";1787;"Maquina 6: [31 (26), 6 (10), 36 (61), 14 (79), 7 (86), 29 (46)]";1291
GRASP;40;6;7355;1540.0;1000;"Maquina 1: [6 (10), 15 (20), 21 (68), 14 (79), 29 (46), 36 (61)]";923;"Maquina 2: [4 (6), 8 (40), 12 (48), 18 (21), 25 (80), 37 (87)]";854;"Maquina 3: [35 (5), 28 (19), 3 (6), 26 (15), 5 (61), 13 (78), 30 (91), 7 (86)]";1286;"Maquina 4: [9 (60), 20 (7), 33 (80), 24 (41), 16 (91), 34 (93)]";1249;"Maquina 5: [31 (26), 27 (31), 17 (83), 10 (17), 19 (82), 39 (82), 11 (78)]";1560;"Maquina 6: [0 (3), 32 (28), 1 (50), 22 (46), 23 (60), 2 (76), 38 (89)]";1483
LNS;40;6;8936;41.0;1000;"Maquina 1: [26 (15), 27 (31), 0 (3), 2 (76), 19 (82), 1 (50), 16 (91)]";1528;"Maquina 2: [10 (17), 35 (5), 32 (28), 11 (78), 12 (48), 39 (82), 30 (91)]";1634;"Maquina 3: [28 (19), 3 (6), 38 (89), 9 (60), 21 (68), 33 (80), 8 (40)]";1454;"Maquina 4: [17 (83), 15 (20), 24 (41), 4 (6), 23 (60), 13 (78)]";1242;"Maquina 5: [20 (7), 18 (21), 25 (80), 37 (87), 5 (61), 22 (46), 34 (93)]";1787;"Maquina 6: [31 (26), 6 (10), 36 (61), 14 (79), 7 (86), 29 (46)]";1291
TABÚ;40;6;7657;464.0;1000;"Maquina 1: [35 (5), 28 (19), 11 (78), 32 (28), 1 (50), 38 (89), 25 (80)]";1255;"Maquina 2: [10 (17), 12 (48), 18 (21), 23 (60), 13 (78), 33 (80), 37 (87)]";1555;"Maquina 3: [4 (6), 21 (68), 29 (46), 36 (61), 22 (46), 39 (82)]";1194;"Maquina 4: [3 (6), 6 (10), 15 (20), 24 (41), 34 (93), 26 (15), 16 (91)]";1083;"Maquina 5: [0 (3), 9 (60), 20 (7), 7 (86), 30 (91), 8 (40), 2 (76)]";1339;"Maquina 6: [31 (26), 27 (31), 17 (83), 5 (61), 14 (79), 19 (82)]";1231
VNS;40;6;7078;14264.0;1000;"Maquina 1: [20 (7), 26 (15), 0 (3), 15 (20), 7 (86), 33 (80), 34 (93)]";1047;"Maquina 2: [35 (5), 28 (19), 9 (60), 22 (46), 8 (40), 36 (61), 17 (83)]";1175;"Maquina 3: [6 (10), 3 (6), 38 (89), 39 (82), 13 (78), 21 (68), 30 (91)]";1561;"Maquina 4: [10 (17), 24 (41), 12 (48), 5 (61), 37 (87), 19 (82)]";1064;"Maquina 5: [27 (31), 18 (21), 29 (46), 23 (60), 1 (50), 11 (78), 16 (91)]";1403;"Maquina 6: [4 (6), 32 (28), 31 (26), 25 (80), 2 (76), 14 (79)]";828
Multiarranque;40;6;7774;1699.0;1000;"Maquina 1: [3 (6), 10 (17), 27 (31), 21 (68), 14 (79), 7 (86), 33 (80)]";1234;"Maquina 2: [0 (3), 15 (20), 23 (60), 11 (78), 31 (26), 34 (93), 39 (82)]";1596;"Maquina 3: [35 (5), 29 (46), 9 (60), 22 (46), 4 (6), 30 (91), 16 (91)]";1332;"Maquina 4: [20 (7), 13 (78), 12 (48), 18 (21), 37 (87), 19 (82)]";1286;"Maquina 5: [6 (10), 26 (15), 24 (41), 8 (40), 2 (76), 36 (61), 17 (83)]";1128;"Maquina 6: [28 (19), 5 (61), 32 (28), 1 (50), 38 (89), 25 (80)]";1198
GREEDY;40;6;9622;0.0;1;"Maquina 1: [26 (3), 25 (12), 30 (49), 7 (34), 5 (71), 24 (89)]";1463;"Maquina 2: [8 (5), 37 (40), 35 (58), 9 (17), 32 (98), 36 (80), 23 (68)]";1498;"Maquina 3: [22 (5), 13 (41), 10 (23), 34 (63), 19 (76), 11 (90)]";1491;"Maquina 4: [6 (7), 27 (99), 2 (37), 1 (58), 21 (23), 0 (85), 12 (75)]";1813;"Maquina 5: [33 (54), 39 (10), 17 (42), 31 (24), 16 (71), 3 (99), 14 (84)]";1743;"Maquina 6: [20 (12), 4 (32), 28 (40), 29 (70), 18 (43), 38 (79), 15 (91)]";1614
GRASP;40;6;7869;1539.0;1000;"Maquina 1: [6 (7), 5 (71), 20 (12), 4 (32), 23 (68), 3 (99)]";1010;"Maquina 2: [8 (5), 26 (3), 16 (71), 10 (23), 30 (49), 19 (76), 34 (63)]";1133;"Maquina 3: [22 (5), 37 (40), 39 (10), 1 (58), 33 (54), 11 (90), 38 (79)]";1369;"Maquina 4: [13 (41), 18 (43), 31 (24), 29 (70), 35 (58), 15 (91)]";1178;"Maquina 5: [25 (12), 17 (42), 0 (85), 36 (80), 28 (40), 24 (89), 32 (98)]";1704;"Maquina 6: [21 (23), 9 (17), 7 (34), 12 (75), 14 (84), 27 (99), 2 (37)]";1475
LNS;40;6;9622;42.0;1000;"Maquina 1: [26 (3), 25 (12), 30 (49), 7 (34), 5 (71), 24 (89)]";1463;"Maquina 2: [8 (5), 37 (40), 35 (58), 9 (17), 32 (98), 36 (80), 23 (68)]";1498;"Maquina 3: [22 (5), 13 (41), 10 (23), 34 (63), 19 (76), 11 (90)]";1491;"Maquina 4: [6 (7), 27 (99), 2 (37), 1 (58), 21 (23), 0 (85), 12 (75)]";1813;"Maquina 5: [33 (54), 39 (10), 17 (42), 31 (24), 16 (71), 3 (99), 14 (84)]";1743;"Maquina 6: [20 (12), 4 (32), 28 (40), 29 (70), 18 (43), 38 (79), 15 (91)]";1614
TABÚ;40;6;7961;465.0;1000;"Maquina 1: [8 (5), 26 (3), 17 (42), 1 (58), 2 (37), 0 (85)]";777;"Maquina 2: [6 (7), 24 (89), 31 (24), 16 (71), 33 (54), 35 (58), 15 (91)]";1580;"Maquina 3: [21 (23), 34 (63), 7 (34), 10 (23), 20 (12), 30 (49), 3 (99)]";1312;"Maquina 4: [39 (10), 18 (43), 13 (41), 5 (71), 36 (80), 14 (84), 27 (99)]";1641;"Maquina 5: [4 (32), 25 (12), 19 (76), 9 (17), 32 (98), 38 (79), 11 (90)]";1595;"Maquina 6: [28 (40), 29 (70), 22 (5), 37 (40), 12 (75), 23 (68)]";1056
VNS;40;6;7693;14356.0;1000;"Maquina 1: [21 (23), 20 (12), 25 (12), 30 (49), 29 (70), 23 (68), 12 (75), 15 (91)]";1621;"Maquina 2: [26 (3), 8 (5), 35 (58), 9 (17), 32 (98), 36 (80), 24 (89)]";1208;"Maquina 3: [13 (41), 10 (23), 14 (84), 19 (76), 34 (63), 3 (99)]";1359;"Maquina 4: [22 (5), 6 (7), 27 (99), 2 (37), 1 (58), 38 (79), 16 (71)]";1401;"Maquina 5: [33 (54), 39 (10), 18 (43), 28 (40), 17 (42), 0 (85)]";1036;"Maquina 6: [4 (32), 31 (24), 7 (34), 37 (40), 5 (71), 11 (90)]";1068
Multiarranque;40;6;8334;1662.0;1000;"Maquina 1: [22 (5), 1 (58), 39 (10), 18 (43), 5 (71), 38 (79), 27 (99)]";1403;"Maquina 2: [19 (76), 13 (41), 6 (7), 31 (24), 16 (71), 3 (99)]";1377;"Maquina 3: [8 (5), 26 (3), 34 (63), 9 (17), 33 (54), 37 (40), 12 (75)]";1229;"Maquina 4: [2 (37), 10 (23), 28 (40), 29 (70), 35 (58), 24 (89)]";1144;"Maquina 5: [21 (23), 20 (12), 25 (12), 23 (68), 17 (42), 36 (80), 0 (85), 11 (90)]";1638;"Maquina 6: [7 (34), 4 (32), 32 (98), 14 (84), 30 (49), 15 (91)]";1543
GREEDY;40;6;8436;0.0;1;"Maquina 1: [22 (26), 24 (3), 21 (21), 19 (37), 9 (80), 33 (69), 4 (56)]";1287;"Maquina 2: [3 (5), 0 (27), 5 (22), 36 (43), 27 (59), 20 (67), 39 (73)]";1337;"Maquina 3: [18 (22), 16 (11), 8 (50), 29 (26), 25 (63), 26 (92), 14 (71)]";1537;"Maquina 4: [10 (71), 7 (24), 32 (11), 12 (34), 28 (58), 34 (89)]";1572;"Maquina 5: [38 (31), 35 (25), 17 (19), 31 (64), 2 (72), 15 (94), 11 (44)]";1571;"Maquina 6: [13 (26), 6 (20), 30 (27), 23 (72), 37 (66), 1 (48)]";1132
GRASP;40;6;7026;1546.0;1000;"Maquina 1: [5 (22), 16 (11), 12 (34), 3 (5), 23 (72), 25 (63)]";806;"Maquina 2: [24 (3), 32 (11), 8 (50), 35 (25), 20 (67), 4 (56), 2 (72)]";1146;"Maquina 3: [18 (22), 30 (27), 29 (26), 19 (37), 9 (80), 39 (73), 28 (58)]";1254;"Maquina 4: [6 (20), 22 (26), 1 (48), 0 (27), 10 (71), 26 (92), 37 (66)]";1363;"Maquina 5: [21 (21), 36 (43), 7 (24), 27 (59), 14 (71), 15 (94)]";1097;"Maquina 6: [38 (31), 17 (19), 13 (26), 11 (44), 31 (64), 33 (69), 34 (89)]";1360
LNS;40;6;8436;42.0;1000;"Maquina 1: [22 (26), 24 (3), 21 (21), 19 (37), 9 (80), 33 (69), 4 (56)]";1287;"Maquina 2: [3 (5), 0 (27), 5 (22), 36 (43), 27 (59), 20 (67), 39 (73)]";1337;"Maquina 3: [18 (22), 16 (11), 8 (50), 29 (26), 25 (63), 26 (92), 14 (71)]";1537;"Maquina 4: [10 (71), 7 (24), 32 (11), 12 (34), 28 (58), 34 (89)]";1572;"Maquina 5: [38 (31), 35 (25), 17 (19), 31 (64), 2 (72), 15 (94), 11 (44)]";1571;"Maquina 6: [13 (26), 6 (20), 30 (27), 23 (72), 37 (66), 1 (48)]";1132
TABÚ;40;6;7299;461.0;1000;"Maquina 1: [18 (22), 16 (11), 5 (22), 36 (43), 28 (58), 2 (72), 15 (94)]";1228;"Maquina 2: [3 (5), 0 (27), 32 (11), 31 (64), 19 (37), 8 (50), 39 (73)]";1010;"Maquina 3: [22 (26), 24 (3), 21 (21), 38 (31), 30 (27), 34 (89), 25 (63)]";1139;"Maquina 4: [35 (25), 17 (19), 7 (24), 1 (48), 20 (67), 10 (71), 26 (92)]";1507;"Maquina 5: [6 (20), 12 (34), 37 (66), 9 (80), 33 (69), 4 (56)]";1238;"Maquina 6: [29 (26), 13 (26), 11 (44), 27 (59), 14 (71), 23 (72)]";1177
VNS;40;6;7156;18186.0;1000;"Maquina 1: [11 (44), 12 (34), 24 (3), 13 (26), 21 (21), 32 (11), 15 (94)]";1139;"Maquina 2: [3 (5), 0 (27), 22 (26), 5 (22), 36 (43), 33 (69), 34 (89), 27 (59)]";1220;"Maquina 3: [6 (20), 16 (11), 19 (37), 8 (50), 23 (72), 25 (63), 9 (80)]";1367;"Maquina 4: [1 (48), 20 (67), 4 (56), 7 (24), 39 (73), 10 (71)]";1316;"Maquina 5: [38 (31), 17 (19), 14 (71), 29 (26), 2 (72), 26 (92)]";1089;"Maquina 6: [18 (22), 30 (27), 35 (25), 28 (58), 37 (66), 31 (64)]";1025
Multiarranque;40;6;7768;1664.0;1000;"Maquina 1: [38 (31), 17 (19), 18 (22), 2 (72), 8 (50), 39 (73)]";905;"Maquina 2: [14 (71), 30 (27), 3 (5), 19 (37), 25 (63), 10 (71)]";1239;"Maquina 3: [13 (26), 21 (21), 37 (66), 1 (48), 20 (67), 26 (92), 34 (89)]";1661;"Maquina 4: [6 (20), 12 (34), 24 (3), 15 (94), 11 (44), 27 (59), 16 (11)]";1255;"Maquina 5: [29 (26), 32 (11), 33 (69), 22 (26), 9 (80), 23 (72)]";1213;"Maquina 6: [35 (25), 5 (22), 36 (43), 4 (56), 7 (24), 0 (27), 31 (64), 28 (58)]";1495
GREEDY;40;6;10141;0.0;1;"Maquina 1: [5 (88), 31 (71), 10 (4), 23 (55), 25 (95), 33 (20)]";1488;"Maquina 2: [17 (5), 11 (54), 15 (25), 14 (70), 36 (83), 24 (92)]";1586;"Maquina 3: [35 (8), 1 (30), 34 (37), 19 (72), 30 (59), 20 (83), 26 (91)]";1457;"Maquina 4: [38 (12), 28 (30), 0 (38), 6 (75), 18 (97), 16 (61), 3 (90)]";1744;"Maquina 5: [29 (17), 39 (30), 8 (44), 32 (68), 7 (77), 12 (90), 21 (97)]";1894;"Maquina 6: [22 (20), 13 (35), 2 (49), 37 (99), 9 (81), 27 (61), 4 (90)]";1972
GRASP;40;6;8586;1553.0;1000;"Maquina 1: [8 (44), 2 (49), 28 (30), 31 (71), 20 (83), 36 (83), 37 (99)]";1739;"Maquina 2: [0 (38), 38 (12), 39 (30), 11 (54), 12 (90), 1 (30), 3 (90)]";1462;"Maquina 3: [35 (8), 33 (20), 17 (5), 30 (59), 6 (75), 32 (68), 5 (88)]";1271;"Maquina 4: [15 (25), 22 (20), 27 (61), 26 (91), 9 (81), 21 (97), 24 (92)]";1759;"Maquina 5: [13 (35), 16 (61), 4 (90), 7 (77), 23 (55), 25 (95)]";1452;"Maquina 6: [10 (4), 29 (17), 34 (37), 19 (72), 18 (97), 14 (70)]";903
LNS;40;6;10141;41.0;1000;"Maquina 1: [5 (88), 31 (71), 10 (4), 23 (55), 25 (95), 33 (20)]";1488;"Maquina 2: [17 (5), 11 (54), 15 (25), 14 (70), 36 (83), 24 (92)]";1586;"Maquina 3: [35 (8), 1 (30), 34 (37), 19 (72), 30 (59), 20 (83), 26 (91)]";1457;"Maquina 4: [38 (12), 28 (30), 0 (38), 6 (75), 18 (97), 16 (61), 3 (90)]";1744;"Maquina 5: [29 (17), 39 (30), 8 (44), 32 (68), 7 (77), 12 (90), 21 (97)]";1894;"Maquina 6: [22 (20), 13 (35), 2 (49), 37 (99), 9 (81), 27 (61), 4 (90)]";1972
TABÚ;40;6;8449;465.0;1000;"Maquina 1: [34 (37), 19 (72), 27 (61), 3 (90), 30 (59), 6 (75)]";1432;"Maquina 2: [8 (44), 38 (12), 28 (30), 31 (71), 5 (88), 12 (90), 18 (97)]";1547;"Maquina 3: [29 (17), 17 (5), 39 (30), 13 (35), 16 (61), 4 (90), 7 (77)]";1008;"Maquina 4: [22 (20), 35 (8), 32 (68), 2 (49), 37 (99), 21 (97), 24 (92)]";1551;"Maquina 5: [10 (4), 1 (30), 36 (83), 15 (25), 26 (91), 9 (81), 11 (54)]";1620;"Maquina 6: [33 (20), 0 (38), 14 (70), 20 (83), 23 (55), 25 (95)]";1291
VNS;40;6;8532;16273.0;1000;"Maquina 1: [16 (61), 10 (4), 27 (61), 23 (55), 25 (95), 30 (59)]";1344;"Maquina 2: [15 (25), 29 (17), 17 (5), 4 (90), 3 (90), 20 (83), 36 (83)]";1477;"Maquina 3: [35 (8), 1 (30), 34 (37), 19 (72), 18 (97), 14 (70), 31 (71)]";1360;"Maquina 4: [33 (20), 38 (12), 28 (30), 0 (38), 6 (75), 9 (81), 26 (91)]";1337;"Maquina 5: [22 (20), 39 (30), 13 (35), 11 (54), 7 (77), 32 (68), 12 (90)]";1404;"Maquina 6: [8 (44), 2 (49), 5 (88), 37 (99), 21 (97), 24 (92)]";1610
Multiarranque;40;6;9088;1667.0;1000;"Maquina 1: [29 (17), 10 (4), 32 (68), 8 (44), 11 (54), 7 (77), 19 (72)]";1601;"Maquina 2: [26 (91), 9 (81), 2 (49), 5 (88), 6 (75)]";1313;"Maquina 3: [13 (35), 16 (61), 4 (90), 3 (90), 12 (90), 18 (97)]";1583;"Maquina 4: [15 (25), 22 (20), 39 (30), 1 (30), 34 (37), 21 (97), 27 (61), 0 (38)]";1699;"Maquina 5: [17 (5), 30 (59), 35 (8), 14 (70), 36 (83), 33 (20), 25 (95), 24 (92)]";1758;"Maquina 6: [38 (12), 28 (30), 31 (71), 20 (83), 23 (55), 37 (99)]";1134
GREEDY;40;6;8574;0.0;1;"Maquina 1: [21 (17), 19 (45), 18 (1), 26 (36), 5 (87), 4 (66), 28 (76)]";1378;"Maquina 2: [24 (17), 9 (9), 33 (31), 29 (84), 31 (39), 25 (67), 39 (93)]";1558;"Maquina 3: [10 (10), 37 (72), 32 (17), 11 (97), 8 (36), 0 (59), 36 (83)]";1496;"Maquina 4: [7 (18), 35 (38), 17 (63), 15 (13), 23 (70), 1 (86)]";1284;"Maquina 5: [38 (23), 6 (16), 34 (40), 22 (34), 14 (64), 20 (78), 13 (88)]";1522;"Maquina 6: [30 (16), 16 (37), 3 (24), 12 (56), 27 (70), 2 (86)]";1336
GRASP;40;6;7624;1545.0;1000;"Maquina 1: [7 (18), 19 (45), 10 (10), 26 (36), 35 (38), 3 (24), 39 (93)]";1065;"Maquina 2: [15 (13), 18 (1), 38 (23), 16 (37), 31 (39), 27 (70), 29 (84)]";1075;"Maquina 3: [6 (16), 24 (17), 23 (70), 5 (87), 34 (40), 20 (78), 28 (76)]";1525;"Maquina 4: [30 (16), 8 (36), 33 (31), 4 (66), 2 (86), 1 (86)]";929;"Maquina 5: [9 (9), 32 (17), 22 (34), 12 (56), 0 (59), 36 (83), 14 (64)]";1542;"Maquina 6: [37 (72), 21 (17), 13 (88), 25 (67), 17 (63), 11 (97)]";1488
LNS;40;6;8574;43.0;1000;"Maquina 1: [21 (17), 19 (45), 18 (1), 26 (36), 5 (87), 4 (66), 28 (76)]";1378;"Maquina 2: [24 (17), 9 (9), 33 (31), 29 (84), 31 (39), 25 (67), 39 (93)]";1558;"Maquina 3: [10 (10), 37 (72), 32 (17), 11 (97), 8 (36), 0 (59), 36 (83)]";1496;"Maquina 4: [7 (18), 35 (38), 17 (63), 15 (13), 23 (70), 1 (86)]";1284;"Maquina 5: [38 (23), 6 (16), 34 (40), 22 (34), 14 (64), 20 (78), 13 (88)]";1522;"Maquina 6: [30 (16), 16 (37), 3 (24), 12 (56), 27 (70), 2 (86)]";1336
TABÚ;40;6;7806;462.0;1000;"Maquina 1: [8 (36), 21 (17), 14 (64), 1 (86), 0 (59), 36 (83), 23 (70)]";1644;"Maquina 2: [18 (1), 10 (10), 34 (40), 12 (56), 22 (34), 25 (67), 28 (76)]";1097;"Maquina 3: [24 (17), 9 (9), 38 (23), 17 (63), 37 (72), 2 (86)]";977;"Maquina 4: [35 (38), 30 (16), 16 (37), 3 (24), 15 (13), 11 (97), 20 (78)]";1487;"Maquina 5: [6 (16), 32 (17), 19 (45), 7 (18), 39 (93), 4 (66), 13 (88)]";1314;"Maquina 6: [31 (39), 27 (70), 33 (31), 26 (36), 5 (87), 29 (84)]";1287
VNS;40;6;6910;20062.0;1000;"Maquina 1: [21 (17), 10 (10), 37 (72), 4 (66), 2 (86), 1 (86)]";996;"Maquina 2: [34 (40), 24 (17), 35 (38), 33 (31), 0 (59), 31 (39), 28 (76)]";1240;"Maquina 3: [26 (36), 32 (17), 27 (70), 36 (83), 14 (64), 11 (97)]";1354;"Maquina 4: [7 (18), 8 (36), 19 (45), 12 (56), 23 (70), 5 (87)]";1110;"Maquina 5: [38 (23), 6 (16), 30 (16), 22 (34), 29 (84), 20 (78), 13 (88)]";1155;"Maquina 6: [9 (9), 15 (13), 18 (1), 16 (37), 3 (24), 25 (67), 17 (63), 39 (93)]";1055
Multiarranque;40;6;7788;1666.0;1000;"Maquina 1: [24 (17), 21 (17), 10 (10), 34 (40), 13 (88), 25 (67), 11 (97)]";1176;"Maquina 2: [32 (17), 33 (31), 12 (56), 23 (70), 5 (87), 27 (70)]";1174;"Maquina 3: [26 (36), 0 (59), 7 (18), 8 (36), 31 (39), 36 (83), 1 (86)]";1458;"Maquina 4: [38 (23), 18 (1), 16 (37), 22 (34), 14 (64), 2 (86)]";1075;"Maquina 5: [20 (78), 35 (38), 9 (9), 3 (24), 39 (93), 28 (76)]";1385;"Maquina 6: [15 (13), 6 (16), 30 (16), 17 (63), 19 (45), 37 (72), 4 (66), 29 (84)]";1520
GREEDY;40;6;9560;0.0;1;"Maquina 1: [29 (16), 23 (39), 7 (2), 21 (56), 2 (74), 5 (88)]";1437;"Maquina 2: [22 (8), 32 (18), 31 (49), 3 (31), 15 (69), 37 (79), 1 (94)]";1526;"Maquina 3: [30 (8), 4 (41), 20 (59), 27 (74), 33 (91), 16 (19)]";1416;"Maquina 4: [26 (45), 17 (10), 25 (25), 39 (32), 0 (79), 24 (63), 6 (91)]";1380;"Maquina 5: [12 (27), 19 (10), 38 (69), 34 (33), 9 (54), 36 (94), 8 (85)]";1834;"Maquina 6: [28 (16), 13 (29), 11 (74), 14 (87), 10 (39), 18 (55), 35 (96)]";1967
GRASP;40;6;7987;1545.0;1000;"Maquina 1: [21 (56), 32 (18), 0 (79), 11 (74), 7 (2), 15 (69), 33 (91)]";1586;"Maquina 2: [30 (8), 39 (32), 38 (69), 16 (19), 6 (91), 9 (54)]";998;"Maquina 3: [12 (27), 22 (8), 18 (55), 4 (41), 23 (39), 26 (45), 36 (94)]";1499;"Maquina 4: [10 (39), 28 (16), 31 (49), 3 (31), 27 (74), 1 (94), 8 (85)]";1512;"Maquina 5: [13 (29), 19 (10), 2 (74), 5 (88), 37 (79), 35 (96)]";1197;"Maquina 6: [29 (16), 17 (10), 25 (25), 14 (87), 24 (63), 34 (33), 20 (59)]";1195
LNS;40;6;9482;41.0;1000;"Maquina 1: [29 (16), 23 (39), 2 (74), 21 (56), 7 (2), 5 (88)]";1421;"Maquina 2: [22 (8), 32 (18), 31 (49), 3 (31), 15 (69), 37 (79), 1 (94)]";1526;"Maquina 3: [30 (8), 4 (41), 20 (59), 27 (74), 33 (91), 16 (19)]";1416;"Maquina 4: [26 (45), 17 (10), 25 (25), 39 (32), 0 (79), 24 (63), 6 (91)]";1380;"Maquina 5: [12 (27), 19 (10), 38 (69), 34 (33), 9 (54), 36 (94), 8 (85)]";1834;"Maquina 6: [18 (55), 13 (29), 11 (74), 14 (87), 10 (39), 28 (16), 35 (96)]";1905
TABÚ;40;6;8075;467.0;1000;"Maquina 1: [7 (2), 4 (41), 23 (39), 18 (55), 19 (10), 21 (56), 36 (94)]";1235;"Maquina 2: [10 (39), 25 (25), 22 (8), 8 (85), 9 (54), 14 (87), 35 (96)]";1785;"Maquina 3: [26 (45), 17 (10), 11 (74), 12 (27), 31 (49), 6 (91), 2 (74)]";1515;"Maquina 4: [28 (16), 0 (79), 30 (8), 39 (32), 15 (69), 1 (94)]";1042;"Maquina 5: [3 (31), 29 (16), 16 (19), 24 (63), 37 (79), 33 (91)]";1016;"Maquina 6: [13 (29), 32 (18), 38 (69), 20 (59), 34 (33), 5 (88), 27 (74)]";1482
VNS;40;6;7026;13304.0;1000;"Maquina 1: [7 (2), 38 (69), 12 (27), 31 (49), 2 (74), 5 (88), 33 (91)]";1434;"Maquina 2: [22 (8), 32 (18), 0 (79), 15 (69), 37 (79), 35 (96)]";1026;"Maquina 3: [13 (29), 10 (39), 39 (32), 4 (41), 20 (59), 1 (94)]";1011;"Maquina 4: [3 (31), 17 (10), 25 (25), 23 (39), 8 (85), 24 (63), 6 (91)]";1320;"Maquina 5: [19 (10), 21 (56), 30 (8), 34 (33), 9 (54), 26 (45), 36 (94)]";1135;"Maquina 6: [29 (16), 16 (19), 28 (16), 11 (74), 14 (87), 18 (55), 27 (74)]";1100
Multiarranque;40;6;8066;1664.0;1000;"Maquina 1: [32 (18), 38 (69), 20 (59), 3 (31), 23 (39), 36 (94)]";1201;"Maquina 2: [10 (39), 4 (41), 29 (16), 6 (91), 11 (74), 2 (74)]";1323;"Maquina 3: [17 (10), 18 (55), 25 (25), 9 (54), 31 (49), 37 (79), 35 (96)]";1329;"Maquina 4: [26 (45), 12 (27), 16 (19), 34 (33), 5 (88), 15 (69), 0 (79)]";1658;"Maquina 5: [7 (2), 22 (8), 28 (16), 27 (74), 39 (32), 1 (94), 14 (87)]";1319;"Maquina 6: [13 (29), 19 (10), 21 (56), 30 (8), 8 (85), 24 (63), 33 (91)]";1236
