GREEDY;60;2;33203;1.0;1;"Maquina 1: [57 (4), 24 (4), 33 (6), 46 (31), 32 (10), 18 (8), 48 (19), 56 (13), 40 (34), 45 (6), 13 (13), 49 (33), 15 (30), 8 (24), 34 (52), 21 (41), 47 (73), 31 (36), 23 (45), 17 (42), 59 (58), 54 (54), 53 (59), 11 (63), 41 (64), 37 (84), 30 (76), 51 (87), 39 (96), 20 (89)]";16073;"Maquina 2: [22 (5), 35 (6), 52 (24), 16 (18), 50 (11), 26 (9), 55 (4), 27 (33), 4 (8), 43 (13), 42 (56), 1 (43), 9 (34), 29 (22), 2 (42), 28 (35), 44 (31), 58 (39), 12 (54), 7 (63), 3 (71), 14 (51), 25 (74), 19 (64), 10 (79), 0 (86), 5 (98), 36 (59), 6 (89), 38 (89)]";17130
GRASP;60;2;32043;848.0;250;"Maquina 1: [57 (4), 24 (4), 33 (6), 4 (8), 50 (11), 45 (6), 15 (30), 44 (31), 31 (36), 43 (13), 18 (8), 42 (56), 2 (42), 58 (39), 52 (24), 36 (59), 49 (33), 12 (54), 54 (54), 27 (33), 34 (52), 25 (74), 11 (63), 41 (64), 59 (58), 47 (73), 38 (89), 51 (87), 37 (84), 39 (96)]";16150;"Maquina 2: [22 (5), 35 (6), 56 (13), 16 (18), 32 (10), 55 (4), 13 (13), 46 (31), 1 (43), 26 (9), 8 (24), 40 (34), 48 (19), 53 (59), 28 (35), 29 (22), 23 (45), 20 (89), 21 (41), 7 (63), 9 (34), 6 (89), 17 (42), 3 (71), 30 (76), 14 (51), 19 (64), 10 (79), 0 (86), 5 (98)]";15893
LNS;60;2;33203;141.0;250;"Maquina 1: [57 (4), 24 (4), 33 (6), 46 (31), 32 (10), 18 (8), 48 (19), 56 (13), 40 (34), 45 (6), 13 (13), 49 (33), 15 (30), 8 (24), 34 (52), 21 (41), 47 (73), 31 (36), 23 (45), 17 (42), 59 (58), 54 (54), 53 (59), 11 (63), 41 (64), 37 (84), 30 (76), 51 (87), 39 (96), 20 (89)]";16073;"Maquina 2: [22 (5), 35 (6), 52 (24), 16 (18), 50 (11), 26 (9), 55 (4), 27 (33), 4 (8), 43 (13), 42 (56), 1 (43), 9 (34), 29 (22), 2 (42), 28 (35), 44 (31), 58 (39), 12 (54), 7 (63), 3 (71), 14 (51), 25 (74), 19 (64), 10 (79), 0 (86), 5 (98), 36 (59), 6 (89), 38 (89)]";17130
TABÚ;60;2;32091;240.0;250;"Maquina 1: [22 (5), 50 (11), 55 (4), 56 (13), 43 (13), 48 (19), 4 (8), 57 (4), 26 (9), 9 (34), 49 (33), 8 (24), 21 (41), 1 (43), 54 (54), 27 (33), 31 (36), 28 (35), 12 (54), 52 (24), 36 (59), 44 (31), 3 (71), 51 (87), 59 (58), 39 (96), 25 (74), 0 (86), 6 (89), 10 (79), 20 (89)]";16715;"Maquina 2: [13 (13), 32 (10), 58 (39), 35 (6), 45 (6), 24 (4), 15 (30), 33 (6), 46 (31), 29 (22), 18 (8), 16 (18), 34 (52), 2 (42), 40 (34), 23 (45), 17 (42), 14 (51), 53 (59), 7 (63), 11 (63), 41 (64), 42 (56), 30 (76), 19 (64), 47 (73), 38 (89), 37 (84), 5 (98)]";15376
VNS;60;2;32724;19549.0;250;"Maquina 1: [57 (4), 24 (4), 33 (6), 46 (31), 32 (10), 18 (8), 48 (19), 56 (13), 1 (43), 40 (34), 45 (6), 13 (13), 49 (33), 15 (30), 8 (24), 21 (41), 7 (63), 31 (36), 16 (18), 17 (42), 3 (71), 59 (58), 53 (59), 11 (63), 41 (64), 37 (84), 38 (89), 51 (87), 39 (96), 20 (89)]";15608;"Maquina 2: [22 (5), 35 (6), 52 (24), 23 (45), 50 (11), 26 (9), 55 (4), 27 (33), 4 (8), 34 (52), 43 (13), 42 (56), 9 (34), 29 (22), 2 (42), 28 (35), 44 (31), 58 (39), 12 (54), 54 (54), 47 (73), 14 (51), 25 (74), 30 (76), 19 (64), 10 (79), 0 (86), 5 (98), 36 (59), 6 (89)]";17116
Multiarranque;60;2;31726;1438.0;250;"Maquina 1: [22 (5), 4 (8), 50 (11), 55 (4), 40 (34), 45 (6), 24 (4), 35 (6), 56 (13), 43 (13), 48 (19), 33 (6), 8 (24), 29 (22), 18 (8), 42 (56), 15 (30), 47 (73), 46 (31), 1 (43), 54 (54), 31 (36), 28 (35), 34 (52), 11 (63), 51 (87), 12 (54), 20 (89), 38 (89), 36 (59), 6 (89), 10 (79), 5 (98)]";16140;"Maquina 2: [13 (13), 32 (10), 16 (18), 57 (4), 27 (33), 59 (58), 26 (9), 9 (34), 49 (33), 2 (42), 21 (41), 23 (45), 52 (24), 17 (42), 14 (51), 53 (59), 44 (31), 58 (39), 41 (64), 7 (63), 3 (71), 19 (64), 39 (96), 25 (74), 30 (76), 0 (86), 37 (84)]";15586
GREEDY;60;2;39849;0.0;1;"Maquina 1: [36 (7), 27 (19), 4 (17), 39 (19), 16 (30), 25 (40), 43 (11), 17 (27), 42 (42), 21 (48), 23 (33), 34 (26), 5 (27), 54 (32), 58 (45), 30 (44), 32 (35), 18 (52), 14 (56), 50 (64), 12 (68), 52 (49), 41 (57), 13 (71), 29 (75), 6 (80), 0 (73), 20 (93), 9 (95), 11 (99), 55 (88)]";20107;"Maquina 2: [49 (14), 53 (24), 26 (15), 40 (48), 24 (8), 8 (18), 57 (34), 31 (44), 46 (26), 15 (36), 7 (27), 45 (31), 38 (27), 28 (46), 1 (51), 48 (42), 3 (41), 35 (57), 22 (53), 2 (62), 47 (72), 59 (64), 37 (68), 51 (73), 56 (77), 10 (94), 33 (95), 19 (93), 44 (87)]";19742
GRASP;60;2;39650;887.0;250;"Maquina 1: [4 (17), 49 (14), 26 (15), 34 (26), 46 (26), 58 (45), 24 (8), 57 (34), 39 (19), 53 (24), 40 (48), 5 (27), 54 (32), 25 (40), 32 (35), 18 (52), 14 (56), 48 (42), 15 (36), 29 (75), 6 (80), 59 (64), 37 (68), 22 (53), 47 (72), 11 (99), 9 (95), 12 (68), 55 (88), 19 (93)]";19107;"Maquina 2: [7 (27), 36 (7), 27 (19), 16 (30), 43 (11), 17 (27), 42 (42), 8 (18), 23 (33), 1 (51), 52 (49), 45 (31), 31 (44), 21 (48), 30 (44), 38 (27), 28 (46), 13 (71), 3 (41), 35 (57), 0 (73), 51 (73), 41 (57), 50 (64), 44 (87), 56 (77), 2 (62), 20 (93), 33 (95), 10 (94)]";20543
LNS;60;2;39788;153.0;250;"Maquina 1: [36 (7), 27 (19), 4 (17), 39 (19), 16 (30), 25 (40), 43 (11), 17 (27), 42 (42), 21 (48), 23 (33), 34 (26), 5 (27), 54 (32), 58 (45), 30 (44), 32 (35), 18 (52), 14 (56), 50 (64), 12 (68), 52 (49), 41 (57), 13 (71), 29 (75), 6 (80), 0 (73), 20 (93), 9 (95), 11 (99), 55 (88)]";20107;"Maquina 2: [49 (14), 53 (24), 26 (15), 40 (48), 24 (8), 8 (18), 57 (34), 31 (44), 46 (26), 15 (36), 7 (27), 45 (31), 38 (27), 28 (46), 1 (51), 48 (42), 3 (41), 35 (57), 22 (53), 2 (62), 51 (73), 59 (64), 37 (68), 47 (72), 56 (77), 10 (94), 33 (95), 19 (93), 44 (87)]";19681
TABÚ;60;2;39056;237.0;250;"Maquina 1: [24 (8), 43 (11), 17 (27), 53 (24), 34 (26), 57 (34), 5 (27), 54 (32), 7 (27), 45 (31), 41 (57), 52 (49), 2 (62), 32 (35), 58 (45), 42 (42), 23 (33), 37 (68), 48 (42), 14 (56), 51 (73), 18 (52), 40 (48), 0 (73), 13 (71), 10 (94), 29 (75), 20 (93), 9 (95), 11 (99)]";20605;"Maquina 2: [46 (26), 39 (19), 36 (7), 4 (17), 49 (14), 8 (18), 27 (19), 26 (15), 38 (27), 21 (48), 30 (44), 16 (30), 25 (40), 31 (44), 15 (36), 28 (46), 1 (51), 3 (41), 22 (53), 47 (72), 59 (64), 35 (57), 12 (68), 56 (77), 50 (64), 19 (93), 44 (87), 33 (95), 55 (88), 6 (80)]";18451
VNS;60;2;39523;17050.0;250;"Maquina 1: [36 (7), 27 (19), 4 (17), 39 (19), 16 (30), 25 (40), 43 (11), 17 (27), 42 (42), 21 (48), 23 (33), 34 (26), 15 (36), 54 (32), 58 (45), 30 (44), 32 (35), 18 (52), 14 (56), 50 (64), 12 (68), 52 (49), 41 (57), 13 (71), 29 (75), 6 (80), 0 (73), 20 (93), 9 (95), 11 (99), 33 (95)]";20493;"Maquina 2: [49 (14), 53 (24), 26 (15), 40 (48), 24 (8), 8 (18), 57 (34), 31 (44), 46 (26), 5 (27), 7 (27), 45 (31), 38 (27), 28 (46), 1 (51), 48 (42), 3 (41), 35 (57), 22 (53), 2 (62), 51 (73), 59 (64), 37 (68), 47 (72), 56 (77), 10 (94), 55 (88), 19 (93), 44 (87)]";19030
Multiarranque;60;2;38615;1389.0;250;"Maquina 1: [39 (19), 24 (8), 16 (30), 26 (15), 5 (27), 53 (24), 38 (27), 17 (27), 42 (42), 21 (48), 36 (7), 28 (46), 23 (33), 54 (32), 25 (40), 1 (51), 52 (49), 37 (68), 48 (42), 41 (57), 50 (64), 12 (68), 6 (80), 33 (95), 2 (62), 51 (73), 56 (77), 10 (94), 19 (93), 11 (99)]";19338;"Maquina 2: [15 (36), 4 (17), 49 (14), 8 (18), 27 (19), 46 (26), 43 (11), 3 (41), 34 (26), 57 (34), 31 (44), 32 (35), 18 (52), 14 (56), 7 (27), 45 (31), 40 (48), 30 (44), 35 (57), 0 (73), 58 (45), 59 (64), 22 (53), 47 (72), 13 (71), 55 (88), 20 (93), 29 (75), 9 (95), 44 (87)]";19277
GREEDY;60;2;47729;1.0;1;"Maquina 1: [42 (25), 32 (3), 28 (9), 57 (16), 49 (23), 30 (14), 4 (20), 14 (25), 23 (27), 40 (36), 9 (29), 7 (64), 58 (38), 56 (82), 6 (46), 36 (43), 18 (57), 41 (52), 54 (76), 3 (48), 31 (55), 47 (57), 37 (66), 52 (75), 29 (78), 2 (71), 34 (74), 59 (84), 22 (79), 5 (97), 26 (97)]";24888;"Maquina 2: [45 (25), 10 (19), 44 (47), 0 (42), 51 (10), 12 (8), 19 (28), 53 (37), 33 (55), 35 (25), 25 (76), 1 (54), 48 (14), 16 (23), 17 (59), 8 (79), 13 (36), 39 (44), 21 (49), 38 (75), 46 (65), 50 (90), 27 (57), 55 (69), 11 (71), 24 (78), 15 (83), 43 (82), 20 (97)]";22841
GRASP;60;2;46636;851.0;250;"Maquina 1: [10 (19), 42 (25), 32 (3), 28 (9), 14 (25), 23 (27), 40 (36), 9 (29), 7 (64), 21 (49), 44 (47), 16 (23), 58 (38), 24 (78), 31 (55), 47 (57), 37 (66), 36 (43), 4 (20), 29 (78), 41 (52), 54 (76), 22 (79), 11 (71), 20 (97), 38 (75), 59 (84), 46 (65), 26 (97), 2 (71)]";24025;"Maquina 2: [49 (23), 30 (14), 51 (10), 12 (8), 57 (16), 35 (25), 48 (14), 45 (25), 13 (36), 6 (46), 0 (42), 53 (37), 19 (28), 3 (48), 18 (57), 33 (55), 39 (44), 56 (82), 17 (59), 27 (57), 55 (69), 43 (82), 52 (75), 34 (74), 15 (83), 50 (90), 25 (76), 1 (54), 8 (79), 5 (97)]";22611
LNS;60;2;47296;141.0;250;"Maquina 1: [42 (25), 32 (3), 28 (9), 41 (52), 49 (23), 30 (14), 4 (20), 14 (25), 23 (27), 40 (36), 9 (29), 7 (64), 58 (38), 56 (82), 36 (43), 6 (46), 18 (57), 57 (16), 54 (76), 3 (48), 31 (55), 47 (57), 37 (66), 52 (75), 29 (78), 2 (71), 34 (74), 59 (84), 22 (79), 5 (97), 26 (97)]";24455;"Maquina 2: [45 (25), 10 (19), 44 (47), 0 (42), 51 (10), 12 (8), 19 (28), 53 (37), 33 (55), 35 (25), 25 (76), 1 (54), 48 (14), 16 (23), 17 (59), 8 (79), 13 (36), 39 (44), 21 (49), 38 (75), 46 (65), 50 (90), 27 (57), 55 (69), 11 (71), 24 (78), 15 (83), 43 (82), 20 (97)]";22841
TABÚ;60;2;47527;232.0;250;"Maquina 1: [16 (23), 30 (14), 12 (8), 58 (38), 32 (3), 48 (14), 42 (25), 49 (23), 23 (27), 40 (36), 9 (29), 14 (25), 1 (54), 41 (52), 53 (37), 31 (55), 47 (57), 37 (66), 6 (46), 27 (57), 52 (75), 34 (74), 8 (79), 50 (90), 29 (78), 25 (76), 38 (75), 59 (84), 43 (82), 7 (64), 5 (97)]";24462;"Maquina 2: [57 (16), 10 (19), 36 (43), 0 (42), 51 (10), 45 (25), 13 (36), 28 (9), 15 (83), 46 (65), 4 (20), 35 (25), 19 (28), 3 (48), 18 (57), 33 (55), 21 (49), 2 (71), 44 (47), 24 (78), 11 (71), 55 (69), 39 (44), 56 (82), 17 (59), 54 (76), 22 (79), 20 (97), 26 (97)]";23065
VNS;60;2;46381;19485.0;250;"Maquina 1: [42 (25), 32 (3), 28 (9), 41 (52), 49 (23), 30 (14), 4 (20), 14 (25), 23 (27), 40 (36), 9 (29), 7 (64), 58 (38), 56 (82), 6 (46), 18 (57), 57 (16), 54 (76), 3 (48), 31 (55), 47 (57), 37 (66), 55 (69), 36 (43), 34 (74), 59 (84), 43 (82), 22 (79), 53 (37), 5 (97), 26 (97)]";23441;"Maquina 2: [45 (25), 10 (19), 44 (47), 0 (42), 51 (10), 12 (8), 19 (28), 33 (55), 35 (25), 25 (76), 1 (54), 48 (14), 16 (23), 17 (59), 8 (79), 13 (36), 39 (44), 21 (49), 2 (71), 38 (75), 46 (65), 50 (90), 27 (57), 52 (75), 11 (71), 24 (78), 15 (83), 29 (78), 20 (97)]";22940
Multiarranque;60;2;45804;1428.0;250;"Maquina 1: [16 (23), 30 (14), 51 (10), 12 (8), 32 (3), 57 (16), 35 (25), 23 (27), 11 (71), 10 (19), 25 (76), 44 (47), 53 (37), 47 (57), 19 (28), 37 (66), 18 (57), 41 (52), 15 (83), 27 (57), 1 (54), 24 (78), 17 (59), 8 (79), 55 (69), 43 (82), 52 (75), 7 (64), 20 (97), 5 (97)]";22393;"Maquina 2: [40 (36), 13 (36), 28 (9), 0 (42), 6 (46), 14 (25), 45 (25), 48 (14), 42 (25), 49 (23), 9 (29), 31 (55), 59 (84), 4 (20), 3 (48), 21 (49), 58 (38), 33 (55), 39 (44), 54 (76), 46 (65), 36 (43), 38 (75), 34 (74), 2 (71), 56 (82), 50 (90), 22 (79), 26 (97), 29 (78)]";23411
GREEDY;60;2;48278;1.0;1;"Maquina 1: [16 (41), 9 (14), 8 (62), 31 (1), 52 (49), 18 (18), 49 (21), 47 (29), 57 (29), 46 (33), 20 (5), 48 (28), 43 (42), 21 (43), 32 (86), 50 (57), 11 (57), 33 (78), 54 (23), 53 (64), 42 (46), 4 (64), 5 (74), 28 (66), 19 (85), 24 (81), 51 (74), 23 (88), 14 (93)]";23337;"Maquina 2: [0 (20), 2 (18), 25 (3), 3 (31), 17 (43), 41 (10), 12 (45), 38 (14), 45 (48), 37 (5), 22 (16), 27 (76), 59 (23), 10 (27), 6 (70), 40 (64), 58 (35), 15 (74), 26 (29), 36 (58), 7 (52), 55 (65), 13 (57), 39 (62), 35 (41), 1 (83), 29 (86), 34 (94), 30 (80), 44 (87), 56 (89)]";24941
GRASP;60;2;47862;857.0;250;"Maquina 1: [46 (33), 0 (20), 2 (18), 41 (10), 12 (45), 26 (29), 31 (1), 6 (70), 54 (23), 57 (29), 42 (46), 49 (21), 16 (41), 9 (14), 8 (62), 52 (49), 33 (78), 29 (86), 7 (52), 4 (64), 55 (65), 53 (64), 50 (57), 32 (86), 3 (31), 17 (43), 51 (74), 34 (94), 23 (88)]";23180;"Maquina 2: [25 (3), 10 (27), 20 (5), 48 (28), 37 (5), 22 (16), 35 (41), 18 (18), 38 (14), 45 (48), 47 (29), 43 (42), 40 (64), 21 (43), 39 (62), 36 (58), 11 (57), 58 (35), 15 (74), 56 (89), 59 (23), 5 (74), 13 (57), 30 (80), 27 (76), 24 (81), 14 (93), 19 (85), 28 (66), 1 (83), 44 (87)]";24682
LNS;60;2;47813;147.0;250;"Maquina 1: [16 (41), 9 (14), 8 (62), 31 (1), 52 (49), 18 (18), 49 (21), 47 (29), 57 (29), 46 (33), 20 (5), 48 (28), 43 (42), 21 (43), 32 (86), 23 (88), 11 (57), 33 (78), 54 (23), 53 (64), 50 (57), 4 (64), 5 (74), 28 (66), 19 (85), 24 (81), 51 (74), 42 (46), 14 (93)]";22872;"Maquina 2: [0 (20), 2 (18), 25 (3), 3 (31), 17 (43), 41 (10), 12 (45), 38 (14), 45 (48), 37 (5), 22 (16), 27 (76), 59 (23), 10 (27), 6 (70), 40 (64), 58 (35), 15 (74), 26 (29), 36 (58), 7 (52), 55 (65), 13 (57), 39 (62), 35 (41), 1 (83), 29 (86), 34 (94), 30 (80), 44 (87), 56 (89)]";24941
TABÚ;60;2;45566;237.0;250;"Maquina 1: [9 (14), 29 (86), 31 (1), 18 (18), 49 (21), 47 (29), 57 (29), 39 (62), 20 (5), 48 (28), 45 (48), 55 (65), 52 (49), 22 (16), 50 (57), 27 (76), 59 (23), 43 (42), 40 (64), 21 (43), 32 (86), 5 (74), 16 (41), 6 (70), 19 (85), 24 (81), 1 (83), 51 (74), 30 (80), 44 (87)]";23732;"Maquina 2: [2 (18), 25 (3), 3 (31), 41 (10), 12 (45), 38 (14), 37 (5), 28 (66), 0 (20), 58 (35), 54 (23), 10 (27), 17 (43), 46 (33), 7 (52), 11 (57), 35 (41), 4 (64), 33 (78), 15 (74), 26 (29), 42 (46), 13 (57), 8 (62), 36 (58), 14 (93), 53 (64), 23 (88), 56 (89), 34 (94)]";21834
VNS;60;2;47031;15338.0;250;"Maquina 1: [16 (41), 9 (14), 8 (62), 31 (1), 52 (49), 18 (18), 49 (21), 47 (29), 57 (29), 54 (23), 20 (5), 43 (42), 21 (43), 32 (86), 23 (88), 11 (57), 33 (78), 10 (27), 53 (64), 42 (46), 4 (64), 5 (74), 28 (66), 19 (85), 29 (86), 24 (81), 1 (83), 50 (57), 14 (93)]";23572;"Maquina 2: [0 (20), 2 (18), 25 (3), 3 (31), 17 (43), 41 (10), 12 (45), 38 (14), 45 (48), 37 (5), 22 (16), 27 (76), 59 (23), 46 (33), 6 (70), 40 (64), 58 (35), 15 (74), 26 (29), 36 (58), 7 (52), 48 (28), 55 (65), 13 (57), 39 (62), 35 (41), 56 (89), 51 (74), 34 (94), 30 (80), 44 (87)]";23459
Multiarranque;60;2;45513;1434.0;250;"Maquina 1: [25 (3), 3 (31), 31 (1), 38 (14), 52 (49), 22 (16), 35 (41), 20 (5), 8 (62), 49 (21), 26 (29), 48 (28), 45 (48), 0 (20), 11 (57), 58 (35), 15 (74), 50 (57), 4 (64), 12 (45), 28 (66), 24 (81), 33 (78), 29 (86), 40 (64), 19 (85), 32 (86), 5 (74), 56 (89), 14 (93)]";22110;"Maquina 2: [59 (23), 51 (74), 18 (18), 2 (18), 37 (5), 41 (10), 57 (29), 47 (29), 16 (41), 17 (43), 46 (33), 10 (27), 53 (64), 54 (23), 44 (87), 23 (88), 43 (42), 9 (14), 21 (43), 39 (62), 36 (58), 7 (52), 55 (65), 42 (46), 13 (57), 30 (80), 27 (76), 6 (70), 1 (83), 34 (94)]";23403
GREEDY;60;2;54953;1.0;1;"Maquina 1: [30 (21), 9 (6), 50 (16), 35 (33), 8 (44), 18 (20), 55 (52), 3 (48), 34 (30), 42 (56), 40 (9), 51 (38), 7 (76), 20 (50), 25 (61), 37 (54), 14 (53), 13 (67), 52 (66), 28 (64), 36 (63), 57 (70), 27 (78), 4 (90), 45 (68), 2 (93), 1 (87), 22 (64), 29 (81), 41 (91)]";27117;"Maquina 2: [10 (13), 15 (22), 32 (15), 31 (22), 49 (32), 12 (38), 56 (7), 44 (45), 38 (43), 39 (17), 48 (51), 58 (52), 54 (53), 16 (56), 21 (75), 17 (57), 6 (50), 43 (69), 46 (75), 59 (63), 26 (90), 23 (64), 24 (88), 53 (64), 19 (79), 11 (67), 47 (61), 33 (98), 0 (92), 5 (82)]";27836
GRASP;60;2;53618;833.0;250;"Maquina 1: [9 (6), 50 (16), 56 (7), 44 (45), 34 (30), 42 (56), 40 (9), 15 (22), 31 (22), 49 (32), 23 (64), 6 (50), 8 (44), 48 (51), 58 (52), 54 (53), 16 (56), 36 (63), 3 (48), 52 (66), 28 (64), 11 (67), 20 (50), 2 (93), 1 (87), 33 (98), 57 (70), 46 (75), 27 (78), 21 (75), 43 (69)]";26615;"Maquina 2: [39 (17), 26 (90), 10 (13), 32 (15), 38 (43), 51 (38), 7 (76), 55 (52), 30 (21), 41 (91), 13 (67), 12 (38), 17 (57), 35 (33), 14 (53), 47 (61), 53 (64), 45 (68), 19 (79), 18 (20), 37 (54), 25 (61), 59 (63), 22 (64), 29 (81), 4 (90), 5 (82), 0 (92), 24 (88)]";27003
LNS;60;2;53947;144.0;250;"Maquina 1: [30 (21), 9 (6), 50 (16), 35 (33), 8 (44), 18 (20), 55 (52), 37 (54), 34 (30), 42 (56), 40 (9), 51 (38), 7 (76), 20 (50), 25 (61), 3 (48), 14 (53), 13 (67), 52 (66), 28 (64), 36 (63), 57 (70), 27 (78), 4 (90), 45 (68), 2 (93), 1 (87), 22 (64), 29 (81), 41 (91)]";26111;"Maquina 2: [10 (13), 15 (22), 32 (15), 31 (22), 49 (32), 12 (38), 56 (7), 44 (45), 38 (43), 39 (17), 48 (51), 58 (52), 54 (53), 16 (56), 21 (75), 17 (57), 6 (50), 43 (69), 46 (75), 59 (63), 26 (90), 23 (64), 24 (88), 53 (64), 19 (79), 11 (67), 47 (61), 33 (98), 0 (92), 5 (82)]";27836
TABÚ;60;2;53187;232.0;250;"Maquina 1: [10 (13), 13 (67), 15 (22), 32 (15), 6 (50), 50 (16), 56 (7), 14 (53), 44 (45), 18 (20), 58 (52), 21 (75), 3 (48), 34 (30), 20 (50), 25 (61), 59 (63), 28 (64), 54 (53), 11 (67), 26 (90), 42 (56), 5 (82), 2 (93), 33 (98), 51 (38), 57 (70), 27 (78), 7 (76), 29 (81)]";26828;"Maquina 2: [39 (17), 48 (51), 9 (6), 35 (33), 31 (22), 37 (54), 30 (21), 8 (44), 23 (64), 22 (64), 12 (38), 40 (9), 38 (43), 49 (32), 55 (52), 16 (56), 36 (63), 17 (57), 52 (66), 47 (61), 53 (64), 45 (68), 19 (79), 43 (69), 46 (75), 4 (90), 0 (92), 41 (91), 1 (87), 24 (88)]";26359
VNS;60;2;53152;12731.0;250;"Maquina 1: [30 (21), 9 (6), 50 (16), 35 (33), 8 (44), 18 (20), 55 (52), 37 (54), 34 (30), 42 (56), 40 (9), 51 (38), 7 (76), 20 (50), 15 (22), 25 (61), 3 (48), 14 (53), 13 (67), 52 (66), 28 (64), 36 (63), 57 (70), 27 (78), 4 (90), 12 (38), 5 (82), 2 (93), 1 (87), 19 (79), 41 (91), 29 (81)]";29250;"Maquina 2: [10 (13), 32 (15), 31 (22), 49 (32), 56 (7), 44 (45), 38 (43), 39 (17), 48 (51), 58 (52), 54 (53), 16 (56), 21 (75), 17 (57), 6 (50), 43 (69), 46 (75), 22 (64), 59 (63), 26 (90), 23 (64), 24 (88), 53 (64), 45 (68), 47 (61), 33 (98), 0 (92), 11 (67)]";23902
Multiarranque;60;2;51246;1673.0;250;"Maquina 1: [9 (6), 50 (16), 42 (56), 49 (32), 31 (22), 37 (54), 34 (30), 20 (50), 43 (69), 32 (15), 6 (50), 35 (33), 11 (67), 45 (68), 8 (44), 39 (17), 7 (76), 55 (52), 44 (45), 18 (20), 13 (67), 4 (90), 5 (82), 29 (81), 41 (91), 25 (61), 2 (93), 27 (78), 21 (75), 57 (70), 26 (90)]";26451;"Maquina 2: [12 (38), 40 (9), 51 (38), 38 (43), 59 (63), 30 (21), 10 (13), 52 (66), 17 (57), 14 (53), 15 (22), 47 (61), 3 (48), 56 (7), 53 (64), 23 (64), 22 (64), 54 (53), 48 (51), 19 (79), 28 (64), 36 (63), 24 (88), 16 (56), 58 (52), 33 (98), 0 (92), 1 (87), 46 (75)]";24795
GREEDY;60;2;45956;1.0;1;"Maquina 1: [10 (6), 48 (2), 40 (13), 30 (28), 9 (16), 4 (40), 56 (36), 43 (44), 34 (50), 31 (39), 15 (51), 41 (35), 28 (49), 5 (52), 33 (69), 7 (38), 55 (59), 46 (58), 35 (77), 27 (56), 50 (64), 52 (80), 36 (61), 47 (83), 29 (86), 59 (81), 26 (96), 42 (94), 44 (93), 32 (98)]";22714;"Maquina 2: [39 (26), 12 (5), 13 (34), 54 (13), 49 (10), 38 (37), 22 (40), 6 (36), 45 (39), 3 (63), 25 (51), 51 (38), 0 (51), 18 (54), 14 (57), 16 (50), 17 (46), 53 (58), 58 (80), 1 (68), 23 (60), 19 (80), 11 (82), 24 (76), 2 (84), 57 (93), 37 (97), 8 (95), 21 (93), 20 (99)]";23242
GRASP;60;2;45186;845.0;250;"Maquina 1: [10 (6), 48 (2), 41 (35), 38 (37), 34 (50), 40 (13), 4 (40), 27 (56), 6 (36), 5 (52), 9 (16), 56 (36), 43 (44), 45 (39), 0 (51), 18 (54), 55 (59), 3 (63), 33 (69), 37 (97), 52 (80), 19 (80), 36 (61), 50 (64), 29 (86), 32 (98), 24 (76), 26 (96), 44 (93), 8 (95)]";22341;"Maquina 2: [39 (26), 12 (5), 25 (51), 54 (13), 49 (10), 22 (40), 30 (28), 51 (38), 7 (38), 13 (34), 16 (50), 28 (49), 31 (39), 17 (46), 15 (51), 53 (58), 47 (83), 14 (57), 23 (60), 58 (80), 46 (58), 1 (68), 35 (77), 59 (81), 2 (84), 57 (93), 11 (82), 20 (99), 42 (94), 21 (93)]";22845
LNS;60;2;45919;187.0;250;"Maquina 1: [10 (6), 48 (2), 40 (13), 30 (28), 9 (16), 4 (40), 56 (36), 43 (44), 34 (50), 31 (39), 15 (51), 41 (35), 28 (49), 5 (52), 33 (69), 7 (38), 55 (59), 46 (58), 35 (77), 27 (56), 50 (64), 52 (80), 36 (61), 47 (83), 29 (86), 59 (81), 26 (96), 42 (94), 44 (93), 32 (98)]";22714;"Maquina 2: [39 (26), 12 (5), 13 (34), 54 (13), 49 (10), 38 (37), 22 (40), 6 (36), 45 (39), 3 (63), 25 (51), 51 (38), 0 (51), 18 (54), 14 (57), 16 (50), 17 (46), 53 (58), 58 (80), 1 (68), 23 (60), 19 (80), 11 (82), 57 (93), 2 (84), 24 (76), 37 (97), 8 (95), 21 (93), 20 (99)]";23205
TABÚ;60;2;44541;248.0;250;"Maquina 1: [48 (2), 22 (40), 10 (6), 9 (16), 56 (36), 40 (13), 30 (28), 38 (37), 7 (38), 16 (50), 51 (38), 4 (40), 0 (51), 28 (49), 5 (52), 53 (58), 18 (54), 55 (59), 35 (77), 27 (56), 50 (64), 52 (80), 19 (80), 24 (76), 2 (84), 58 (80), 29 (86), 32 (98), 37 (97), 8 (95), 44 (93)]";23653;"Maquina 2: [39 (26), 12 (5), 41 (35), 54 (13), 17 (46), 49 (10), 34 (50), 31 (39), 15 (51), 6 (36), 43 (44), 13 (34), 46 (58), 45 (39), 23 (60), 36 (61), 25 (51), 14 (57), 59 (81), 3 (63), 1 (68), 33 (69), 57 (93), 11 (82), 26 (96), 47 (83), 21 (93), 20 (99), 42 (94)]";20888
VNS;60;2;45299;23699.0;250;"Maquina 1: [10 (6), 48 (2), 53 (58), 40 (13), 30 (28), 9 (16), 4 (40), 56 (36), 43 (44), 34 (50), 31 (39), 15 (51), 41 (35), 28 (49), 5 (52), 33 (69), 7 (38), 13 (34), 46 (58), 35 (77), 27 (56), 50 (64), 52 (80), 36 (61), 47 (83), 29 (86), 59 (81), 26 (96), 42 (94), 44 (93), 32 (98)]";23579;"Maquina 2: [39 (26), 12 (5), 55 (59), 54 (13), 49 (10), 38 (37), 22 (40), 6 (36), 45 (39), 3 (63), 25 (51), 51 (38), 0 (51), 18 (54), 14 (57), 16 (50), 1 (68), 58 (80), 17 (46), 23 (60), 19 (80), 11 (82), 24 (76), 2 (84), 57 (93), 37 (97), 8 (95), 21 (93), 20 (99)]";21720
Multiarranque;60;2;44784;1420.0;250;"Maquina 1: [48 (2), 54 (13), 10 (6), 9 (16), 56 (36), 39 (26), 12 (5), 41 (35), 38 (37), 51 (38), 25 (51), 3 (63), 55 (59), 15 (51), 16 (50), 1 (68), 0 (51), 28 (49), 53 (58), 31 (39), 18 (54), 32 (98), 24 (76), 33 (69), 29 (86), 37 (97), 57 (93), 19 (80), 44 (93), 42 (94), 2 (84)]";21965;"Maquina 2: [49 (10), 34 (50), 40 (13), 22 (40), 30 (28), 7 (38), 6 (36), 23 (60), 4 (40), 5 (52), 43 (44), 45 (39), 13 (34), 46 (58), 27 (56), 14 (57), 58 (80), 17 (46), 52 (80), 36 (61), 47 (83), 50 (64), 35 (77), 11 (82), 21 (93), 59 (81), 8 (95), 20 (99), 26 (96)]";22819
GREEDY;60;2;38842;1.0;1;"Maquina 1: [50 (19), 34 (15), 38 (12), 17 (3), 39 (29), 10 (10), 40 (1), 7 (27), 47 (17), 23 (29), 9 (33), 3 (40), 4 (41), 27 (39), 14 (66), 21 (53), 11 (73), 2 (51), 58 (74), 29 (70), 25 (58), 15 (72), 13 (82), 57 (67), 42 (77), 44 (98), 16 (94), 36 (85), 54 (87), 0 (98)]";19774;"Maquina 2: [45 (7), 1 (6), 52 (1), 12 (19), 5 (22), 35 (38), 56 (10), 53 (13), 19 (17), 20 (30), 8 (53), 43 (28), 31 (39), 6 (40), 22 (57), 24 (29), 37 (44), 26 (72), 59 (90), 18 (59), 28 (66), 32 (70), 48 (68), 41 (98), 33 (78), 30 (73), 49 (84), 51 (76), 55 (97), 46 (85)]";19068
GRASP;60;2;38339;841.0;250;"Maquina 1: [10 (10), 56 (10), 53 (13), 19 (17), 45 (7), 24 (29), 50 (19), 47 (17), 4 (41), 39 (29), 5 (22), 35 (38), 3 (40), 8 (53), 23 (29), 21 (53), 37 (44), 15 (72), 57 (67), 32 (70), 51 (76), 29 (70), 36 (85), 18 (59), 0 (98), 11 (73), 58 (74), 41 (98), 54 (87), 55 (97)]";19130;"Maquina 2: [1 (6), 52 (1), 17 (3), 43 (28), 20 (30), 7 (27), 27 (39), 34 (15), 9 (33), 40 (1), 38 (12), 22 (57), 6 (40), 25 (58), 12 (19), 14 (66), 48 (68), 42 (77), 31 (39), 28 (66), 2 (51), 33 (78), 30 (73), 44 (98), 26 (72), 13 (82), 59 (90), 16 (94), 49 (84), 46 (85)]";19209
LNS;60;2;38842;151.0;250;"Maquina 1: [50 (19), 34 (15), 38 (12), 17 (3), 39 (29), 10 (10), 40 (1), 7 (27), 47 (17), 23 (29), 9 (33), 3 (40), 4 (41), 27 (39), 14 (66), 21 (53), 11 (73), 2 (51), 58 (74), 29 (70), 25 (58), 15 (72), 13 (82), 57 (67), 42 (77), 44 (98), 16 (94), 36 (85), 54 (87), 0 (98)]";19774;"Maquina 2: [45 (7), 1 (6), 52 (1), 12 (19), 5 (22), 35 (38), 56 (10), 53 (13), 19 (17), 20 (30), 8 (53), 43 (28), 31 (39), 6 (40), 22 (57), 24 (29), 37 (44), 26 (72), 59 (90), 18 (59), 28 (66), 32 (70), 48 (68), 41 (98), 33 (78), 30 (73), 49 (84), 51 (76), 55 (97), 46 (85)]";19068
TABÚ;60;2;38083;234.0;250;"Maquina 1: [1 (6), 52 (1), 10 (10), 56 (10), 53 (13), 19 (17), 7 (27), 17 (3), 12 (19), 50 (19), 20 (30), 8 (53), 24 (29), 35 (38), 31 (39), 6 (40), 18 (59), 11 (73), 25 (58), 26 (72), 29 (70), 51 (76), 14 (66), 48 (68), 13 (82), 36 (85), 55 (97), 49 (84), 44 (98), 46 (85), 59 (90)]";19556;"Maquina 2: [45 (7), 27 (39), 40 (1), 47 (17), 23 (29), 43 (28), 34 (15), 9 (33), 38 (12), 4 (41), 5 (22), 3 (40), 22 (57), 39 (29), 21 (53), 30 (73), 2 (51), 37 (44), 58 (74), 54 (87), 32 (70), 42 (77), 15 (72), 28 (66), 41 (98), 33 (78), 57 (67), 0 (98), 16 (94)]";18527
VNS;60;2;38444;18479.0;250;"Maquina 1: [50 (19), 34 (15), 38 (12), 4 (41), 39 (29), 10 (10), 40 (1), 7 (27), 47 (17), 23 (29), 9 (33), 3 (40), 45 (7), 27 (39), 14 (66), 21 (53), 11 (73), 2 (51), 58 (74), 29 (70), 25 (58), 15 (72), 13 (82), 57 (67), 42 (77), 44 (98), 46 (85), 36 (85), 55 (97), 0 (98)]";19451;"Maquina 2: [17 (3), 1 (6), 52 (1), 12 (19), 5 (22), 35 (38), 56 (10), 53 (13), 19 (17), 20 (30), 8 (53), 43 (28), 31 (39), 6 (40), 22 (57), 24 (29), 37 (44), 26 (72), 59 (90), 18 (59), 28 (66), 32 (70), 48 (68), 41 (98), 33 (78), 30 (73), 49 (84), 51 (76), 54 (87), 16 (94)]";18993
Multiarranque;60;2;37509;1523.0;250;"Maquina 1: [17 (3), 19 (17), 12 (19), 45 (7), 1 (6), 38 (12), 50 (19), 40 (1), 20 (30), 23 (29), 43 (28), 4 (41), 39 (29), 31 (39), 3 (40), 57 (67), 5 (22), 51 (76), 14 (66), 21 (53), 48 (68), 41 (98), 33 (78), 29 (70), 58 (74), 54 (87), 32 (70), 59 (90), 16 (94), 36 (85), 46 (85)]";18767;"Maquina 2: [52 (1), 47 (17), 35 (38), 10 (10), 56 (10), 34 (15), 9 (33), 24 (29), 37 (44), 2 (51), 53 (13), 7 (27), 27 (39), 6 (40), 22 (57), 18 (59), 8 (53), 42 (77), 11 (73), 15 (72), 28 (66), 55 (97), 26 (72), 13 (82), 25 (58), 49 (84), 30 (73), 44 (98), 0 (98)]";18742
GREEDY;60;2;51312;0.0;1;"Maquina 1: [17 (35), 57 (15), 3 (15), 50 (1), 30 (69), 47 (51), 5 (5), 26 (40), 18 (27), 29 (32), 51 (49), 16 (18), 21 (50), 20 (21), 13 (39), 34 (70), 44 (50), 56 (53), 46 (61), 14 (94), 28 (81), 24 (78), 10 (72), 27 (83), 42 (80), 40 (55), 33 (89), 7 (92), 23 (88), 22 (99)]";26511;"Maquina 2: [43 (28), 58 (25), 59 (4), 9 (15), 2 (42), 19 (17), 53 (10), 36 (51), 12 (25), 35 (36), 0 (19), 49 (32), 6 (61), 32 (44), 54 (54), 25 (82), 15 (89), 55 (39), 31 (66), 39 (59), 41 (50), 38 (91), 48 (72), 37 (53), 4 (72), 45 (80), 1 (84), 52 (79), 11 (94), 8 (98)]";24801
GRASP;60;2;51564;954.0;250;"Maquina 1: [3 (15), 29 (32), 12 (25), 35 (36), 36 (51), 53 (10), 9 (15), 57 (15), 55 (39), 56 (53), 46 (61), 45 (80), 44 (50), 43 (28), 23 (88), 49 (32), 54 (54), 25 (82), 48 (72), 8 (98), 16 (18), 37 (53), 15 (89), 2 (42), 1 (84), 52 (79), 4 (72), 19 (17), 30 (69), 38 (91)]";24780;"Maquina 2: [58 (25), 18 (27), 5 (5), 59 (4), 28 (81), 13 (39), 20 (21), 50 (1), 32 (44), 17 (35), 10 (72), 26 (40), 39 (59), 6 (61), 0 (19), 31 (66), 41 (50), 21 (50), 51 (49), 47 (51), 42 (80), 40 (55), 14 (94), 33 (89), 27 (83), 24 (78), 34 (70), 22 (99), 7 (92), 11 (94)]";26784
LNS;60;2;50569;140.0;250;"Maquina 1: [17 (35), 57 (15), 3 (15), 50 (1), 30 (69), 47 (51), 5 (5), 26 (40), 18 (27), 29 (32), 51 (49), 16 (18), 21 (50), 10 (72), 13 (39), 20 (21), 44 (50), 56 (53), 46 (61), 14 (94), 28 (81), 24 (78), 34 (70), 27 (83), 42 (80), 40 (55), 33 (89), 7 (92), 23 (88), 22 (99)]";25856;"Maquina 2: [43 (28), 58 (25), 59 (4), 9 (15), 2 (42), 19 (17), 53 (10), 36 (51), 12 (25), 35 (36), 0 (19), 49 (32), 6 (61), 32 (44), 54 (54), 25 (82), 15 (89), 55 (39), 31 (66), 39 (59), 41 (50), 1 (84), 11 (94), 37 (53), 4 (72), 45 (80), 38 (91), 52 (79), 48 (72), 8 (98)]";24713
TABÚ;60;2;49166;242.0;250;"Maquina 1: [18 (27), 59 (4), 9 (15), 57 (15), 55 (39), 35 (36), 19 (17), 32 (44), 48 (72), 13 (39), 4 (72), 20 (21), 0 (19), 26 (40), 49 (32), 21 (50), 30 (69), 56 (53), 14 (94), 31 (66), 42 (80), 11 (94), 37 (53), 15 (89), 10 (72), 27 (83), 7 (92), 40 (55), 8 (98), 23 (88)]";25329;"Maquina 2: [3 (15), 50 (1), 17 (35), 58 (25), 53 (10), 36 (51), 12 (25), 5 (5), 43 (28), 16 (18), 44 (50), 28 (81), 47 (51), 29 (32), 45 (80), 46 (61), 51 (49), 2 (42), 41 (50), 1 (84), 39 (59), 24 (78), 6 (61), 54 (54), 25 (82), 52 (79), 33 (89), 38 (91), 22 (99), 34 (70)]";23837
VNS;60;2;49417;11013.0;250;"Maquina 1: [17 (35), 57 (15), 19 (17), 50 (1), 30 (69), 47 (51), 5 (5), 18 (27), 29 (32), 51 (49), 16 (18), 21 (50), 20 (21), 11 (94), 13 (39), 34 (70), 44 (50), 56 (53), 46 (61), 14 (94), 28 (81), 8 (98), 27 (83), 42 (80), 40 (55), 4 (72), 33 (89), 52 (79), 23 (88)]";24012;"Maquina 2: [43 (28), 58 (25), 59 (4), 9 (15), 2 (42), 3 (15), 53 (10), 36 (51), 12 (25), 35 (36), 0 (19), 26 (40), 49 (32), 6 (61), 32 (44), 54 (54), 25 (82), 15 (89), 55 (39), 31 (66), 39 (59), 41 (50), 38 (91), 48 (72), 37 (53), 45 (80), 1 (84), 7 (92), 10 (72), 24 (78), 22 (99)]";25405
Multiarranque;60;2;48225;1439.0;250;"Maquina 1: [9 (15), 17 (35), 57 (15), 19 (17), 3 (15), 43 (28), 58 (25), 18 (27), 51 (49), 16 (18), 31 (66), 12 (25), 35 (36), 36 (51), 15 (89), 32 (44), 45 (80), 46 (61), 34 (70), 37 (53), 48 (72), 23 (88), 13 (39), 21 (50), 30 (69), 1 (84), 14 (94), 22 (99), 10 (72), 33 (89), 11 (94)]";25081;"Maquina 2: [20 (21), 50 (1), 53 (10), 40 (55), 0 (19), 55 (39), 5 (5), 26 (40), 49 (32), 54 (54), 59 (4), 28 (81), 47 (51), 29 (32), 27 (83), 24 (78), 4 (72), 56 (53), 44 (50), 2 (42), 6 (61), 39 (59), 41 (50), 42 (80), 52 (79), 25 (82), 38 (91), 8 (98), 7 (92)]";23144
GREEDY;60;2;36029;0.0;1;"Maquina 1: [55 (14), 29 (3), 23 (8), 4 (1), 21 (12), 1 (23), 19 (10), 54 (38), 5 (22), 16 (28), 48 (29), 2 (36), 13 (41), 58 (21), 26 (42), 33 (37), 12 (47), 35 (43), 28 (55), 30 (64), 22 (73), 47 (66), 49 (78), 17 (65), 41 (68), 10 (98), 20 (70), 27 (81), 43 (87), 14 (93)]";17356;"Maquina 2: [38 (7), 24 (3), 6 (15), 57 (7), 3 (16), 59 (21), 11 (25), 7 (11), 25 (30), 39 (36), 42 (22), 31 (52), 53 (37), 46 (41), 50 (44), 44 (29), 52 (67), 56 (38), 18 (76), 45 (69), 8 (43), 9 (65), 0 (84), 37 (79), 40 (63), 32 (72), 36 (92), 34 (65), 51 (99), 15 (97)]";18673
GRASP;60;2;34802;857.0;250;"Maquina 1: [58 (21), 7 (11), 55 (14), 24 (3), 4 (1), 59 (21), 19 (10), 54 (38), 5 (22), 44 (29), 2 (36), 42 (22), 35 (43), 25 (30), 26 (42), 53 (37), 8 (43), 9 (65), 31 (52), 52 (67), 20 (70), 27 (81), 30 (64), 22 (73), 47 (66), 49 (78), 14 (93), 32 (72), 43 (87), 37 (79)]";17446;"Maquina 2: [21 (12), 6 (15), 29 (3), 23 (8), 3 (16), 57 (7), 48 (29), 1 (23), 56 (38), 11 (25), 50 (44), 38 (7), 13 (41), 46 (41), 33 (37), 39 (36), 12 (47), 16 (28), 28 (55), 40 (63), 18 (76), 45 (69), 34 (65), 41 (68), 17 (65), 0 (84), 36 (92), 51 (99), 10 (98), 15 (97)]";17356
LNS;60;2;35921;145.0;250;"Maquina 1: [55 (14), 29 (3), 23 (8), 4 (1), 48 (29), 1 (23), 19 (10), 2 (36), 5 (22), 16 (28), 21 (12), 54 (38), 13 (41), 58 (21), 26 (42), 33 (37), 12 (47), 35 (43), 28 (55), 30 (64), 22 (73), 47 (66), 49 (78), 17 (65), 41 (68), 10 (98), 20 (70), 27 (81), 43 (87), 14 (93)]";17248;"Maquina 2: [38 (7), 24 (3), 6 (15), 57 (7), 3 (16), 59 (21), 11 (25), 7 (11), 25 (30), 39 (36), 42 (22), 31 (52), 53 (37), 46 (41), 50 (44), 44 (29), 52 (67), 56 (38), 18 (76), 45 (69), 8 (43), 9 (65), 0 (84), 37 (79), 40 (63), 32 (72), 36 (92), 34 (65), 51 (99), 15 (97)]";18673
TABÚ;60;2;35072;235.0;250;"Maquina 1: [57 (7), 55 (14), 24 (3), 4 (1), 21 (12), 25 (30), 26 (42), 39 (36), 44 (29), 58 (21), 7 (11), 56 (38), 11 (25), 46 (41), 2 (36), 31 (52), 35 (43), 32 (72), 28 (55), 30 (64), 22 (73), 47 (66), 54 (38), 37 (79), 40 (63), 36 (92), 34 (65), 51 (99), 43 (87), 15 (97)]";17870;"Maquina 2: [6 (15), 19 (10), 38 (7), 29 (3), 23 (8), 3 (16), 5 (22), 16 (28), 48 (29), 59 (21), 33 (37), 42 (22), 1 (23), 20 (70), 13 (41), 50 (44), 53 (37), 8 (43), 9 (65), 12 (47), 41 (68), 17 (65), 27 (81), 18 (76), 45 (69), 49 (78), 52 (67), 14 (93), 0 (84), 10 (98)]";17202
VNS;60;2;35223;12004.0;250;"Maquina 1: [55 (14), 29 (3), 23 (8), 3 (16), 48 (29), 1 (23), 19 (10), 54 (38), 5 (22), 33 (37), 24 (3), 2 (36), 58 (21), 16 (28), 26 (42), 12 (47), 35 (43), 28 (55), 30 (64), 22 (73), 47 (66), 49 (78), 17 (65), 41 (68), 10 (98), 20 (70), 27 (81), 43 (87), 15 (97)]";16392;"Maquina 2: [38 (7), 21 (12), 6 (15), 57 (7), 4 (1), 59 (21), 11 (25), 7 (11), 25 (30), 39 (36), 42 (22), 13 (41), 31 (52), 53 (37), 46 (41), 50 (44), 44 (29), 52 (67), 56 (38), 18 (76), 45 (69), 8 (43), 9 (65), 0 (84), 37 (79), 40 (63), 32 (72), 36 (92), 34 (65), 51 (99), 14 (93)]";18831
Multiarranque;60;2;34627;1387.0;250;"Maquina 1: [4 (1), 38 (7), 58 (21), 7 (11), 55 (14), 29 (3), 42 (22), 35 (43), 6 (15), 53 (37), 46 (41), 11 (25), 56 (38), 5 (22), 16 (28), 30 (64), 48 (29), 18 (76), 17 (65), 44 (29), 41 (68), 32 (72), 20 (70), 47 (66), 14 (93), 27 (81), 43 (87), 49 (78), 15 (97), 51 (99)]";17070;"Maquina 2: [57 (7), 24 (3), 21 (12), 1 (23), 19 (10), 59 (21), 33 (37), 25 (30), 26 (42), 39 (36), 23 (8), 3 (16), 54 (38), 2 (36), 45 (69), 13 (41), 50 (44), 40 (63), 31 (52), 52 (67), 28 (55), 12 (47), 22 (73), 8 (43), 9 (65), 0 (84), 37 (79), 10 (98), 34 (65), 36 (92)]";17557
GREEDY;60;2;49793;0.0;1;"Maquina 1: [40 (2), 35 (24), 29 (10), 55 (23), 39 (19), 34 (7), 20 (62), 58 (30), 14 (22), 12 (48), 0 (42), 4 (34), 50 (24), 56 (39), 47 (40), 9 (50), 27 (52), 11 (67), 57 (68), 52 (63), 23 (94), 54 (54), 6 (65), 16 (69), 48 (89), 21 (90), 59 (76), 15 (85), 24 (91), 8 (74), 31 (98)]";25830;"Maquina 2: [13 (25), 41 (6), 7 (69), 5 (31), 3 (17), 25 (10), 22 (63), 42 (21), 18 (27), 33 (68), 49 (23), 38 (40), 30 (54), 37 (41), 1 (90), 51 (51), 2 (38), 10 (84), 44 (85), 28 (43), 43 (94), 19 (24), 32 (70), 45 (93), 17 (75), 53 (64), 26 (90), 36 (59), 46 (65)]";23963
GRASP;60;2;48760;859.0;250;"Maquina 1: [18 (27), 55 (23), 41 (6), 5 (31), 3 (17), 39 (19), 50 (24), 49 (23), 38 (40), 11 (67), 29 (10), 37 (41), 27 (52), 58 (30), 47 (40), 36 (59), 6 (65), 12 (48), 53 (64), 22 (63), 8 (74), 32 (70), 31 (98), 23 (94), 15 (85), 33 (68), 43 (94), 10 (84), 44 (85), 26 (90)]";24252;"Maquina 2: [25 (10), 56 (39), 40 (2), 34 (7), 19 (24), 0 (42), 4 (34), 35 (24), 14 (22), 9 (50), 51 (51), 54 (54), 28 (43), 2 (38), 20 (62), 57 (68), 42 (21), 59 (76), 52 (63), 13 (25), 46 (65), 16 (69), 48 (89), 17 (75), 24 (91), 30 (54), 7 (69), 21 (90), 45 (93), 1 (90)]";24508
LNS;60;2;49496;138.0;250;"Maquina 1: [40 (2), 35 (24), 29 (10), 55 (23), 39 (19), 34 (7), 20 (62), 58 (30), 14 (22), 12 (48), 0 (42), 4 (34), 50 (24), 56 (39), 47 (40), 9 (50), 27 (52), 11 (67), 57 (68), 52 (63), 23 (94), 54 (54), 6 (65), 16 (69), 48 (89), 21 (90), 59 (76), 15 (85), 24 (91), 8 (74), 31 (98)]";25830;"Maquina 2: [13 (25), 41 (6), 7 (69), 5 (31), 3 (17), 25 (10), 22 (63), 42 (21), 18 (27), 33 (68), 49 (23), 38 (40), 10 (84), 37 (41), 1 (90), 51 (51), 2 (38), 30 (54), 44 (85), 28 (43), 43 (94), 19 (24), 32 (70), 36 (59), 17 (75), 53 (64), 26 (90), 45 (93), 46 (65)]";23666
TABÚ;60;2;49503;237.0;250;"Maquina 1: [25 (10), 35 (24), 29 (10), 22 (63), 34 (7), 13 (25), 3 (17), 20 (62), 58 (30), 42 (21), 0 (42), 4 (34), 54 (54), 51 (51), 7 (69), 5 (31), 1 (90), 56 (39), 47 (40), 12 (48), 46 (65), 8 (74), 23 (94), 59 (76), 30 (54), 44 (85), 26 (90), 43 (94), 24 (91), 52 (63)]";25409;"Maquina 2: [28 (43), 55 (23), 41 (6), 6 (65), 40 (2), 50 (24), 39 (19), 57 (68), 19 (24), 32 (70), 37 (41), 27 (52), 49 (23), 38 (40), 36 (59), 14 (22), 9 (50), 18 (27), 11 (67), 53 (64), 2 (38), 45 (93), 15 (85), 33 (68), 17 (75), 10 (84), 31 (98), 16 (69), 48 (89), 21 (90)]";24094
VNS;60;2;47304;15958.0;250;"Maquina 1: [40 (2), 19 (24), 29 (10), 30 (54), 39 (19), 34 (7), 20 (62), 58 (30), 14 (22), 12 (48), 0 (42), 4 (34), 50 (24), 56 (39), 47 (40), 9 (50), 27 (52), 11 (67), 57 (68), 52 (63), 23 (94), 54 (54), 6 (65), 16 (69), 48 (89), 36 (59), 24 (91), 15 (85), 31 (98), 8 (74), 26 (90)]";25265;"Maquina 2: [13 (25), 41 (6), 7 (69), 5 (31), 3 (17), 25 (10), 35 (24), 42 (21), 18 (27), 33 (68), 49 (23), 38 (40), 55 (23), 37 (41), 1 (90), 51 (51), 2 (38), 10 (84), 44 (85), 28 (43), 43 (94), 32 (70), 45 (93), 46 (65), 53 (64), 59 (76), 21 (90), 22 (63), 17 (75)]";22039
Multiarranque;60;2;46828;1443.0;250;"Maquina 1: [55 (23), 41 (6), 0 (42), 3 (17), 54 (54), 40 (2), 19 (24), 29 (10), 13 (25), 2 (38), 12 (48), 39 (19), 50 (24), 47 (40), 9 (50), 53 (64), 51 (51), 59 (76), 30 (54), 36 (59), 6 (65), 45 (93), 17 (75), 8 (74), 26 (90), 11 (67), 15 (85), 32 (70), 52 (63), 23 (94), 48 (89)]";25303;"Maquina 2: [34 (7), 18 (27), 7 (69), 25 (10), 35 (24), 42 (21), 14 (22), 49 (23), 38 (40), 58 (30), 37 (41), 27 (52), 4 (34), 33 (68), 56 (39), 28 (43), 21 (90), 22 (63), 5 (31), 16 (69), 20 (62), 10 (84), 44 (85), 57 (68), 1 (90), 43 (94), 24 (91), 46 (65), 31 (98)]";21525
GREEDY;60;2;48423;1.0;1;"Maquina 1: [48 (15), 13 (1), 24 (20), 14 (15), 1 (37), 16 (34), 53 (14), 15 (30), 23 (9), 59 (39), 7 (18), 29 (29), 27 (81), 40 (55), 36 (44), 20 (41), 30 (68), 17 (46), 52 (71), 32 (57), 51 (75), 5 (52), 44 (89), 6 (59), 9 (80), 49 (86), 3 (77), 43 (92), 37 (98), 28 (95)]";24407;"Maquina 2: [45 (33), 38 (15), 12 (4), 4 (12), 8 (20), 22 (42), 31 (12), 18 (32), 41 (52), 19 (17), 35 (34), 33 (38), 0 (41), 56 (24), 39 (51), 46 (45), 55 (53), 25 (76), 42 (69), 26 (56), 54 (58), 50 (80), 58 (66), 47 (92), 11 (88), 21 (77), 34 (85), 2 (74), 10 (91), 57 (95)]";24016
GRASP;60;2;44920;845.0;250;"Maquina 1: [31 (12), 48 (15), 56 (24), 33 (38), 7 (18), 1 (37), 38 (15), 32 (57), 13 (1), 24 (20), 52 (71), 45 (33), 9 (80), 16 (34), 29 (29), 39 (51), 27 (81), 54 (58), 17 (46), 41 (52), 51 (75), 5 (52), 6 (59), 3 (77), 11 (88), 58 (66), 47 (92), 28 (95), 10 (91), 43 (92)]";22392;"Maquina 2: [12 (4), 4 (12), 14 (15), 53 (14), 23 (9), 18 (32), 8 (20), 15 (30), 59 (39), 36 (44), 22 (42), 20 (41), 46 (45), 19 (17), 35 (34), 55 (53), 25 (76), 42 (69), 26 (56), 40 (55), 44 (89), 49 (86), 0 (41), 30 (68), 21 (77), 37 (98), 2 (74), 34 (85), 50 (80), 57 (95)]";22528
LNS;60;2;46917;138.0;250;"Maquina 1: [48 (15), 13 (1), 24 (20), 5 (52), 1 (37), 16 (34), 53 (14), 23 (9), 15 (30), 59 (39), 7 (18), 29 (29), 27 (81), 40 (55), 36 (44), 20 (41), 30 (68), 17 (46), 52 (71), 32 (57), 51 (75), 14 (15), 44 (89), 6 (59), 9 (80), 49 (86), 3 (77), 43 (92), 37 (98), 28 (95)]";23922;"Maquina 2: [45 (33), 38 (15), 22 (42), 4 (12), 8 (20), 12 (4), 31 (12), 18 (32), 41 (52), 19 (17), 35 (34), 33 (38), 0 (41), 56 (24), 39 (51), 46 (45), 55 (53), 25 (76), 42 (69), 26 (56), 54 (58), 11 (88), 58 (66), 47 (92), 50 (80), 21 (77), 34 (85), 2 (74), 10 (91), 57 (95)]";22995
TABÚ;60;2;45653;231.0;250;"Maquina 1: [38 (15), 48 (15), 13 (1), 24 (20), 14 (15), 53 (14), 23 (9), 36 (44), 18 (32), 29 (29), 19 (17), 46 (45), 37 (98), 15 (30), 6 (59), 20 (41), 17 (46), 35 (34), 41 (52), 43 (92), 26 (56), 40 (55), 9 (80), 11 (88), 42 (69), 27 (81), 44 (89), 47 (92), 28 (95), 54 (58), 10 (91)]";23140;"Maquina 2: [56 (24), 12 (4), 4 (12), 16 (34), 8 (20), 7 (18), 1 (37), 32 (57), 31 (12), 33 (38), 45 (33), 30 (68), 39 (51), 59 (39), 5 (52), 52 (71), 22 (42), 51 (75), 0 (41), 34 (85), 50 (80), 55 (53), 25 (76), 2 (74), 49 (86), 3 (77), 58 (66), 57 (95), 21 (77)]";22513
VNS;60;2;46519;16590.0;250;"Maquina 1: [48 (15), 13 (1), 24 (20), 14 (15), 1 (37), 16 (34), 53 (14), 15 (30), 23 (9), 47 (92), 7 (18), 29 (29), 27 (81), 40 (55), 36 (44), 20 (41), 56 (24), 17 (46), 2 (74), 22 (42), 51 (75), 5 (52), 6 (59), 26 (56), 9 (80), 49 (86), 34 (85), 3 (77), 37 (98), 52 (71)]";23345;"Maquina 2: [45 (33), 59 (39), 38 (15), 12 (4), 4 (12), 8 (20), 32 (57), 31 (12), 18 (32), 41 (52), 19 (17), 35 (34), 33 (38), 0 (41), 30 (68), 39 (51), 46 (45), 55 (53), 25 (76), 42 (69), 54 (58), 50 (80), 21 (77), 11 (88), 58 (66), 43 (92), 57 (95), 28 (95), 10 (91), 44 (89)]";23174
Multiarranque;60;2;43747;1399.0;250;"Maquina 1: [31 (12), 48 (15), 56 (24), 12 (4), 19 (17), 14 (15), 1 (37), 35 (34), 33 (38), 7 (18), 53 (14), 17 (46), 29 (29), 49 (86), 0 (41), 50 (80), 55 (53), 5 (52), 2 (74), 6 (59), 25 (76), 42 (69), 54 (58), 10 (91), 43 (92), 44 (89), 52 (71), 3 (77), 11 (88), 37 (98)]";22314;"Maquina 2: [13 (1), 24 (20), 23 (9), 18 (32), 41 (52), 8 (20), 15 (30), 38 (15), 22 (42), 4 (12), 16 (34), 26 (56), 40 (55), 45 (33), 32 (57), 59 (39), 36 (44), 20 (41), 46 (45), 9 (80), 39 (51), 27 (81), 51 (75), 28 (95), 58 (66), 47 (92), 30 (68), 21 (77), 34 (85), 57 (95)]";21433
GREEDY;60;2;42741;0.0;1;"Maquina 1: [42 (11), 57 (7), 28 (15), 22 (32), 37 (6), 55 (3), 10 (36), 36 (9), 2 (17), 51 (58), 6 (39), 56 (21), 18 (42), 27 (37), 0 (34), 46 (64), 34 (77), 26 (44), 19 (49), 25 (62), 3 (48), 49 (66), 47 (94), 43 (62), 33 (69), 48 (82), 52 (91), 41 (97), 9 (90), 5 (79)]";20420;"Maquina 2: [24 (8), 32 (21), 53 (11), 39 (5), 14 (29), 45 (7), 4 (16), 54 (48), 58 (33), 29 (39), 15 (38), 30 (10), 23 (36), 8 (43), 12 (65), 20 (60), 35 (34), 7 (47), 50 (62), 13 (94), 44 (55), 40 (77), 31 (62), 21 (73), 59 (67), 11 (81), 17 (89), 16 (96), 1 (91), 38 (98)]";22321
GRASP;60;2;41714;845.0;250;"Maquina 1: [37 (6), 24 (8), 2 (17), 28 (15), 39 (5), 10 (36), 57 (7), 58 (33), 3 (48), 48 (82), 4 (16), 18 (42), 8 (43), 12 (65), 20 (60), 35 (34), 23 (36), 25 (62), 50 (62), 46 (64), 49 (66), 7 (47), 38 (98), 5 (79), 31 (62), 16 (96), 52 (91), 34 (77), 41 (97), 59 (67)]";21953;"Maquina 2: [30 (10), 55 (3), 45 (7), 42 (11), 53 (11), 36 (9), 56 (21), 26 (44), 32 (21), 0 (34), 15 (38), 22 (32), 27 (37), 14 (29), 29 (39), 19 (49), 44 (55), 51 (58), 6 (39), 1 (91), 33 (69), 17 (89), 47 (94), 43 (62), 54 (48), 11 (81), 9 (90), 13 (94), 40 (77), 21 (73)]";19761
LNS;60;2;42564;145.0;250;"Maquina 1: [42 (11), 57 (7), 28 (15), 22 (32), 37 (6), 55 (3), 10 (36), 36 (9), 2 (17), 51 (58), 6 (39), 56 (21), 18 (42), 27 (37), 0 (34), 46 (64), 34 (77), 26 (44), 19 (49), 25 (62), 3 (48), 49 (66), 47 (94), 43 (62), 33 (69), 48 (82), 52 (91), 41 (97), 9 (90), 5 (79)]";20420;"Maquina 2: [24 (8), 32 (21), 53 (11), 39 (5), 14 (29), 45 (7), 4 (16), 54 (48), 58 (33), 29 (39), 15 (38), 30 (10), 7 (47), 8 (43), 12 (65), 20 (60), 35 (34), 23 (36), 50 (62), 13 (94), 44 (55), 40 (77), 59 (67), 21 (73), 17 (89), 11 (81), 31 (62), 16 (96), 1 (91), 38 (98)]";22144
TABÚ;60;2;40532;232.0;250;"Maquina 1: [14 (29), 57 (7), 32 (21), 55 (3), 35 (34), 22 (32), 56 (21), 28 (15), 36 (9), 2 (17), 49 (66), 18 (42), 6 (39), 3 (48), 27 (37), 29 (39), 25 (62), 19 (49), 44 (55), 7 (47), 40 (77), 59 (67), 48 (82), 31 (62), 21 (73), 47 (94), 1 (91), 13 (94), 11 (81), 16 (96)]";20827;"Maquina 2: [37 (6), 24 (8), 45 (7), 42 (11), 53 (11), 39 (5), 0 (34), 15 (38), 12 (65), 30 (10), 4 (16), 46 (64), 54 (48), 50 (62), 5 (79), 34 (77), 10 (36), 23 (36), 8 (43), 26 (44), 20 (60), 51 (58), 43 (62), 33 (69), 17 (89), 58 (33), 41 (97), 9 (90), 52 (91), 38 (98)]";19705
VNS;60;2;41793;16792.0;250;"Maquina 1: [42 (11), 57 (7), 58 (33), 28 (15), 22 (32), 37 (6), 55 (3), 10 (36), 36 (9), 2 (17), 51 (58), 6 (39), 56 (21), 18 (42), 27 (37), 0 (34), 46 (64), 34 (77), 26 (44), 19 (49), 25 (62), 40 (77), 49 (66), 47 (94), 43 (62), 33 (69), 17 (89), 52 (91), 41 (97), 59 (67), 5 (79)]";21109;"Maquina 2: [24 (8), 32 (21), 53 (11), 39 (5), 14 (29), 45 (7), 4 (16), 54 (48), 29 (39), 15 (38), 30 (10), 7 (47), 8 (43), 12 (65), 20 (60), 35 (34), 23 (36), 50 (62), 13 (94), 44 (55), 3 (48), 31 (62), 21 (73), 9 (90), 11 (81), 48 (82), 16 (96), 1 (91), 38 (98)]";20684
Multiarranque;60;2;40417;1433.0;250;"Maquina 1: [24 (8), 28 (15), 39 (5), 36 (9), 56 (21), 30 (10), 4 (16), 55 (3), 35 (34), 22 (32), 23 (36), 27 (37), 14 (29), 29 (39), 7 (47), 51 (58), 19 (49), 25 (62), 10 (36), 9 (90), 13 (94), 43 (62), 40 (77), 54 (48), 59 (67), 46 (64), 33 (69), 48 (82), 34 (77), 47 (94), 38 (98)]";19952;"Maquina 2: [0 (34), 15 (38), 37 (6), 42 (11), 57 (7), 32 (21), 45 (7), 3 (48), 53 (11), 11 (81), 2 (17), 31 (62), 44 (55), 18 (42), 16 (96), 6 (39), 12 (65), 8 (43), 26 (44), 20 (60), 5 (79), 50 (62), 58 (33), 49 (66), 1 (91), 21 (73), 17 (89), 52 (91), 41 (97)]";20465
GREEDY;60;2;47595;1.0;1;"Maquina 1: [0 (3), 20 (23), 59 (15), 41 (46), 14 (37), 31 (22), 36 (33), 32 (51), 18 (28), 7 (35), 5 (40), 3 (31), 34 (7), 2 (43), 17 (64), 25 (42), 8 (60), 29 (65), 9 (50), 23 (69), 33 (66), 4 (65), 44 (77), 38 (70), 21 (56), 58 (93), 52 (67), 28 (83), 26 (72), 11 (96)]";23372;"Maquina 2: [1 (41), 10 (33), 24 (6), 40 (53), 55 (14), 13 (18), 15 (23), 45 (35), 6 (11), 12 (70), 37 (29), 49 (33), 56 (37), 22 (51), 48 (38), 46 (58), 27 (61), 42 (65), 57 (81), 50 (44), 35 (64), 51 (47), 53 (70), 47 (66), 19 (65), 54 (68), 39 (77), 16 (85), 43 (94), 30 (99)]";24223
GRASP;60;2;46511;866.0;250;"Maquina 1: [15 (23), 0 (3), 20 (23), 36 (33), 6 (11), 49 (33), 31 (22), 2 (43), 51 (47), 14 (37), 34 (7), 45 (35), 22 (51), 29 (65), 4 (65), 57 (81), 35 (64), 23 (69), 56 (37), 39 (77), 54 (68), 9 (50), 48 (38), 46 (58), 33 (66), 58 (93), 8 (60), 11 (96), 30 (99), 52 (67)]";22314;"Maquina 2: [50 (44), 59 (15), 24 (6), 40 (53), 55 (14), 26 (72), 13 (18), 7 (35), 37 (29), 18 (28), 3 (31), 17 (64), 5 (40), 25 (42), 27 (61), 12 (70), 10 (33), 42 (65), 32 (51), 41 (46), 53 (70), 21 (56), 19 (65), 1 (41), 28 (83), 43 (94), 44 (77), 38 (70), 47 (66), 16 (85)]";24197
LNS;60;2;46206;145.0;250;"Maquina 1: [0 (3), 20 (23), 59 (15), 41 (46), 14 (37), 31 (22), 36 (33), 32 (51), 18 (28), 7 (35), 5 (40), 3 (31), 34 (7), 2 (43), 17 (64), 25 (42), 8 (60), 29 (65), 9 (50), 23 (69), 33 (66), 4 (65), 44 (77), 38 (70), 21 (56), 58 (93), 52 (67), 28 (83), 26 (72), 11 (96)]";23372;"Maquina 2: [50 (44), 10 (33), 24 (6), 40 (53), 55 (14), 13 (18), 47 (66), 45 (35), 6 (11), 12 (70), 37 (29), 49 (33), 56 (37), 22 (51), 48 (38), 46 (58), 27 (61), 42 (65), 15 (23), 1 (41), 19 (65), 51 (47), 53 (70), 57 (81), 35 (64), 54 (68), 39 (77), 43 (94), 16 (85), 30 (99)]";22834
TABÚ;60;2;45378;270.0;250;"Maquina 1: [6 (11), 34 (7), 40 (53), 15 (23), 59 (15), 24 (6), 45 (35), 32 (51), 3 (31), 50 (44), 23 (69), 10 (33), 41 (46), 14 (37), 29 (65), 25 (42), 47 (66), 1 (41), 48 (38), 22 (51), 27 (61), 12 (70), 57 (81), 8 (60), 39 (77), 16 (85), 28 (83), 43 (94), 26 (72), 58 (93)]";23629;"Maquina 2: [13 (18), 0 (3), 20 (23), 37 (29), 18 (28), 55 (14), 9 (50), 49 (33), 31 (22), 2 (43), 4 (65), 36 (33), 44 (77), 5 (40), 35 (64), 54 (68), 33 (66), 7 (35), 56 (37), 42 (65), 21 (56), 19 (65), 51 (47), 53 (70), 46 (58), 17 (64), 52 (67), 38 (70), 30 (99), 11 (96)]";21749
VNS;60;2;46240;12571.0;250;"Maquina 1: [15 (23), 20 (23), 59 (15), 50 (44), 41 (46), 14 (37), 31 (22), 36 (33), 32 (51), 18 (28), 7 (35), 5 (40), 3 (31), 34 (7), 2 (43), 17 (64), 25 (42), 8 (60), 29 (65), 9 (50), 33 (66), 4 (65), 44 (77), 38 (70), 21 (56), 58 (93), 52 (67), 28 (83), 43 (94), 26 (72)]";23512;"Maquina 2: [1 (41), 10 (33), 24 (6), 40 (53), 55 (14), 13 (18), 0 (3), 45 (35), 6 (11), 12 (70), 37 (29), 49 (33), 56 (37), 22 (51), 48 (38), 46 (58), 27 (61), 42 (65), 57 (81), 35 (64), 51 (47), 53 (70), 47 (66), 19 (65), 54 (68), 39 (77), 16 (85), 11 (96), 30 (99), 23 (69)]";22728
Multiarranque;60;2;45316;1438.0;250;"Maquina 1: [34 (7), 45 (35), 32 (51), 18 (28), 20 (23), 37 (29), 49 (33), 56 (37), 48 (38), 0 (3), 3 (31), 10 (33), 41 (46), 2 (43), 40 (53), 1 (41), 19 (65), 38 (70), 21 (56), 46 (58), 33 (66), 17 (64), 52 (67), 35 (64), 58 (93), 12 (70), 42 (65), 44 (77), 39 (77), 16 (85)]";22369;"Maquina 2: [59 (15), 24 (6), 55 (14), 13 (18), 14 (37), 22 (51), 7 (35), 6 (11), 15 (23), 36 (33), 5 (40), 31 (22), 51 (47), 25 (42), 27 (61), 53 (70), 26 (72), 8 (60), 29 (65), 9 (50), 4 (65), 57 (81), 50 (44), 23 (69), 28 (83), 43 (94), 47 (66), 54 (68), 30 (99), 11 (96)]";22947
GREEDY;60;2;44151;1.0;1;"Maquina 1: [30 (3), 15 (27), 4 (2), 24 (5), 20 (17), 49 (33), 52 (23), 25 (12), 56 (19), 11 (38), 27 (8), 57 (56), 26 (27), 3 (66), 35 (10), 55 (43), 22 (42), 12 (79), 38 (44), 39 (73), 33 (49), 51 (68), 58 (64), 8 (67), 32 (86), 14 (74), 16 (87), 45 (98), 34 (76), 31 (91), 44 (94)]";22730;"Maquina 2: [28 (4), 47 (18), 6 (27), 21 (27), 19 (3), 2 (6), 0 (12), 46 (8), 41 (23), 43 (16), 23 (29), 1 (74), 53 (33), 37 (49), 36 (39), 59 (75), 40 (45), 7 (51), 10 (65), 17 (71), 9 (89), 5 (98), 18 (78), 54 (67), 50 (81), 13 (66), 29 (94), 48 (43), 42 (86)]";21421
GRASP;60;2;42649;853.0;250;"Maquina 1: [19 (3), 4 (2), 2 (6), 35 (10), 55 (43), 24 (5), 20 (17), 15 (27), 48 (43), 26 (27), 0 (12), 49 (33), 40 (45), 56 (19), 38 (44), 11 (38), 50 (81), 33 (49), 51 (68), 7 (51), 10 (65), 9 (89), 5 (98), 54 (67), 59 (75), 42 (86), 39 (73), 1 (74), 32 (86), 44 (94)]";22139;"Maquina 2: [43 (16), 25 (12), 28 (4), 36 (39), 53 (33), 30 (3), 47 (18), 22 (42), 31 (91), 46 (8), 41 (23), 37 (49), 6 (27), 52 (23), 23 (29), 21 (27), 27 (8), 57 (56), 17 (71), 58 (64), 3 (66), 34 (76), 14 (74), 12 (79), 18 (78), 8 (67), 13 (66), 29 (94), 16 (87), 45 (98)]";20510
LNS;60;2;43901;140.0;250;"Maquina 1: [30 (3), 15 (27), 4 (2), 24 (5), 20 (17), 49 (33), 52 (23), 25 (12), 56 (19), 11 (38), 27 (8), 57 (56), 26 (27), 3 (66), 35 (10), 55 (43), 22 (42), 12 (79), 38 (44), 39 (73), 33 (49), 51 (68), 58 (64), 8 (67), 32 (86), 14 (74), 16 (87), 45 (98), 34 (76), 31 (91), 44 (94)]";22730;"Maquina 2: [28 (4), 47 (18), 6 (27), 21 (27), 7 (51), 2 (6), 0 (12), 46 (8), 41 (23), 43 (16), 23 (29), 1 (74), 53 (33), 37 (49), 36 (39), 59 (75), 40 (45), 19 (3), 10 (65), 17 (71), 9 (89), 5 (98), 18 (78), 54 (67), 50 (81), 13 (66), 29 (94), 48 (43), 42 (86)]";21171
TABÚ;60;2;41654;236.0;250;"Maquina 1: [19 (3), 15 (27), 4 (2), 28 (4), 47 (18), 27 (8), 40 (45), 0 (12), 46 (8), 49 (33), 56 (19), 50 (81), 20 (17), 23 (29), 1 (74), 33 (49), 26 (27), 55 (43), 58 (64), 54 (67), 10 (65), 9 (89), 5 (98), 48 (43), 57 (56), 32 (86), 44 (94), 59 (75), 45 (98), 29 (94)]";20525;"Maquina 2: [2 (6), 43 (16), 24 (5), 30 (3), 3 (66), 35 (10), 41 (23), 36 (39), 22 (42), 25 (12), 53 (33), 52 (23), 21 (27), 12 (79), 7 (51), 38 (44), 11 (38), 31 (91), 6 (27), 34 (76), 39 (73), 37 (49), 14 (74), 16 (87), 8 (67), 13 (66), 17 (71), 51 (68), 18 (78), 42 (86)]";21129
VNS;60;2;43093;15326.0;250;"Maquina 1: [19 (3), 4 (2), 24 (5), 20 (17), 49 (33), 52 (23), 21 (27), 56 (19), 11 (38), 27 (8), 57 (56), 26 (27), 3 (66), 35 (10), 55 (43), 22 (42), 12 (79), 18 (78), 39 (73), 33 (49), 25 (12), 58 (64), 8 (67), 32 (86), 16 (87), 45 (98), 48 (43), 34 (76), 31 (91), 44 (94)]";20530;"Maquina 2: [28 (4), 47 (18), 6 (27), 30 (3), 15 (27), 2 (6), 0 (12), 46 (8), 41 (23), 43 (16), 23 (29), 1 (74), 53 (33), 37 (49), 36 (39), 59 (75), 40 (45), 7 (51), 10 (65), 17 (71), 9 (89), 5 (98), 51 (68), 38 (44), 54 (67), 50 (81), 13 (66), 29 (94), 14 (74), 42 (86)]";22563
Multiarranque;60;2;40466;1424.0;250;"Maquina 1: [48 (43), 0 (12), 10 (65), 30 (3), 47 (18), 25 (12), 15 (27), 55 (43), 19 (3), 56 (19), 36 (39), 38 (44), 11 (38), 41 (23), 37 (49), 6 (27), 17 (71), 9 (89), 58 (64), 8 (67), 13 (66), 5 (98), 12 (79), 18 (78), 33 (49), 14 (74), 45 (98), 29 (94), 44 (94)]";21641;"Maquina 2: [46 (8), 35 (10), 28 (4), 24 (5), 20 (17), 49 (33), 4 (2), 2 (6), 43 (16), 52 (23), 23 (29), 21 (27), 27 (8), 57 (56), 26 (27), 53 (33), 42 (86), 39 (73), 50 (81), 22 (42), 3 (66), 40 (45), 51 (68), 54 (67), 59 (75), 34 (76), 31 (91), 7 (51), 1 (74), 32 (86), 16 (87)]";18825
GREEDY;60;2;51391;0.0;1;"Maquina 1: [51 (11), 9 (51), 18 (43), 13 (7), 52 (22), 6 (35), 41 (42), 26 (44), 11 (50), 33 (2), 21 (29), 58 (48), 2 (52), 47 (52), 17 (61), 53 (45), 39 (62), 32 (40), 14 (70), 10 (65), 8 (90), 3 (83), 19 (56), 46 (78), 44 (90), 55 (83), 56 (75), 42 (74), 12 (92), 37 (98)]";25358;"Maquina 2: [49 (4), 23 (33), 29 (53), 22 (10), 4 (13), 50 (50), 15 (37), 20 (43), 48 (51), 16 (43), 1 (45), 31 (48), 43 (98), 38 (49), 25 (41), 36 (62), 27 (24), 57 (60), 7 (52), 40 (77), 24 (68), 28 (90), 34 (93), 30 (83), 45 (74), 35 (71), 5 (82), 54 (62), 0 (91), 59 (83)]";26033
GRASP;60;2;50332;840.0;250;"Maquina 1: [22 (10), 26 (44), 4 (13), 52 (22), 7 (52), 6 (35), 39 (62), 32 (40), 18 (43), 29 (53), 16 (43), 23 (33), 45 (74), 31 (48), 57 (60), 19 (56), 38 (49), 59 (83), 1 (45), 50 (50), 2 (52), 5 (82), 17 (61), 37 (98), 35 (71), 44 (90), 42 (74), 34 (93), 46 (78), 43 (98)]";25003;"Maquina 2: [49 (4), 51 (11), 27 (24), 11 (50), 33 (2), 21 (29), 20 (43), 48 (51), 15 (37), 10 (65), 58 (48), 28 (90), 25 (41), 41 (42), 13 (7), 36 (62), 9 (51), 53 (45), 54 (62), 47 (52), 8 (90), 55 (83), 56 (75), 14 (70), 24 (68), 0 (91), 3 (83), 12 (92), 30 (83), 40 (77)]";25329
LNS;60;2;51391;146.0;250;"Maquina 1: [51 (11), 9 (51), 18 (43), 13 (7), 52 (22), 6 (35), 41 (42), 26 (44), 11 (50), 33 (2), 21 (29), 58 (48), 2 (52), 47 (52), 17 (61), 53 (45), 39 (62), 32 (40), 14 (70), 10 (65), 8 (90), 3 (83), 19 (56), 46 (78), 44 (90), 55 (83), 56 (75), 42 (74), 12 (92), 37 (98)]";25358;"Maquina 2: [49 (4), 23 (33), 29 (53), 22 (10), 4 (13), 50 (50), 15 (37), 20 (43), 48 (51), 16 (43), 1 (45), 31 (48), 43 (98), 38 (49), 25 (41), 36 (62), 27 (24), 57 (60), 7 (52), 40 (77), 24 (68), 28 (90), 34 (93), 30 (83), 45 (74), 35 (71), 5 (82), 54 (62), 0 (91), 59 (83)]";26033
TABÚ;60;2;51965;239.0;250;"Maquina 1: [53 (45), 51 (11), 9 (51), 27 (24), 11 (50), 13 (7), 4 (13), 52 (22), 6 (35), 39 (62), 41 (42), 32 (40), 56 (75), 23 (33), 54 (62), 14 (70), 1 (45), 44 (90), 42 (74), 2 (52), 58 (48), 45 (74), 3 (83), 12 (92), 35 (71), 8 (90), 19 (56), 46 (78), 59 (83), 37 (98)]";25632;"Maquina 2: [33 (2), 21 (29), 25 (41), 49 (4), 29 (53), 31 (48), 22 (10), 15 (37), 20 (43), 48 (51), 36 (62), 38 (49), 26 (44), 47 (52), 50 (50), 10 (65), 40 (77), 16 (43), 55 (83), 18 (43), 7 (52), 24 (68), 17 (61), 5 (82), 57 (60), 30 (83), 0 (91), 34 (93), 43 (98), 28 (90)]";26333
VNS;60;2;51263;21367.0;250;"Maquina 1: [51 (11), 9 (51), 18 (43), 13 (7), 52 (22), 6 (35), 41 (42), 26 (44), 11 (50), 33 (2), 21 (29), 58 (48), 2 (52), 47 (52), 17 (61), 53 (45), 39 (62), 32 (40), 14 (70), 10 (65), 8 (90), 57 (60), 19 (56), 46 (78), 44 (90), 40 (77), 55 (83), 56 (75), 42 (74), 12 (92), 59 (83)]";27145;"Maquina 2: [49 (4), 23 (33), 29 (53), 22 (10), 4 (13), 50 (50), 15 (37), 20 (43), 48 (51), 16 (43), 1 (45), 31 (48), 43 (98), 38 (49), 25 (41), 36 (62), 27 (24), 3 (83), 7 (52), 24 (68), 28 (90), 34 (93), 30 (83), 45 (74), 35 (71), 5 (82), 54 (62), 0 (91), 37 (98)]";24118
Multiarranque;60;2;49526;1399.0;250;"Maquina 1: [49 (4), 1 (45), 47 (52), 27 (24), 25 (41), 4 (13), 41 (42), 26 (44), 31 (48), 20 (43), 6 (35), 48 (51), 38 (49), 53 (45), 18 (43), 15 (37), 10 (65), 24 (68), 57 (60), 40 (77), 35 (71), 56 (75), 44 (90), 42 (74), 8 (90), 3 (83), 30 (83), 0 (91), 34 (93)]";24288;"Maquina 2: [29 (53), 22 (10), 51 (11), 9 (51), 33 (2), 2 (52), 58 (48), 13 (7), 52 (22), 7 (52), 19 (56), 16 (43), 23 (33), 21 (29), 17 (61), 36 (62), 39 (62), 32 (40), 14 (70), 50 (50), 59 (83), 54 (62), 11 (50), 12 (92), 45 (74), 55 (83), 5 (82), 46 (78), 43 (98), 37 (98), 28 (90)]";25238
