GREEDY;40;2;16721;0.0;1;"Maquina 1: [37 (15), 36 (6), 26 (2), 9 (12), 25 (19), 23 (32), 1 (58), 38 (34), 5 (29), 22 (33), 16 (23), 21 (63), 13 (44), 27 (74), 24 (89), 15 (43), 12 (83), 20 (92), 33 (98), 7 (94)]";8022;"Maquina 2: [28 (25), 11 (7), 35 (6), 2 (34), 4 (19), 32 (21), 18 (30), 17 (13), 10 (36), 34 (32), 19 (43), 3 (61), 8 (51), 31 (86), 14 (79), 39 (91), 29 (66), 6 (94), 0 (97), 30 (99)]";8699
GRASP;40;2;16771;285.0;250;"Maquina 1: [32 (21), 4 (19), 9 (12), 35 (6), 16 (23), 5 (29), 22 (33), 11 (7), 38 (34), 23 (32), 21 (63), 8 (51), 14 (79), 7 (94), 10 (36), 33 (98), 29 (66), 1 (58), 6 (94), 39 (91)]";8236;"Maquina 2: [25 (19), 37 (15), 36 (6), 26 (2), 17 (13), 13 (44), 18 (30), 34 (32), 19 (43), 15 (43), 3 (61), 28 (25), 24 (89), 2 (34), 31 (86), 27 (74), 0 (97), 30 (99), 12 (83), 20 (92)]";8535
LNS;40;2;16687;40.0;250;"Maquina 1: [37 (15), 36 (6), 26 (2), 9 (12), 25 (19), 23 (32), 1 (58), 38 (34), 5 (29), 22 (33), 16 (23), 21 (63), 13 (44), 27 (74), 33 (98), 15 (43), 12 (83), 20 (92), 24 (89), 7 (94)]";7988;"Maquina 2: [28 (25), 11 (7), 35 (6), 2 (34), 4 (19), 32 (21), 18 (30), 17 (13), 10 (36), 34 (32), 19 (43), 3 (61), 8 (51), 31 (86), 14 (79), 39 (91), 29 (66), 6 (94), 0 (97), 30 (99)]";8699
TABÚ;40;2;16873;82.0;250;"Maquina 1: [37 (15), 36 (6), 5 (29), 26 (2), 9 (12), 28 (25), 16 (23), 34 (32), 25 (19), 32 (21), 18 (30), 38 (34), 1 (58), 10 (36), 14 (79), 33 (98), 6 (94), 3 (61), 39 (91), 20 (92), 7 (94)]";8074;"Maquina 2: [4 (19), 35 (6), 17 (13), 13 (44), 22 (33), 11 (7), 2 (34), 19 (43), 15 (43), 23 (32), 21 (63), 8 (51), 31 (86), 29 (66), 27 (74), 24 (89), 12 (83), 0 (97), 30 (99)]";8799
VNS;40;2;16191;5386.0;250;"Maquina 1: [25 (19), 37 (15), 36 (6), 26 (2), 9 (12), 34 (32), 1 (58), 38 (34), 5 (29), 22 (33), 16 (23), 21 (63), 13 (44), 27 (74), 33 (98), 15 (43), 12 (83), 20 (92), 24 (89), 39 (91)]";7883;"Maquina 2: [28 (25), 11 (7), 35 (6), 2 (34), 4 (19), 32 (21), 18 (30), 17 (13), 10 (36), 23 (32), 19 (43), 3 (61), 8 (51), 31 (86), 14 (79), 7 (94), 29 (66), 6 (94), 0 (97), 30 (99)]";8308
Multiarranque;40;2;16140;405.0;250;"Maquina 1: [37 (15), 36 (6), 26 (2), 9 (12), 34 (32), 25 (19), 1 (58), 38 (34), 5 (29), 22 (33), 16 (23), 21 (63), 13 (44), 27 (74), 33 (98), 15 (43), 12 (83), 20 (92), 24 (89), 7 (94)]";7786;"Maquina 2: [28 (25), 11 (7), 35 (6), 2 (34), 4 (19), 32 (21), 18 (30), 17 (13), 10 (36), 23 (32), 19 (43), 3 (61), 8 (51), 31 (86), 14 (79), 39 (91), 29 (66), 6 (94), 0 (97), 30 (99)]";8354
GREEDY;40;2;19956;0.0;1;"Maquina 1: [2 (14), 31 (5), 20 (20), 39 (24), 25 (74), 4 (29), 10 (27), 22 (39), 8 (59), 15 (49), 19 (31), 37 (51), 17 (62), 24 (69), 18 (50), 9 (64), 13 (71), 3 (75), 36 (98), 14 (88)]";9767;"Maquina 2: [7 (17), 0 (10), 38 (16), 16 (29), 6 (28), 35 (25), 5 (61), 33 (46), 27 (50), 29 (38), 34 (63), 11 (53), 12 (50), 32 (65), 1 (74), 26 (77), 30 (74), 23 (70), 28 (99), 21 (95)]";10189
GRASP;40;2;18578;259.0;250;"Maquina 1: [20 (20), 39 (24), 38 (16), 2 (14), 10 (27), 33 (46), 4 (29), 16 (29), 8 (59), 29 (38), 23 (70), 15 (49), 34 (63), 5 (61), 26 (77), 30 (74), 9 (64), 25 (74), 36 (98), 21 (95)]";9040;"Maquina 2: [31 (5), 19 (31), 7 (17), 0 (10), 6 (28), 35 (25), 22 (39), 18 (50), 12 (50), 11 (53), 3 (75), 27 (50), 37 (51), 17 (62), 24 (69), 13 (71), 32 (65), 1 (74), 14 (88), 28 (99)]";9538
LNS;40;2;19792;39.0;250;"Maquina 1: [4 (29), 31 (5), 20 (20), 39 (24), 25 (74), 2 (14), 10 (27), 22 (39), 8 (59), 15 (49), 19 (31), 37 (51), 17 (62), 24 (69), 18 (50), 9 (64), 13 (71), 3 (75), 36 (98), 14 (88)]";9668;"Maquina 2: [7 (17), 0 (10), 38 (16), 16 (29), 6 (28), 35 (25), 5 (61), 33 (46), 27 (50), 29 (38), 1 (74), 11 (53), 12 (50), 32 (65), 26 (77), 34 (63), 30 (74), 23 (70), 28 (99), 21 (95)]";10124
TABÚ;40;2;19241;92.0;250;"Maquina 1: [31 (5), 20 (20), 0 (10), 19 (31), 4 (29), 5 (61), 33 (46), 22 (39), 8 (59), 15 (49), 34 (63), 27 (50), 26 (77), 13 (71), 32 (65), 25 (74), 17 (62), 23 (70), 24 (69), 21 (95)]";9970;"Maquina 2: [38 (16), 2 (14), 16 (29), 7 (17), 29 (38), 35 (25), 10 (27), 39 (24), 6 (28), 18 (50), 12 (50), 9 (64), 11 (53), 1 (74), 37 (51), 3 (75), 30 (74), 36 (98), 14 (88), 28 (99)]";9271
VNS;40;2;19168;3770.0;250;"Maquina 1: [0 (10), 16 (29), 31 (5), 20 (20), 39 (24), 29 (38), 35 (25), 22 (39), 8 (59), 15 (49), 19 (31), 37 (51), 17 (62), 24 (69), 30 (74), 9 (64), 13 (71), 26 (77), 28 (99), 23 (70)]";9418;"Maquina 2: [7 (17), 38 (16), 2 (14), 10 (27), 4 (29), 5 (61), 6 (28), 12 (50), 27 (50), 18 (50), 34 (63), 11 (53), 3 (75), 25 (74), 32 (65), 33 (46), 1 (74), 14 (88), 36 (98), 21 (95)]";9750
Multiarranque;40;2;18612;408.0;250;"Maquina 1: [31 (5), 20 (20), 0 (10), 38 (16), 2 (14), 10 (27), 39 (24), 6 (28), 33 (46), 22 (39), 15 (49), 12 (50), 32 (65), 37 (51), 5 (61), 26 (77), 24 (69), 30 (74), 3 (75), 28 (99), 23 (70)]";8813;"Maquina 2: [29 (38), 35 (25), 8 (59), 7 (17), 4 (29), 16 (29), 19 (31), 18 (50), 9 (64), 11 (53), 34 (63), 27 (50), 13 (71), 17 (62), 36 (98), 1 (74), 14 (88), 25 (74), 21 (95)]";9799
GREEDY;40;2;21937;0.0;1;"Maquina 1: [25 (25), 19 (10), 7 (2), 13 (29), 35 (96), 30 (8), 10 (39), 39 (32), 4 (41), 29 (16), 31 (49), 2 (74), 20 (59), 6 (91), 18 (55), 15 (69), 37 (79), 27 (74), 1 (94), 14 (87)]";11222;"Maquina 2: [22 (8), 32 (18), 26 (45), 12 (27), 16 (19), 28 (16), 33 (91), 23 (39), 34 (33), 17 (10), 11 (74), 3 (31), 0 (79), 5 (88), 9 (54), 36 (94), 38 (69), 21 (56), 8 (85), 24 (63)]";10715
GRASP;40;2;22196;259.0;250;"Maquina 1: [7 (2), 38 (69), 12 (27), 22 (8), 13 (29), 24 (63), 17 (10), 29 (16), 23 (39), 34 (33), 3 (31), 0 (79), 11 (74), 9 (54), 2 (74), 21 (56), 6 (91), 18 (55), 8 (85), 14 (87)]";10761;"Maquina 2: [10 (39), 16 (19), 25 (25), 19 (10), 30 (8), 39 (32), 4 (41), 20 (59), 32 (18), 28 (16), 15 (69), 26 (45), 36 (94), 31 (49), 37 (79), 5 (88), 27 (74), 33 (91), 1 (94), 35 (96)]";11435
LNS;40;2;21937;39.0;250;"Maquina 1: [25 (25), 19 (10), 7 (2), 13 (29), 35 (96), 30 (8), 10 (39), 39 (32), 4 (41), 29 (16), 31 (49), 2 (74), 20 (59), 6 (91), 18 (55), 15 (69), 37 (79), 27 (74), 1 (94), 14 (87)]";11222;"Maquina 2: [22 (8), 32 (18), 26 (45), 12 (27), 16 (19), 28 (16), 33 (91), 23 (39), 34 (33), 17 (10), 11 (74), 3 (31), 0 (79), 5 (88), 9 (54), 36 (94), 38 (69), 21 (56), 8 (85), 24 (63)]";10715
TABÚ;40;2;20967;75.0;250;"Maquina 1: [30 (8), 21 (56), 7 (2), 12 (27), 22 (8), 13 (29), 32 (18), 26 (45), 24 (63), 31 (49), 25 (25), 9 (54), 14 (87), 37 (79), 5 (88), 15 (69), 34 (33), 35 (96), 6 (91), 36 (94)]";10763;"Maquina 2: [39 (32), 4 (41), 29 (16), 17 (10), 18 (55), 19 (10), 10 (39), 16 (19), 28 (16), 33 (91), 23 (39), 3 (31), 0 (79), 38 (69), 2 (74), 20 (59), 1 (94), 8 (85), 27 (74), 11 (74)]";10204
VNS;40;2;21393;5852.0;250;"Maquina 1: [25 (25), 19 (10), 7 (2), 13 (29), 24 (63), 30 (8), 10 (39), 39 (32), 29 (16), 31 (49), 2 (74), 20 (59), 6 (91), 18 (55), 15 (69), 37 (79), 35 (96), 1 (94), 8 (85)]";9887;"Maquina 2: [22 (8), 32 (18), 26 (45), 12 (27), 16 (19), 28 (16), 33 (91), 4 (41), 23 (39), 34 (33), 17 (10), 11 (74), 3 (31), 0 (79), 5 (88), 9 (54), 36 (94), 38 (69), 27 (74), 21 (56), 14 (87)]";11506
Multiarranque;40;2;20548;396.0;250;"Maquina 1: [7 (2), 15 (69), 22 (8), 32 (18), 9 (54), 26 (45), 12 (27), 19 (10), 21 (56), 30 (8), 23 (39), 34 (33), 14 (87), 11 (74), 3 (31), 5 (88), 27 (74), 1 (94), 8 (85), 35 (96)]";10116;"Maquina 2: [10 (39), 16 (19), 28 (16), 31 (49), 29 (16), 17 (10), 18 (55), 4 (41), 20 (59), 25 (25), 39 (32), 13 (29), 24 (63), 2 (74), 0 (79), 37 (79), 33 (91), 38 (69), 6 (91), 36 (94)]";10432
GREEDY;40;2;14179;0.0;1;"Maquina 1: [13 (5), 12 (3), 30 (15), 26 (18), 35 (6), 27 (16), 0 (3), 22 (60), 1 (22), 16 (40), 10 (65), 33 (45), 24 (29), 20 (55), 21 (51), 9 (29), 36 (54), 11 (90), 34 (95), 2 (71)]";6957;"Maquina 2: [37 (4), 7 (5), 25 (10), 39 (27), 38 (16), 8 (3), 19 (14), 6 (31), 23 (29), 29 (19), 3 (52), 18 (61), 14 (55), 5 (49), 31 (69), 28 (55), 4 (42), 17 (90), 15 (81), 32 (99)]";7222
GRASP;40;2;13913;266.0;250;"Maquina 1: [26 (18), 35 (6), 38 (16), 7 (5), 25 (10), 39 (27), 30 (15), 0 (3), 21 (51), 22 (60), 1 (22), 36 (54), 16 (40), 10 (65), 24 (29), 20 (55), 28 (55), 15 (81), 11 (90), 17 (90)]";7108;"Maquina 2: [37 (4), 8 (3), 19 (14), 13 (5), 23 (29), 29 (19), 27 (16), 12 (3), 4 (42), 33 (45), 9 (29), 14 (55), 5 (49), 18 (61), 6 (31), 3 (52), 31 (69), 2 (71), 34 (95), 32 (99)]";6805
LNS;40;2;13896;39.0;250;"Maquina 1: [13 (5), 12 (3), 30 (15), 26 (18), 35 (6), 27 (16), 0 (3), 22 (60), 1 (22), 16 (40), 10 (65), 33 (45), 24 (29), 20 (55), 21 (51), 9 (29), 36 (54), 11 (90), 34 (95), 2 (71)]";6957;"Maquina 2: [37 (4), 7 (5), 25 (10), 39 (27), 19 (14), 8 (3), 38 (16), 6 (31), 23 (29), 29 (19), 3 (52), 18 (61), 14 (55), 5 (49), 31 (69), 28 (55), 4 (42), 17 (90), 15 (81), 32 (99)]";6939
TABÚ;40;2;14228;71.0;250;"Maquina 1: [27 (16), 12 (3), 1 (22), 37 (4), 8 (3), 19 (14), 9 (29), 26 (18), 6 (31), 23 (29), 4 (42), 2 (71), 33 (45), 28 (55), 36 (54), 11 (90), 21 (51), 32 (99), 10 (65), 17 (90)]";7311;"Maquina 2: [35 (6), 38 (16), 7 (5), 25 (10), 0 (3), 13 (5), 29 (19), 22 (60), 30 (15), 39 (27), 16 (40), 3 (52), 31 (69), 24 (29), 20 (55), 18 (61), 14 (55), 5 (49), 15 (81), 34 (95)]";6917
VNS;40;2;13728;6097.0;250;"Maquina 1: [13 (5), 12 (3), 30 (15), 26 (18), 35 (6), 6 (31), 27 (16), 39 (27), 22 (60), 1 (22), 16 (40), 28 (55), 33 (45), 24 (29), 20 (55), 21 (51), 9 (29), 36 (54), 11 (90), 34 (95), 2 (71)]";7664;"Maquina 2: [37 (4), 7 (5), 25 (10), 0 (3), 38 (16), 8 (3), 19 (14), 23 (29), 29 (19), 3 (52), 18 (61), 14 (55), 5 (49), 31 (69), 10 (65), 4 (42), 17 (90), 15 (81), 32 (99)]";6064
Multiarranque;40;2;13420;408.0;250;"Maquina 1: [19 (14), 13 (5), 12 (3), 1 (22), 37 (4), 7 (5), 23 (29), 30 (15), 27 (16), 25 (10), 16 (40), 4 (42), 39 (27), 24 (29), 20 (55), 18 (61), 22 (60), 5 (49), 11 (90), 21 (51), 10 (65), 17 (90)]";7097;"Maquina 2: [26 (18), 35 (6), 8 (3), 0 (3), 38 (16), 6 (31), 9 (29), 29 (19), 14 (55), 36 (54), 33 (45), 28 (55), 3 (52), 31 (69), 2 (71), 34 (95), 15 (81), 32 (99)]";6323
GREEDY;40;2;22661;1.0;1;"Maquina 1: [26 (31), 9 (22), 11 (41), 38 (5), 17 (25), 22 (17), 3 (44), 13 (50), 28 (34), 6 (55), 34 (46), 12 (46), 0 (70), 1 (82), 24 (55), 30 (70), 23 (62), 35 (86), 7 (93), 19 (96)]";11082;"Maquina 2: [5 (33), 21 (48), 29 (25), 25 (17), 37 (13), 15 (47), 18 (18), 4 (23), 32 (34), 8 (51), 33 (59), 2 (68), 36 (43), 10 (76), 31 (94), 27 (70), 20 (44), 16 (82), 39 (90), 14 (98)]";11579
GRASP;40;2;22258;263.0;250;"Maquina 1: [4 (23), 38 (5), 10 (76), 22 (17), 26 (31), 37 (13), 12 (46), 8 (51), 32 (34), 23 (62), 5 (33), 20 (44), 2 (68), 15 (47), 16 (82), 6 (55), 36 (43), 39 (90), 27 (70), 7 (93), 14 (98)]";11707;"Maquina 2: [17 (25), 18 (18), 3 (44), 13 (50), 25 (17), 9 (22), 29 (25), 24 (55), 28 (34), 33 (59), 21 (48), 35 (86), 34 (46), 1 (82), 0 (70), 11 (41), 30 (70), 31 (94), 19 (96)]";10551
LNS;40;2;21419;38.0;250;"Maquina 1: [26 (31), 9 (22), 11 (41), 38 (5), 17 (25), 22 (17), 24 (55), 13 (50), 28 (34), 6 (55), 34 (46), 12 (46), 0 (70), 1 (82), 3 (44), 30 (70), 23 (62), 35 (86), 7 (93), 19 (96)]";10688;"Maquina 2: [5 (33), 21 (48), 29 (25), 25 (17), 37 (13), 15 (47), 4 (23), 18 (18), 27 (70), 8 (51), 33 (59), 2 (68), 36 (43), 10 (76), 31 (94), 32 (34), 20 (44), 16 (82), 39 (90), 14 (98)]";10731
TABÚ;40;2;21690;70.0;250;"Maquina 1: [29 (25), 25 (17), 37 (13), 12 (46), 21 (48), 11 (41), 38 (5), 13 (50), 3 (44), 8 (51), 28 (34), 2 (68), 15 (47), 6 (55), 34 (46), 1 (82), 0 (70), 33 (59), 36 (43), 39 (90), 14 (98)]";11309;"Maquina 2: [17 (25), 18 (18), 24 (55), 30 (70), 27 (70), 22 (17), 26 (31), 9 (22), 23 (62), 32 (34), 7 (93), 5 (33), 20 (44), 16 (82), 4 (23), 35 (86), 10 (76), 31 (94), 19 (96)]";10381
VNS;40;2;21155;3923.0;250;"Maquina 1: [26 (31), 9 (22), 11 (41), 38 (5), 17 (25), 22 (17), 24 (55), 13 (50), 28 (34), 6 (55), 20 (44), 12 (46), 8 (51), 4 (23), 35 (86), 30 (70), 23 (62), 27 (70), 7 (93), 39 (90)]";10176;"Maquina 2: [5 (33), 21 (48), 29 (25), 25 (17), 37 (13), 15 (47), 18 (18), 1 (82), 32 (34), 0 (70), 33 (59), 36 (43), 10 (76), 31 (94), 3 (44), 2 (68), 34 (46), 16 (82), 19 (96), 14 (98)]";10979
Multiarranque;40;2;20842;391.0;250;"Maquina 1: [18 (18), 24 (55), 13 (50), 25 (17), 9 (22), 11 (41), 38 (5), 0 (70), 33 (59), 3 (44), 2 (68), 36 (43), 6 (55), 30 (70), 27 (70), 31 (94), 35 (86), 14 (98), 39 (90)]";10403;"Maquina 2: [4 (23), 22 (17), 26 (31), 28 (34), 37 (13), 17 (25), 29 (25), 5 (33), 21 (48), 12 (46), 8 (51), 20 (44), 34 (46), 1 (82), 32 (34), 23 (62), 15 (47), 10 (76), 7 (93), 16 (82), 19 (96)]";10439
GREEDY;40;2;22507;1.0;1;"Maquina 1: [18 (1), 10 (10), 34 (40), 24 (17), 16 (37), 30 (16), 8 (36), 35 (38), 3 (24), 7 (18), 4 (66), 17 (63), 37 (72), 29 (84), 12 (56), 23 (70), 20 (78), 13 (88), 11 (97), 2 (86)]";11502;"Maquina 2: [38 (23), 9 (9), 15 (13), 6 (16), 32 (17), 14 (64), 33 (31), 0 (59), 26 (36), 21 (17), 31 (39), 22 (34), 25 (67), 28 (76), 1 (86), 19 (45), 39 (93), 36 (83), 27 (70), 5 (87)]";11005
GRASP;40;2;20669;250.0;250;"Maquina 1: [15 (13), 18 (1), 26 (36), 38 (23), 0 (59), 24 (17), 35 (38), 33 (31), 3 (24), 39 (93), 4 (66), 12 (56), 23 (70), 21 (17), 14 (64), 11 (97), 5 (87), 20 (78), 13 (88), 27 (70)]";10663;"Maquina 2: [9 (9), 10 (10), 6 (16), 30 (16), 32 (17), 22 (34), 7 (18), 19 (45), 16 (37), 31 (39), 34 (40), 8 (36), 17 (63), 29 (84), 36 (83), 25 (67), 28 (76), 37 (72), 1 (86), 2 (86)]";10006
LNS;40;2;21847;39.0;250;"Maquina 1: [18 (1), 10 (10), 34 (40), 24 (17), 16 (37), 30 (16), 8 (36), 35 (38), 3 (24), 4 (66), 7 (18), 17 (63), 37 (72), 29 (84), 12 (56), 23 (70), 20 (78), 13 (88), 11 (97), 2 (86)]";11441;"Maquina 2: [31 (39), 9 (9), 15 (13), 6 (16), 32 (17), 14 (64), 33 (31), 0 (59), 36 (83), 21 (17), 38 (23), 22 (34), 25 (67), 28 (76), 1 (86), 19 (45), 26 (36), 39 (93), 27 (70), 5 (87)]";10406
TABÚ;40;2;21121;68.0;250;"Maquina 1: [18 (1), 10 (10), 24 (17), 16 (37), 31 (39), 30 (16), 22 (34), 7 (18), 19 (45), 39 (93), 21 (17), 14 (64), 5 (87), 29 (84), 36 (83), 25 (67), 13 (88), 37 (72), 23 (70)]";9641;"Maquina 2: [38 (23), 9 (9), 15 (13), 6 (16), 32 (17), 33 (31), 3 (24), 26 (36), 4 (66), 35 (38), 11 (97), 2 (86), 8 (36), 17 (63), 34 (40), 12 (56), 0 (59), 20 (78), 28 (76), 27 (70), 1 (86)]";11480
VNS;40;2;20671;4336.0;250;"Maquina 1: [10 (10), 34 (40), 24 (17), 35 (38), 30 (16), 16 (37), 3 (24), 4 (66), 7 (18), 17 (63), 19 (45), 2 (86), 12 (56), 23 (70), 20 (78), 29 (84), 36 (83), 11 (97), 13 (88)]";10131;"Maquina 2: [38 (23), 9 (9), 15 (13), 18 (1), 6 (16), 32 (17), 14 (64), 33 (31), 0 (59), 26 (36), 8 (36), 21 (17), 31 (39), 22 (34), 25 (67), 28 (76), 1 (86), 39 (93), 37 (72), 5 (87), 27 (70)]";10540
Multiarranque;40;2;20008;389.0;250;"Maquina 1: [24 (17), 35 (38), 16 (37), 31 (39), 9 (9), 15 (13), 22 (34), 7 (18), 8 (36), 19 (45), 11 (97), 1 (86), 33 (31), 0 (59), 23 (70), 5 (87), 20 (78), 29 (84), 36 (83), 13 (88)]";10432;"Maquina 2: [21 (17), 10 (10), 34 (40), 18 (1), 6 (16), 30 (16), 32 (17), 3 (24), 26 (36), 4 (66), 17 (63), 38 (23), 14 (64), 28 (76), 12 (56), 27 (70), 2 (86), 39 (93), 37 (72), 25 (67)]";9576
GREEDY;40;2;22377;1.0;1;"Maquina 1: [24 (3), 35 (25), 21 (21), 17 (19), 18 (22), 16 (11), 13 (26), 36 (43), 28 (58), 37 (66), 12 (34), 29 (26), 25 (63), 39 (73), 20 (67), 10 (71), 2 (72), 26 (92), 1 (48)]";10607;"Maquina 2: [3 (5), 0 (27), 22 (26), 5 (22), 7 (24), 30 (27), 32 (11), 8 (50), 34 (89), 38 (31), 14 (71), 6 (20), 19 (37), 27 (59), 9 (80), 4 (56), 11 (44), 31 (64), 33 (69), 15 (94), 23 (72)]";11770
GRASP;40;2;19626;262.0;250;"Maquina 1: [24 (3), 38 (31), 17 (19), 18 (22), 13 (26), 6 (20), 16 (11), 5 (22), 36 (43), 28 (58), 27 (59), 14 (71), 29 (26), 20 (67), 19 (37), 23 (72), 10 (71), 34 (89), 25 (63), 26 (92)]";9728;"Maquina 2: [35 (25), 21 (21), 3 (5), 0 (27), 22 (26), 7 (24), 39 (73), 30 (27), 32 (11), 8 (50), 33 (69), 12 (34), 11 (44), 9 (80), 4 (56), 2 (72), 31 (64), 37 (66), 1 (48), 15 (94)]";9898
LNS;40;2;20670;38.0;250;"Maquina 1: [24 (3), 13 (26), 21 (21), 17 (19), 18 (22), 16 (11), 12 (34), 36 (43), 28 (58), 37 (66), 35 (25), 29 (26), 20 (67), 39 (73), 25 (63), 10 (71), 2 (72), 26 (92), 1 (48)]";9388;"Maquina 2: [3 (5), 0 (27), 22 (26), 5 (22), 7 (24), 30 (27), 32 (11), 8 (50), 34 (89), 27 (59), 14 (71), 6 (20), 38 (31), 19 (37), 9 (80), 4 (56), 11 (44), 31 (64), 33 (69), 15 (94), 23 (72)]";11282
TABÚ;40;2;19689;70.0;250;"Maquina 1: [3 (5), 24 (3), 13 (26), 21 (21), 17 (19), 18 (22), 30 (27), 29 (26), 20 (67), 19 (37), 33 (69), 0 (27), 38 (31), 39 (73), 26 (92), 23 (72), 4 (56), 14 (71), 15 (94), 34 (89), 2 (72)]";11342;"Maquina 2: [32 (11), 8 (50), 22 (26), 5 (22), 16 (11), 31 (64), 6 (20), 12 (34), 35 (25), 36 (43), 11 (44), 9 (80), 28 (58), 37 (66), 7 (24), 1 (48), 27 (59), 25 (63), 10 (71)]";8347
VNS;40;2;20594;4006.0;250;"Maquina 1: [24 (3), 35 (25), 21 (21), 17 (19), 18 (22), 16 (11), 13 (26), 36 (43), 38 (31), 37 (66), 23 (72), 25 (63), 4 (56), 1 (48), 20 (67), 10 (71), 26 (92), 28 (58), 39 (73)]";9967;"Maquina 2: [3 (5), 0 (27), 22 (26), 5 (22), 7 (24), 30 (27), 32 (11), 8 (50), 34 (89), 27 (59), 14 (71), 29 (26), 19 (37), 9 (80), 6 (20), 11 (44), 31 (64), 2 (72), 15 (94), 12 (34), 33 (69)]";10627
Multiarranque;40;2;19660;391.0;250;"Maquina 1: [30 (27), 32 (11), 8 (50), 6 (20), 22 (26), 7 (24), 39 (73), 24 (3), 13 (26), 36 (43), 33 (69), 4 (56), 21 (21), 37 (66), 9 (80), 2 (72), 15 (94), 11 (44), 26 (92)]";9347;"Maquina 2: [3 (5), 16 (11), 12 (34), 35 (25), 5 (22), 0 (27), 38 (31), 17 (19), 18 (22), 27 (59), 14 (71), 29 (26), 20 (67), 19 (37), 25 (63), 34 (89), 28 (58), 23 (72), 10 (71), 1 (48), 31 (64)]";10313
GREEDY;40;2;17120;1.0;1;"Maquina 1: [7 (10), 19 (2), 18 (25), 1 (4), 6 (29), 23 (25), 17 (36), 3 (35), 28 (29), 25 (48), 33 (44), 26 (45), 22 (55), 34 (41), 13 (72), 0 (64), 29 (73), 30 (84), 12 (97), 39 (90)]";8119;"Maquina 2: [8 (3), 15 (4), 21 (28), 14 (46), 10 (25), 35 (9), 31 (35), 16 (44), 27 (28), 4 (30), 38 (67), 24 (41), 37 (44), 5 (54), 36 (72), 11 (58), 32 (85), 2 (80), 20 (92), 9 (98)]";9001
GRASP;40;2;16797;250.0;250;"Maquina 1: [7 (10), 8 (3), 1 (4), 35 (9), 6 (29), 21 (28), 23 (25), 4 (30), 34 (41), 14 (46), 16 (44), 31 (35), 33 (44), 38 (67), 22 (55), 11 (58), 12 (97), 30 (84), 39 (90), 29 (73), 20 (92)]";8873;"Maquina 2: [15 (4), 19 (2), 18 (25), 10 (25), 17 (36), 27 (28), 28 (29), 3 (35), 25 (48), 5 (54), 24 (41), 0 (64), 37 (44), 13 (72), 32 (85), 26 (45), 36 (72), 9 (98), 2 (80)]";7924
LNS;40;2;17119;40.0;250;"Maquina 1: [7 (10), 19 (2), 18 (25), 1 (4), 6 (29), 23 (25), 17 (36), 3 (35), 28 (29), 25 (48), 33 (44), 26 (45), 22 (55), 34 (41), 13 (72), 0 (64), 29 (73), 30 (84), 12 (97), 39 (90)]";8119;"Maquina 2: [8 (3), 15 (4), 21 (28), 14 (46), 10 (25), 35 (9), 31 (35), 16 (44), 27 (28), 38 (67), 4 (30), 24 (41), 37 (44), 5 (54), 36 (72), 11 (58), 32 (85), 2 (80), 20 (92), 9 (98)]";9000
TABÚ;40;2;17078;73.0;250;"Maquina 1: [6 (29), 1 (4), 10 (25), 22 (55), 19 (2), 18 (25), 28 (29), 8 (3), 24 (41), 31 (35), 11 (58), 25 (48), 5 (54), 29 (73), 13 (72), 2 (80), 30 (84), 9 (98), 20 (92), 12 (97)]";8809;"Maquina 2: [7 (10), 15 (4), 35 (9), 21 (28), 23 (25), 17 (36), 27 (28), 33 (44), 4 (30), 34 (41), 14 (46), 16 (44), 3 (35), 0 (64), 37 (44), 26 (45), 36 (72), 38 (67), 39 (90), 32 (85)]";8269
VNS;40;2;16726;5082.0;250;"Maquina 1: [7 (10), 28 (29), 18 (25), 1 (4), 6 (29), 21 (28), 23 (25), 4 (30), 17 (36), 27 (28), 33 (44), 26 (45), 38 (67), 34 (41), 13 (72), 0 (64), 29 (73), 30 (84), 12 (97), 9 (98)]";8137;"Maquina 2: [8 (3), 15 (4), 14 (46), 10 (25), 35 (9), 31 (35), 16 (44), 19 (2), 3 (35), 22 (55), 25 (48), 24 (41), 37 (44), 5 (54), 36 (72), 11 (58), 32 (85), 2 (80), 20 (92), 39 (90)]";8589
Multiarranque;40;2;16558;399.0;250;"Maquina 1: [15 (4), 19 (2), 18 (25), 1 (4), 10 (25), 22 (55), 28 (29), 33 (44), 4 (30), 6 (29), 0 (64), 25 (48), 24 (41), 26 (45), 30 (84), 29 (73), 13 (72), 2 (80), 12 (97), 9 (98)]";8411;"Maquina 2: [7 (10), 8 (3), 27 (28), 31 (35), 35 (9), 21 (28), 23 (25), 17 (36), 3 (35), 37 (44), 5 (54), 16 (44), 34 (41), 14 (46), 11 (58), 36 (72), 38 (67), 39 (90), 20 (92), 32 (85)]";8147
GREEDY;40;2;19956;1.0;1;"Maquina 1: [2 (14), 31 (5), 20 (20), 39 (24), 25 (74), 4 (29), 10 (27), 22 (39), 8 (59), 15 (49), 19 (31), 37 (51), 17 (62), 24 (69), 18 (50), 9 (64), 13 (71), 3 (75), 36 (98), 14 (88)]";9767;"Maquina 2: [7 (17), 0 (10), 38 (16), 16 (29), 6 (28), 35 (25), 5 (61), 33 (46), 27 (50), 29 (38), 34 (63), 11 (53), 12 (50), 32 (65), 1 (74), 26 (77), 30 (74), 23 (70), 28 (99), 21 (95)]";10189
GRASP;40;2;19175;263.0;250;"Maquina 1: [29 (38), 35 (25), 31 (5), 15 (49), 39 (24), 38 (16), 16 (29), 8 (59), 22 (39), 18 (50), 9 (64), 11 (53), 17 (62), 26 (77), 34 (63), 23 (70), 27 (50), 37 (51), 36 (98), 21 (95)]";9977;"Maquina 2: [2 (14), 0 (10), 19 (31), 20 (20), 7 (17), 10 (27), 4 (29), 5 (61), 6 (28), 33 (46), 1 (74), 12 (50), 32 (65), 25 (74), 3 (75), 30 (74), 24 (69), 13 (71), 14 (88), 28 (99)]";9198
LNS;40;2;19792;38.0;250;"Maquina 1: [4 (29), 31 (5), 20 (20), 39 (24), 25 (74), 2 (14), 10 (27), 22 (39), 8 (59), 15 (49), 19 (31), 37 (51), 17 (62), 24 (69), 18 (50), 9 (64), 13 (71), 3 (75), 36 (98), 14 (88)]";9668;"Maquina 2: [7 (17), 0 (10), 38 (16), 16 (29), 6 (28), 35 (25), 5 (61), 33 (46), 27 (50), 29 (38), 1 (74), 11 (53), 12 (50), 32 (65), 26 (77), 34 (63), 30 (74), 23 (70), 28 (99), 21 (95)]";10124
TABÚ;40;2;19185;72.0;250;"Maquina 1: [16 (29), 19 (31), 7 (17), 0 (10), 38 (16), 12 (50), 10 (27), 33 (46), 4 (29), 29 (38), 11 (53), 3 (75), 27 (50), 26 (77), 37 (51), 9 (64), 23 (70), 17 (62), 24 (69), 21 (95), 36 (98)]";10296;"Maquina 2: [35 (25), 20 (20), 39 (24), 6 (28), 2 (14), 31 (5), 8 (59), 22 (39), 15 (49), 18 (50), 34 (63), 30 (74), 5 (61), 32 (65), 1 (74), 14 (88), 25 (74), 13 (71), 28 (99)]";8889
VNS;40;2;19277;3884.0;250;"Maquina 1: [2 (14), 31 (5), 20 (20), 39 (24), 25 (74), 4 (29), 29 (38), 22 (39), 8 (59), 15 (49), 19 (31), 37 (51), 17 (62), 24 (69), 9 (64), 13 (71), 21 (95), 36 (98), 1 (74), 14 (88)]";9763;"Maquina 2: [7 (17), 0 (10), 38 (16), 16 (29), 10 (27), 35 (25), 5 (61), 33 (46), 27 (50), 18 (50), 6 (28), 12 (50), 11 (53), 34 (63), 3 (75), 32 (65), 26 (77), 30 (74), 23 (70), 28 (99)]";9514
Multiarranque;40;2;18527;399.0;250;"Maquina 1: [31 (5), 12 (50), 19 (31), 20 (20), 39 (24), 6 (28), 35 (25), 8 (59), 7 (17), 32 (65), 25 (74), 5 (61), 33 (46), 26 (77), 13 (71), 14 (88), 28 (99), 24 (69), 36 (98)]";8804;"Maquina 2: [2 (14), 10 (27), 4 (29), 38 (16), 16 (29), 0 (10), 27 (50), 29 (38), 22 (39), 18 (50), 9 (64), 11 (53), 17 (62), 15 (49), 34 (63), 37 (51), 3 (75), 30 (74), 23 (70), 21 (95), 1 (74)]";9723
GREEDY;40;2;27223;0.0;1;"Maquina 1: [10 (4), 29 (17), 35 (8), 33 (20), 32 (68), 34 (37), 8 (44), 30 (59), 14 (70), 19 (72), 7 (77), 11 (54), 21 (97), 5 (88), 28 (30), 15 (25), 20 (83), 25 (95), 26 (91), 4 (90)]";13118;"Maquina 2: [0 (38), 38 (12), 39 (30), 6 (75), 1 (30), 17 (5), 9 (81), 2 (49), 22 (20), 31 (71), 13 (35), 16 (61), 23 (55), 36 (83), 27 (61), 3 (90), 37 (99), 12 (90), 18 (97), 24 (92)]";14105
GRASP;40;2;23584;253.0;250;"Maquina 1: [10 (4), 1 (30), 34 (37), 13 (35), 0 (38), 38 (12), 28 (30), 5 (88), 27 (61), 24 (92), 11 (54), 7 (77), 23 (55), 2 (49), 16 (61), 4 (90), 6 (75), 25 (95), 19 (72), 37 (99)]";11837;"Maquina 2: [17 (5), 35 (8), 33 (20), 29 (17), 39 (30), 22 (20), 8 (44), 32 (68), 15 (25), 30 (59), 9 (81), 14 (70), 31 (71), 20 (83), 36 (83), 12 (90), 18 (97), 3 (90), 21 (97), 26 (91)]";11747
LNS;40;2;26877;39.0;250;"Maquina 1: [10 (4), 29 (17), 35 (8), 33 (20), 32 (68), 34 (37), 8 (44), 30 (59), 14 (70), 19 (72), 7 (77), 11 (54), 21 (97), 5 (88), 28 (30), 15 (25), 20 (83), 25 (95), 26 (91), 4 (90)]";13118;"Maquina 2: [0 (38), 38 (12), 39 (30), 6 (75), 1 (30), 17 (5), 18 (97), 2 (49), 22 (20), 31 (71), 13 (35), 16 (61), 23 (55), 36 (83), 27 (61), 3 (90), 37 (99), 12 (90), 9 (81), 24 (92)]";13759
TABÚ;40;2;22682;72.0;250;"Maquina 1: [15 (25), 29 (17), 10 (4), 27 (61), 38 (12), 39 (30), 13 (35), 0 (38), 2 (49), 16 (61), 4 (90), 6 (75), 11 (54), 32 (68), 24 (92), 5 (88), 12 (90), 7 (77), 26 (91)]";10033;"Maquina 2: [17 (5), 35 (8), 33 (20), 22 (20), 23 (55), 28 (30), 1 (30), 34 (37), 8 (44), 30 (59), 9 (81), 14 (70), 19 (72), 31 (71), 20 (83), 25 (95), 36 (83), 37 (99), 18 (97), 3 (90), 21 (97)]";12649
VNS;40;2;24283;4282.0;250;"Maquina 1: [15 (25), 29 (17), 10 (4), 32 (68), 33 (20), 35 (8), 34 (37), 8 (44), 30 (59), 14 (70), 19 (72), 7 (77), 26 (91), 9 (81), 11 (54), 31 (71), 20 (83), 25 (95), 6 (75), 4 (90)]";12114;"Maquina 2: [28 (30), 0 (38), 38 (12), 39 (30), 1 (30), 17 (5), 18 (97), 2 (49), 22 (20), 23 (55), 13 (35), 16 (61), 36 (83), 27 (61), 3 (90), 21 (97), 24 (92), 5 (88), 37 (99), 12 (90)]";12169
Multiarranque;40;2;23157;395.0;250;"Maquina 1: [0 (38), 38 (12), 39 (30), 33 (20), 32 (68), 29 (17), 10 (4), 1 (30), 23 (55), 2 (49), 16 (61), 4 (90), 6 (75), 25 (95), 19 (72), 31 (71), 20 (83), 11 (54), 37 (99), 21 (97)]";11004;"Maquina 2: [17 (5), 35 (8), 14 (70), 15 (25), 22 (20), 13 (35), 34 (37), 8 (44), 30 (59), 26 (91), 9 (81), 28 (30), 5 (88), 27 (61), 24 (92), 12 (90), 3 (90), 7 (77), 36 (83), 18 (97)]";12153
GREEDY;40;2;17957;1.0;1;"Maquina 1: [35 (20), 28 (5), 36 (46), 15 (25), 2 (2), 24 (3), 32 (22), 39 (13), 10 (35), 9 (31), 0 (58), 6 (27), 22 (38), 3 (63), 16 (55), 1 (67), 27 (73), 12 (94), 29 (75), 26 (86)]";8491;"Maquina 2: [38 (3), 4 (6), 21 (40), 25 (14), 23 (3), 30 (25), 34 (49), 19 (29), 14 (19), 31 (31), 7 (58), 18 (35), 11 (80), 13 (48), 17 (91), 8 (63), 33 (56), 20 (84), 37 (69), 5 (97)]";9466
GRASP;40;2;17088;257.0;250;"Maquina 1: [4 (6), 28 (5), 15 (25), 39 (13), 25 (14), 23 (3), 19 (29), 6 (27), 30 (25), 13 (48), 36 (46), 21 (40), 3 (63), 18 (35), 9 (31), 0 (58), 5 (97), 37 (69), 17 (91), 16 (55), 12 (94)]";9007;"Maquina 2: [24 (3), 38 (3), 2 (2), 35 (20), 14 (19), 31 (31), 22 (38), 32 (22), 20 (84), 10 (35), 34 (49), 7 (58), 26 (86), 27 (73), 8 (63), 29 (75), 11 (80), 1 (67), 33 (56)]";8081
LNS;40;2;17878;40.0;250;"Maquina 1: [35 (20), 28 (5), 36 (46), 15 (25), 2 (2), 24 (3), 32 (22), 39 (13), 10 (35), 9 (31), 0 (58), 6 (27), 22 (38), 3 (63), 16 (55), 1 (67), 27 (73), 12 (94), 29 (75), 26 (86)]";8491;"Maquina 2: [19 (29), 4 (6), 21 (40), 25 (14), 23 (3), 30 (25), 34 (49), 38 (3), 14 (19), 31 (31), 7 (58), 18 (35), 11 (80), 13 (48), 17 (91), 8 (63), 33 (56), 20 (84), 37 (69), 5 (97)]";9387
TABÚ;40;2;16892;70.0;250;"Maquina 1: [18 (35), 28 (5), 36 (46), 39 (13), 25 (14), 23 (3), 34 (49), 7 (58), 30 (25), 1 (67), 3 (63), 16 (55), 8 (63), 9 (31), 0 (58), 5 (97), 13 (48), 17 (91), 29 (75)]";8195;"Maquina 2: [4 (6), 24 (3), 38 (3), 2 (2), 35 (20), 14 (19), 31 (31), 32 (22), 15 (25), 11 (80), 6 (27), 22 (38), 27 (73), 10 (35), 33 (56), 20 (84), 37 (69), 21 (40), 19 (29), 26 (86), 12 (94)]";8697
VNS;40;2;16984;6378.0;250;"Maquina 1: [35 (20), 28 (5), 36 (46), 30 (25), 15 (25), 2 (2), 24 (3), 32 (22), 39 (13), 9 (31), 0 (58), 4 (6), 18 (35), 22 (38), 3 (63), 16 (55), 1 (67), 27 (73), 8 (63), 12 (94), 5 (97), 26 (86)]";9543;"Maquina 2: [38 (3), 6 (27), 21 (40), 25 (14), 23 (3), 10 (35), 7 (58), 19 (29), 14 (19), 31 (31), 34 (49), 11 (80), 13 (48), 17 (91), 33 (56), 20 (84), 37 (69), 29 (75)]";7441
Multiarranque;40;2;16500;391.0;250;"Maquina 1: [25 (14), 23 (3), 34 (49), 21 (40), 22 (38), 32 (22), 2 (2), 35 (20), 1 (67), 13 (48), 36 (46), 7 (58), 8 (63), 12 (94), 16 (55), 27 (73), 5 (97), 17 (91)]";7974;"Maquina 2: [24 (3), 38 (3), 6 (27), 19 (29), 4 (6), 31 (31), 28 (5), 30 (25), 15 (25), 39 (13), 10 (35), 18 (35), 9 (31), 0 (58), 14 (19), 20 (84), 37 (69), 3 (63), 26 (86), 29 (75), 33 (56), 11 (80)]";8526
GREEDY;40;2;22994;0.0;1;"Maquina 1: [12 (16), 1 (2), 5 (11), 3 (29), 4 (23), 39 (57), 2 (50), 29 (32), 22 (29), 13 (57), 0 (61), 15 (53), 18 (68), 19 (52), 31 (78), 30 (71), 23 (91), 24 (83), 7 (99), 33 (89), 9 (83)]";12041;"Maquina 2: [21 (18), 34 (34), 25 (2), 26 (32), 27 (15), 28 (25), 38 (50), 6 (81), 36 (68), 10 (53), 8 (44), 16 (68), 35 (53), 32 (57), 37 (84), 14 (77), 17 (83), 11 (91), 20 (92)]";10953
GRASP;40;2;22298;260.0;250;"Maquina 1: [21 (18), 29 (32), 1 (2), 25 (2), 39 (57), 12 (16), 3 (29), 32 (57), 18 (68), 34 (34), 2 (50), 37 (84), 36 (68), 35 (53), 9 (83), 24 (83), 16 (68), 20 (92), 11 (91), 23 (91), 7 (99)]";11771;"Maquina 2: [26 (32), 27 (15), 28 (25), 5 (11), 31 (78), 22 (29), 4 (23), 8 (44), 15 (53), 10 (53), 38 (50), 30 (71), 13 (57), 0 (61), 17 (83), 33 (89), 19 (52), 6 (81), 14 (77)]";10527
LNS;40;2;22914;40.0;250;"Maquina 1: [12 (16), 1 (2), 5 (11), 3 (29), 4 (23), 39 (57), 2 (50), 29 (32), 22 (29), 13 (57), 0 (61), 15 (53), 24 (83), 19 (52), 31 (78), 30 (71), 23 (91), 18 (68), 7 (99), 33 (89), 9 (83)]";12015;"Maquina 2: [21 (18), 34 (34), 25 (2), 26 (32), 27 (15), 28 (25), 38 (50), 6 (81), 36 (68), 10 (53), 8 (44), 16 (68), 32 (57), 35 (53), 37 (84), 11 (91), 17 (83), 14 (77), 20 (92)]";10899
TABÚ;40;2;22620;69.0;250;"Maquina 1: [5 (11), 31 (78), 25 (2), 4 (23), 8 (44), 9 (83), 34 (34), 26 (32), 22 (29), 3 (29), 15 (53), 10 (53), 11 (91), 36 (68), 35 (53), 32 (57), 37 (84), 14 (77), 6 (81), 0 (61)]";11290;"Maquina 2: [1 (2), 27 (15), 28 (25), 38 (50), 17 (83), 12 (16), 39 (57), 21 (18), 13 (57), 19 (52), 20 (92), 18 (68), 29 (32), 2 (50), 30 (71), 24 (83), 16 (68), 7 (99), 23 (91), 33 (89)]";11330
VNS;40;2;21996;5475.0;250;"Maquina 1: [12 (16), 1 (2), 5 (11), 3 (29), 10 (53), 39 (57), 21 (18), 29 (32), 22 (29), 13 (57), 0 (61), 15 (53), 18 (68), 19 (52), 17 (83), 35 (53), 30 (71), 24 (83), 23 (91), 7 (99), 33 (89)]";11391;"Maquina 2: [34 (34), 2 (50), 25 (2), 26 (32), 27 (15), 28 (25), 38 (50), 6 (81), 36 (68), 4 (23), 8 (44), 16 (68), 9 (83), 32 (57), 37 (84), 14 (77), 31 (78), 20 (92), 11 (91)]";10605
Multiarranque;40;2;21712;385.0;250;"Maquina 1: [29 (32), 22 (29), 1 (2), 27 (15), 12 (16), 4 (23), 8 (44), 28 (25), 34 (34), 31 (78), 10 (53), 38 (50), 19 (52), 37 (84), 14 (77), 16 (68), 20 (92), 18 (68), 36 (68), 17 (83), 33 (89)]";11473;"Maquina 2: [25 (2), 35 (53), 5 (11), 3 (29), 32 (57), 9 (83), 21 (18), 26 (32), 39 (57), 0 (61), 15 (53), 24 (83), 30 (71), 13 (57), 6 (81), 2 (50), 11 (91), 23 (91), 7 (99)]";10239
GREEDY;40;2;14873;0.0;1;"Maquina 1: [10 (13), 3 (4), 9 (2), 31 (10), 18 (29), 12 (5), 23 (7), 33 (20), 2 (27), 26 (33), 6 (43), 16 (67), 15 (56), 11 (48), 1 (66), 27 (74), 36 (82), 37 (77), 39 (96), 29 (89)]";7357;"Maquina 2: [8 (8), 30 (2), 38 (18), 17 (6), 4 (23), 7 (4), 13 (52), 19 (9), 35 (31), 20 (20), 22 (98), 25 (56), 0 (34), 34 (67), 21 (76), 28 (46), 14 (67), 32 (80), 24 (90), 5 (85)]";7516
GRASP;40;2;14831;257.0;250;"Maquina 1: [30 (2), 20 (20), 19 (9), 9 (2), 7 (4), 2 (27), 13 (52), 11 (48), 35 (31), 23 (7), 26 (33), 12 (5), 25 (56), 5 (85), 24 (90), 16 (67), 34 (67), 37 (77), 39 (96), 22 (98), 21 (76)]";8086;"Maquina 2: [17 (6), 31 (10), 18 (29), 38 (18), 3 (4), 10 (13), 28 (46), 4 (23), 6 (43), 0 (34), 8 (8), 1 (66), 15 (56), 27 (74), 33 (20), 14 (67), 32 (80), 29 (89), 36 (82)]";6745
LNS;40;2;14721;39.0;250;"Maquina 1: [10 (13), 3 (4), 9 (2), 31 (10), 18 (29), 12 (5), 23 (7), 33 (20), 2 (27), 26 (33), 6 (43), 16 (67), 1 (66), 11 (48), 15 (56), 27 (74), 36 (82), 37 (77), 39 (96), 29 (89)]";7205;"Maquina 2: [8 (8), 30 (2), 38 (18), 17 (6), 4 (23), 7 (4), 13 (52), 19 (9), 35 (31), 20 (20), 22 (98), 25 (56), 0 (34), 34 (67), 21 (76), 28 (46), 14 (67), 32 (80), 24 (90), 5 (85)]";7516
TABÚ;40;2;14398;69.0;250;"Maquina 1: [8 (8), 30 (2), 20 (20), 38 (18), 17 (6), 31 (10), 11 (48), 35 (31), 4 (23), 23 (7), 6 (43), 0 (34), 27 (74), 21 (76), 22 (98), 16 (67), 1 (66), 14 (67), 32 (80), 39 (96)]";7341;"Maquina 2: [12 (5), 10 (13), 3 (4), 7 (4), 26 (33), 33 (20), 19 (9), 9 (2), 2 (27), 28 (46), 13 (52), 18 (29), 34 (67), 15 (56), 25 (56), 29 (89), 24 (90), 5 (85), 36 (82), 37 (77)]";7057
VNS;40;2;14419;4974.0;250;"Maquina 1: [10 (13), 3 (4), 9 (2), 31 (10), 18 (29), 17 (6), 12 (5), 23 (7), 33 (20), 7 (4), 2 (27), 26 (33), 16 (67), 1 (66), 11 (48), 15 (56), 27 (74), 36 (82), 22 (98), 37 (77), 39 (96), 29 (89)]";7959;"Maquina 2: [8 (8), 30 (2), 38 (18), 4 (23), 13 (52), 19 (9), 35 (31), 20 (20), 6 (43), 25 (56), 0 (34), 34 (67), 21 (76), 28 (46), 14 (67), 32 (80), 24 (90), 5 (85)]";6460
Multiarranque;40;2;14085;397.0;250;"Maquina 1: [18 (29), 3 (4), 9 (2), 38 (18), 30 (2), 20 (20), 6 (43), 0 (34), 4 (23), 2 (27), 26 (33), 16 (67), 15 (56), 28 (46), 13 (52), 25 (56), 29 (89), 24 (90), 39 (96), 34 (67)]";7423;"Maquina 2: [17 (6), 12 (5), 23 (7), 8 (8), 31 (10), 7 (4), 10 (13), 33 (20), 19 (9), 35 (31), 1 (66), 11 (48), 21 (76), 5 (85), 27 (74), 37 (77), 14 (67), 32 (80), 36 (82), 22 (98)]";6662
GREEDY;40;2;22319;0.0;1;"Maquina 1: [22 (5), 26 (3), 33 (54), 25 (12), 39 (10), 2 (37), 31 (24), 10 (23), 28 (40), 13 (41), 18 (43), 24 (89), 5 (71), 36 (80), 0 (85), 12 (75), 15 (91), 35 (58), 23 (68), 3 (99)]";11149;"Maquina 2: [6 (7), 8 (5), 4 (32), 9 (17), 30 (49), 20 (12), 21 (23), 37 (40), 7 (34), 1 (58), 17 (42), 32 (98), 29 (70), 27 (99), 19 (76), 34 (63), 38 (79), 16 (71), 14 (84), 11 (90)]";11170
GRASP;40;2;22657;249.0;250;"Maquina 1: [31 (24), 22 (5), 26 (3), 8 (5), 20 (12), 10 (23), 7 (34), 1 (58), 37 (40), 35 (58), 18 (43), 24 (89), 5 (71), 23 (68), 12 (75), 38 (79), 16 (71), 14 (84), 30 (49), 3 (99), 36 (80)]";12029;"Maquina 2: [4 (32), 25 (12), 6 (7), 27 (99), 2 (37), 21 (23), 39 (10), 13 (41), 33 (54), 19 (76), 17 (42), 28 (40), 29 (70), 32 (98), 9 (17), 15 (91), 34 (63), 0 (85), 11 (90)]";10628
LNS;40;2;22319;39.0;250;"Maquina 1: [22 (5), 26 (3), 33 (54), 25 (12), 39 (10), 2 (37), 31 (24), 10 (23), 28 (40), 13 (41), 18 (43), 24 (89), 5 (71), 36 (80), 0 (85), 12 (75), 15 (91), 35 (58), 23 (68), 3 (99)]";11149;"Maquina 2: [6 (7), 8 (5), 4 (32), 9 (17), 30 (49), 20 (12), 21 (23), 37 (40), 7 (34), 1 (58), 17 (42), 32 (98), 29 (70), 27 (99), 19 (76), 34 (63), 38 (79), 16 (71), 14 (84), 11 (90)]";11170
TABÚ;40;2;22961;68.0;250;"Maquina 1: [25 (12), 22 (5), 26 (3), 31 (24), 29 (70), 8 (5), 13 (41), 18 (43), 28 (40), 2 (37), 33 (54), 11 (90), 0 (85), 17 (42), 36 (80), 14 (84), 19 (76), 34 (63), 38 (79), 32 (98), 15 (91)]";12619;"Maquina 2: [6 (7), 20 (12), 21 (23), 9 (17), 35 (58), 37 (40), 10 (23), 7 (34), 12 (75), 39 (10), 3 (99), 4 (32), 16 (71), 1 (58), 24 (89), 5 (71), 23 (68), 30 (49), 27 (99)]";10342
VNS;40;2;21576;6648.0;250;"Maquina 1: [22 (5), 26 (3), 33 (54), 39 (10), 2 (37), 31 (24), 10 (23), 28 (40), 13 (41), 18 (43), 24 (89), 5 (71), 36 (80), 0 (85), 12 (75), 15 (91), 35 (58), 11 (90), 3 (99)]";10279;"Maquina 2: [25 (12), 6 (7), 8 (5), 4 (32), 9 (17), 30 (49), 20 (12), 21 (23), 37 (40), 7 (34), 1 (58), 17 (42), 32 (98), 29 (70), 23 (68), 19 (76), 34 (63), 38 (79), 16 (71), 14 (84), 27 (99)]";11297
Multiarranque;40;2;21121;383.0;250;"Maquina 1: [30 (49), 20 (12), 10 (23), 28 (40), 21 (23), 25 (12), 23 (68), 3 (99), 4 (32), 13 (41), 12 (75), 19 (76), 34 (63), 0 (85), 2 (37), 16 (71), 5 (71), 11 (90), 32 (98)]";10989;"Maquina 2: [22 (5), 6 (7), 18 (43), 31 (24), 8 (5), 26 (3), 33 (54), 7 (34), 39 (10), 37 (40), 35 (58), 1 (58), 17 (42), 36 (80), 29 (70), 9 (17), 15 (91), 38 (79), 24 (89), 14 (84), 27 (99)]";10132
GREEDY;40;2;20515;0.0;1;"Maquina 1: [25 (28), 28 (2), 9 (1), 2 (7), 27 (32), 26 (46), 4 (34), 38 (59), 24 (11), 22 (59), 0 (61), 37 (34), 19 (23), 30 (85), 10 (38), 6 (71), 15 (63), 5 (91), 33 (74), 13 (98), 39 (79)]";10447;"Maquina 2: [18 (37), 20 (28), 23 (2), 3 (20), 11 (33), 36 (59), 14 (81), 31 (4), 34 (42), 29 (53), 21 (34), 17 (30), 35 (79), 8 (68), 12 (63), 7 (60), 32 (88), 16 (73), 1 (98)]";10068
GRASP;40;2;21186;251.0;250;"Maquina 1: [23 (2), 3 (20), 2 (7), 31 (4), 25 (28), 27 (32), 26 (46), 39 (79), 37 (34), 17 (30), 33 (74), 30 (85), 10 (38), 7 (60), 38 (59), 13 (98), 8 (68), 14 (81), 29 (53), 1 (98)]";10351;"Maquina 2: [9 (1), 28 (2), 11 (33), 18 (37), 19 (23), 24 (11), 22 (59), 6 (71), 21 (34), 20 (28), 4 (34), 16 (73), 32 (88), 34 (42), 0 (61), 15 (63), 12 (63), 5 (91), 35 (79), 36 (59)]";10835
LNS;40;2;20470;41.0;250;"Maquina 1: [25 (28), 28 (2), 9 (1), 2 (7), 27 (32), 26 (46), 4 (34), 38 (59), 24 (11), 22 (59), 0 (61), 37 (34), 19 (23), 30 (85), 10 (38), 6 (71), 15 (63), 5 (91), 33 (74), 13 (98), 39 (79)]";10447;"Maquina 2: [18 (37), 20 (28), 23 (2), 3 (20), 11 (33), 36 (59), 14 (81), 31 (4), 34 (42), 29 (53), 21 (34), 17 (30), 35 (79), 8 (68), 7 (60), 12 (63), 16 (73), 32 (88), 1 (98)]";10023
TABÚ;40;2;20018;70.0;250;"Maquina 1: [18 (37), 28 (2), 31 (4), 20 (28), 4 (34), 23 (2), 25 (28), 11 (33), 14 (81), 22 (59), 27 (32), 7 (60), 38 (59), 34 (42), 33 (74), 6 (71), 36 (59), 8 (68), 13 (98), 30 (85)]";10009;"Maquina 2: [9 (1), 2 (7), 24 (11), 3 (20), 19 (23), 21 (34), 37 (34), 17 (30), 26 (46), 15 (63), 12 (63), 29 (53), 10 (38), 16 (73), 0 (61), 35 (79), 39 (79), 1 (98), 32 (88), 5 (91)]";10009
VNS;40;2;20031;7336.0;250;"Maquina 1: [25 (28), 28 (2), 9 (1), 2 (7), 27 (32), 26 (46), 4 (34), 38 (59), 24 (11), 22 (59), 0 (61), 19 (23), 30 (85), 10 (38), 6 (71), 8 (68), 12 (63), 5 (91), 33 (74), 21 (34)]";9108;"Maquina 2: [7 (60), 18 (37), 20 (28), 23 (2), 3 (20), 11 (33), 36 (59), 14 (81), 31 (4), 34 (42), 29 (53), 37 (34), 17 (30), 35 (79), 39 (79), 15 (63), 32 (88), 16 (73), 1 (98), 13 (98)]";10923
Multiarranque;40;2;19180;393.0;250;"Maquina 1: [31 (4), 20 (28), 23 (2), 3 (20), 19 (23), 21 (34), 39 (79), 37 (34), 17 (30), 33 (74), 22 (59), 38 (59), 34 (42), 0 (61), 13 (98), 8 (68), 18 (37), 30 (85), 32 (88)]";9117;"Maquina 2: [28 (2), 9 (1), 2 (7), 4 (34), 24 (11), 16 (73), 10 (38), 25 (28), 11 (33), 36 (59), 27 (32), 26 (46), 15 (63), 7 (60), 12 (63), 29 (53), 6 (71), 1 (98), 35 (79), 5 (91), 14 (81)]";10063
GREEDY;40;2;21444;1.0;1;"Maquina 1: [28 (19), 0 (3), 9 (60), 6 (10), 3 (6), 30 (91), 32 (28), 18 (21), 8 (40), 12 (48), 22 (46), 5 (61), 11 (78), 21 (68), 14 (79), 33 (80), 39 (82), 7 (86), 38 (89)]";10384;"Maquina 2: [26 (15), 35 (5), 20 (7), 1 (50), 4 (6), 27 (31), 31 (26), 19 (82), 15 (20), 10 (17), 24 (41), 2 (76), 36 (61), 13 (78), 29 (46), 23 (60), 25 (80), 37 (87), 34 (93), 17 (83), 16 (91)]";11060
GRASP;40;2;20208;257.0;250;"Maquina 1: [26 (15), 35 (5), 20 (7), 4 (6), 32 (28), 31 (26), 9 (60), 15 (20), 24 (41), 8 (40), 1 (50), 29 (46), 36 (61), 13 (78), 25 (80), 6 (10), 38 (89), 39 (82), 7 (86), 30 (91), 19 (82)]";10169;"Maquina 2: [28 (19), 0 (3), 2 (76), 3 (6), 10 (17), 27 (31), 17 (83), 12 (48), 18 (21), 23 (60), 5 (61), 11 (78), 22 (46), 21 (68), 14 (79), 33 (80), 16 (91), 37 (87), 34 (93)]";10039
LNS;40;2;21444;39.0;250;"Maquina 1: [28 (19), 0 (3), 9 (60), 6 (10), 3 (6), 30 (91), 32 (28), 18 (21), 8 (40), 12 (48), 22 (46), 5 (61), 11 (78), 21 (68), 14 (79), 33 (80), 39 (82), 7 (86), 38 (89)]";10384;"Maquina 2: [26 (15), 35 (5), 20 (7), 1 (50), 4 (6), 27 (31), 31 (26), 19 (82), 15 (20), 10 (17), 24 (41), 2 (76), 36 (61), 13 (78), 29 (46), 23 (60), 25 (80), 37 (87), 34 (93), 17 (83), 16 (91)]";11060
TABÚ;40;2;20549;71.0;250;"Maquina 1: [3 (6), 10 (17), 27 (31), 18 (21), 6 (10), 26 (15), 24 (41), 31 (26), 25 (80), 8 (40), 19 (82), 23 (60), 7 (86), 29 (46), 36 (61), 17 (83), 16 (91), 34 (93), 38 (89), 37 (87)]";10706;"Maquina 2: [35 (5), 20 (7), 1 (50), 4 (6), 32 (28), 0 (3), 9 (60), 12 (48), 22 (46), 28 (19), 15 (20), 21 (68), 14 (79), 30 (91), 5 (61), 2 (76), 33 (80), 13 (78), 11 (78), 39 (82)]";9843
VNS;40;2;20613;6303.0;250;"Maquina 1: [0 (3), 9 (60), 6 (10), 30 (91), 32 (28), 18 (21), 25 (80), 8 (40), 2 (76), 5 (61), 11 (78), 21 (68), 14 (79), 16 (91), 37 (87), 33 (80), 39 (82)]";9238;"Maquina 2: [28 (19), 3 (6), 26 (15), 35 (5), 20 (7), 1 (50), 4 (6), 27 (31), 31 (26), 19 (82), 15 (20), 10 (17), 24 (41), 12 (48), 22 (46), 36 (61), 13 (78), 29 (46), 23 (60), 7 (86), 34 (93), 17 (83), 38 (89)]";11375
Multiarranque;40;2;20030;386.0;250;"Maquina 1: [31 (26), 28 (19), 3 (6), 6 (10), 15 (20), 10 (17), 27 (31), 18 (21), 29 (46), 23 (60), 13 (78), 32 (28), 1 (50), 5 (61), 16 (91), 25 (80), 37 (87), 19 (82), 17 (83), 34 (93)]";10083;"Maquina 2: [0 (3), 20 (7), 26 (15), 24 (41), 4 (6), 21 (68), 35 (5), 14 (79), 9 (60), 12 (48), 22 (46), 8 (40), 2 (76), 36 (61), 38 (89), 39 (82), 7 (86), 11 (78), 33 (80), 30 (91)]";9947
