GREEDY;40;4;7675;5.0;1;"Maquina 1: [7 (5), 27 (16), 0 (3), 23 (29), 21 (51), 26 (18), 16 (40), 10 (65), 20 (55), 11 (90)]";1715;"Maquina 2: [8 (3), 19 (14), 1 (22), 13 (5), 24 (29), 22 (60), 36 (54), 33 (45), 2 (71), 34 (95)]";1917;"Maquina 3: [35 (6), 12 (3), 30 (15), 3 (52), 9 (29), 29 (19), 17 (90), 28 (55), 4 (42), 31 (69)]";1839;"Maquina 4: [25 (10), 37 (4), 38 (16), 6 (31), 5 (49), 39 (27), 14 (55), 15 (81), 18 (61), 32 (99)]";2204
GRASP;40;4;7224;628.0;250;"Maquina 1: [7 (5), 27 (16), 0 (3), 38 (16), 1 (22), 39 (27), 16 (40), 18 (61), 6 (31), 15 (81), 11 (90)]";1770;"Maquina 2: [19 (14), 13 (5), 23 (29), 9 (29), 25 (10), 4 (42), 37 (4), 36 (54), 21 (51), 32 (99)]";1649;"Maquina 3: [35 (6), 8 (3), 2 (71), 28 (55), 33 (45), 24 (29), 10 (65), 22 (60), 17 (90)]";1874;"Maquina 4: [26 (18), 12 (3), 30 (15), 3 (52), 29 (19), 14 (55), 5 (49), 31 (69), 20 (55), 34 (95)]";1931
LNS;40;4;7675;31.0;250;"Maquina 1: [7 (5), 27 (16), 0 (3), 23 (29), 21 (51), 26 (18), 16 (40), 10 (65), 20 (55), 11 (90)]";1715;"Maquina 2: [8 (3), 19 (14), 1 (22), 13 (5), 24 (29), 22 (60), 36 (54), 33 (45), 2 (71), 34 (95)]";1917;"Maquina 3: [35 (6), 12 (3), 30 (15), 3 (52), 9 (29), 29 (19), 17 (90), 28 (55), 4 (42), 31 (69)]";1839;"Maquina 4: [25 (10), 37 (4), 38 (16), 6 (31), 5 (49), 39 (27), 14 (55), 15 (81), 18 (61), 32 (99)]";2204
TABÚ;40;4;7026;186.0;250;"Maquina 1: [23 (29), 12 (3), 27 (16), 39 (27), 29 (19), 33 (45), 9 (29), 5 (49), 31 (69), 34 (95)]";1747;"Maquina 2: [8 (3), 0 (3), 19 (14), 13 (5), 24 (29), 10 (65), 14 (55), 6 (31), 15 (81), 2 (71)]";1563;"Maquina 3: [37 (4), 7 (5), 25 (10), 16 (40), 28 (55), 18 (61), 4 (42), 20 (55), 22 (60), 17 (90)]";1890;"Maquina 4: [26 (18), 35 (6), 38 (16), 1 (22), 3 (52), 30 (15), 36 (54), 21 (51), 32 (99), 11 (90)]";1826
VNS;40;4;7082;7562.0;250;"Maquina 1: [7 (5), 27 (16), 0 (3), 23 (29), 21 (51), 26 (18), 4 (42), 20 (55), 10 (65), 2 (71), 34 (95)]";2162;"Maquina 2: [8 (3), 19 (14), 1 (22), 37 (4), 24 (29), 22 (60), 28 (55), 33 (45), 17 (90), 18 (61)]";1755;"Maquina 3: [35 (6), 12 (3), 30 (15), 36 (54), 9 (29), 29 (19), 3 (52), 31 (69), 11 (90)]";1321;"Maquina 4: [38 (16), 13 (5), 25 (10), 16 (40), 6 (31), 5 (49), 39 (27), 14 (55), 15 (81), 32 (99)]";1844
Multiarranque;40;4;7286;534.0;250;"Maquina 1: [24 (29), 35 (6), 1 (22), 37 (4), 7 (5), 18 (61), 21 (51), 3 (52), 11 (90), 15 (81)]";1816;"Maquina 2: [8 (3), 38 (16), 6 (31), 23 (29), 30 (15), 16 (40), 28 (55), 5 (49), 22 (60), 34 (95)]";1901;"Maquina 3: [25 (10), 39 (27), 9 (29), 29 (19), 14 (55), 36 (54), 10 (65), 17 (90), 32 (99)]";1894;"Maquina 4: [19 (14), 13 (5), 12 (3), 27 (16), 0 (3), 2 (71), 26 (18), 4 (42), 33 (45), 20 (55), 31 (69)]";1675
GREEDY;40;4;9548;1.0;1;"Maquina 1: [19 (2), 4 (30), 35 (9), 6 (29), 5 (54), 24 (41), 37 (44), 2 (80), 38 (67), 20 (92)]";2350;"Maquina 2: [7 (10), 8 (3), 28 (29), 23 (25), 17 (36), 33 (44), 25 (48), 29 (73), 0 (64), 32 (85), 9 (98)]";2649;"Maquina 3: [1 (4), 10 (25), 16 (44), 3 (35), 21 (28), 11 (58), 26 (45), 36 (72), 39 (90)]";2040;"Maquina 4: [15 (4), 34 (41), 27 (28), 18 (25), 14 (46), 13 (72), 31 (35), 22 (55), 12 (97), 30 (84)]";2509
GRASP;40;4;8727;445.0;250;"Maquina 1: [35 (9), 31 (35), 16 (44), 27 (28), 18 (25), 28 (29), 23 (25), 11 (58), 32 (85), 12 (97)]";2058;"Maquina 2: [7 (10), 8 (3), 1 (4), 6 (29), 3 (35), 24 (41), 26 (45), 38 (67), 0 (64), 30 (84), 9 (98)]";2313;"Maquina 3: [4 (30), 19 (2), 33 (44), 22 (55), 25 (48), 37 (44), 5 (54), 29 (73), 20 (92)]";1982;"Maquina 4: [15 (4), 21 (28), 10 (25), 17 (36), 36 (72), 34 (41), 14 (46), 13 (72), 2 (80), 39 (90)]";2374
LNS;40;4;9548;21.0;250;"Maquina 1: [19 (2), 4 (30), 35 (9), 6 (29), 5 (54), 24 (41), 37 (44), 2 (80), 38 (67), 20 (92)]";2350;"Maquina 2: [7 (10), 8 (3), 28 (29), 23 (25), 17 (36), 33 (44), 25 (48), 29 (73), 0 (64), 32 (85), 9 (98)]";2649;"Maquina 3: [1 (4), 10 (25), 16 (44), 3 (35), 21 (28), 11 (58), 26 (45), 36 (72), 39 (90)]";2040;"Maquina 4: [15 (4), 34 (41), 27 (28), 18 (25), 14 (46), 13 (72), 31 (35), 22 (55), 12 (97), 30 (84)]";2509
TABÚ;40;4;8755;180.0;250;"Maquina 1: [1 (4), 10 (25), 7 (10), 3 (35), 24 (41), 26 (45), 5 (54), 36 (72), 11 (58), 12 (97)]";2154;"Maquina 2: [19 (2), 18 (25), 8 (3), 34 (41), 14 (46), 28 (29), 0 (64), 29 (73), 20 (92), 39 (90)]";2049;"Maquina 3: [35 (9), 6 (29), 23 (25), 4 (30), 17 (36), 37 (44), 13 (72), 38 (67), 22 (55), 9 (98)]";2184;"Maquina 4: [15 (4), 21 (28), 25 (48), 27 (28), 31 (35), 33 (44), 16 (44), 32 (85), 2 (80), 30 (84)]";2368
VNS;40;4;8797;5419.0;250;"Maquina 1: [15 (4), 19 (2), 33 (44), 4 (30), 13 (72), 5 (54), 24 (41), 37 (44), 2 (80), 30 (84)]";2200;"Maquina 2: [7 (10), 8 (3), 27 (28), 28 (29), 23 (25), 17 (36), 3 (35), 25 (48), 39 (90), 32 (85), 20 (92)]";2244;"Maquina 3: [1 (4), 10 (25), 16 (44), 21 (28), 6 (29), 11 (58), 26 (45), 36 (72), 0 (64), 29 (73)]";2186;"Maquina 4: [18 (25), 34 (41), 14 (46), 35 (9), 31 (35), 38 (67), 22 (55), 12 (97), 9 (98)]";2167
Multiarranque;40;4;8948;484.0;250;"Maquina 1: [28 (29), 8 (3), 24 (41), 3 (35), 37 (44), 0 (64), 5 (54), 11 (58), 12 (97)]";2027;"Maquina 2: [21 (28), 4 (30), 23 (25), 31 (35), 25 (48), 13 (72), 2 (80), 38 (67), 9 (98)]";2261;"Maquina 3: [15 (4), 7 (10), 27 (28), 18 (25), 34 (41), 14 (46), 10 (25), 16 (44), 30 (84), 39 (90), 20 (92)]";2384;"Maquina 4: [35 (9), 6 (29), 19 (2), 1 (4), 17 (36), 33 (44), 22 (55), 26 (45), 36 (72), 29 (73), 32 (85)]";2276
GREEDY;40;4;12835;0.0;1;"Maquina 1: [28 (34), 18 (18), 8 (51), 23 (62), 34 (46), 38 (5), 36 (43), 30 (70), 35 (86), 19 (96)]";3221;"Maquina 2: [37 (13), 26 (31), 9 (22), 7 (93), 32 (34), 20 (44), 21 (48), 1 (82), 0 (70), 24 (55)]";2976;"Maquina 3: [4 (23), 22 (17), 33 (59), 29 (25), 27 (70), 11 (41), 13 (50), 16 (82), 12 (46), 31 (94)]";3182;"Maquina 4: [17 (25), 25 (17), 3 (44), 6 (55), 15 (47), 10 (76), 5 (33), 39 (90), 14 (98), 2 (68)]";3456
GRASP;40;4;11152;398.0;250;"Maquina 1: [25 (17), 37 (13), 15 (47), 23 (62), 5 (33), 38 (5), 10 (76), 36 (43), 16 (82), 39 (90)]";2515;"Maquina 2: [26 (31), 28 (34), 32 (34), 0 (70), 33 (59), 1 (82), 3 (44), 8 (51), 14 (98), 31 (94)]";3247;"Maquina 3: [4 (23), 18 (18), 6 (55), 9 (22), 34 (46), 12 (46), 24 (55), 13 (50), 35 (86), 7 (93)]";2559;"Maquina 4: [17 (25), 11 (41), 20 (44), 22 (17), 21 (48), 29 (25), 2 (68), 30 (70), 27 (70), 19 (96)]";2831
LNS;40;4;12752;21.0;250;"Maquina 1: [28 (34), 18 (18), 8 (51), 23 (62), 34 (46), 36 (43), 38 (5), 30 (70), 35 (86), 19 (96)]";3200;"Maquina 2: [37 (13), 26 (31), 9 (22), 7 (93), 32 (34), 0 (70), 21 (48), 1 (82), 20 (44), 24 (55)]";2914;"Maquina 3: [4 (23), 22 (17), 33 (59), 29 (25), 27 (70), 11 (41), 13 (50), 16 (82), 12 (46), 31 (94)]";3182;"Maquina 4: [17 (25), 25 (17), 3 (44), 6 (55), 15 (47), 10 (76), 5 (33), 39 (90), 14 (98), 2 (68)]";3456
TABÚ;40;4;11367;134.0;250;"Maquina 1: [37 (13), 8 (51), 9 (22), 13 (50), 28 (34), 2 (68), 34 (46), 16 (82), 39 (90), 19 (96)]";2987;"Maquina 2: [5 (33), 29 (25), 24 (55), 38 (5), 25 (17), 36 (43), 18 (18), 27 (70), 7 (93), 14 (98)]";2545;"Maquina 3: [17 (25), 11 (41), 26 (31), 1 (82), 32 (34), 0 (70), 21 (48), 15 (47), 35 (86), 10 (76)]";3007;"Maquina 4: [4 (23), 22 (17), 3 (44), 33 (59), 6 (55), 20 (44), 12 (46), 30 (70), 31 (94), 23 (62)]";2828
VNS;40;4;11395;5538.0;250;"Maquina 1: [28 (34), 18 (18), 37 (13), 23 (62), 5 (33), 38 (5), 30 (70), 3 (44), 35 (86), 7 (93), 10 (76)]";3161;"Maquina 2: [26 (31), 9 (22), 32 (34), 0 (70), 21 (48), 15 (47), 16 (82), 12 (46), 19 (96)]";2478;"Maquina 3: [4 (23), 22 (17), 33 (59), 29 (25), 24 (55), 27 (70), 8 (51), 11 (41), 13 (50), 14 (98), 39 (90)]";3414;"Maquina 4: [17 (25), 25 (17), 36 (43), 6 (55), 20 (44), 2 (68), 34 (46), 1 (82), 31 (94)]";2342
Multiarranque;40;4;11342;407.0;250;"Maquina 1: [25 (17), 37 (13), 26 (31), 12 (46), 21 (48), 11 (41), 23 (62), 15 (47), 31 (94), 19 (96), 39 (90)]";3409;"Maquina 2: [5 (33), 29 (25), 24 (55), 38 (5), 0 (70), 9 (22), 34 (46), 1 (82), 32 (34), 35 (86)]";2558;"Maquina 3: [4 (23), 17 (25), 22 (17), 33 (59), 13 (50), 20 (44), 16 (82), 30 (70), 27 (70), 10 (76)]";2822;"Maquina 4: [8 (51), 28 (34), 18 (18), 3 (44), 2 (68), 36 (43), 6 (55), 7 (93), 14 (98)]";2553
GREEDY;40;4;10904;0.0;1;"Maquina 1: [31 (31), 28 (5), 30 (25), 14 (19), 2 (2), 33 (56), 21 (40), 7 (58), 29 (75), 12 (94)]";2775;"Maquina 2: [4 (6), 16 (55), 6 (27), 23 (3), 10 (35), 35 (20), 36 (46), 8 (63), 27 (73), 26 (86)]";2567;"Maquina 3: [15 (25), 39 (13), 22 (38), 19 (29), 11 (80), 13 (48), 24 (3), 1 (67), 0 (58), 17 (91)]";2555;"Maquina 4: [34 (49), 38 (3), 9 (31), 32 (22), 3 (63), 25 (14), 37 (69), 5 (97), 18 (35), 20 (84)]";3007
GRASP;40;4;8863;351.0;250;"Maquina 1: [2 (2), 19 (29), 4 (6), 36 (46), 30 (25), 34 (49), 33 (56), 37 (69), 10 (35), 17 (91)]";2088;"Maquina 2: [25 (14), 23 (3), 11 (80), 24 (3), 16 (55), 1 (67), 35 (20), 29 (75), 27 (73), 5 (97)]";2549;"Maquina 3: [38 (3), 22 (38), 18 (35), 21 (40), 3 (63), 6 (27), 14 (19), 8 (63), 12 (94)]";1798;"Maquina 4: [28 (5), 15 (25), 39 (13), 31 (31), 13 (48), 32 (22), 20 (84), 9 (31), 0 (58), 7 (58), 26 (86)]";2428
LNS;40;4;10663;18.0;250;"Maquina 1: [31 (31), 28 (5), 30 (25), 21 (40), 2 (2), 33 (56), 7 (58), 14 (19), 29 (75), 12 (94)]";2549;"Maquina 2: [4 (6), 16 (55), 6 (27), 23 (3), 10 (35), 8 (63), 36 (46), 35 (20), 27 (73), 26 (86)]";2552;"Maquina 3: [15 (25), 39 (13), 22 (38), 19 (29), 11 (80), 13 (48), 24 (3), 1 (67), 0 (58), 17 (91)]";2555;"Maquina 4: [34 (49), 38 (3), 9 (31), 32 (22), 3 (63), 25 (14), 37 (69), 5 (97), 18 (35), 20 (84)]";3007
TABÚ;40;4;8802;94.0;250;"Maquina 1: [25 (14), 23 (3), 10 (35), 18 (35), 13 (48), 9 (31), 0 (58), 5 (97), 37 (69), 17 (91)]";2309;"Maquina 2: [2 (2), 33 (56), 30 (25), 15 (25), 21 (40), 1 (67), 35 (20), 11 (80), 29 (75)]";2068;"Maquina 3: [28 (5), 36 (46), 14 (19), 31 (31), 32 (22), 20 (84), 24 (3), 8 (63), 12 (94), 34 (49)]";2113;"Maquina 4: [39 (13), 38 (3), 6 (27), 22 (38), 19 (29), 4 (6), 3 (63), 16 (55), 27 (73), 7 (58), 26 (86)]";2312
VNS;40;4;9022;3742.0;250;"Maquina 1: [35 (20), 28 (5), 30 (25), 15 (25), 2 (2), 36 (46), 21 (40), 25 (14), 8 (63), 33 (56), 20 (84), 17 (91)]";2676;"Maquina 2: [4 (6), 16 (55), 6 (27), 23 (3), 10 (35), 18 (35), 22 (38), 13 (48), 27 (73), 29 (75)]";2234;"Maquina 3: [14 (19), 39 (13), 7 (58), 19 (29), 11 (80), 26 (86), 31 (31), 5 (97)]";1744;"Maquina 4: [34 (49), 38 (3), 9 (31), 0 (58), 24 (3), 32 (22), 3 (63), 37 (69), 1 (67), 12 (94)]";2368
Multiarranque;40;4;9342;404.0;250;"Maquina 1: [23 (3), 28 (5), 30 (25), 13 (48), 32 (22), 2 (2), 37 (69), 9 (31), 31 (31), 11 (80), 8 (63)]";2318;"Maquina 2: [38 (3), 21 (40), 22 (38), 18 (35), 29 (75), 0 (58), 20 (84), 3 (63), 26 (86)]";2445;"Maquina 3: [39 (13), 25 (14), 4 (6), 24 (3), 33 (56), 34 (49), 36 (46), 15 (25), 10 (35), 12 (94), 5 (97)]";2519;"Maquina 4: [6 (27), 19 (29), 14 (19), 35 (20), 1 (67), 27 (73), 7 (58), 16 (55), 17 (91)]";2060
GREEDY;40;4;10541;0.0;1;"Maquina 1: [31 (5), 19 (31), 7 (17), 10 (27), 15 (49), 37 (51), 17 (62), 24 (69), 14 (88), 25 (74)]";2389;"Maquina 2: [20 (20), 0 (10), 6 (28), 11 (53), 12 (50), 29 (38), 34 (63), 30 (74), 23 (70), 21 (95)]";2630;"Maquina 3: [4 (29), 2 (14), 18 (50), 39 (24), 22 (39), 9 (64), 8 (59), 26 (77), 13 (71), 36 (98)]";2769;"Maquina 4: [35 (25), 5 (61), 38 (16), 16 (29), 27 (50), 32 (65), 33 (46), 1 (74), 3 (75), 28 (99)]";2753
GRASP;40;4;9598;344.0;250;"Maquina 1: [2 (14), 10 (27), 15 (49), 6 (28), 18 (50), 34 (63), 27 (50), 30 (74), 24 (69), 21 (95)]";2417;"Maquina 2: [7 (17), 0 (10), 16 (29), 19 (31), 37 (51), 5 (61), 26 (77), 13 (71), 32 (65), 1 (74)]";2386;"Maquina 3: [31 (5), 20 (20), 33 (46), 4 (29), 29 (38), 35 (25), 22 (39), 8 (59), 14 (88), 23 (70), 28 (99)]";2501;"Maquina 4: [39 (24), 38 (16), 25 (74), 12 (50), 9 (64), 11 (53), 3 (75), 17 (62), 36 (98)]";2294
LNS;40;4;10541;18.0;250;"Maquina 1: [31 (5), 19 (31), 7 (17), 10 (27), 15 (49), 37 (51), 17 (62), 24 (69), 14 (88), 25 (74)]";2389;"Maquina 2: [20 (20), 0 (10), 6 (28), 11 (53), 12 (50), 29 (38), 34 (63), 30 (74), 23 (70), 21 (95)]";2630;"Maquina 3: [4 (29), 2 (14), 18 (50), 39 (24), 22 (39), 9 (64), 8 (59), 26 (77), 13 (71), 36 (98)]";2769;"Maquina 4: [35 (25), 5 (61), 38 (16), 16 (29), 27 (50), 32 (65), 33 (46), 1 (74), 3 (75), 28 (99)]";2753
TABÚ;40;4;10052;95.0;250;"Maquina 1: [10 (27), 15 (49), 0 (10), 35 (25), 5 (61), 32 (65), 25 (74), 34 (63), 37 (51), 14 (88)]";2678;"Maquina 2: [39 (24), 6 (28), 33 (46), 9 (64), 13 (71), 12 (50), 11 (53), 3 (75), 28 (99)]";2314;"Maquina 3: [22 (39), 7 (17), 4 (29), 2 (14), 31 (5), 17 (62), 19 (31), 24 (69), 30 (74), 36 (98), 21 (95)]";2652;"Maquina 4: [20 (20), 38 (16), 16 (29), 27 (50), 18 (50), 29 (38), 8 (59), 26 (77), 1 (74), 23 (70)]";2408
VNS;40;4;10080;6915.0;250;"Maquina 1: [31 (5), 7 (17), 10 (27), 15 (49), 39 (24), 37 (51), 17 (62), 24 (69), 12 (50), 9 (64), 26 (77)]";2782;"Maquina 2: [20 (20), 0 (10), 6 (28), 11 (53), 3 (75), 25 (74), 34 (63), 30 (74), 36 (98)]";2126;"Maquina 3: [19 (31), 4 (29), 2 (14), 18 (50), 29 (38), 22 (39), 8 (59), 33 (46), 13 (71), 23 (70), 21 (95)]";2931;"Maquina 4: [35 (25), 5 (61), 38 (16), 16 (29), 27 (50), 32 (65), 1 (74), 14 (88), 28 (99)]";2241
Multiarranque;40;4;10203;405.0;250;"Maquina 1: [31 (5), 19 (31), 7 (17), 10 (27), 15 (49), 37 (51), 17 (62), 24 (69), 14 (88), 25 (74)]";2389;"Maquina 2: [20 (20), 39 (24), 0 (10), 6 (28), 12 (50), 11 (53), 34 (63), 30 (74), 23 (70), 21 (95)]";2423;"Maquina 3: [4 (29), 2 (14), 18 (50), 29 (38), 22 (39), 9 (64), 8 (59), 26 (77), 13 (71), 36 (98)]";2638;"Maquina 4: [35 (25), 5 (61), 38 (16), 16 (29), 27 (50), 32 (65), 33 (46), 1 (74), 3 (75), 28 (99)]";2753
GREEDY;40;4;9049;0.0;1;"Maquina 1: [26 (2), 9 (12), 34 (32), 25 (19), 28 (25), 8 (51), 31 (86), 10 (36), 29 (66), 6 (94), 30 (99)]";2515;"Maquina 2: [35 (6), 17 (13), 32 (21), 38 (34), 23 (32), 21 (63), 13 (44), 20 (92), 33 (98), 12 (83)]";2313;"Maquina 3: [37 (15), 36 (6), 16 (23), 22 (33), 18 (30), 19 (43), 3 (61), 14 (79), 7 (94), 24 (89)]";2054;"Maquina 4: [11 (7), 2 (34), 4 (19), 5 (29), 15 (43), 1 (58), 27 (74), 0 (97), 39 (91)]";2167
GRASP;40;4;8789;345.0;250;"Maquina 1: [26 (2), 38 (34), 36 (6), 34 (32), 27 (74), 22 (33), 15 (43), 29 (66), 6 (94), 31 (86)]";2196;"Maquina 2: [10 (36), 25 (19), 37 (15), 1 (58), 18 (30), 19 (43), 14 (79), 7 (94), 12 (83), 33 (98)]";2481;"Maquina 3: [35 (6), 2 (34), 17 (13), 13 (44), 11 (7), 23 (32), 0 (97), 16 (23), 20 (92), 30 (99)]";2165;"Maquina 4: [4 (19), 9 (12), 28 (25), 32 (21), 5 (29), 21 (63), 8 (51), 3 (61), 39 (91), 24 (89)]";1947
LNS;40;4;9029;17.0;250;"Maquina 1: [26 (2), 9 (12), 34 (32), 25 (19), 28 (25), 8 (51), 31 (86), 10 (36), 29 (66), 6 (94), 30 (99)]";2515;"Maquina 2: [35 (6), 17 (13), 32 (21), 38 (34), 23 (32), 21 (63), 13 (44), 20 (92), 33 (98), 12 (83)]";2313;"Maquina 3: [37 (15), 36 (6), 16 (23), 22 (33), 18 (30), 19 (43), 3 (61), 14 (79), 7 (94), 24 (89)]";2054;"Maquina 4: [1 (58), 2 (34), 4 (19), 5 (29), 15 (43), 11 (7), 27 (74), 0 (97), 39 (91)]";2147
TABÚ;40;4;9066;96.0;250;"Maquina 1: [37 (15), 36 (6), 11 (7), 24 (89), 2 (34), 18 (30), 14 (79), 23 (32), 30 (99), 7 (94)]";2323;"Maquina 2: [35 (6), 16 (23), 5 (29), 22 (33), 19 (43), 26 (2), 21 (63), 6 (94), 31 (86), 20 (92)]";2107;"Maquina 3: [34 (32), 25 (19), 28 (25), 32 (21), 13 (44), 10 (36), 8 (51), 3 (61), 12 (83), 33 (98)]";2193;"Maquina 4: [4 (19), 9 (12), 1 (58), 38 (34), 17 (13), 15 (43), 29 (66), 0 (97), 39 (91), 27 (74)]";2443
VNS;40;4;8607;7605.0;250;"Maquina 1: [26 (2), 9 (12), 34 (32), 25 (19), 28 (25), 8 (51), 31 (86), 27 (74), 6 (94), 33 (98)]";1951;"Maquina 2: [35 (6), 17 (13), 32 (21), 18 (30), 38 (34), 23 (32), 21 (63), 13 (44), 20 (92), 0 (97), 30 (99)]";2561;"Maquina 3: [37 (15), 36 (6), 16 (23), 22 (33), 19 (43), 3 (61), 14 (79), 7 (94), 12 (83)]";1719;"Maquina 4: [11 (7), 2 (34), 4 (19), 10 (36), 5 (29), 15 (43), 29 (66), 1 (58), 24 (89), 39 (91)]";2376
Multiarranque;40;4;8810;402.0;250;"Maquina 1: [26 (2), 9 (12), 34 (32), 25 (19), 28 (25), 8 (51), 31 (86), 10 (36), 1 (58), 6 (94), 30 (99)]";2469;"Maquina 2: [35 (6), 17 (13), 32 (21), 38 (34), 23 (32), 21 (63), 13 (44), 20 (92), 33 (98), 12 (83)]";2313;"Maquina 3: [37 (15), 36 (6), 16 (23), 22 (33), 18 (30), 19 (43), 3 (61), 14 (79), 7 (94), 24 (89)]";2054;"Maquina 4: [11 (7), 2 (34), 4 (19), 5 (29), 15 (43), 29 (66), 27 (74), 0 (97), 39 (91)]";1974
GREEDY;40;4;8373;1.0;1;"Maquina 1: [10 (13), 12 (5), 9 (2), 0 (34), 4 (23), 13 (52), 27 (74), 22 (98), 1 (66), 5 (85)]";2381;"Maquina 2: [30 (2), 20 (20), 17 (6), 31 (10), 18 (29), 16 (67), 15 (56), 6 (43), 29 (89), 37 (77)]";1790;"Maquina 3: [3 (4), 23 (7), 33 (20), 19 (9), 35 (31), 32 (80), 25 (56), 28 (46), 34 (67), 24 (90)]";1996;"Maquina 4: [7 (4), 2 (27), 38 (18), 8 (8), 14 (67), 11 (48), 21 (76), 26 (33), 36 (82), 39 (96)]";2206
GRASP;40;4;7498;341.0;250;"Maquina 1: [19 (9), 9 (2), 7 (4), 26 (33), 33 (20), 15 (56), 25 (56), 39 (96), 34 (67), 22 (98)]";1822;"Maquina 2: [23 (7), 10 (13), 3 (4), 20 (20), 6 (43), 0 (34), 27 (74), 36 (82), 16 (67), 24 (90)]";1912;"Maquina 3: [8 (8), 30 (2), 38 (18), 17 (6), 14 (67), 2 (27), 13 (52), 11 (48), 5 (85), 37 (77)]";1679;"Maquina 4: [12 (5), 28 (46), 31 (10), 18 (29), 21 (76), 4 (23), 35 (31), 1 (66), 32 (80), 29 (89)]";2085
LNS;40;4;8284;17.0;250;"Maquina 1: [10 (13), 12 (5), 9 (2), 0 (34), 27 (74), 13 (52), 4 (23), 22 (98), 1 (66), 5 (85)]";2361;"Maquina 2: [30 (2), 20 (20), 17 (6), 31 (10), 18 (29), 16 (67), 15 (56), 6 (43), 29 (89), 37 (77)]";1790;"Maquina 3: [3 (4), 23 (7), 33 (20), 19 (9), 35 (31), 34 (67), 28 (46), 25 (56), 32 (80), 24 (90)]";1927;"Maquina 4: [7 (4), 2 (27), 38 (18), 8 (8), 14 (67), 11 (48), 21 (76), 26 (33), 36 (82), 39 (96)]";2206
TABÚ;40;4;7911;95.0;250;"Maquina 1: [8 (8), 19 (9), 12 (5), 18 (29), 0 (34), 4 (23), 37 (77), 14 (67), 32 (80), 24 (90)]";2117;"Maquina 2: [30 (2), 33 (20), 7 (4), 23 (7), 26 (33), 6 (43), 16 (67), 15 (56), 39 (96), 25 (56), 29 (89)]";2172;"Maquina 3: [9 (2), 38 (18), 3 (4), 20 (20), 11 (48), 2 (27), 13 (52), 27 (74), 36 (82), 5 (85)]";1772;"Maquina 4: [17 (6), 31 (10), 35 (31), 1 (66), 10 (13), 28 (46), 34 (67), 21 (76), 22 (98)]";1850
VNS;40;4;7550;5072.0;250;"Maquina 1: [10 (13), 28 (46), 27 (74), 13 (52), 4 (23), 22 (98), 29 (89), 24 (90)]";1875;"Maquina 2: [30 (2), 20 (20), 2 (27), 17 (6), 31 (10), 18 (29), 8 (8), 14 (67), 32 (80), 6 (43), 34 (67), 5 (85)]";2278;"Maquina 3: [12 (5), 23 (7), 33 (20), 19 (9), 35 (31), 1 (66), 0 (34), 37 (77), 15 (56), 39 (96)]";1782;"Maquina 4: [7 (4), 3 (4), 9 (2), 38 (18), 25 (56), 11 (48), 21 (76), 26 (33), 16 (67), 36 (82)]";1615
Multiarranque;40;4;7716;407.0;250;"Maquina 1: [10 (13), 3 (4), 23 (7), 26 (33), 19 (9), 1 (66), 11 (48), 15 (56), 28 (46), 36 (82)]";1774;"Maquina 2: [8 (8), 30 (2), 33 (20), 20 (20), 2 (27), 21 (76), 22 (98), 5 (85), 24 (90)]";1555;"Maquina 3: [9 (2), 17 (6), 31 (10), 7 (4), 25 (56), 0 (34), 13 (52), 4 (23), 6 (43), 27 (74), 37 (77), 39 (96)]";2266;"Maquina 4: [12 (5), 18 (29), 38 (18), 14 (67), 35 (31), 34 (67), 16 (67), 32 (80), 29 (89)]";2121
GREEDY;40;4;12039;0.0;1;"Maquina 1: [18 (1), 6 (16), 32 (17), 22 (34), 35 (38), 25 (67), 38 (23), 0 (59), 39 (93), 28 (76), 1 (86)]";3078;"Maquina 2: [34 (40), 9 (9), 3 (24), 26 (36), 17 (63), 30 (16), 20 (78), 13 (88), 23 (70)]";2779;"Maquina 3: [8 (36), 21 (17), 10 (10), 31 (39), 7 (18), 4 (66), 29 (84), 19 (45), 37 (72), 2 (86), 11 (97)]";3403;"Maquina 4: [33 (31), 24 (17), 16 (37), 12 (56), 27 (70), 15 (13), 14 (64), 5 (87), 36 (83)]";2779
GRASP;40;4;11227;343.0;250;"Maquina 1: [38 (23), 9 (9), 15 (13), 6 (16), 17 (63), 39 (93), 4 (66), 7 (18), 2 (86), 1 (86)]";2319;"Maquina 2: [21 (17), 35 (38), 25 (67), 13 (88), 18 (1), 16 (37), 0 (59), 31 (39), 27 (70)]";2383;"Maquina 3: [8 (36), 33 (31), 10 (10), 37 (72), 32 (17), 20 (78), 19 (45), 26 (36), 12 (56), 23 (70), 5 (87)]";3189;"Maquina 4: [3 (24), 24 (17), 30 (16), 34 (40), 22 (34), 29 (84), 36 (83), 14 (64), 11 (97), 28 (76)]";3336
LNS;40;4;12039;17.0;250;"Maquina 1: [18 (1), 6 (16), 32 (17), 22 (34), 35 (38), 25 (67), 38 (23), 0 (59), 39 (93), 28 (76), 1 (86)]";3078;"Maquina 2: [34 (40), 9 (9), 3 (24), 26 (36), 17 (63), 30 (16), 20 (78), 13 (88), 23 (70)]";2779;"Maquina 3: [8 (36), 21 (17), 10 (10), 31 (39), 7 (18), 4 (66), 29 (84), 19 (45), 37 (72), 2 (86), 11 (97)]";3403;"Maquina 4: [33 (31), 24 (17), 16 (37), 12 (56), 27 (70), 15 (13), 14 (64), 5 (87), 36 (83)]";2779
TABÚ;40;4;10857;92.0;250;"Maquina 1: [6 (16), 24 (17), 16 (37), 31 (39), 17 (63), 34 (40), 5 (87), 20 (78), 29 (84), 28 (76)]";2734;"Maquina 2: [30 (16), 8 (36), 15 (13), 22 (34), 25 (67), 13 (88), 27 (70), 33 (31), 14 (64), 11 (97)]";2898;"Maquina 3: [18 (1), 9 (9), 38 (23), 7 (18), 32 (17), 23 (70), 0 (59), 39 (93), 12 (56), 36 (83)]";2836;"Maquina 4: [21 (17), 10 (10), 26 (36), 35 (38), 19 (45), 3 (24), 1 (86), 37 (72), 4 (66), 2 (86)]";2389
VNS;40;4;10881;6214.0;250;"Maquina 1: [15 (13), 18 (1), 6 (16), 30 (16), 32 (17), 22 (34), 25 (67), 38 (23), 0 (59), 39 (93), 4 (66), 28 (76)]";2618;"Maquina 2: [34 (40), 9 (9), 33 (31), 3 (24), 26 (36), 17 (63), 29 (84), 20 (78), 35 (38), 11 (97)]";3094;"Maquina 3: [8 (36), 21 (17), 10 (10), 31 (39), 7 (18), 19 (45), 37 (72), 2 (86), 1 (86), 13 (88)]";2738;"Maquina 4: [24 (17), 16 (37), 12 (56), 27 (70), 36 (83), 14 (64), 5 (87), 23 (70)]";2431
Multiarranque;40;4;11041;410.0;250;"Maquina 1: [15 (13), 18 (1), 26 (36), 4 (66), 14 (64), 33 (31), 28 (76), 34 (40), 23 (70)]";2226;"Maquina 2: [21 (17), 24 (17), 16 (37), 31 (39), 17 (63), 25 (67), 13 (88), 36 (83), 11 (97), 20 (78)]";3224;"Maquina 3: [30 (16), 32 (17), 22 (34), 7 (18), 35 (38), 3 (24), 1 (86), 37 (72), 0 (59), 29 (84)]";2678;"Maquina 4: [9 (9), 10 (10), 38 (23), 6 (16), 12 (56), 27 (70), 2 (86), 8 (36), 19 (45), 39 (93), 5 (87)]";2913
GREEDY;40;4;13604;1.0;1;"Maquina 1: [19 (10), 7 (2), 18 (55), 4 (41), 16 (19), 39 (32), 15 (69), 1 (94), 14 (87), 27 (74)]";3376;"Maquina 2: [3 (31), 25 (25), 22 (8), 28 (16), 23 (39), 8 (85), 9 (54), 11 (74), 24 (63), 35 (96), 6 (91)]";3701;"Maquina 3: [29 (16), 13 (29), 30 (8), 34 (33), 20 (59), 26 (45), 37 (79), 33 (91), 38 (69)]";2959;"Maquina 4: [17 (10), 32 (18), 12 (27), 31 (49), 2 (74), 0 (79), 10 (39), 21 (56), 36 (94), 5 (88)]";3568
GRASP;40;4;11328;354.0;250;"Maquina 1: [7 (2), 34 (33), 3 (31), 29 (16), 26 (45), 15 (69), 37 (79), 5 (88), 9 (54), 21 (56)]";2914;"Maquina 2: [32 (18), 30 (8), 23 (39), 28 (16), 31 (49), 2 (74), 0 (79), 24 (63), 35 (96), 8 (85)]";2774;"Maquina 3: [17 (10), 25 (25), 19 (10), 12 (27), 14 (87), 18 (55), 27 (74), 33 (91), 1 (94)]";2325;"Maquina 4: [16 (19), 22 (8), 13 (29), 10 (39), 39 (32), 4 (41), 20 (59), 6 (91), 11 (74), 36 (94), 38 (69)]";3315
LNS;40;4;13056;17.0;250;"Maquina 1: [19 (10), 7 (2), 18 (55), 4 (41), 16 (19), 39 (32), 15 (69), 1 (94), 14 (87), 27 (74)]";3376;"Maquina 2: [3 (31), 25 (25), 22 (8), 28 (16), 23 (39), 8 (85), 9 (54), 11 (74), 24 (63), 35 (96), 6 (91)]";3701;"Maquina 3: [29 (16), 13 (29), 20 (59), 34 (33), 30 (8), 26 (45), 37 (79), 33 (91), 38 (69)]";2412;"Maquina 4: [21 (56), 32 (18), 12 (27), 31 (49), 2 (74), 0 (79), 10 (39), 17 (10), 36 (94), 5 (88)]";3567
TABÚ;40;4;10858;94.0;250;"Maquina 1: [7 (2), 38 (69), 12 (27), 22 (8), 13 (29), 11 (74), 9 (54), 14 (87), 2 (74), 35 (96)]";2652;"Maquina 2: [30 (8), 23 (39), 28 (16), 31 (49), 3 (31), 20 (59), 34 (33), 5 (88), 27 (74), 33 (91)]";2504;"Maquina 3: [21 (56), 32 (18), 29 (16), 26 (45), 17 (10), 18 (55), 15 (69), 0 (79), 6 (91), 36 (94)]";2846;"Maquina 4: [16 (19), 25 (25), 19 (10), 10 (39), 39 (32), 4 (41), 24 (63), 37 (79), 1 (94), 8 (85)]";2856
VNS;40;4;11587;3892.0;250;"Maquina 1: [19 (10), 7 (2), 27 (74), 4 (41), 10 (39), 16 (19), 39 (32), 1 (94), 38 (69), 18 (55)]";2899;"Maquina 2: [3 (31), 17 (10), 25 (25), 22 (8), 28 (16), 8 (85), 9 (54), 11 (74), 20 (59), 33 (91)]";2523;"Maquina 3: [13 (29), 24 (63), 34 (33), 30 (8), 5 (88), 15 (69), 26 (45), 14 (87), 21 (56), 35 (96)]";3339;"Maquina 4: [32 (18), 29 (16), 12 (27), 23 (39), 31 (49), 2 (74), 0 (79), 37 (79), 6 (91), 36 (94)]";2826
Multiarranque;40;4;11594;412.0;250;"Maquina 1: [10 (39), 25 (25), 22 (8), 32 (18), 24 (63), 2 (74), 31 (49), 37 (79), 35 (96), 8 (85)]";3181;"Maquina 2: [19 (10), 21 (56), 7 (2), 13 (29), 20 (59), 3 (31), 27 (74), 26 (45), 36 (94), 38 (69)]";2445;"Maquina 3: [16 (19), 39 (32), 4 (41), 17 (10), 18 (55), 15 (69), 33 (91), 5 (88), 9 (54)]";2644;"Maquina 4: [29 (16), 12 (27), 30 (8), 23 (39), 28 (16), 1 (94), 34 (33), 14 (87), 0 (79), 6 (91), 11 (74)]";3324
GREEDY;40;4;12217;1.0;1;"Maquina 1: [24 (3), 35 (25), 18 (22), 17 (19), 36 (43), 8 (50), 34 (89), 30 (27), 20 (67), 14 (71)]";3002;"Maquina 2: [3 (5), 2 (72), 22 (26), 1 (48), 27 (59), 6 (20), 25 (63), 38 (31), 9 (80)]";2773;"Maquina 3: [21 (21), 13 (26), 39 (73), 16 (11), 19 (37), 37 (66), 10 (71), 26 (92), 4 (56), 29 (26)]";3260;"Maquina 4: [5 (22), 7 (24), 0 (27), 32 (11), 15 (94), 12 (34), 11 (44), 31 (64), 33 (69), 28 (58), 23 (72)]";3182
GRASP;40;4;10923;354.0;250;"Maquina 1: [18 (22), 22 (26), 24 (3), 13 (26), 6 (20), 19 (37), 37 (66), 31 (64), 17 (19), 28 (58), 23 (72)]";2734;"Maquina 2: [21 (21), 5 (22), 32 (11), 25 (63), 10 (71), 26 (92), 38 (31), 9 (80), 39 (73)]";2772;"Maquina 3: [3 (5), 0 (27), 30 (27), 35 (25), 36 (43), 11 (44), 8 (50), 29 (26), 20 (67), 14 (71), 15 (94)]";2823;"Maquina 4: [7 (24), 1 (48), 27 (59), 16 (11), 12 (34), 33 (69), 4 (56), 2 (72), 34 (89)]";2594
LNS;40;4;12210;18.0;250;"Maquina 1: [24 (3), 35 (25), 18 (22), 17 (19), 36 (43), 8 (50), 34 (89), 30 (27), 20 (67), 14 (71)]";3002;"Maquina 2: [3 (5), 2 (72), 22 (26), 1 (48), 27 (59), 25 (63), 6 (20), 38 (31), 9 (80)]";2766;"Maquina 3: [21 (21), 13 (26), 39 (73), 16 (11), 19 (37), 37 (66), 10 (71), 26 (92), 4 (56), 29 (26)]";3260;"Maquina 4: [5 (22), 7 (24), 0 (27), 32 (11), 15 (94), 12 (34), 11 (44), 31 (64), 33 (69), 28 (58), 23 (72)]";3182
TABÚ;40;4;11234;94.0;250;"Maquina 1: [3 (5), 24 (3), 13 (26), 11 (44), 8 (50), 35 (25), 20 (67), 4 (56), 34 (89), 25 (63)]";2549;"Maquina 2: [5 (22), 6 (20), 16 (11), 0 (27), 10 (71), 26 (92), 38 (31), 29 (26), 31 (64), 2 (72)]";2820;"Maquina 3: [17 (19), 18 (22), 22 (26), 1 (48), 15 (94), 12 (34), 36 (43), 27 (59), 14 (71), 23 (72)]";2747;"Maquina 4: [28 (58), 21 (21), 19 (37), 37 (66), 7 (24), 39 (73), 30 (27), 32 (11), 33 (69), 9 (80)]";3118
VNS;40;4;10925;5586.0;250;"Maquina 1: [24 (3), 18 (22), 17 (19), 27 (59), 14 (71), 29 (26), 20 (67), 4 (56), 8 (50)]";2000;"Maquina 2: [30 (27), 3 (5), 2 (72), 22 (26), 1 (48), 36 (43), 34 (89), 25 (63), 38 (31), 9 (80)]";2931;"Maquina 3: [21 (21), 13 (26), 39 (73), 16 (11), 19 (37), 37 (66), 10 (71), 26 (92), 6 (20)]";2468;"Maquina 4: [35 (25), 5 (22), 7 (24), 0 (27), 32 (11), 15 (94), 12 (34), 11 (44), 31 (64), 33 (69), 28 (58), 23 (72)]";3526
Multiarranque;40;4;11079;402.0;250;"Maquina 1: [16 (11), 12 (34), 36 (43), 28 (58), 27 (59), 14 (71), 1 (48), 10 (71), 29 (26), 5 (22)]";2950;"Maquina 2: [24 (3), 32 (11), 8 (50), 35 (25), 21 (21), 13 (26), 11 (44), 26 (92), 33 (69), 25 (63)]";2481;"Maquina 3: [7 (24), 30 (27), 3 (5), 0 (27), 38 (31), 17 (19), 37 (66), 23 (72), 31 (64), 9 (80), 39 (73)]";3043;"Maquina 4: [18 (22), 6 (20), 22 (26), 20 (67), 4 (56), 2 (72), 15 (94), 34 (89), 19 (37)]";2605
GREEDY;40;4;14097;1.0;1;"Maquina 1: [10 (4), 29 (17), 14 (70), 8 (44), 30 (59), 28 (30), 7 (77), 26 (91), 5 (88), 21 (97)]";3716;"Maquina 2: [17 (5), 9 (81), 2 (49), 22 (20), 13 (35), 16 (61), 3 (90), 31 (71), 37 (99), 24 (92)]";3841;"Maquina 3: [35 (8), 1 (30), 36 (83), 33 (20), 34 (37), 19 (72), 18 (97), 11 (54), 12 (90), 27 (61)]";3382;"Maquina 4: [23 (55), 0 (38), 38 (12), 39 (30), 6 (75), 32 (68), 15 (25), 20 (83), 25 (95), 4 (90)]";3158
GRASP;40;4;12595;335.0;250;"Maquina 1: [13 (35), 35 (8), 33 (20), 37 (99), 15 (25), 9 (81), 16 (61), 4 (90), 6 (75), 25 (95)]";3090;"Maquina 2: [36 (83), 10 (4), 2 (49), 28 (30), 0 (38), 14 (70), 19 (72), 27 (61), 23 (55), 24 (92)]";3384;"Maquina 3: [22 (20), 29 (17), 17 (5), 30 (59), 31 (71), 20 (83), 11 (54), 32 (68), 7 (77), 26 (91)]";3009;"Maquina 4: [38 (12), 39 (30), 1 (30), 34 (37), 8 (44), 3 (90), 21 (97), 5 (88), 12 (90), 18 (97)]";3112
LNS;40;4;14097;17.0;250;"Maquina 1: [10 (4), 29 (17), 14 (70), 8 (44), 30 (59), 28 (30), 7 (77), 26 (91), 5 (88), 21 (97)]";3716;"Maquina 2: [17 (5), 9 (81), 2 (49), 22 (20), 13 (35), 16 (61), 3 (90), 31 (71), 37 (99), 24 (92)]";3841;"Maquina 3: [35 (8), 1 (30), 36 (83), 33 (20), 34 (37), 19 (72), 18 (97), 11 (54), 12 (90), 27 (61)]";3382;"Maquina 4: [23 (55), 0 (38), 38 (12), 39 (30), 6 (75), 32 (68), 15 (25), 20 (83), 25 (95), 4 (90)]";3158
TABÚ;40;4;12495;100.0;250;"Maquina 1: [22 (20), 13 (35), 32 (68), 1 (30), 15 (25), 16 (61), 4 (90), 7 (77), 11 (54), 12 (90), 3 (90)]";3828;"Maquina 2: [33 (20), 0 (38), 38 (12), 39 (30), 26 (91), 9 (81), 2 (49), 5 (88), 14 (70), 20 (83)]";2941;"Maquina 3: [31 (71), 10 (4), 17 (5), 35 (8), 30 (59), 8 (44), 23 (55), 25 (95), 36 (83), 37 (99)]";2837;"Maquina 4: [28 (30), 29 (17), 34 (37), 19 (72), 27 (61), 24 (92), 6 (75), 21 (97), 18 (97)]";2889
VNS;40;4;12597;4879.0;250;"Maquina 1: [29 (17), 2 (49), 15 (25), 16 (61), 28 (30), 7 (77), 26 (91), 4 (90), 21 (97)]";2765;"Maquina 2: [17 (5), 9 (81), 14 (70), 22 (20), 13 (35), 30 (59), 3 (90), 31 (71), 5 (88), 37 (99)]";3513;"Maquina 3: [10 (4), 1 (30), 36 (83), 33 (20), 34 (37), 19 (72), 27 (61), 24 (92), 12 (90), 18 (97)]";3095;"Maquina 4: [35 (8), 23 (55), 0 (38), 38 (12), 39 (30), 6 (75), 32 (68), 8 (44), 20 (83), 11 (54), 25 (95)]";3224
Multiarranque;40;4;12719;402.0;250;"Maquina 1: [29 (17), 17 (5), 39 (30), 13 (35), 32 (68), 14 (70), 6 (75), 4 (90), 9 (81), 20 (83)]";2876;"Maquina 2: [16 (61), 10 (4), 1 (30), 23 (55), 0 (38), 34 (37), 19 (72), 25 (95), 36 (83), 30 (59)]";3014;"Maquina 3: [12 (90), 2 (49), 37 (99), 21 (97), 27 (61), 24 (92), 18 (97), 7 (77)]";3246;"Maquina 4: [15 (25), 22 (20), 35 (8), 33 (20), 38 (12), 28 (30), 5 (88), 31 (71), 3 (90), 8 (44), 11 (54), 26 (91)]";3583
GREEDY;40;4;11756;0.0;1;"Maquina 1: [0 (3), 20 (7), 28 (19), 11 (78), 32 (28), 17 (83), 22 (46), 23 (60), 25 (80), 16 (91)]";2718;"Maquina 2: [6 (10), 35 (5), 18 (21), 29 (46), 9 (60), 27 (31), 19 (82), 21 (68), 13 (78), 34 (93), 37 (87)]";3284;"Maquina 3: [3 (6), 26 (15), 39 (82), 1 (50), 15 (20), 8 (40), 36 (61), 38 (89), 14 (79)]";2763;"Maquina 4: [10 (17), 4 (6), 24 (41), 31 (26), 12 (48), 5 (61), 2 (76), 33 (80), 30 (91), 7 (86)]";2991
GRASP;40;4;10683;345.0;250;"Maquina 1: [26 (15), 35 (5), 29 (46), 28 (19), 21 (68), 30 (91), 31 (26), 25 (80), 23 (60), 7 (86), 11 (78)]";3002;"Maquina 2: [3 (6), 6 (10), 2 (76), 5 (61), 32 (28), 22 (46), 36 (61), 13 (78), 33 (80), 37 (87)]";2937;"Maquina 3: [0 (3), 20 (7), 1 (50), 4 (6), 24 (41), 12 (48), 38 (89), 14 (79), 16 (91), 34 (93)]";2547;"Maquina 4: [10 (17), 9 (60), 27 (31), 18 (21), 15 (20), 8 (40), 19 (82), 39 (82), 17 (83)]";2197
LNS;40;4;11683;18.0;250;"Maquina 1: [0 (3), 20 (7), 28 (19), 11 (78), 32 (28), 17 (83), 22 (46), 23 (60), 25 (80), 16 (91)]";2718;"Maquina 2: [6 (10), 35 (5), 18 (21), 29 (46), 9 (60), 27 (31), 19 (82), 21 (68), 13 (78), 34 (93), 37 (87)]";3284;"Maquina 3: [3 (6), 26 (15), 39 (82), 36 (61), 15 (20), 8 (40), 1 (50), 38 (89), 14 (79)]";2690;"Maquina 4: [10 (17), 4 (6), 24 (41), 31 (26), 12 (48), 5 (61), 2 (76), 33 (80), 30 (91), 7 (86)]";2991
TABÚ;40;4;11469;100.0;250;"Maquina 1: [26 (15), 27 (31), 0 (3), 33 (80), 25 (80), 18 (21), 23 (60), 7 (86), 11 (78), 36 (61)]";2919;"Maquina 2: [10 (17), 4 (6), 8 (40), 1 (50), 12 (48), 6 (10), 34 (93), 38 (89), 39 (82), 13 (78)]";2886;"Maquina 3: [32 (28), 35 (5), 14 (79), 15 (20), 37 (87), 5 (61), 3 (6), 19 (82), 21 (68), 30 (91)]";2684;"Maquina 4: [29 (46), 28 (19), 9 (60), 20 (7), 24 (41), 31 (26), 22 (46), 2 (76), 17 (83), 16 (91)]";2980
VNS;40;4;10633;7131.0;250;"Maquina 1: [0 (3), 20 (7), 28 (19), 11 (78), 32 (28), 17 (83), 22 (46), 23 (60), 7 (86), 37 (87)]";2700;"Maquina 2: [10 (17), 35 (5), 18 (21), 29 (46), 9 (60), 27 (31), 21 (68), 33 (80), 13 (78), 34 (93)]";2514;"Maquina 3: [3 (6), 26 (15), 39 (82), 1 (50), 4 (6), 8 (40), 19 (82), 36 (61), 38 (89), 25 (80)]";2856;"Maquina 4: [6 (10), 15 (20), 24 (41), 31 (26), 12 (48), 5 (61), 2 (76), 14 (79), 16 (91), 30 (91)]";2563
Multiarranque;40;4;10895;404.0;250;"Maquina 1: [10 (17), 22 (46), 4 (6), 32 (28), 1 (50), 29 (46), 14 (79), 16 (91), 34 (93), 17 (83)]";2801;"Maquina 2: [0 (3), 20 (7), 28 (19), 2 (76), 13 (78), 11 (78), 8 (40), 25 (80), 19 (82)]";2400;"Maquina 3: [26 (15), 35 (5), 31 (26), 27 (31), 38 (89), 9 (60), 36 (61), 33 (80), 30 (91), 5 (61)]";2895;"Maquina 4: [3 (6), 6 (10), 15 (20), 24 (41), 12 (48), 18 (21), 23 (60), 7 (86), 21 (68), 39 (82), 37 (87)]";2799
GREEDY;40;4;11970;1.0;1;"Maquina 1: [9 (1), 2 (7), 11 (33), 29 (53), 18 (37), 20 (28), 5 (91), 39 (79), 7 (60), 8 (68)]";3017;"Maquina 2: [4 (34), 24 (11), 35 (79), 23 (2), 25 (28), 34 (42), 0 (61), 22 (59), 6 (71), 32 (88)]";2754;"Maquina 3: [3 (20), 28 (2), 33 (74), 37 (34), 17 (30), 26 (46), 15 (63), 1 (98), 38 (59), 14 (81)]";3086;"Maquina 4: [31 (4), 27 (32), 19 (23), 21 (34), 30 (85), 36 (59), 10 (38), 16 (73), 13 (98), 12 (63)]";3113
GRASP;40;4;10831;342.0;250;"Maquina 1: [24 (11), 9 (1), 39 (79), 37 (34), 17 (30), 26 (46), 15 (63), 32 (88), 16 (73), 38 (59)]";2662;"Maquina 2: [28 (2), 25 (28), 11 (33), 31 (4), 34 (42), 36 (59), 14 (81), 29 (53), 0 (61), 13 (98), 12 (63)]";3177;"Maquina 3: [20 (28), 3 (20), 2 (7), 10 (38), 6 (71), 8 (68), 22 (59), 35 (79), 30 (85), 1 (98)]";2884;"Maquina 4: [4 (34), 23 (2), 27 (32), 19 (23), 21 (34), 7 (60), 18 (37), 5 (91), 33 (74)]";2108
LNS;40;4;11650;18.0;250;"Maquina 1: [9 (1), 2 (7), 11 (33), 7 (60), 18 (37), 20 (28), 5 (91), 29 (53), 39 (79), 8 (68)]";2882;"Maquina 2: [4 (34), 24 (11), 35 (79), 23 (2), 25 (28), 34 (42), 0 (61), 22 (59), 6 (71), 32 (88)]";2754;"Maquina 3: [3 (20), 28 (2), 33 (74), 37 (34), 17 (30), 26 (46), 15 (63), 1 (98), 38 (59), 14 (81)]";3086;"Maquina 4: [31 (4), 27 (32), 19 (23), 21 (34), 30 (85), 10 (38), 16 (73), 36 (59), 13 (98), 12 (63)]";2928
TABÚ;40;4;10620;95.0;250;"Maquina 1: [24 (11), 2 (7), 26 (46), 21 (34), 17 (30), 33 (74), 32 (88), 6 (71), 34 (42), 36 (59), 30 (85)]";3092;"Maquina 2: [3 (20), 7 (60), 25 (28), 31 (4), 15 (63), 27 (32), 14 (81), 29 (53), 22 (59), 35 (79)]";2819;"Maquina 3: [18 (37), 20 (28), 4 (34), 38 (59), 23 (2), 16 (73), 0 (61), 1 (98), 8 (68)]";2262;"Maquina 4: [19 (23), 28 (2), 10 (38), 11 (33), 9 (1), 39 (79), 37 (34), 12 (63), 5 (91), 13 (98)]";2447
VNS;40;4;10585;4717.0;250;"Maquina 1: [28 (2), 9 (1), 2 (7), 26 (46), 18 (37), 39 (79), 15 (63), 5 (91), 10 (38), 6 (71), 1 (98)]";2668;"Maquina 2: [31 (4), 4 (34), 24 (11), 35 (79), 23 (2), 29 (53), 25 (28), 12 (63), 22 (59), 33 (74)]";2226;"Maquina 3: [17 (30), 0 (61), 37 (34), 20 (28), 3 (20), 11 (33), 36 (59), 16 (73), 8 (68), 13 (98)]";3114;"Maquina 4: [27 (32), 19 (23), 21 (34), 32 (88), 34 (42), 38 (59), 7 (60), 30 (85), 14 (81)]";2577
Multiarranque;40;4;10749;404.0;250;"Maquina 1: [3 (20), 8 (68), 10 (38), 6 (71), 4 (34), 39 (79), 15 (63), 1 (98), 14 (81)]";2889;"Maquina 2: [9 (1), 34 (42), 29 (53), 37 (34), 12 (63), 5 (91), 20 (28), 16 (73), 32 (88)]";2416;"Maquina 3: [24 (11), 2 (7), 23 (2), 11 (33), 36 (59), 21 (34), 22 (59), 38 (59), 13 (98), 33 (74), 35 (79)]";2959;"Maquina 4: [19 (23), 28 (2), 25 (28), 31 (4), 27 (32), 7 (60), 18 (37), 0 (61), 17 (30), 26 (46), 30 (85)]";2485
GREEDY;40;4;13101;0.0;1;"Maquina 1: [12 (16), 1 (2), 18 (68), 3 (29), 34 (34), 11 (91), 13 (57), 19 (52), 17 (83), 14 (77)]";2990;"Maquina 2: [21 (18), 8 (44), 25 (2), 26 (32), 10 (53), 16 (68), 32 (57), 31 (78), 24 (83), 23 (91)]";3269;"Maquina 3: [35 (53), 29 (32), 5 (11), 33 (89), 30 (71), 4 (23), 39 (57), 7 (99), 38 (50), 9 (83)]";3489;"Maquina 4: [27 (15), 28 (25), 0 (61), 15 (53), 22 (29), 37 (84), 2 (50), 36 (68), 6 (81), 20 (92)]";3353
GRASP;40;4;11859;351.0;250;"Maquina 1: [3 (29), 31 (78), 4 (23), 8 (44), 0 (61), 15 (53), 10 (53), 18 (68), 17 (83)]";2730;"Maquina 2: [22 (29), 1 (2), 27 (15), 28 (25), 34 (34), 11 (91), 14 (77), 24 (83), 30 (71), 23 (91)]";2631;"Maquina 3: [5 (11), 16 (68), 20 (92), 12 (16), 39 (57), 19 (52), 38 (50), 6 (81), 36 (68), 33 (89)]";3414;"Maquina 4: [21 (18), 29 (32), 25 (2), 26 (32), 13 (57), 2 (50), 35 (53), 9 (83), 32 (57), 37 (84), 7 (99)]";3084
LNS;40;4;13041;17.0;250;"Maquina 1: [12 (16), 1 (2), 18 (68), 3 (29), 34 (34), 11 (91), 13 (57), 19 (52), 17 (83), 14 (77)]";2990;"Maquina 2: [25 (2), 8 (44), 21 (18), 26 (32), 10 (53), 16 (68), 32 (57), 31 (78), 24 (83), 23 (91)]";3209;"Maquina 3: [35 (53), 29 (32), 5 (11), 33 (89), 30 (71), 4 (23), 39 (57), 7 (99), 38 (50), 9 (83)]";3489;"Maquina 4: [27 (15), 28 (25), 0 (61), 15 (53), 22 (29), 37 (84), 2 (50), 36 (68), 6 (81), 20 (92)]";3353
TABÚ;40;4;11548;98.0;250;"Maquina 1: [8 (44), 16 (68), 25 (2), 26 (32), 10 (53), 38 (50), 9 (83), 24 (83), 7 (99), 23 (91)]";3147;"Maquina 2: [22 (29), 1 (2), 30 (71), 5 (11), 31 (78), 3 (29), 2 (50), 0 (61), 36 (68), 33 (89)]";2616;"Maquina 3: [12 (16), 4 (23), 32 (57), 18 (68), 29 (32), 39 (57), 19 (52), 37 (84), 11 (91), 14 (77)]";2915;"Maquina 4: [21 (18), 27 (15), 28 (25), 34 (34), 15 (53), 20 (92), 13 (57), 6 (81), 35 (53), 17 (83)]";2870
VNS;40;4;12127;5762.0;250;"Maquina 1: [12 (16), 1 (2), 8 (44), 3 (29), 7 (99), 38 (50), 19 (52), 37 (84), 14 (77)]";2213;"Maquina 2: [29 (32), 21 (18), 2 (50), 25 (2), 26 (32), 10 (53), 16 (68), 32 (57), 9 (83), 24 (83), 23 (91)]";3238;"Maquina 3: [35 (53), 5 (11), 34 (34), 30 (71), 4 (23), 39 (57), 11 (91), 36 (68), 33 (89)]";2463;"Maquina 4: [27 (15), 28 (25), 0 (61), 15 (53), 22 (29), 31 (78), 13 (57), 20 (92), 18 (68), 6 (81), 17 (83)]";4213
Multiarranque;40;4;11755;417.0;250;"Maquina 1: [29 (32), 25 (2), 12 (16), 0 (61), 2 (50), 30 (71), 13 (57), 6 (81), 16 (68), 7 (99)]";2729;"Maquina 2: [21 (18), 27 (15), 34 (34), 20 (92), 18 (68), 4 (23), 39 (57), 17 (83), 23 (91), 37 (84)]";3319;"Maquina 3: [28 (25), 5 (11), 3 (29), 10 (53), 38 (50), 31 (78), 35 (53), 32 (57), 33 (89), 14 (77)]";2817;"Maquina 4: [1 (2), 8 (44), 26 (32), 19 (52), 9 (83), 36 (68), 15 (53), 24 (83), 22 (29), 11 (91)]";2890
GREEDY;40;4;12877;0.0;1;"Maquina 1: [26 (3), 39 (10), 1 (58), 17 (42), 28 (40), 16 (71), 10 (23), 29 (70), 36 (80), 15 (91)]";2923;"Maquina 2: [31 (24), 8 (5), 13 (41), 20 (12), 7 (34), 12 (75), 34 (63), 14 (84), 27 (99), 30 (49), 11 (90)]";3727;"Maquina 3: [21 (23), 25 (12), 22 (5), 35 (58), 18 (43), 24 (89), 5 (71), 38 (79), 2 (37), 3 (99)]";3178;"Maquina 4: [4 (32), 9 (17), 33 (54), 6 (7), 37 (40), 32 (98), 23 (68), 19 (76), 0 (85)]";3049
GRASP;40;4;11905;349.0;250;"Maquina 1: [8 (5), 9 (17), 7 (34), 1 (58), 24 (89), 31 (24), 29 (70), 3 (99), 32 (98)]";2478;"Maquina 2: [6 (7), 21 (23), 16 (71), 10 (23), 30 (49), 33 (54), 14 (84), 36 (80), 0 (85), 23 (68)]";3490;"Maquina 3: [26 (3), 22 (5), 4 (32), 13 (41), 5 (71), 18 (43), 19 (76), 34 (63), 38 (79), 11 (90)]";2950;"Maquina 4: [39 (10), 20 (12), 25 (12), 17 (42), 28 (40), 2 (37), 37 (40), 12 (75), 15 (91), 35 (58), 27 (99)]";2987
LNS;40;4;12877;17.0;250;"Maquina 1: [26 (3), 39 (10), 1 (58), 17 (42), 28 (40), 16 (71), 10 (23), 29 (70), 36 (80), 15 (91)]";2923;"Maquina 2: [31 (24), 8 (5), 13 (41), 20 (12), 7 (34), 12 (75), 34 (63), 14 (84), 27 (99), 30 (49), 11 (90)]";3727;"Maquina 3: [21 (23), 25 (12), 22 (5), 35 (58), 18 (43), 24 (89), 5 (71), 38 (79), 2 (37), 3 (99)]";3178;"Maquina 4: [4 (32), 9 (17), 33 (54), 6 (7), 37 (40), 32 (98), 23 (68), 19 (76), 0 (85)]";3049
TABÚ;40;4;11720;95.0;250;"Maquina 1: [8 (5), 26 (3), 25 (12), 17 (42), 1 (58), 29 (70), 35 (58), 34 (63), 38 (79), 24 (89)]";2380;"Maquina 2: [31 (24), 5 (71), 20 (12), 21 (23), 39 (10), 37 (40), 28 (40), 16 (71), 12 (75), 32 (98)]";2625;"Maquina 3: [4 (32), 11 (90), 6 (7), 18 (43), 9 (17), 2 (37), 10 (23), 23 (68), 3 (99), 27 (99)]";3266;"Maquina 4: [33 (54), 7 (34), 22 (5), 36 (80), 14 (84), 30 (49), 19 (76), 13 (41), 0 (85), 15 (91)]";3449
VNS;40;4;11250;5548.0;250;"Maquina 1: [26 (3), 39 (10), 1 (58), 17 (42), 28 (40), 16 (71), 33 (54), 29 (70), 23 (68)]";2244;"Maquina 2: [31 (24), 8 (5), 13 (41), 20 (12), 10 (23), 7 (34), 12 (75), 36 (80), 14 (84), 27 (99), 2 (37)]";3027;"Maquina 3: [21 (23), 25 (12), 22 (5), 6 (7), 18 (43), 24 (89), 5 (71), 38 (79), 11 (90), 0 (85), 15 (91)]";3188;"Maquina 4: [4 (32), 9 (17), 35 (58), 37 (40), 32 (98), 30 (49), 19 (76), 34 (63), 3 (99)]";2791
Multiarranque;40;4;11619;401.0;250;"Maquina 1: [21 (23), 34 (63), 39 (10), 20 (12), 14 (84), 30 (49), 19 (76), 38 (79), 23 (68), 27 (99)]";3323;"Maquina 2: [25 (12), 6 (7), 17 (42), 28 (40), 2 (37), 0 (85), 13 (41), 5 (71), 36 (80), 24 (89)]";2844;"Maquina 3: [22 (5), 4 (32), 31 (24), 12 (75), 9 (17), 16 (71), 1 (58), 29 (70), 32 (98)]";2302;"Maquina 4: [8 (5), 26 (3), 33 (54), 7 (34), 37 (40), 10 (23), 35 (58), 18 (43), 11 (90), 3 (99), 15 (91)]";3150
