GREEDY;40;6;8797;0.0;1;"Maquina 1: [1 (2), 30 (71), 13 (57), 19 (52), 4 (23), 7 (99), 24 (83)]";1620;"Maquina 2: [25 (2), 28 (25), 34 (34), 15 (53), 17 (83), 16 (68), 11 (91)]";1503;"Maquina 3: [5 (11), 3 (29), 32 (57), 18 (68), 8 (44), 20 (92), 6 (81)]";1470;"Maquina 4: [38 (50), 27 (15), 0 (61), 22 (29), 31 (78), 33 (89)]";1424;"Maquina 5: [12 (16), 39 (57), 26 (32), 10 (53), 37 (84), 14 (77)]";1268;"Maquina 6: [21 (18), 2 (50), 29 (32), 35 (53), 9 (83), 36 (68), 23 (91)]";1512
GRASP;40;6;8213;403.0;250;"Maquina 1: [12 (16), 3 (29), 32 (57), 34 (34), 22 (29), 37 (84), 33 (89)]";1469;"Maquina 2: [8 (44), 28 (25), 5 (11), 10 (53), 35 (53), 9 (83), 24 (83)]";1457;"Maquina 3: [25 (2), 2 (50), 13 (57), 19 (52), 31 (78), 17 (83), 14 (77)]";1460;"Maquina 4: [21 (18), 26 (32), 39 (57), 0 (61), 4 (23), 20 (92), 11 (91)]";1489;"Maquina 5: [1 (2), 18 (68), 29 (32), 38 (50), 30 (71), 23 (91)]";1024;"Maquina 6: [15 (53), 6 (81), 27 (15), 36 (68), 16 (68), 7 (99)]";1314
LNS;40;6;8747;10.0;250;"Maquina 1: [1 (2), 30 (71), 13 (57), 19 (52), 4 (23), 7 (99), 24 (83)]";1620;"Maquina 2: [25 (2), 28 (25), 34 (34), 15 (53), 17 (83), 16 (68), 11 (91)]";1503;"Maquina 3: [5 (11), 3 (29), 32 (57), 18 (68), 8 (44), 20 (92), 6 (81)]";1470;"Maquina 4: [38 (50), 27 (15), 0 (61), 22 (29), 31 (78), 33 (89)]";1424;"Maquina 5: [26 (32), 39 (57), 12 (16), 10 (53), 37 (84), 14 (77)]";1218;"Maquina 6: [21 (18), 2 (50), 29 (32), 35 (53), 9 (83), 36 (68), 23 (91)]";1512
TABÚ;40;6;7929;116.0;250;"Maquina 1: [32 (57), 1 (2), 30 (71), 28 (25), 17 (83), 14 (77), 33 (89)]";1582;"Maquina 2: [21 (18), 15 (53), 35 (53), 22 (29), 37 (84), 36 (68), 23 (91)]";1439;"Maquina 3: [26 (32), 27 (15), 7 (99), 39 (57), 19 (52), 20 (92)]";1117;"Maquina 4: [12 (16), 3 (29), 10 (53), 38 (50), 0 (61), 18 (68), 11 (91)]";1477;"Maquina 5: [4 (23), 8 (44), 16 (68), 34 (34), 31 (78), 24 (83)]";1177;"Maquina 6: [5 (11), 25 (2), 2 (50), 29 (32), 13 (57), 6 (81), 9 (83)]";1137
VNS;40;6;8104;7204.0;250;"Maquina 1: [1 (2), 30 (71), 13 (57), 0 (61), 4 (23), 7 (99), 23 (91)]";1550;"Maquina 2: [25 (2), 28 (25), 38 (50), 19 (52), 15 (53), 24 (83), 16 (68)]";1325;"Maquina 3: [5 (11), 3 (29), 32 (57), 18 (68), 8 (44), 20 (92), 6 (81)]";1470;"Maquina 4: [27 (15), 34 (34), 22 (29), 31 (78), 10 (53), 11 (91)]";1010;"Maquina 5: [21 (18), 26 (32), 39 (57), 12 (16), 37 (84), 14 (77)]";902;"Maquina 6: [2 (50), 29 (32), 35 (53), 9 (83), 36 (68), 33 (89), 17 (83)]";1847
Multiarranque;40;6;8397;429.0;250;"Maquina 1: [4 (23), 37 (84), 21 (18), 15 (53), 6 (81), 23 (91)]";1279;"Maquina 2: [28 (25), 29 (32), 27 (15), 36 (68), 33 (89), 17 (83), 11 (91)]";1467;"Maquina 3: [34 (34), 26 (32), 18 (68), 9 (83), 14 (77), 20 (92)]";1271;"Maquina 4: [1 (2), 30 (71), 32 (57), 19 (52), 39 (57), 10 (53), 7 (99)]";1583;"Maquina 5: [13 (57), 2 (50), 35 (53), 38 (50), 16 (68), 8 (44)]";1343;"Maquina 6: [5 (11), 3 (29), 31 (78), 25 (2), 12 (16), 0 (61), 22 (29), 24 (83)]";1454
GREEDY;40;6;9347;0.0;1;"Maquina 1: [3 (20), 9 (1), 29 (53), 37 (34), 15 (63), 1 (98), 35 (79)]";1757;"Maquina 2: [23 (2), 38 (59), 10 (38), 19 (23), 12 (63), 13 (98), 39 (79)]";1797;"Maquina 3: [28 (2), 20 (28), 4 (34), 7 (60), 34 (42), 32 (88), 16 (73)]";1486;"Maquina 4: [25 (28), 11 (33), 31 (4), 0 (61), 33 (74), 5 (91), 26 (46)]";1641;"Maquina 5: [2 (7), 21 (34), 17 (30), 8 (68), 14 (81), 22 (59)]";1325;"Maquina 6: [27 (32), 24 (11), 36 (59), 6 (71), 18 (37), 30 (85)]";1341
GRASP;40;6;7316;391.0;250;"Maquina 1: [37 (34), 17 (30), 0 (61), 19 (23), 16 (73), 32 (88), 38 (59)]";1525;"Maquina 2: [28 (2), 25 (28), 11 (33), 7 (60), 12 (63), 29 (53), 1 (98)]";1163;"Maquina 3: [26 (46), 9 (1), 34 (42), 18 (37), 39 (79), 30 (85)]";1111;"Maquina 4: [20 (28), 23 (2), 3 (20), 2 (7), 15 (63), 5 (91), 35 (79)]";1009;"Maquina 5: [10 (38), 4 (34), 24 (11), 22 (59), 27 (32), 14 (81)]";962;"Maquina 6: [31 (4), 6 (71), 36 (59), 21 (34), 8 (68), 13 (98), 33 (74)]";1546
LNS;40;6;9283;11.0;250;"Maquina 1: [3 (20), 9 (1), 29 (53), 37 (34), 15 (63), 1 (98), 35 (79)]";1757;"Maquina 2: [23 (2), 38 (59), 10 (38), 19 (23), 12 (63), 13 (98), 39 (79)]";1797;"Maquina 3: [28 (2), 20 (28), 4 (34), 32 (88), 34 (42), 7 (60), 16 (73)]";1422;"Maquina 4: [25 (28), 11 (33), 31 (4), 0 (61), 33 (74), 5 (91), 26 (46)]";1641;"Maquina 5: [2 (7), 21 (34), 17 (30), 8 (68), 14 (81), 22 (59)]";1325;"Maquina 6: [27 (32), 24 (11), 36 (59), 6 (71), 18 (37), 30 (85)]";1341
TABÚ;40;6;7176;115.0;250;"Maquina 1: [18 (37), 28 (2), 9 (1), 26 (46), 20 (28), 30 (85), 1 (98)]";944;"Maquina 2: [34 (42), 23 (2), 29 (53), 11 (33), 0 (61), 35 (79), 36 (59)]";1340;"Maquina 3: [37 (34), 31 (4), 12 (63), 5 (91), 17 (30), 14 (81), 7 (60)]";1493;"Maquina 4: [10 (38), 25 (28), 38 (59), 27 (32), 16 (73), 32 (88)]";1169;"Maquina 5: [3 (20), 2 (7), 24 (11), 15 (63), 33 (74), 22 (59), 39 (79)]";1168;"Maquina 6: [4 (34), 19 (23), 21 (34), 6 (71), 8 (68), 13 (98)]";1062
VNS;40;6;7238;3863.0;250;"Maquina 1: [10 (38), 34 (42), 29 (53), 22 (59), 35 (79), 39 (79)]";1163;"Maquina 2: [23 (2), 3 (20), 38 (59), 19 (23), 5 (91), 13 (98)]";1012;"Maquina 3: [18 (37), 28 (2), 31 (4), 4 (34), 1 (98), 16 (73), 8 (68)]";1200;"Maquina 4: [20 (28), 25 (28), 11 (33), 36 (59), 37 (34), 14 (81), 12 (63)]";1330;"Maquina 5: [9 (1), 2 (7), 26 (46), 21 (34), 17 (30), 0 (61), 33 (74), 32 (88)]";1307;"Maquina 6: [27 (32), 24 (11), 15 (63), 7 (60), 6 (71), 30 (85)]";1226
Multiarranque;40;6;7571;420.0;250;"Maquina 1: [28 (2), 25 (28), 21 (34), 6 (71), 34 (42), 0 (61), 33 (74)]";1084;"Maquina 2: [9 (1), 36 (59), 10 (38), 17 (30), 8 (68), 32 (88)]";1026;"Maquina 3: [2 (7), 13 (98), 11 (33), 7 (60), 12 (63), 18 (37), 14 (81)]";1604;"Maquina 4: [3 (20), 27 (32), 26 (46), 15 (63), 5 (91), 39 (79)]";1246;"Maquina 5: [20 (28), 4 (34), 1 (98), 19 (23), 22 (59), 38 (59), 35 (79)]";1518;"Maquina 6: [31 (4), 24 (11), 23 (2), 29 (53), 37 (34), 16 (73), 30 (85)]";1093
GREEDY;40;6;7905;0.0;1;"Maquina 1: [2 (2), 19 (29), 39 (13), 18 (35), 17 (91), 33 (56), 37 (69)]";1375;"Maquina 2: [25 (14), 23 (3), 30 (25), 3 (63), 10 (35), 12 (94), 34 (49), 11 (80)]";1510;"Maquina 3: [14 (19), 31 (31), 24 (3), 36 (46), 7 (58), 27 (73)]";1048;"Maquina 4: [6 (27), 38 (3), 35 (20), 21 (40), 20 (84), 0 (58)]";1057;"Maquina 5: [28 (5), 16 (55), 1 (67), 26 (86), 32 (22), 9 (31)]";1355;"Maquina 6: [4 (6), 22 (38), 8 (63), 15 (25), 13 (48), 29 (75), 5 (97)]";1560
GRASP;40;6;6270;407.0;250;"Maquina 1: [35 (20), 18 (35), 23 (3), 34 (49), 11 (80), 13 (48), 5 (97)]";1253;"Maquina 2: [28 (5), 30 (25), 33 (56), 37 (69), 10 (35), 17 (91)]";978;"Maquina 3: [2 (2), 19 (29), 25 (14), 24 (3), 3 (63), 16 (55), 27 (73), 12 (94)]";1235;"Maquina 4: [4 (6), 31 (31), 20 (84), 1 (67), 15 (25), 21 (40)]";934;"Maquina 5: [36 (46), 39 (13), 32 (22), 6 (27), 22 (38), 8 (63), 29 (75)]";1116;"Maquina 6: [38 (3), 9 (31), 0 (58), 14 (19), 7 (58), 26 (86)]";754
LNS;40;6;7631;12.0;250;"Maquina 1: [39 (13), 19 (29), 2 (2), 18 (35), 17 (91), 33 (56), 37 (69)]";1287;"Maquina 2: [25 (14), 23 (3), 30 (25), 3 (63), 10 (35), 12 (94), 34 (49), 11 (80)]";1510;"Maquina 3: [24 (3), 36 (46), 14 (19), 31 (31), 7 (58), 27 (73)]";862;"Maquina 4: [6 (27), 38 (3), 35 (20), 21 (40), 20 (84), 0 (58)]";1057;"Maquina 5: [28 (5), 16 (55), 1 (67), 26 (86), 32 (22), 9 (31)]";1355;"Maquina 6: [4 (6), 22 (38), 8 (63), 15 (25), 13 (48), 29 (75), 5 (97)]";1560
TABÚ;40;6;6110;117.0;250;"Maquina 1: [14 (19), 2 (2), 24 (3), 16 (55), 27 (73), 12 (94)]";784;"Maquina 2: [13 (48), 23 (3), 34 (49), 33 (56), 35 (20), 1 (67), 20 (84)]";1292;"Maquina 3: [18 (35), 32 (22), 6 (27), 7 (58), 8 (63), 31 (31), 11 (80)]";1315;"Maquina 4: [28 (5), 36 (46), 39 (13), 38 (3), 9 (31), 0 (58), 5 (97)]";754;"Maquina 5: [30 (25), 15 (25), 21 (40), 22 (38), 37 (69), 26 (86)]";874;"Maquina 6: [25 (14), 19 (29), 4 (6), 3 (63), 10 (35), 17 (91), 29 (75)]";1091
VNS;40;6;6494;4910.0;250;"Maquina 1: [19 (29), 2 (2), 18 (35), 36 (46), 33 (56), 12 (94)]";934;"Maquina 2: [25 (14), 23 (3), 1 (67), 3 (63), 10 (35), 34 (49), 11 (80)]";1102;"Maquina 3: [14 (19), 31 (31), 28 (5), 0 (58), 7 (58), 8 (63), 37 (69), 29 (75)]";1452;"Maquina 4: [32 (22), 6 (27), 38 (3), 35 (20), 24 (3), 20 (84), 17 (91)]";1191;"Maquina 5: [4 (6), 21 (40), 16 (55), 30 (25), 5 (97), 27 (73)]";916;"Maquina 6: [15 (25), 39 (13), 22 (38), 13 (48), 9 (31), 26 (86)]";899
Multiarranque;40;6;6571;433.0;250;"Maquina 1: [24 (3), 16 (55), 8 (63), 29 (75), 34 (49), 26 (86)]";1140;"Maquina 2: [6 (27), 19 (29), 14 (19), 31 (31), 36 (46), 21 (40), 1 (67)]";948;"Maquina 3: [4 (6), 28 (5), 38 (3), 22 (38), 35 (20), 37 (69), 5 (97), 17 (91)]";1241;"Maquina 4: [15 (25), 27 (73), 7 (58), 3 (63), 20 (84)]";1037;"Maquina 5: [25 (14), 39 (13), 9 (31), 13 (48), 23 (3), 10 (35), 33 (56), 0 (58)]";1195;"Maquina 6: [18 (35), 32 (22), 2 (2), 30 (25), 12 (94), 11 (80)]";1010
GREEDY;40;6;9632;0.0;1;"Maquina 1: [15 (47), 4 (23), 38 (5), 30 (70), 24 (55), 32 (34), 39 (90)]";1482;"Maquina 2: [37 (13), 17 (25), 11 (41), 31 (94), 10 (76), 33 (59), 34 (46)]";1629;"Maquina 3: [22 (17), 29 (25), 0 (70), 36 (43), 13 (50), 35 (86)]";1326;"Maquina 4: [26 (31), 25 (17), 3 (44), 2 (68), 16 (82), 21 (48), 14 (98)]";1879;"Maquina 5: [12 (46), 5 (33), 18 (18), 6 (55), 27 (70), 7 (93)]";1480;"Maquina 6: [9 (22), 8 (51), 28 (34), 23 (62), 1 (82), 20 (44), 19 (96)]";1836
GRASP;40;6;7473;406.0;250;"Maquina 1: [37 (13), 26 (31), 9 (22), 11 (41), 0 (70), 1 (82), 2 (68)]";1129;"Maquina 2: [4 (23), 38 (5), 13 (50), 32 (34), 6 (55), 16 (82), 19 (96)]";1293;"Maquina 3: [23 (62), 5 (33), 25 (17), 3 (44), 30 (70), 31 (94)]";1168;"Maquina 4: [22 (17), 28 (34), 27 (70), 8 (51), 20 (44), 34 (46), 14 (98)]";1281;"Maquina 5: [18 (18), 21 (48), 12 (46), 15 (47), 33 (59), 7 (93)]";1110;"Maquina 6: [17 (25), 29 (25), 24 (55), 36 (43), 39 (90), 35 (86), 10 (76)]";1492
LNS;40;6;9534;13.0;250;"Maquina 1: [15 (47), 4 (23), 38 (5), 30 (70), 24 (55), 32 (34), 39 (90)]";1482;"Maquina 2: [37 (13), 17 (25), 11 (41), 31 (94), 10 (76), 33 (59), 34 (46)]";1629;"Maquina 3: [22 (17), 29 (25), 0 (70), 36 (43), 13 (50), 35 (86)]";1326;"Maquina 4: [26 (31), 25 (17), 3 (44), 2 (68), 16 (82), 21 (48), 14 (98)]";1879;"Maquina 5: [12 (46), 18 (18), 6 (55), 5 (33), 27 (70), 7 (93)]";1382;"Maquina 6: [9 (22), 8 (51), 28 (34), 23 (62), 1 (82), 20 (44), 19 (96)]";1836
TABÚ;40;6;7695;117.0;250;"Maquina 1: [26 (31), 9 (22), 23 (62), 5 (33), 3 (44), 1 (82), 35 (86)]";1345;"Maquina 2: [25 (17), 37 (13), 15 (47), 4 (23), 13 (50), 19 (96), 14 (98)]";1148;"Maquina 3: [17 (25), 29 (25), 2 (68), 30 (70), 11 (41), 24 (55), 34 (46)]";1493;"Maquina 4: [38 (5), 10 (76), 18 (18), 6 (55), 16 (82), 8 (51), 33 (59)]";1342;"Maquina 5: [20 (44), 12 (46), 32 (34), 0 (70), 36 (43), 39 (90)]";1208;"Maquina 6: [21 (48), 28 (34), 27 (70), 22 (17), 31 (94), 7 (93)]";1159
VNS;40;6;7801;4061.0;250;"Maquina 1: [37 (13), 12 (46), 24 (55), 38 (5), 30 (70), 35 (86), 7 (93)]";1300;"Maquina 2: [6 (55), 17 (25), 11 (41), 0 (70), 36 (43), 10 (76)]";1123;"Maquina 3: [22 (17), 26 (31), 23 (62), 5 (33), 13 (50), 19 (96), 31 (94)]";1407;"Maquina 4: [29 (25), 25 (17), 33 (59), 3 (44), 2 (68), 34 (46), 14 (98)]";1371;"Maquina 5: [4 (23), 15 (47), 18 (18), 21 (48), 27 (70), 39 (90)]";1047;"Maquina 6: [9 (22), 8 (51), 28 (34), 1 (82), 32 (34), 20 (44), 16 (82)]";1553
Multiarranque;40;6;8321;452.0;250;"Maquina 1: [22 (17), 33 (59), 6 (55), 16 (82), 5 (33), 32 (34)]";1167;"Maquina 2: [28 (34), 18 (18), 24 (55), 34 (46), 1 (82), 12 (46), 31 (94)]";1386;"Maquina 3: [17 (25), 25 (17), 20 (44), 3 (44), 23 (62), 35 (86), 19 (96)]";1615;"Maquina 4: [21 (48), 37 (13), 9 (22), 27 (70), 8 (51), 0 (70), 2 (68)]";1597;"Maquina 5: [36 (43), 38 (5), 13 (50), 26 (31), 30 (70), 14 (98), 39 (90)]";1487;"Maquina 6: [29 (25), 15 (47), 4 (23), 11 (41), 7 (93), 10 (76)]";1069
GREEDY;40;6;7350;0.0;1;"Maquina 1: [31 (35), 19 (2), 11 (58), 10 (25), 37 (44), 2 (80), 9 (98)]";1449;"Maquina 2: [33 (44), 18 (25), 8 (3), 36 (72), 3 (35), 22 (55), 20 (92)]";1236;"Maquina 3: [1 (4), 23 (25), 4 (30), 34 (41), 25 (48), 13 (72), 39 (90)]";1143;"Maquina 4: [15 (4), 21 (28), 28 (29), 16 (44), 5 (54), 29 (73), 12 (97)]";1406;"Maquina 5: [35 (9), 24 (41), 0 (64), 27 (28), 26 (45), 30 (84)]";1020;"Maquina 6: [7 (10), 14 (46), 6 (29), 17 (36), 32 (85), 38 (67)]";1096
GRASP;40;6;6246;430.0;250;"Maquina 1: [1 (4), 24 (41), 37 (44), 4 (30), 13 (72), 39 (90)]";910;"Maquina 2: [15 (4), 25 (48), 10 (25), 17 (36), 3 (35), 2 (80), 30 (84)]";1087;"Maquina 3: [18 (25), 21 (28), 6 (29), 0 (64), 32 (85), 26 (45), 9 (98)]";1343;"Maquina 4: [19 (2), 33 (44), 23 (25), 31 (35), 36 (72), 11 (58), 12 (97)]";1150;"Maquina 5: [7 (10), 8 (3), 34 (41), 14 (46), 16 (44), 38 (67), 22 (55)]";916;"Maquina 6: [27 (28), 28 (29), 35 (9), 5 (54), 29 (73), 20 (92)]";840
LNS;40;6;7278;10.0;250;"Maquina 1: [31 (35), 19 (2), 11 (58), 10 (25), 37 (44), 2 (80), 9 (98)]";1449;"Maquina 2: [33 (44), 18 (25), 8 (3), 36 (72), 3 (35), 22 (55), 20 (92)]";1236;"Maquina 3: [1 (4), 4 (30), 23 (25), 34 (41), 13 (72), 25 (48), 39 (90)]";1115;"Maquina 4: [15 (4), 29 (73), 16 (44), 21 (28), 28 (29), 5 (54), 12 (97)]";1362;"Maquina 5: [35 (9), 24 (41), 0 (64), 27 (28), 26 (45), 30 (84)]";1020;"Maquina 6: [7 (10), 14 (46), 6 (29), 17 (36), 32 (85), 38 (67)]";1096
TABÚ;40;6;6309;118.0;250;"Maquina 1: [7 (10), 28 (29), 35 (9), 31 (35), 33 (44), 16 (44), 25 (48)]";846;"Maquina 2: [8 (3), 24 (41), 26 (45), 36 (72), 11 (58), 12 (97), 30 (84)]";1365;"Maquina 3: [1 (4), 4 (30), 23 (25), 5 (54), 21 (28), 22 (55), 9 (98)]";1133;"Maquina 4: [10 (25), 17 (36), 3 (35), 6 (29), 27 (28), 38 (67), 2 (80)]";1168;"Maquina 5: [15 (4), 19 (2), 34 (41), 14 (46), 13 (72), 32 (85)]";645;"Maquina 6: [18 (25), 37 (44), 0 (64), 29 (73), 20 (92), 39 (90)]";1152
VNS;40;6;6428;3895.0;250;"Maquina 1: [35 (9), 31 (35), 11 (58), 10 (25), 2 (80), 30 (84)]";924;"Maquina 2: [15 (4), 19 (2), 33 (44), 18 (25), 17 (36), 36 (72), 22 (55), 20 (92)]";1232;"Maquina 3: [1 (4), 4 (30), 23 (25), 34 (41), 13 (72), 25 (48), 39 (90)]";1115;"Maquina 4: [21 (28), 6 (29), 5 (54), 29 (73), 16 (44), 38 (67)]";1007;"Maquina 5: [3 (35), 0 (64), 37 (44), 26 (45), 24 (41), 9 (98)]";1137;"Maquina 6: [7 (10), 14 (46), 28 (29), 8 (3), 27 (28), 32 (85), 12 (97)]";1013
Multiarranque;40;6;6468;433.0;250;"Maquina 1: [1 (4), 6 (29), 23 (25), 31 (35), 25 (48), 16 (44), 12 (97)]";972;"Maquina 2: [18 (25), 22 (55), 37 (44), 4 (30), 29 (73), 20 (92)]";1080;"Maquina 3: [35 (9), 33 (44), 3 (35), 0 (64), 13 (72), 36 (72)]";1054;"Maquina 4: [15 (4), 19 (2), 34 (41), 11 (58), 26 (45), 5 (54), 17 (36), 24 (41)]";1171;"Maquina 5: [14 (46), 10 (25), 28 (29), 38 (67), 9 (98), 30 (84)]";1200;"Maquina 6: [7 (10), 8 (3), 27 (28), 21 (28), 39 (90), 32 (85), 2 (80)]";991
GREEDY;40;6;5832;0.0;1;"Maquina 1: [35 (6), 0 (3), 5 (49), 39 (27), 14 (55), 10 (65), 32 (99)]";1162;"Maquina 2: [8 (3), 25 (10), 33 (45), 23 (29), 28 (55), 15 (81)]";848;"Maquina 3: [19 (14), 12 (3), 1 (22), 24 (29), 22 (60), 17 (90), 21 (51)]";966;"Maquina 4: [30 (15), 37 (4), 9 (29), 4 (42), 20 (55), 2 (71)]";807;"Maquina 5: [26 (18), 7 (5), 27 (16), 3 (52), 18 (61), 6 (31), 11 (90)]";918;"Maquina 6: [13 (5), 38 (16), 16 (40), 31 (69), 29 (19), 36 (54), 34 (95)]";1131
GRASP;40;6;4975;391.0;250;"Maquina 1: [8 (3), 0 (3), 19 (14), 6 (31), 14 (55), 36 (54), 11 (90)]";715;"Maquina 2: [13 (5), 30 (15), 18 (61), 38 (16), 4 (42), 20 (55), 15 (81)]";929;"Maquina 3: [25 (10), 22 (60), 1 (22), 16 (40), 10 (65), 17 (90)]";873;"Maquina 4: [26 (18), 27 (16), 5 (49), 39 (27), 21 (51), 32 (99)]";727;"Maquina 5: [37 (4), 7 (5), 23 (29), 9 (29), 29 (19), 3 (52), 2 (71)]";689;"Maquina 6: [24 (29), 35 (6), 31 (69), 12 (3), 33 (45), 28 (55), 34 (95)]";1042
LNS;40;6;5750;10.0;250;"Maquina 1: [35 (6), 0 (3), 5 (49), 39 (27), 14 (55), 10 (65), 32 (99)]";1162;"Maquina 2: [8 (3), 28 (55), 33 (45), 25 (10), 23 (29), 15 (81)]";773;"Maquina 3: [19 (14), 12 (3), 1 (22), 24 (29), 22 (60), 17 (90), 21 (51)]";966;"Maquina 4: [30 (15), 37 (4), 20 (55), 9 (29), 4 (42), 2 (71)]";800;"Maquina 5: [26 (18), 7 (5), 27 (16), 3 (52), 18 (61), 6 (31), 11 (90)]";918;"Maquina 6: [13 (5), 38 (16), 16 (40), 31 (69), 29 (19), 36 (54), 34 (95)]";1131
TABÚ;40;6;5161;112.0;250;"Maquina 1: [27 (16), 12 (3), 1 (22), 3 (52), 29 (19), 17 (90)]";544;"Maquina 2: [8 (3), 0 (3), 19 (14), 36 (54), 16 (40), 4 (42), 2 (71)]";693;"Maquina 3: [7 (5), 6 (31), 5 (49), 9 (29), 28 (55), 18 (61)]";771;"Maquina 4: [13 (5), 24 (29), 38 (16), 39 (27), 22 (60), 15 (81), 34 (95)]";981;"Maquina 5: [25 (10), 30 (15), 37 (4), 20 (55), 31 (69), 10 (65), 33 (45)]";1032;"Maquina 6: [26 (18), 35 (6), 14 (55), 23 (29), 21 (51), 32 (99), 11 (90)]";1140
VNS;40;6;5190;4284.0;250;"Maquina 1: [0 (3), 5 (49), 39 (27), 21 (51), 32 (99)]";548;"Maquina 2: [8 (3), 35 (6), 6 (31), 14 (55), 33 (45), 9 (29), 28 (55)]";769;"Maquina 3: [19 (14), 13 (5), 12 (3), 1 (22), 29 (19), 22 (60), 3 (52), 17 (90)]";869;"Maquina 4: [30 (15), 7 (5), 23 (29), 20 (55), 4 (42), 2 (71), 34 (95)]";1086;"Maquina 5: [26 (18), 27 (16), 18 (61), 25 (10), 11 (90), 15 (81)]";833;"Maquina 6: [37 (4), 38 (16), 16 (40), 10 (65), 24 (29), 36 (54), 31 (69)]";1085
Multiarranque;40;6;5292;444.0;250;"Maquina 1: [12 (3), 23 (29), 9 (29), 35 (6), 20 (55), 18 (61), 32 (99)]";923;"Maquina 2: [24 (29), 37 (4), 3 (52), 27 (16), 28 (55), 31 (69)]";785;"Maquina 3: [7 (5), 0 (3), 38 (16), 6 (31), 14 (55), 33 (45), 17 (90)]";763;"Maquina 4: [8 (3), 19 (14), 1 (22), 36 (54), 16 (40), 34 (95), 10 (65)]";1016;"Maquina 5: [26 (18), 29 (19), 25 (10), 22 (60), 5 (49), 15 (81)]";749;"Maquina 6: [13 (5), 30 (15), 39 (27), 21 (51), 4 (42), 2 (71), 11 (90)]";1056
GREEDY;40;6;6095;0.0;1;"Maquina 1: [4 (23), 23 (7), 9 (2), 28 (46), 14 (67), 37 (77), 22 (98)]";1204;"Maquina 2: [8 (8), 30 (2), 20 (20), 15 (56), 27 (74), 26 (33), 29 (89)]";951;"Maquina 3: [18 (29), 3 (4), 19 (9), 11 (48), 16 (67), 36 (82)]";820;"Maquina 4: [33 (20), 7 (4), 31 (10), 6 (43), 1 (66), 32 (80), 39 (96)]";1161;"Maquina 5: [12 (5), 10 (13), 2 (27), 0 (34), 25 (56), 24 (90), 21 (76)]";1068;"Maquina 6: [38 (18), 17 (6), 34 (67), 35 (31), 13 (52), 5 (85)]";891
GRASP;40;6;5290;393.0;250;"Maquina 1: [17 (6), 31 (10), 11 (48), 0 (34), 13 (52), 24 (90)]";626;"Maquina 2: [30 (2), 33 (20), 19 (9), 6 (43), 16 (67), 32 (80), 36 (82)]";947;"Maquina 3: [4 (23), 7 (4), 9 (2), 27 (74), 26 (33), 21 (76), 22 (98)]";973;"Maquina 4: [8 (8), 23 (7), 10 (13), 28 (46), 20 (20), 5 (85), 29 (89)]";821;"Maquina 5: [12 (5), 18 (29), 34 (67), 15 (56), 25 (56), 39 (96)]";913;"Maquina 6: [38 (18), 3 (4), 35 (31), 1 (66), 2 (27), 14 (67), 37 (77)]";1010
LNS;40;6;6095;10.0;250;"Maquina 1: [4 (23), 23 (7), 9 (2), 28 (46), 14 (67), 37 (77), 22 (98)]";1204;"Maquina 2: [8 (8), 30 (2), 20 (20), 15 (56), 27 (74), 26 (33), 29 (89)]";951;"Maquina 3: [18 (29), 3 (4), 19 (9), 11 (48), 16 (67), 36 (82)]";820;"Maquina 4: [33 (20), 7 (4), 31 (10), 6 (43), 1 (66), 32 (80), 39 (96)]";1161;"Maquina 5: [12 (5), 10 (13), 2 (27), 0 (34), 25 (56), 24 (90), 21 (76)]";1068;"Maquina 6: [38 (18), 17 (6), 34 (67), 35 (31), 13 (52), 5 (85)]";891
TABÚ;40;6;5138;119.0;250;"Maquina 1: [3 (4), 9 (2), 7 (4), 2 (27), 28 (46), 27 (74), 36 (82)]";601;"Maquina 2: [12 (5), 23 (7), 13 (52), 11 (48), 16 (67), 15 (56), 39 (96)]";1017;"Maquina 3: [35 (31), 20 (20), 38 (18), 25 (56), 5 (85), 24 (90)]";910;"Maquina 4: [33 (20), 19 (9), 10 (13), 4 (23), 6 (43), 22 (98), 37 (77)]";898;"Maquina 5: [17 (6), 31 (10), 18 (29), 30 (2), 34 (67), 26 (33), 21 (76)]";663;"Maquina 6: [0 (34), 8 (8), 1 (66), 14 (67), 32 (80), 29 (89)]";1049
VNS;40;6;5324;5035.0;250;"Maquina 1: [4 (23), 23 (7), 9 (2), 36 (82), 14 (67), 32 (80)]";751;"Maquina 2: [8 (8), 30 (2), 33 (20), 19 (9), 35 (31), 15 (56), 39 (96), 22 (98)]";950;"Maquina 3: [26 (33), 18 (29), 3 (4), 20 (20), 6 (43), 16 (67), 5 (85)]";961;"Maquina 4: [7 (4), 31 (10), 11 (48), 0 (34), 21 (76), 27 (74)]";734;"Maquina 5: [12 (5), 10 (13), 2 (27), 1 (66), 25 (56), 29 (89), 37 (77)]";1071;"Maquina 6: [38 (18), 17 (6), 34 (67), 28 (46), 13 (52), 24 (90)]";857
Multiarranque;40;6;5624;436.0;250;"Maquina 1: [8 (8), 30 (2), 33 (20), 21 (76), 6 (43), 25 (56), 29 (89)]";893;"Maquina 2: [3 (4), 19 (9), 35 (31), 15 (56), 27 (74), 36 (82)]";809;"Maquina 3: [7 (4), 31 (10), 20 (20), 37 (77), 28 (46), 1 (66), 39 (96)]";1125;"Maquina 4: [12 (5), 18 (29), 34 (67), 0 (34), 38 (18), 5 (85)]";756;"Maquina 5: [9 (2), 17 (6), 4 (23), 26 (33), 16 (67), 13 (52), 24 (90)]";956;"Maquina 6: [23 (7), 10 (13), 11 (48), 2 (27), 14 (67), 32 (80), 22 (98)]";1085
GREEDY;40;6;6965;0.0;1;"Maquina 1: [37 (15), 26 (2), 38 (34), 5 (29), 13 (44), 27 (74), 20 (92)]";1011;"Maquina 2: [4 (19), 35 (6), 18 (30), 10 (36), 3 (61), 31 (86), 0 (97)]";1260;"Maquina 3: [36 (6), 25 (19), 23 (32), 19 (43), 39 (91), 21 (63), 30 (99)]";1275;"Maquina 4: [11 (7), 32 (21), 34 (32), 8 (51), 14 (79), 7 (94)]";1047;"Maquina 5: [9 (12), 22 (33), 16 (23), 15 (43), 33 (98), 29 (66), 24 (89)]";1296;"Maquina 6: [17 (13), 1 (58), 2 (34), 28 (25), 12 (83), 6 (94)]";1076
GRASP;40;6;6265;393.0;250;"Maquina 1: [35 (6), 25 (19), 34 (32), 23 (32), 21 (63), 12 (83), 20 (92)]";1050;"Maquina 2: [26 (2), 9 (12), 13 (44), 27 (74), 7 (94), 29 (66), 30 (99)]";1206;"Maquina 3: [36 (6), 16 (23), 5 (29), 22 (33), 17 (13), 24 (89), 0 (97)]";942;"Maquina 4: [10 (36), 28 (25), 2 (34), 18 (30), 19 (43), 39 (91), 31 (86)]";1221;"Maquina 5: [37 (15), 32 (21), 15 (43), 11 (7), 33 (98), 6 (94)]";867;"Maquina 6: [38 (34), 4 (19), 8 (51), 3 (61), 1 (58), 14 (79)]";979
LNS;40;6;6965;10.0;250;"Maquina 1: [37 (15), 26 (2), 38 (34), 5 (29), 13 (44), 27 (74), 20 (92)]";1011;"Maquina 2: [4 (19), 35 (6), 18 (30), 10 (36), 3 (61), 31 (86), 0 (97)]";1260;"Maquina 3: [36 (6), 25 (19), 23 (32), 19 (43), 39 (91), 21 (63), 30 (99)]";1275;"Maquina 4: [11 (7), 32 (21), 34 (32), 8 (51), 14 (79), 7 (94)]";1047;"Maquina 5: [9 (12), 22 (33), 16 (23), 15 (43), 33 (98), 29 (66), 24 (89)]";1296;"Maquina 6: [17 (13), 1 (58), 2 (34), 28 (25), 12 (83), 6 (94)]";1076
TABÚ;40;6;6167;114.0;250;"Maquina 1: [9 (12), 22 (33), 18 (30), 34 (32), 19 (43), 39 (91), 24 (89)]";1098;"Maquina 2: [28 (25), 11 (7), 38 (34), 12 (83), 33 (98), 6 (94)]";959;"Maquina 3: [36 (6), 5 (29), 15 (43), 23 (32), 3 (61), 21 (63), 31 (86)]";1185;"Maquina 4: [32 (21), 26 (2), 10 (36), 25 (19), 29 (66), 30 (99), 20 (92)]";1086;"Maquina 5: [2 (34), 4 (19), 35 (6), 17 (13), 8 (51), 14 (79), 7 (94)]";934;"Maquina 6: [16 (23), 37 (15), 1 (58), 13 (44), 27 (74), 0 (97)]";905
VNS;40;6;6241;5382.0;250;"Maquina 1: [25 (19), 37 (15), 26 (2), 38 (34), 4 (19), 32 (21), 3 (61), 27 (74), 33 (98)]";1260;"Maquina 2: [11 (7), 35 (6), 2 (34), 13 (44), 24 (89), 0 (97), 39 (91)]";1131;"Maquina 3: [36 (6), 34 (32), 23 (32), 19 (43), 15 (43), 30 (99), 6 (94)]";1119;"Maquina 4: [5 (29), 8 (51), 14 (79), 7 (94), 10 (36)]";879;"Maquina 5: [9 (12), 22 (33), 16 (23), 21 (63), 31 (86), 20 (92)]";907;"Maquina 6: [17 (13), 1 (58), 18 (30), 28 (25), 12 (83), 29 (66)]";945
Multiarranque;40;6;6380;431.0;250;"Maquina 1: [32 (21), 4 (19), 35 (6), 22 (33), 15 (43), 31 (86), 30 (99)]";1027;"Maquina 2: [16 (23), 13 (44), 11 (7), 29 (66), 27 (74), 33 (98)]";971;"Maquina 3: [5 (29), 17 (13), 10 (36), 21 (63), 12 (83), 20 (92)]";1110;"Maquina 4: [37 (15), 18 (30), 38 (34), 1 (58), 6 (94), 3 (61), 0 (97)]";1378;"Maquina 5: [36 (6), 34 (32), 25 (19), 23 (32), 19 (43), 39 (91), 24 (89)]";968;"Maquina 6: [26 (2), 9 (12), 28 (25), 2 (34), 14 (79), 7 (94), 8 (51)]";926
GREEDY;40;6;8237;0.0;1;"Maquina 1: [31 (5), 33 (46), 11 (53), 39 (24), 32 (65), 30 (74), 28 (99)]";1622;"Maquina 2: [0 (10), 35 (25), 37 (51), 29 (38), 34 (63), 13 (71), 14 (88)]";1388;"Maquina 3: [2 (14), 10 (27), 17 (62), 19 (31), 18 (50), 21 (95), 1 (74)]";1389;"Maquina 4: [6 (28), 38 (16), 24 (69), 8 (59), 15 (49), 3 (75)]";1188;"Maquina 5: [7 (17), 4 (29), 27 (50), 22 (39), 9 (64), 25 (74), 36 (98)]";1399;"Maquina 6: [20 (20), 16 (29), 12 (50), 5 (61), 26 (77), 23 (70)]";1251
GRASP;40;6;6814;398.0;250;"Maquina 1: [31 (5), 20 (20), 15 (49), 34 (63), 30 (74), 1 (74), 21 (95)]";1215;"Maquina 2: [2 (14), 10 (27), 35 (25), 37 (51), 9 (64), 8 (59), 14 (88)]";1154;"Maquina 3: [7 (17), 4 (29), 5 (61), 32 (65), 25 (74), 3 (75), 28 (99)]";1466;"Maquina 4: [39 (24), 38 (16), 16 (29), 19 (31), 24 (69), 12 (50), 11 (53)]";994;"Maquina 5: [22 (39), 18 (50), 6 (28), 33 (46), 26 (77), 13 (71)]";1040;"Maquina 6: [0 (10), 27 (50), 29 (38), 23 (70), 17 (62), 36 (98)]";945
LNS;40;6;8182;10.0;250;"Maquina 1: [31 (5), 33 (46), 11 (53), 39 (24), 32 (65), 30 (74), 28 (99)]";1622;"Maquina 2: [0 (10), 35 (25), 13 (71), 29 (38), 34 (63), 37 (51), 14 (88)]";1376;"Maquina 3: [2 (14), 10 (27), 17 (62), 19 (31), 18 (50), 21 (95), 1 (74)]";1389;"Maquina 4: [6 (28), 38 (16), 24 (69), 15 (49), 8 (59), 3 (75)]";1147;"Maquina 5: [7 (17), 4 (29), 27 (50), 22 (39), 9 (64), 25 (74), 36 (98)]";1399;"Maquina 6: [12 (50), 16 (29), 20 (20), 5 (61), 26 (77), 23 (70)]";1249
TABÚ;40;6;6997;115.0;250;"Maquina 1: [7 (17), 4 (29), 16 (29), 19 (31), 30 (74), 36 (98)]";755;"Maquina 2: [20 (20), 15 (49), 37 (51), 29 (38), 8 (59), 26 (77), 28 (99)]";1456;"Maquina 3: [2 (14), 18 (50), 6 (28), 34 (63), 32 (65), 17 (62), 3 (75)]";1349;"Maquina 4: [31 (5), 12 (50), 10 (27), 27 (50), 13 (71), 23 (70), 24 (69)]";1219;"Maquina 5: [39 (24), 38 (16), 25 (74), 22 (39), 9 (64), 11 (53), 21 (95)]";1304;"Maquina 6: [0 (10), 35 (25), 5 (61), 33 (46), 1 (74), 14 (88)]";914
VNS;40;6;7106;3607.0;250;"Maquina 1: [31 (5), 12 (50), 11 (53), 34 (63), 32 (65), 28 (99)]";1050;"Maquina 2: [10 (27), 27 (50), 37 (51), 5 (61), 13 (71), 14 (88)]";1168;"Maquina 3: [2 (14), 0 (10), 17 (62), 15 (49), 19 (31), 24 (69), 21 (95)]";1117;"Maquina 4: [39 (24), 6 (28), 18 (50), 29 (38), 20 (20), 33 (46), 26 (77), 30 (74)]";1556;"Maquina 5: [7 (17), 4 (29), 35 (25), 22 (39), 8 (59), 25 (74), 36 (98)]";1167;"Maquina 6: [38 (16), 16 (29), 1 (74), 3 (75), 9 (64), 23 (70)]";1048
Multiarranque;40;6;7194;430.0;250;"Maquina 1: [31 (5), 20 (20), 7 (17), 4 (29), 5 (61), 3 (75), 17 (62), 14 (88)]";1348;"Maquina 2: [39 (24), 6 (28), 13 (71), 12 (50), 11 (53), 36 (98), 1 (74)]";1432;"Maquina 3: [38 (16), 16 (29), 8 (59), 18 (50), 32 (65), 24 (69)]";1025;"Maquina 4: [29 (38), 35 (25), 37 (51), 9 (64), 23 (70), 25 (74)]";1136;"Maquina 5: [2 (14), 0 (10), 27 (50), 22 (39), 34 (63), 30 (74), 28 (99)]";1178;"Maquina 6: [10 (27), 15 (49), 19 (31), 33 (46), 26 (77), 21 (95)]";1075
GREEDY;40;6;9026;0.0;1;"Maquina 1: [26 (15), 27 (31), 0 (3), 2 (76), 19 (82), 1 (50), 16 (91)]";1528;"Maquina 2: [10 (17), 35 (5), 32 (28), 11 (78), 12 (48), 39 (82), 30 (91)]";1634;"Maquina 3: [28 (19), 3 (6), 38 (89), 9 (60), 21 (68), 33 (80), 8 (40)]";1454;"Maquina 4: [17 (83), 4 (6), 15 (20), 24 (41), 23 (60), 13 (78)]";1332;"Maquina 5: [20 (7), 18 (21), 25 (80), 37 (87), 5 (61), 22 (46), 34 (93)]";1787;"Maquina 6: [31 (26), 6 (10), 36 (61), 14 (79), 7 (86), 29 (46)]";1291
GRASP;40;6;7567;394.0;250;"Maquina 1: [6 (10), 15 (20), 8 (40), 25 (80), 37 (87), 19 (82), 39 (82)]";1479;"Maquina 2: [4 (6), 0 (3), 24 (41), 35 (5), 23 (60), 30 (91), 7 (86)]";1142;"Maquina 3: [29 (46), 36 (61), 13 (78), 21 (68), 27 (31), 17 (83)]";1338;"Maquina 4: [28 (19), 3 (6), 12 (48), 18 (21), 1 (50), 11 (78), 16 (91), 34 (93)]";1627;"Maquina 5: [32 (28), 31 (26), 9 (60), 20 (7), 14 (79), 33 (80)]";1009;"Maquina 6: [10 (17), 26 (15), 5 (61), 2 (76), 22 (46), 38 (89)]";972
LNS;40;6;8936;10.0;250;"Maquina 1: [26 (15), 27 (31), 0 (3), 2 (76), 19 (82), 1 (50), 16 (91)]";1528;"Maquina 2: [10 (17), 35 (5), 32 (28), 11 (78), 12 (48), 39 (82), 30 (91)]";1634;"Maquina 3: [28 (19), 3 (6), 38 (89), 9 (60), 21 (68), 33 (80), 8 (40)]";1454;"Maquina 4: [17 (83), 15 (20), 24 (41), 4 (6), 23 (60), 13 (78)]";1242;"Maquina 5: [20 (7), 18 (21), 25 (80), 37 (87), 5 (61), 22 (46), 34 (93)]";1787;"Maquina 6: [31 (26), 6 (10), 36 (61), 14 (79), 7 (86), 29 (46)]";1291
TABÚ;40;6;7325;116.0;250;"Maquina 1: [15 (20), 24 (41), 12 (48), 18 (21), 13 (78), 31 (26), 34 (93)]";1306;"Maquina 2: [35 (5), 29 (46), 28 (19), 19 (82), 23 (60), 5 (61), 16 (91)]";1344;"Maquina 3: [20 (7), 26 (15), 27 (31), 38 (89), 39 (82), 14 (79), 7 (86)]";1339;"Maquina 4: [0 (3), 32 (28), 10 (17), 9 (60), 21 (68), 25 (80), 30 (91)]";1328;"Maquina 5: [3 (6), 6 (10), 2 (76), 36 (61), 17 (83), 33 (80)]";990;"Maquina 6: [22 (46), 1 (50), 4 (6), 8 (40), 37 (87), 11 (78)]";1018
VNS;40;6;7605;4113.0;250;"Maquina 1: [20 (7), 26 (15), 27 (31), 0 (3), 8 (40), 12 (48), 22 (46), 36 (61), 25 (80)]";1749;"Maquina 2: [10 (17), 35 (5), 28 (19), 11 (78), 32 (28), 1 (50), 34 (93), 17 (83)]";1528;"Maquina 3: [4 (6), 3 (6), 38 (89), 9 (60), 21 (68), 33 (80), 13 (78)]";1388;"Maquina 4: [31 (26), 15 (20), 24 (41), 16 (91), 39 (82)]";770;"Maquina 5: [18 (21), 29 (46), 23 (60), 19 (82), 5 (61), 37 (87)]";1230;"Maquina 6: [6 (10), 2 (76), 14 (79), 7 (86), 30 (91)]";940
Multiarranque;40;6;7854;427.0;250;"Maquina 1: [0 (3), 9 (60), 25 (80), 35 (5), 23 (60), 7 (86), 33 (80)]";1379;"Maquina 2: [22 (46), 28 (19), 15 (20), 37 (87), 11 (78), 34 (93)]";1216;"Maquina 3: [4 (6), 21 (68), 14 (79), 19 (82), 1 (50), 17 (83)]";1423;"Maquina 4: [20 (7), 5 (61), 3 (6), 38 (89), 39 (82), 13 (78)]";985;"Maquina 5: [32 (28), 31 (26), 27 (31), 18 (21), 29 (46), 8 (40), 2 (76)]";1171;"Maquina 6: [10 (17), 26 (15), 24 (41), 12 (48), 6 (10), 36 (61), 30 (91), 16 (91)]";1680
GREEDY;40;6;9622;0.0;1;"Maquina 1: [26 (3), 25 (12), 30 (49), 7 (34), 5 (71), 24 (89)]";1463;"Maquina 2: [8 (5), 37 (40), 35 (58), 9 (17), 32 (98), 36 (80), 23 (68)]";1498;"Maquina 3: [22 (5), 13 (41), 10 (23), 34 (63), 19 (76), 11 (90)]";1491;"Maquina 4: [6 (7), 27 (99), 2 (37), 1 (58), 21 (23), 0 (85), 12 (75)]";1813;"Maquina 5: [33 (54), 39 (10), 17 (42), 31 (24), 16 (71), 3 (99), 14 (84)]";1743;"Maquina 6: [20 (12), 4 (32), 28 (40), 29 (70), 18 (43), 38 (79), 15 (91)]";1614
GRASP;40;6;7805;391.0;250;"Maquina 1: [20 (12), 25 (12), 17 (42), 28 (40), 29 (70), 5 (71), 24 (89)]";1222;"Maquina 2: [21 (23), 34 (63), 7 (34), 1 (58), 33 (54), 11 (90), 3 (99)]";1545;"Maquina 3: [26 (3), 4 (32), 23 (68), 12 (75), 15 (91), 38 (79)]";1284;"Maquina 4: [31 (24), 8 (5), 13 (41), 16 (71), 10 (23), 14 (84), 27 (99)]";1305;"Maquina 5: [22 (5), 6 (7), 37 (40), 35 (58), 19 (76), 0 (85), 36 (80)]";1348;"Maquina 6: [2 (37), 39 (10), 18 (43), 9 (17), 32 (98), 30 (49)]";1101
LNS;40;6;9622;10.0;250;"Maquina 1: [26 (3), 25 (12), 30 (49), 7 (34), 5 (71), 24 (89)]";1463;"Maquina 2: [8 (5), 37 (40), 35 (58), 9 (17), 32 (98), 36 (80), 23 (68)]";1498;"Maquina 3: [22 (5), 13 (41), 10 (23), 34 (63), 19 (76), 11 (90)]";1491;"Maquina 4: [6 (7), 27 (99), 2 (37), 1 (58), 21 (23), 0 (85), 12 (75)]";1813;"Maquina 5: [33 (54), 39 (10), 17 (42), 31 (24), 16 (71), 3 (99), 14 (84)]";1743;"Maquina 6: [20 (12), 4 (32), 28 (40), 29 (70), 18 (43), 38 (79), 15 (91)]";1614
TABÚ;40;6;8076;113.0;250;"Maquina 1: [21 (23), 16 (71), 33 (54), 35 (58), 9 (17), 15 (91), 34 (63)]";1511;"Maquina 2: [37 (40), 7 (34), 22 (5), 4 (32), 13 (41), 19 (76), 0 (85)]";1381;"Maquina 3: [2 (37), 39 (10), 18 (43), 38 (79), 1 (58), 24 (89)]";1229;"Maquina 4: [28 (40), 10 (23), 26 (3), 8 (5), 5 (71), 36 (80), 14 (84)]";1315;"Maquina 5: [20 (12), 25 (12), 30 (49), 29 (70), 27 (99), 32 (98)]";1085;"Maquina 6: [6 (7), 17 (42), 31 (24), 12 (75), 23 (68), 11 (90), 3 (99)]";1555
VNS;40;6;8242;6149.0;250;"Maquina 1: [20 (12), 25 (12), 30 (49), 29 (70), 5 (71), 38 (79), 11 (90)]";1401;"Maquina 2: [37 (40), 35 (58), 9 (17), 32 (98), 14 (84), 27 (99)]";1364;"Maquina 3: [22 (5), 36 (80), 13 (41), 10 (23), 3 (99), 19 (76)]";1404;"Maquina 4: [2 (37), 6 (7), 21 (23), 34 (63), 0 (85), 16 (71)]";1134;"Maquina 5: [33 (54), 39 (10), 17 (42), 31 (24), 12 (75), 23 (68)]";1095;"Maquina 6: [8 (5), 26 (3), 4 (32), 28 (40), 7 (34), 18 (43), 1 (58), 24 (89), 15 (91)]";1844
Multiarranque;40;6;8170;431.0;250;"Maquina 1: [2 (37), 20 (12), 13 (41), 5 (71), 36 (80), 24 (89), 14 (84)]";1638;"Maquina 2: [17 (42), 31 (24), 12 (75), 9 (17), 30 (49), 3 (99)]";1200;"Maquina 3: [8 (5), 26 (3), 39 (10), 18 (43), 7 (34), 35 (58), 34 (63), 0 (85)]";1198;"Maquina 4: [6 (7), 33 (54), 19 (76), 28 (40), 32 (98), 27 (99)]";1533;"Maquina 5: [29 (70), 22 (5), 37 (40), 10 (23), 11 (90), 38 (79)]";1300;"Maquina 6: [4 (32), 25 (12), 23 (68), 21 (23), 16 (71), 1 (58), 15 (91)]";1301
GREEDY;40;6;8436;0.0;1;"Maquina 1: [22 (26), 24 (3), 21 (21), 19 (37), 9 (80), 33 (69), 4 (56)]";1287;"Maquina 2: [3 (5), 0 (27), 5 (22), 36 (43), 27 (59), 20 (67), 39 (73)]";1337;"Maquina 3: [18 (22), 16 (11), 8 (50), 29 (26), 25 (63), 26 (92), 14 (71)]";1537;"Maquina 4: [10 (71), 7 (24), 32 (11), 12 (34), 28 (58), 34 (89)]";1572;"Maquina 5: [38 (31), 35 (25), 17 (19), 31 (64), 2 (72), 15 (94), 11 (44)]";1571;"Maquina 6: [13 (26), 6 (20), 30 (27), 23 (72), 37 (66), 1 (48)]";1132
GRASP;40;6;7312;391.0;250;"Maquina 1: [3 (5), 0 (27), 17 (19), 14 (71), 23 (72), 19 (37), 39 (73)]";1162;"Maquina 2: [28 (58), 21 (21), 32 (11), 8 (50), 15 (94), 7 (24), 2 (72)]";1598;"Maquina 3: [22 (26), 27 (59), 16 (11), 13 (26), 25 (63), 10 (71), 26 (92)]";1494;"Maquina 4: [24 (3), 18 (22), 30 (27), 5 (22), 31 (64), 33 (69), 34 (89)]";1176;"Maquina 5: [35 (25), 36 (43), 38 (31), 29 (26), 20 (67), 4 (56)]";885;"Maquina 6: [6 (20), 12 (34), 11 (44), 9 (80), 37 (66), 1 (48)]";997
LNS;40;6;8436;10.0;250;"Maquina 1: [22 (26), 24 (3), 21 (21), 19 (37), 9 (80), 33 (69), 4 (56)]";1287;"Maquina 2: [3 (5), 0 (27), 5 (22), 36 (43), 27 (59), 20 (67), 39 (73)]";1337;"Maquina 3: [18 (22), 16 (11), 8 (50), 29 (26), 25 (63), 26 (92), 14 (71)]";1537;"Maquina 4: [10 (71), 7 (24), 32 (11), 12 (34), 28 (58), 34 (89)]";1572;"Maquina 5: [38 (31), 35 (25), 17 (19), 31 (64), 2 (72), 15 (94), 11 (44)]";1571;"Maquina 6: [13 (26), 6 (20), 30 (27), 23 (72), 37 (66), 1 (48)]";1132
TABÚ;40;6;7664;115.0;250;"Maquina 1: [21 (21), 3 (5), 0 (27), 25 (63), 4 (56), 39 (73), 28 (58), 23 (72)]";1817;"Maquina 2: [24 (3), 18 (22), 16 (11), 33 (69), 12 (34), 8 (50), 34 (89)]";1116;"Maquina 3: [35 (25), 19 (37), 37 (66), 7 (24), 1 (48), 15 (94)]";1075;"Maquina 4: [29 (26), 20 (67), 5 (22), 14 (71), 31 (64), 2 (72)]";1137;"Maquina 5: [22 (26), 30 (27), 32 (11), 17 (19), 27 (59), 10 (71), 26 (92)]";1471;"Maquina 6: [13 (26), 6 (20), 38 (31), 36 (43), 11 (44), 9 (80)]";1048
VNS;40;6;7265;6278.0;250;"Maquina 1: [24 (3), 28 (58), 19 (37), 9 (80), 21 (21), 14 (71)]";982;"Maquina 2: [3 (5), 0 (27), 22 (26), 5 (22), 36 (43), 33 (69), 4 (56), 39 (73)]";1221;"Maquina 3: [35 (25), 18 (22), 30 (27), 29 (26), 20 (67), 26 (92), 32 (11)]";1138;"Maquina 4: [37 (66), 7 (24), 27 (59), 25 (63), 34 (89)]";995;"Maquina 5: [38 (31), 17 (19), 31 (64), 2 (72), 15 (94), 11 (44)]";1247;"Maquina 6: [13 (26), 6 (20), 16 (11), 12 (34), 8 (50), 23 (72), 10 (71), 1 (48)]";1682
Multiarranque;40;6;7989;433.0;250;"Maquina 1: [5 (22), 32 (11), 8 (50), 29 (26), 20 (67), 39 (73)]";991;"Maquina 2: [7 (24), 1 (48), 16 (11), 19 (37), 25 (63), 2 (72), 15 (94)]";1683;"Maquina 3: [12 (34), 24 (3), 18 (22), 23 (72), 10 (71), 4 (56)]";982;"Maquina 4: [38 (31), 30 (27), 35 (25), 17 (19), 14 (71), 28 (58), 34 (89)]";1520;"Maquina 5: [3 (5), 0 (27), 31 (64), 6 (20), 36 (43), 9 (80), 37 (66)]";1298;"Maquina 6: [21 (21), 13 (26), 11 (44), 26 (92), 22 (26), 27 (59), 33 (69)]";1515
GREEDY;40;6;10141;0.0;1;"Maquina 1: [5 (88), 31 (71), 10 (4), 23 (55), 25 (95), 33 (20)]";1488;"Maquina 2: [17 (5), 11 (54), 15 (25), 14 (70), 36 (83), 24 (92)]";1586;"Maquina 3: [35 (8), 1 (30), 34 (37), 19 (72), 30 (59), 20 (83), 26 (91)]";1457;"Maquina 4: [38 (12), 28 (30), 0 (38), 6 (75), 18 (97), 16 (61), 3 (90)]";1744;"Maquina 5: [29 (17), 39 (30), 8 (44), 32 (68), 7 (77), 12 (90), 21 (97)]";1894;"Maquina 6: [22 (20), 13 (35), 2 (49), 37 (99), 9 (81), 27 (61), 4 (90)]";1972
GRASP;40;6;8865;387.0;250;"Maquina 1: [10 (4), 29 (17), 17 (5), 16 (61), 4 (90), 3 (90), 21 (97)]";1229;"Maquina 2: [35 (8), 11 (54), 1 (30), 27 (61), 24 (92), 18 (97), 20 (83)]";1731;"Maquina 3: [8 (44), 38 (12), 39 (30), 7 (77), 32 (68), 14 (70), 19 (72)]";1625;"Maquina 4: [2 (49), 15 (25), 30 (59), 9 (81), 26 (91), 36 (83)]";1438;"Maquina 5: [0 (38), 34 (37), 13 (35), 28 (30), 5 (88), 31 (71)]";1157;"Maquina 6: [33 (20), 22 (20), 6 (75), 25 (95), 23 (55), 37 (99), 12 (90)]";1685
LNS;40;6;10141;10.0;250;"Maquina 1: [5 (88), 31 (71), 10 (4), 23 (55), 25 (95), 33 (20)]";1488;"Maquina 2: [17 (5), 11 (54), 15 (25), 14 (70), 36 (83), 24 (92)]";1586;"Maquina 3: [35 (8), 1 (30), 34 (37), 19 (72), 30 (59), 20 (83), 26 (91)]";1457;"Maquina 4: [38 (12), 28 (30), 0 (38), 6 (75), 18 (97), 16 (61), 3 (90)]";1744;"Maquina 5: [29 (17), 39 (30), 8 (44), 32 (68), 7 (77), 12 (90), 21 (97)]";1894;"Maquina 6: [22 (20), 13 (35), 2 (49), 37 (99), 9 (81), 27 (61), 4 (90)]";1972
TABÚ;40;6;8704;112.0;250;"Maquina 1: [29 (17), 10 (4), 16 (61), 28 (30), 31 (71), 7 (77), 18 (97)]";1291;"Maquina 2: [1 (30), 17 (5), 11 (54), 27 (61), 3 (90), 20 (83), 21 (97)]";1786;"Maquina 3: [38 (12), 8 (44), 30 (59), 26 (91), 9 (81), 23 (55)]";1182;"Maquina 4: [15 (25), 35 (8), 4 (90), 6 (75), 25 (95), 24 (92)]";1278;"Maquina 5: [13 (35), 0 (38), 34 (37), 32 (68), 5 (88), 12 (90), 19 (72)]";1755;"Maquina 6: [2 (49), 22 (20), 39 (30), 33 (20), 37 (99), 14 (70), 36 (83)]";1412
VNS;40;6;8465;5744.0;250;"Maquina 1: [30 (59), 35 (8), 23 (55), 25 (95), 16 (61), 37 (99)]";1345;"Maquina 2: [17 (5), 18 (97), 14 (70), 36 (83), 20 (83), 26 (91)]";1442;"Maquina 3: [10 (4), 1 (30), 34 (37), 19 (72), 27 (61), 24 (92), 11 (54)]";1221;"Maquina 4: [38 (12), 28 (30), 0 (38), 6 (75), 4 (90), 33 (20), 3 (90)]";1509;"Maquina 5: [29 (17), 39 (30), 13 (35), 32 (68), 7 (77), 12 (90), 21 (97)]";1453;"Maquina 6: [15 (25), 22 (20), 8 (44), 2 (49), 5 (88), 31 (71), 9 (81)]";1495
Multiarranque;40;6;9086;431.0;250;"Maquina 1: [38 (12), 34 (37), 19 (72), 31 (71), 20 (83), 16 (61), 1 (30)]";1643;"Maquina 2: [8 (44), 2 (49), 12 (90), 9 (81), 28 (30), 18 (97)]";1530;"Maquina 3: [22 (20), 27 (61), 35 (8), 23 (55), 0 (38), 36 (83), 37 (99)]";1348;"Maquina 4: [11 (54), 7 (77), 32 (68), 15 (25), 26 (91), 24 (92)]";1646;"Maquina 5: [33 (20), 39 (30), 13 (35), 30 (59), 14 (70), 25 (95), 5 (88)]";1595;"Maquina 6: [10 (4), 29 (17), 17 (5), 4 (90), 3 (90), 6 (75), 21 (97)]";1324
GREEDY;40;6;8574;1.0;1;"Maquina 1: [21 (17), 19 (45), 18 (1), 26 (36), 5 (87), 4 (66), 28 (76)]";1378;"Maquina 2: [24 (17), 9 (9), 33 (31), 29 (84), 31 (39), 25 (67), 39 (93)]";1558;"Maquina 3: [10 (10), 37 (72), 32 (17), 11 (97), 8 (36), 0 (59), 36 (83)]";1496;"Maquina 4: [7 (18), 35 (38), 17 (63), 15 (13), 23 (70), 1 (86)]";1284;"Maquina 5: [38 (23), 6 (16), 34 (40), 22 (34), 14 (64), 20 (78), 13 (88)]";1522;"Maquina 6: [30 (16), 16 (37), 3 (24), 12 (56), 27 (70), 2 (86)]";1336
GRASP;40;6;7479;390.0;250;"Maquina 1: [19 (45), 7 (18), 8 (36), 37 (72), 2 (86), 39 (93)]";1238;"Maquina 2: [21 (17), 10 (10), 13 (88), 14 (64), 1 (86), 0 (59), 23 (70)]";1539;"Maquina 3: [33 (31), 24 (17), 35 (38), 28 (76), 12 (56), 27 (70)]";1147;"Maquina 4: [9 (9), 38 (23), 6 (16), 30 (16), 26 (36), 4 (66), 20 (78)]";880;"Maquina 5: [34 (40), 18 (1), 16 (37), 31 (39), 17 (63), 29 (84), 36 (83)]";1211;"Maquina 6: [32 (17), 3 (24), 15 (13), 11 (97), 22 (34), 25 (67), 5 (87)]";1464
LNS;40;6;8574;11.0;250;"Maquina 1: [21 (17), 19 (45), 18 (1), 26 (36), 5 (87), 4 (66), 28 (76)]";1378;"Maquina 2: [24 (17), 9 (9), 33 (31), 29 (84), 31 (39), 25 (67), 39 (93)]";1558;"Maquina 3: [10 (10), 37 (72), 32 (17), 11 (97), 8 (36), 0 (59), 36 (83)]";1496;"Maquina 4: [7 (18), 35 (38), 17 (63), 15 (13), 23 (70), 1 (86)]";1284;"Maquina 5: [38 (23), 6 (16), 34 (40), 22 (34), 14 (64), 20 (78), 13 (88)]";1522;"Maquina 6: [30 (16), 16 (37), 3 (24), 12 (56), 27 (70), 2 (86)]";1336
TABÚ;40;6;7238;119.0;250;"Maquina 1: [7 (18), 4 (66), 35 (38), 23 (70), 5 (87), 20 (78)]";1190;"Maquina 2: [9 (9), 15 (13), 19 (45), 37 (72), 21 (17), 13 (88), 25 (67)]";1158;"Maquina 3: [10 (10), 26 (36), 18 (1), 16 (37), 3 (24), 39 (93), 17 (63)]";954;"Maquina 4: [30 (16), 8 (36), 33 (31), 38 (23), 36 (83), 11 (97)]";959;"Maquina 5: [6 (16), 24 (17), 22 (34), 29 (84), 32 (17), 2 (86), 28 (76)]";1175;"Maquina 6: [0 (59), 31 (39), 34 (40), 14 (64), 1 (86), 12 (56), 27 (70)]";1802
VNS;40;6;7806;8426.0;250;"Maquina 1: [21 (17), 19 (45), 18 (1), 26 (36), 5 (87), 4 (66), 2 (86)]";1344;"Maquina 2: [9 (9), 38 (23), 29 (84), 36 (83), 25 (67), 13 (88)]";1225;"Maquina 3: [33 (31), 10 (10), 37 (72), 32 (17), 23 (70), 0 (59)]";904;"Maquina 4: [7 (18), 17 (63), 15 (13), 22 (34), 3 (24), 1 (86), 39 (93)]";1507;"Maquina 5: [6 (16), 30 (16), 8 (36), 34 (40), 14 (64), 20 (78), 28 (76)]";1328;"Maquina 6: [24 (17), 35 (38), 11 (97), 16 (37), 31 (39), 12 (56), 27 (70)]";1498
Multiarranque;40;6;8079;434.0;250;"Maquina 1: [18 (1), 6 (16), 32 (17), 20 (78), 31 (39), 34 (40), 12 (56), 29 (84)]";1447;"Maquina 2: [27 (70), 33 (31), 4 (66), 30 (16), 3 (24), 36 (83)]";1421;"Maquina 3: [10 (10), 38 (23), 9 (9), 15 (13), 11 (97), 14 (64), 37 (72), 13 (88)]";1489;"Maquina 4: [16 (37), 0 (59), 24 (17), 23 (70), 5 (87), 28 (76)]";1428;"Maquina 5: [8 (36), 21 (17), 22 (34), 25 (67), 1 (86), 2 (86)]";1204;"Maquina 6: [7 (18), 17 (63), 19 (45), 26 (36), 35 (38), 39 (93)]";1090
GREEDY;40;6;9560;0.0;1;"Maquina 1: [29 (16), 23 (39), 7 (2), 21 (56), 2 (74), 5 (88)]";1437;"Maquina 2: [22 (8), 32 (18), 31 (49), 3 (31), 15 (69), 37 (79), 1 (94)]";1526;"Maquina 3: [30 (8), 4 (41), 20 (59), 27 (74), 33 (91), 16 (19)]";1416;"Maquina 4: [26 (45), 17 (10), 25 (25), 39 (32), 0 (79), 24 (63), 6 (91)]";1380;"Maquina 5: [12 (27), 19 (10), 38 (69), 34 (33), 9 (54), 36 (94), 8 (85)]";1834;"Maquina 6: [28 (16), 13 (29), 11 (74), 14 (87), 10 (39), 18 (55), 35 (96)]";1967
GRASP;40;6;8094;402.0;250;"Maquina 1: [19 (10), 7 (2), 34 (33), 9 (54), 14 (87), 11 (74), 36 (94)]";1416;"Maquina 2: [30 (8), 21 (56), 31 (49), 2 (74), 0 (79), 5 (88)]";1197;"Maquina 3: [17 (10), 13 (29), 32 (18), 33 (91), 4 (41), 27 (74)]";966;"Maquina 4: [25 (25), 39 (32), 6 (91), 18 (55), 15 (69), 22 (8), 35 (96)]";1524;"Maquina 5: [16 (19), 28 (16), 23 (39), 8 (85), 38 (69), 12 (27), 10 (39)]";1313;"Maquina 6: [20 (59), 3 (31), 29 (16), 26 (45), 24 (63), 37 (79), 1 (94)]";1678
LNS;40;6;9482;10.0;250;"Maquina 1: [29 (16), 23 (39), 2 (74), 21 (56), 7 (2), 5 (88)]";1421;"Maquina 2: [22 (8), 32 (18), 31 (49), 3 (31), 15 (69), 37 (79), 1 (94)]";1526;"Maquina 3: [30 (8), 4 (41), 20 (59), 27 (74), 33 (91), 16 (19)]";1416;"Maquina 4: [26 (45), 17 (10), 25 (25), 39 (32), 0 (79), 24 (63), 6 (91)]";1380;"Maquina 5: [12 (27), 19 (10), 38 (69), 34 (33), 9 (54), 36 (94), 8 (85)]";1834;"Maquina 6: [18 (55), 13 (29), 11 (74), 14 (87), 10 (39), 28 (16), 35 (96)]";1905
TABÚ;40;6;7593;122.0;250;"Maquina 1: [10 (39), 16 (19), 6 (91), 7 (2), 38 (69), 27 (74), 33 (91)]";1465;"Maquina 2: [39 (32), 29 (16), 26 (45), 17 (10), 18 (55), 15 (69), 1 (94)]";1281;"Maquina 3: [25 (25), 22 (8), 32 (18), 9 (54), 31 (49), 37 (79), 35 (96)]";1208;"Maquina 4: [23 (39), 28 (16), 11 (74), 20 (59), 3 (31), 5 (88)]";1079;"Maquina 5: [13 (29), 19 (10), 0 (79), 24 (63), 36 (94), 8 (85)]";1117;"Maquina 6: [12 (27), 30 (8), 34 (33), 14 (87), 21 (56), 4 (41), 2 (74)]";1443
VNS;40;6;7630;4464.0;250;"Maquina 1: [29 (16), 13 (29), 7 (2), 34 (33), 30 (8), 38 (69), 20 (59), 21 (56), 35 (96)]";1772;"Maquina 2: [22 (8), 32 (18), 39 (32), 31 (49), 37 (79), 10 (39), 6 (91)]";1312;"Maquina 3: [18 (55), 4 (41), 27 (74), 33 (91), 1 (94)]";1115;"Maquina 4: [26 (45), 17 (10), 25 (25), 3 (31), 0 (79), 24 (63), 36 (94)]";1303;"Maquina 5: [12 (27), 19 (10), 2 (74), 5 (88), 9 (54), 11 (74)]";1145;"Maquina 6: [16 (19), 28 (16), 23 (39), 8 (85), 14 (87), 15 (69)]";983
Multiarranque;40;6;7926;450.0;250;"Maquina 1: [29 (16), 12 (27), 19 (10), 2 (74), 20 (59), 3 (31), 6 (91)]";1196;"Maquina 2: [10 (39), 16 (19), 18 (55), 4 (41), 33 (91), 1 (94)]";1288;"Maquina 3: [7 (2), 27 (74), 24 (63), 37 (79), 34 (33), 38 (69)]";1246;"Maquina 4: [30 (8), 23 (39), 39 (32), 9 (54), 11 (74), 35 (96), 8 (85)]";1485;"Maquina 5: [28 (16), 31 (49), 25 (25), 14 (87), 0 (79), 15 (69), 21 (56)]";1499;"Maquina 6: [22 (8), 13 (29), 32 (18), 26 (45), 17 (10), 36 (94), 5 (88)]";1212
