GREEDY;50;4;15051;0.0;1;"Maquina 1: [38 (6), 16 (1), 24 (9), 19 (44), 18 (32), 45 (48), 25 (20), 5 (59), 36 (70), 21 (64), 31 (94), 40 (79), 2 (99)]";3622;"Maquina 2: [49 (6), 26 (2), 28 (80), 48 (9), 29 (42), 9 (28), 33 (61), 10 (71), 3 (48), 17 (65), 20 (95), 30 (99)]";3858;"Maquina 3: [35 (2), 1 (21), 15 (11), 6 (9), 27 (32), 14 (74), 41 (61), 13 (46), 44 (68), 34 (99), 47 (53), 37 (96), 12 (84)]";4155;"Maquina 4: [8 (3), 43 (28), 22 (9), 7 (54), 4 (15), 0 (70), 32 (33), 42 (62), 23 (47), 39 (76), 11 (90), 46 (97)]";3416
GRASP;50;4;13453;667.0;250;"Maquina 1: [35 (2), 1 (21), 18 (32), 43 (28), 22 (9), 45 (48), 9 (28), 47 (53), 17 (65), 12 (84), 46 (97), 34 (99)]";2935;"Maquina 2: [48 (9), 6 (9), 16 (1), 41 (61), 26 (2), 4 (15), 0 (70), 23 (47), 31 (94), 40 (79), 11 (90), 20 (95), 2 (99)]";3444;"Maquina 3: [15 (11), 27 (32), 13 (46), 38 (6), 19 (44), 3 (48), 21 (64), 36 (70), 14 (74), 7 (54), 44 (68), 30 (99)]";3618;"Maquina 4: [8 (3), 49 (6), 32 (33), 24 (9), 29 (42), 42 (62), 25 (20), 5 (59), 10 (71), 33 (61), 39 (76), 28 (80), 37 (96)]";3456
LNS;50;4;14957;40.0;250;"Maquina 1: [38 (6), 16 (1), 24 (9), 19 (44), 18 (32), 45 (48), 25 (20), 5 (59), 36 (70), 21 (64), 31 (94), 40 (79), 2 (99)]";3622;"Maquina 2: [49 (6), 26 (2), 28 (80), 48 (9), 29 (42), 9 (28), 33 (61), 10 (71), 3 (48), 17 (65), 20 (95), 30 (99)]";3858;"Maquina 3: [35 (2), 1 (21), 15 (11), 6 (9), 27 (32), 14 (74), 41 (61), 13 (46), 44 (68), 34 (99), 47 (53), 37 (96), 12 (84)]";4155;"Maquina 4: [22 (9), 43 (28), 8 (3), 7 (54), 4 (15), 0 (70), 32 (33), 42 (62), 23 (47), 39 (76), 11 (90), 46 (97)]";3322
TABÚ;50;4;13969;188.0;250;"Maquina 1: [26 (2), 35 (2), 25 (20), 6 (9), 27 (32), 41 (61), 19 (44), 45 (48), 36 (70), 12 (84), 10 (71), 30 (99)]";2883;"Maquina 2: [15 (11), 8 (3), 24 (9), 23 (47), 4 (15), 33 (61), 43 (28), 7 (54), 37 (96), 21 (64), 2 (99), 34 (99), 11 (90)]";3753;"Maquina 3: [22 (9), 38 (6), 48 (9), 29 (42), 0 (70), 13 (46), 32 (33), 3 (48), 17 (65), 40 (79), 46 (97), 39 (76), 31 (94)]";4026;"Maquina 4: [16 (1), 42 (62), 49 (6), 44 (68), 1 (21), 18 (32), 47 (53), 9 (28), 5 (59), 28 (80), 14 (74), 20 (95)]";3307
VNS;50;4;14129;12341.0;250;"Maquina 1: [38 (6), 16 (1), 24 (9), 19 (44), 18 (32), 13 (46), 25 (20), 5 (59), 34 (99), 21 (64), 31 (94), 40 (79), 46 (97)]";3615;"Maquina 2: [8 (3), 49 (6), 26 (2), 28 (80), 48 (9), 29 (42), 1 (21), 9 (28), 33 (61), 32 (33), 3 (48), 36 (70), 14 (74), 12 (84), 2 (99)]";4394;"Maquina 3: [43 (28), 35 (2), 15 (11), 6 (9), 27 (32), 41 (61), 45 (48), 39 (76), 37 (96), 17 (65), 42 (62), 30 (99)]";3242;"Maquina 4: [22 (9), 7 (54), 44 (68), 4 (15), 0 (70), 10 (71), 23 (47), 47 (53), 20 (95), 11 (90)]";2878
Multiarranque;50;4;13849;802.0;250;"Maquina 1: [15 (11), 43 (28), 1 (21), 6 (9), 13 (46), 32 (33), 3 (48), 11 (90), 5 (59), 14 (74), 31 (94), 20 (95)]";3364;"Maquina 2: [26 (2), 35 (2), 9 (28), 25 (20), 47 (53), 29 (42), 0 (70), 17 (65), 40 (79), 46 (97), 30 (99), 36 (70)]";3451;"Maquina 3: [16 (1), 24 (9), 22 (9), 38 (6), 33 (61), 49 (6), 12 (84), 10 (71), 42 (62), 7 (54), 44 (68), 34 (99), 2 (99)]";3393;"Maquina 4: [8 (3), 48 (9), 4 (15), 21 (64), 27 (32), 41 (61), 19 (44), 23 (47), 18 (32), 45 (48), 39 (76), 28 (80), 37 (96)]";3641
GREEDY;50;4;22287;0.0;1;"Maquina 1: [48 (54), 10 (39), 3 (4), 35 (51), 41 (30), 20 (44), 11 (21), 13 (58), 39 (76), 24 (92), 26 (84), 27 (63), 0 (98)]";5977;"Maquina 2: [8 (41), 7 (30), 45 (22), 4 (45), 30 (11), 29 (55), 18 (77), 44 (84), 37 (51), 15 (58), 47 (65), 25 (93)]";5334;"Maquina 3: [28 (58), 43 (23), 23 (17), 5 (43), 38 (67), 40 (35), 6 (55), 21 (25), 19 (79), 1 (85), 9 (51), 33 (92)]";5292;"Maquina 4: [2 (43), 31 (19), 14 (60), 32 (24), 49 (50), 46 (51), 36 (62), 22 (34), 17 (56), 16 (73), 42 (80), 34 (93), 12 (86)]";5684
GRASP;50;4;18536;669.0;250;"Maquina 1: [10 (39), 32 (24), 49 (50), 40 (35), 30 (11), 2 (43), 35 (51), 34 (93), 13 (58), 42 (80), 38 (67), 24 (92)]";4447;"Maquina 2: [45 (22), 3 (4), 8 (41), 41 (30), 6 (55), 14 (60), 20 (44), 5 (43), 16 (73), 19 (79), 1 (85), 26 (84), 25 (93)]";4682;"Maquina 3: [22 (34), 11 (21), 43 (23), 28 (58), 46 (51), 47 (65), 21 (25), 17 (56), 4 (45), 44 (84), 9 (51), 12 (86)]";4272;"Maquina 4: [37 (51), 7 (30), 23 (17), 31 (19), 48 (54), 36 (62), 15 (58), 27 (63), 39 (76), 29 (55), 18 (77), 0 (98), 33 (92)]";5135
LNS;50;4;21841;38.0;250;"Maquina 1: [48 (54), 10 (39), 3 (4), 35 (51), 13 (58), 20 (44), 11 (21), 41 (30), 39 (76), 24 (92), 26 (84), 27 (63), 0 (98)]";5930;"Maquina 2: [8 (41), 7 (30), 45 (22), 37 (51), 30 (11), 29 (55), 18 (77), 15 (58), 4 (45), 44 (84), 47 (65), 25 (93)]";4935;"Maquina 3: [28 (58), 43 (23), 23 (17), 5 (43), 38 (67), 40 (35), 6 (55), 21 (25), 19 (79), 1 (85), 9 (51), 33 (92)]";5292;"Maquina 4: [2 (43), 31 (19), 14 (60), 32 (24), 49 (50), 46 (51), 36 (62), 22 (34), 17 (56), 16 (73), 42 (80), 34 (93), 12 (86)]";5684
TABÚ;50;4;19130;189.0;250;"Maquina 1: [41 (30), 29 (55), 23 (17), 31 (19), 45 (22), 19 (79), 48 (54), 6 (55), 20 (44), 12 (86), 42 (80), 1 (85)]";4131;"Maquina 2: [2 (43), 17 (56), 28 (58), 10 (39), 32 (24), 38 (67), 43 (23), 5 (43), 16 (73), 47 (65), 25 (93), 33 (92)]";4838;"Maquina 3: [21 (25), 30 (11), 36 (62), 3 (4), 4 (45), 8 (41), 7 (30), 49 (50), 35 (51), 13 (58), 18 (77), 24 (92), 34 (93)]";4520;"Maquina 4: [22 (34), 11 (21), 37 (51), 40 (35), 46 (51), 9 (51), 14 (60), 39 (76), 15 (58), 27 (63), 44 (84), 26 (84), 0 (98)]";5641
VNS;50;4;19312;8596.0;250;"Maquina 1: [48 (54), 10 (39), 21 (25), 35 (51), 34 (93), 41 (30), 20 (44), 47 (65), 39 (76), 24 (92), 26 (84), 0 (98), 38 (67)]";5927;"Maquina 2: [37 (51), 7 (30), 3 (4), 17 (56), 4 (45), 30 (11), 29 (55), 9 (51), 44 (84), 28 (58), 33 (92), 6 (55)]";4160;"Maquina 3: [8 (41), 43 (23), 23 (17), 31 (19), 5 (43), 27 (63), 40 (35), 11 (21), 16 (73), 13 (58), 18 (77), 19 (79), 1 (85), 25 (93)]";5105;"Maquina 4: [14 (60), 2 (43), 32 (24), 49 (50), 46 (51), 36 (62), 22 (34), 45 (22), 42 (80), 15 (58), 12 (86)]";4120
Multiarranque;50;4;19324;801.0;250;"Maquina 1: [31 (19), 41 (30), 36 (62), 43 (23), 23 (17), 17 (56), 48 (54), 15 (58), 47 (65), 25 (93), 26 (84), 16 (73)]";4123;"Maquina 2: [8 (41), 7 (30), 3 (4), 32 (24), 49 (50), 14 (60), 20 (44), 9 (51), 27 (63), 39 (76), 0 (98), 1 (85), 34 (93)]";5131;"Maquina 3: [40 (35), 21 (25), 30 (11), 2 (43), 45 (22), 42 (80), 28 (58), 37 (51), 19 (79), 13 (58), 6 (55), 18 (77), 24 (92)]";5025;"Maquina 4: [22 (34), 10 (39), 29 (55), 11 (21), 46 (51), 38 (67), 5 (43), 35 (51), 12 (86), 44 (84), 4 (45), 33 (92)]";5045
GREEDY;50;4;16984;0.0;1;"Maquina 1: [15 (43), 2 (4), 16 (17), 24 (12), 46 (53), 39 (28), 18 (48), 29 (21), 35 (51), 25 (64), 13 (78), 28 (94), 47 (86)]";4486;"Maquina 2: [40 (14), 17 (50), 11 (10), 30 (13), 37 (27), 6 (44), 43 (31), 12 (42), 1 (53), 41 (78), 32 (55), 20 (65), 5 (91)]";4036;"Maquina 3: [23 (10), 19 (28), 10 (53), 38 (18), 34 (34), 0 (14), 48 (45), 3 (74), 22 (42), 21 (51), 44 (92), 31 (58), 4 (81)]";4347;"Maquina 4: [14 (12), 26 (37), 36 (49), 7 (14), 27 (92), 8 (23), 49 (56), 33 (52), 42 (69), 45 (43), 9 (79)]";4115
GRASP;50;4;16245;663.0;250;"Maquina 1: [2 (4), 6 (44), 16 (17), 24 (12), 34 (34), 19 (28), 33 (52), 15 (43), 25 (64), 26 (37), 5 (91), 20 (65), 27 (92)]";3828;"Maquina 2: [29 (21), 17 (50), 11 (10), 21 (51), 37 (27), 0 (14), 47 (86), 31 (58), 45 (43), 9 (79), 41 (78), 22 (42), 4 (81)]";4545;"Maquina 3: [14 (12), 23 (10), 7 (14), 10 (53), 38 (18), 39 (28), 48 (45), 49 (56), 13 (78), 36 (49), 42 (69), 1 (53)]";3434;"Maquina 4: [40 (14), 8 (23), 30 (13), 44 (92), 43 (31), 12 (42), 46 (53), 18 (48), 35 (51), 32 (55), 28 (94), 3 (74)]";4438
LNS;50;4;16960;39.0;250;"Maquina 1: [15 (43), 2 (4), 24 (12), 16 (17), 46 (53), 39 (28), 18 (48), 29 (21), 35 (51), 25 (64), 13 (78), 28 (94), 47 (86)]";4483;"Maquina 2: [40 (14), 17 (50), 11 (10), 30 (13), 37 (27), 6 (44), 43 (31), 12 (42), 1 (53), 41 (78), 20 (65), 32 (55), 5 (91)]";4015;"Maquina 3: [23 (10), 19 (28), 10 (53), 38 (18), 34 (34), 0 (14), 48 (45), 3 (74), 22 (42), 21 (51), 44 (92), 31 (58), 4 (81)]";4347;"Maquina 4: [14 (12), 26 (37), 36 (49), 7 (14), 27 (92), 8 (23), 49 (56), 33 (52), 42 (69), 45 (43), 9 (79)]";4115
TABÚ;50;4;15280;187.0;250;"Maquina 1: [2 (4), 23 (10), 6 (44), 15 (43), 11 (10), 4 (81), 26 (37), 31 (58), 42 (69), 48 (45), 3 (74), 13 (78)]";3709;"Maquina 2: [39 (28), 40 (14), 14 (12), 1 (53), 7 (14), 9 (79), 32 (55), 45 (43), 12 (42), 18 (48), 20 (65), 28 (94), 5 (91)]";4357;"Maquina 3: [0 (14), 29 (21), 8 (23), 22 (42), 33 (52), 36 (49), 10 (53), 17 (50), 35 (51), 47 (86), 44 (92), 25 (64)]";3828;"Maquina 4: [34 (34), 24 (12), 16 (17), 43 (31), 19 (28), 38 (18), 30 (13), 37 (27), 21 (51), 27 (92), 46 (53), 41 (78), 49 (56)]";3386
VNS;50;4;15787;12829.0;250;"Maquina 1: [15 (43), 2 (4), 16 (17), 33 (52), 39 (28), 18 (48), 35 (51), 25 (64), 6 (44), 47 (86), 44 (92), 31 (58)]";3761;"Maquina 2: [40 (14), 17 (50), 11 (10), 30 (13), 37 (27), 43 (31), 12 (42), 1 (53), 41 (78), 14 (12), 32 (55), 9 (79), 5 (91)]";3727;"Maquina 3: [7 (14), 19 (28), 10 (53), 38 (18), 34 (34), 0 (14), 48 (45), 3 (74), 22 (42), 21 (51), 28 (94), 27 (92), 13 (78)]";4479;"Maquina 4: [26 (37), 36 (49), 23 (10), 29 (21), 8 (23), 49 (56), 46 (53), 24 (12), 4 (81), 45 (43), 20 (65), 42 (69)]";3820
Multiarranque;50;4;15709;793.0;250;"Maquina 1: [16 (17), 43 (31), 15 (43), 2 (4), 4 (81), 40 (14), 12 (42), 1 (53), 0 (14), 49 (56), 3 (74), 25 (64), 28 (94)]";4232;"Maquina 2: [7 (14), 11 (10), 30 (13), 24 (12), 8 (23), 42 (69), 35 (51), 6 (44), 10 (53), 41 (78), 31 (58), 27 (92), 5 (91)]";4086;"Maquina 3: [14 (12), 19 (28), 18 (48), 29 (21), 46 (53), 34 (34), 38 (18), 26 (37), 13 (78), 36 (49), 47 (86), 44 (92)]";3739;"Maquina 4: [23 (10), 45 (43), 22 (42), 37 (27), 21 (51), 20 (65), 39 (28), 48 (45), 32 (55), 33 (52), 9 (79), 17 (50)]";3652
GREEDY;50;4;18145;0.0;1;"Maquina 1: [39 (10), 18 (19), 1 (5), 0 (14), 24 (40), 19 (33), 37 (61), 14 (49), 35 (51), 29 (45), 31 (66), 17 (77), 36 (82), 25 (98)]";4905;"Maquina 2: [12 (7), 49 (18), 15 (48), 4 (12), 33 (59), 41 (49), 28 (33), 8 (64), 40 (44), 6 (88), 11 (71), 43 (81)]";4500;"Maquina 3: [9 (51), 27 (15), 13 (10), 30 (48), 3 (36), 32 (12), 47 (66), 20 (24), 7 (45), 48 (77), 34 (84), 10 (62)]";4179;"Maquina 4: [42 (60), 23 (10), 38 (13), 16 (15), 2 (66), 22 (36), 44 (28), 46 (46), 5 (73), 26 (82), 21 (50), 45 (89)]";4561
GRASP;50;4;16401;681.0;250;"Maquina 1: [28 (33), 0 (14), 12 (7), 21 (50), 49 (18), 14 (49), 15 (48), 9 (51), 22 (36), 44 (28), 11 (71), 26 (82), 31 (66)]";4191;"Maquina 2: [23 (10), 38 (13), 19 (33), 48 (77), 43 (81), 33 (59), 30 (48), 2 (66), 34 (84), 6 (88), 7 (45), 36 (82)]";4919;"Maquina 3: [39 (10), 41 (49), 27 (15), 4 (12), 17 (77), 20 (24), 40 (44), 37 (61), 45 (89), 10 (62), 8 (64), 42 (60)]";3392;"Maquina 4: [13 (10), 18 (19), 16 (15), 1 (5), 3 (36), 32 (12), 35 (51), 29 (45), 47 (66), 25 (98), 24 (40), 5 (73), 46 (46)]";3899
LNS;50;4;17919;35.0;250;"Maquina 1: [39 (10), 18 (19), 1 (5), 0 (14), 24 (40), 19 (33), 37 (61), 14 (49), 35 (51), 29 (45), 31 (66), 17 (77), 36 (82), 25 (98)]";4905;"Maquina 2: [49 (18), 12 (7), 15 (48), 4 (12), 33 (59), 41 (49), 28 (33), 8 (64), 40 (44), 6 (88), 11 (71), 43 (81)]";4481;"Maquina 3: [13 (10), 27 (15), 9 (51), 30 (48), 7 (45), 32 (12), 47 (66), 20 (24), 3 (36), 48 (77), 34 (84), 10 (62)]";3972;"Maquina 4: [42 (60), 23 (10), 38 (13), 16 (15), 2 (66), 22 (36), 44 (28), 46 (46), 5 (73), 26 (82), 21 (50), 45 (89)]";4561
TABÚ;50;4;15527;186.0;250;"Maquina 1: [38 (13), 13 (10), 42 (60), 19 (33), 46 (46), 41 (49), 7 (45), 21 (50), 47 (66), 25 (98), 9 (51), 10 (62)]";3791;"Maquina 2: [12 (7), 16 (15), 20 (24), 28 (33), 32 (12), 15 (48), 8 (64), 40 (44), 18 (19), 2 (66), 48 (77), 43 (81), 33 (59)]";3769;"Maquina 3: [39 (10), 27 (15), 4 (12), 1 (5), 44 (28), 14 (49), 30 (48), 22 (36), 31 (66), 5 (73), 26 (82), 34 (84)]";3139;"Maquina 4: [49 (18), 23 (10), 29 (45), 3 (36), 37 (61), 0 (14), 24 (40), 35 (51), 6 (88), 11 (71), 45 (89), 17 (77), 36 (82)]";4828
VNS;50;4;16514;12862.0;250;"Maquina 1: [39 (10), 18 (19), 1 (5), 0 (14), 24 (40), 19 (33), 37 (61), 46 (46), 35 (51), 29 (45), 31 (66), 17 (77), 36 (82), 34 (84)]";4551;"Maquina 2: [12 (7), 15 (48), 4 (12), 33 (59), 38 (13), 28 (33), 8 (64), 40 (44), 6 (88), 11 (71), 45 (89)]";3364;"Maquina 3: [41 (49), 21 (50), 27 (15), 13 (10), 30 (48), 7 (45), 32 (12), 47 (66), 22 (36), 3 (36), 48 (77), 9 (51), 10 (62)]";4560;"Maquina 4: [49 (18), 42 (60), 23 (10), 16 (15), 2 (66), 20 (24), 44 (28), 14 (49), 5 (73), 26 (82), 25 (98), 43 (81)]";4039
Multiarranque;50;4;16389;789.0;250;"Maquina 1: [10 (62), 19 (33), 12 (7), 1 (5), 7 (45), 44 (28), 14 (49), 37 (61), 46 (46), 31 (66), 45 (89), 17 (77)]";4425;"Maquina 2: [4 (12), 39 (10), 41 (49), 0 (14), 5 (73), 3 (36), 32 (12), 47 (66), 22 (36), 2 (66), 34 (84), 36 (82), 42 (60)]";4222;"Maquina 3: [49 (18), 27 (15), 16 (15), 20 (24), 23 (10), 29 (45), 8 (64), 40 (44), 26 (82), 21 (50), 30 (48), 6 (88), 11 (71)]";4097;"Maquina 4: [38 (13), 13 (10), 28 (33), 24 (40), 18 (19), 33 (59), 48 (77), 15 (48), 9 (51), 25 (98), 35 (51), 43 (81)]";3645
GREEDY;50;4;15947;0.0;1;"Maquina 1: [36 (8), 48 (2), 45 (22), 7 (34), 43 (38), 5 (49), 18 (57), 27 (82), 9 (55), 16 (64), 0 (97), 30 (89), 4 (92)]";4229;"Maquina 2: [20 (9), 13 (3), 15 (36), 34 (50), 42 (24), 1 (59), 49 (55), 22 (68), 24 (42), 32 (84), 8 (90), 35 (92)]";3707;"Maquina 3: [47 (5), 29 (13), 25 (57), 31 (42), 40 (34), 41 (22), 37 (49), 19 (55), 39 (65), 46 (79), 26 (94), 11 (90), 3 (87)]";4151;"Maquina 4: [44 (7), 6 (43), 21 (27), 2 (19), 14 (53), 33 (37), 10 (90), 38 (56), 17 (61), 28 (73), 23 (93), 12 (85)]";3860
GRASP;50;4;14841;667.0;250;"Maquina 1: [13 (3), 44 (7), 9 (55), 40 (34), 42 (24), 18 (57), 15 (36), 46 (79), 27 (82), 39 (65), 25 (57), 26 (94), 11 (90)]";3874;"Maquina 2: [48 (2), 31 (42), 7 (34), 41 (22), 5 (49), 43 (38), 17 (61), 16 (64), 12 (85), 3 (87), 22 (68), 30 (89)]";3560;"Maquina 3: [2 (19), 29 (13), 47 (5), 34 (50), 21 (27), 38 (56), 14 (53), 10 (90), 19 (55), 32 (84), 35 (92), 49 (55), 0 (97)]";4035;"Maquina 4: [20 (9), 36 (8), 33 (37), 24 (42), 28 (73), 37 (49), 45 (22), 1 (59), 6 (43), 8 (90), 23 (93), 4 (92)]";3372
LNS;50;4;15947;37.0;250;"Maquina 1: [36 (8), 48 (2), 45 (22), 7 (34), 43 (38), 5 (49), 18 (57), 27 (82), 9 (55), 16 (64), 0 (97), 30 (89), 4 (92)]";4229;"Maquina 2: [20 (9), 13 (3), 15 (36), 34 (50), 42 (24), 1 (59), 49 (55), 22 (68), 24 (42), 32 (84), 8 (90), 35 (92)]";3707;"Maquina 3: [47 (5), 29 (13), 25 (57), 31 (42), 40 (34), 41 (22), 37 (49), 19 (55), 39 (65), 46 (79), 26 (94), 11 (90), 3 (87)]";4151;"Maquina 4: [44 (7), 6 (43), 21 (27), 2 (19), 14 (53), 33 (37), 10 (90), 38 (56), 17 (61), 28 (73), 23 (93), 12 (85)]";3860
TABÚ;50;4;15266;185.0;250;"Maquina 1: [47 (5), 40 (34), 2 (19), 7 (34), 5 (49), 18 (57), 14 (53), 39 (65), 46 (79), 11 (90), 22 (68), 3 (87)]";3708;"Maquina 2: [36 (8), 48 (2), 13 (3), 43 (38), 16 (64), 41 (22), 25 (57), 34 (50), 10 (90), 9 (55), 32 (84), 4 (92), 26 (94)]";3743;"Maquina 3: [29 (13), 44 (7), 21 (27), 42 (24), 49 (55), 33 (37), 38 (56), 17 (61), 31 (42), 28 (73), 23 (93), 12 (85), 0 (97)]";4141;"Maquina 4: [20 (9), 15 (36), 45 (22), 24 (42), 19 (55), 1 (59), 37 (49), 6 (43), 8 (90), 27 (82), 35 (92), 30 (89)]";3674
VNS;50;4;15553;13709.0;250;"Maquina 1: [36 (8), 48 (2), 45 (22), 7 (34), 43 (38), 5 (49), 18 (57), 27 (82), 10 (90), 11 (90), 30 (89), 8 (90)]";3565;"Maquina 2: [20 (9), 15 (36), 34 (50), 42 (24), 1 (59), 9 (55), 49 (55), 22 (68), 24 (42), 32 (84), 4 (92), 12 (85)]";4031;"Maquina 3: [2 (19), 29 (13), 25 (57), 31 (42), 40 (34), 41 (22), 37 (49), 19 (55), 39 (65), 46 (79), 0 (97), 26 (94), 3 (87)]";4329;"Maquina 4: [13 (3), 6 (43), 21 (27), 47 (5), 44 (7), 14 (53), 33 (37), 16 (64), 38 (56), 17 (61), 28 (73), 23 (93), 35 (92)]";3628
Multiarranque;50;4;15327;789.0;250;"Maquina 1: [13 (3), 44 (7), 15 (36), 41 (22), 45 (22), 9 (55), 24 (42), 32 (84), 14 (53), 1 (59), 12 (85), 0 (97), 30 (89)]";3705;"Maquina 2: [2 (19), 42 (24), 43 (38), 5 (49), 22 (68), 33 (37), 38 (56), 19 (55), 39 (65), 11 (90), 8 (90), 23 (93)]";4054;"Maquina 3: [20 (9), 36 (8), 29 (13), 47 (5), 34 (50), 6 (43), 21 (27), 37 (49), 18 (57), 27 (82), 35 (92), 16 (64), 46 (79), 26 (94)]";4010;"Maquina 4: [48 (2), 31 (42), 7 (34), 25 (57), 40 (34), 17 (61), 49 (55), 4 (92), 28 (73), 10 (90), 3 (87)]";3558
GREEDY;50;4;20401;1.0;1;"Maquina 1: [34 (17), 16 (47), 19 (2), 1 (24), 31 (70), 44 (33), 13 (43), 37 (92), 27 (68), 10 (56), 46 (75), 49 (60), 23 (96)]";4921;"Maquina 2: [43 (17), 15 (40), 36 (44), 14 (97), 26 (28), 7 (10), 20 (60), 35 (88), 18 (54), 24 (94), 28 (64), 45 (69)]";5033;"Maquina 3: [48 (19), 2 (30), 6 (45), 33 (63), 0 (40), 12 (85), 39 (14), 41 (89), 8 (52), 17 (69), 30 (95), 22 (59)]";4809;"Maquina 4: [9 (37), 5 (15), 38 (21), 47 (27), 25 (43), 11 (62), 29 (47), 3 (58), 32 (73), 40 (89), 4 (69), 21 (95), 42 (97)]";5638
GRASP;50;4;18484;669.0;250;"Maquina 1: [26 (28), 7 (10), 38 (21), 47 (27), 32 (73), 44 (33), 8 (52), 49 (60), 33 (63), 4 (69), 40 (89), 45 (69)]";3937;"Maquina 2: [43 (17), 10 (56), 36 (44), 31 (70), 19 (2), 6 (45), 0 (40), 42 (97), 27 (68), 14 (97), 29 (47), 17 (69), 41 (89)]";5230;"Maquina 3: [25 (43), 34 (17), 39 (14), 3 (58), 2 (30), 15 (40), 22 (59), 28 (64), 11 (62), 13 (43), 37 (92), 30 (95), 21 (95)]";4976;"Maquina 4: [48 (19), 1 (24), 9 (37), 5 (15), 46 (75), 20 (60), 16 (47), 18 (54), 23 (96), 24 (94), 12 (85), 35 (88)]";4341
LNS;50;4;20401;37.0;250;"Maquina 1: [34 (17), 16 (47), 19 (2), 1 (24), 31 (70), 44 (33), 13 (43), 37 (92), 27 (68), 10 (56), 46 (75), 49 (60), 23 (96)]";4921;"Maquina 2: [43 (17), 15 (40), 36 (44), 14 (97), 26 (28), 7 (10), 20 (60), 35 (88), 18 (54), 24 (94), 28 (64), 45 (69)]";5033;"Maquina 3: [48 (19), 2 (30), 6 (45), 33 (63), 0 (40), 12 (85), 39 (14), 41 (89), 8 (52), 17 (69), 30 (95), 22 (59)]";4809;"Maquina 4: [9 (37), 5 (15), 38 (21), 47 (27), 25 (43), 11 (62), 29 (47), 3 (58), 32 (73), 40 (89), 4 (69), 21 (95), 42 (97)]";5638
TABÚ;50;4;19091;184.0;250;"Maquina 1: [8 (52), 48 (19), 1 (24), 19 (2), 6 (45), 0 (40), 42 (97), 28 (64), 44 (33), 31 (70), 21 (95), 30 (95), 40 (89)]";5103;"Maquina 2: [34 (17), 25 (43), 26 (28), 5 (15), 46 (75), 49 (60), 16 (47), 17 (69), 11 (62), 27 (68), 45 (69), 37 (92), 41 (89)]";4901;"Maquina 3: [9 (37), 38 (21), 47 (27), 18 (54), 20 (60), 14 (97), 2 (30), 33 (63), 3 (58), 35 (88), 22 (59), 23 (96)]";4775;"Maquina 4: [43 (17), 7 (10), 39 (14), 15 (40), 36 (44), 4 (69), 12 (85), 32 (73), 29 (47), 13 (43), 10 (56), 24 (94)]";4312
VNS;50;4;18649;8932.0;250;"Maquina 1: [34 (17), 16 (47), 19 (2), 1 (24), 31 (70), 44 (33), 13 (43), 28 (64), 15 (40), 14 (97), 22 (59), 46 (75), 23 (96)]";4516;"Maquina 2: [43 (17), 10 (56), 36 (44), 9 (37), 26 (28), 5 (15), 7 (10), 20 (60), 35 (88), 18 (54), 24 (94), 17 (69), 45 (69), 37 (92)]";5409;"Maquina 3: [48 (19), 2 (30), 6 (45), 33 (63), 0 (40), 40 (89), 39 (14), 41 (89), 8 (52), 49 (60), 30 (95), 21 (95)]";4601;"Maquina 4: [38 (21), 47 (27), 25 (43), 11 (62), 27 (68), 29 (47), 3 (58), 12 (85), 32 (73), 42 (97), 4 (69)]";4123
Multiarranque;50;4;19359;804.0;250;"Maquina 1: [7 (10), 38 (21), 47 (27), 36 (44), 9 (37), 18 (54), 32 (73), 49 (60), 24 (94), 4 (69), 45 (69), 21 (95)]";4494;"Maquina 2: [39 (14), 22 (59), 15 (40), 5 (15), 13 (43), 28 (64), 10 (56), 3 (58), 11 (62), 12 (85), 31 (70), 35 (88), 30 (95)]";5194;"Maquina 3: [43 (17), 34 (17), 48 (19), 2 (30), 6 (45), 25 (43), 33 (63), 1 (24), 42 (97), 27 (68), 8 (52), 14 (97), 23 (96)]";4618;"Maquina 4: [44 (33), 16 (47), 40 (89), 17 (69), 19 (2), 20 (60), 46 (75), 26 (28), 37 (92), 29 (47), 41 (89), 0 (40)]";5053
GREEDY;50;4;16135;0.0;1;"Maquina 1: [33 (1), 3 (28), 8 (14), 48 (32), 11 (45), 10 (40), 35 (54), 24 (51), 45 (72), 34 (59), 25 (64), 16 (81), 47 (92)]";3911;"Maquina 2: [31 (7), 21 (19), 36 (40), 43 (52), 17 (35), 38 (67), 1 (29), 28 (49), 42 (60), 32 (90), 7 (56), 4 (79), 18 (99)]";4246;"Maquina 3: [40 (12), 9 (20), 13 (46), 26 (37), 27 (76), 15 (29), 29 (51), 14 (66), 5 (56), 41 (60), 19 (88), 0 (97)]";4067;"Maquina 4: [46 (30), 30 (22), 49 (13), 2 (36), 12 (44), 37 (49), 39 (53), 44 (60), 22 (72), 23 (57), 6 (81), 20 (91)]";3911
GRASP;50;4;15376;676.0;250;"Maquina 1: [40 (12), 8 (14), 13 (46), 26 (37), 29 (51), 45 (72), 28 (49), 38 (67), 24 (51), 43 (52), 32 (90), 20 (91)]";3558;"Maquina 2: [49 (13), 33 (1), 15 (29), 11 (45), 46 (30), 44 (60), 37 (49), 39 (53), 34 (59), 10 (40), 23 (57), 25 (64), 0 (97)]";3789;"Maquina 3: [31 (7), 2 (36), 9 (20), 42 (60), 1 (29), 7 (56), 36 (40), 12 (44), 27 (76), 14 (66), 16 (81), 47 (92), 18 (99)]";4284;"Maquina 4: [21 (19), 30 (22), 3 (28), 17 (35), 48 (32), 4 (79), 5 (56), 41 (60), 6 (81), 35 (54), 19 (88), 22 (72)]";3745
LNS;50;4;16050;40.0;250;"Maquina 1: [33 (1), 3 (28), 8 (14), 48 (32), 11 (45), 10 (40), 35 (54), 24 (51), 45 (72), 34 (59), 25 (64), 16 (81), 47 (92)]";3911;"Maquina 2: [31 (7), 21 (19), 36 (40), 43 (52), 17 (35), 38 (67), 1 (29), 28 (49), 42 (60), 32 (90), 4 (79), 7 (56), 18 (99)]";4244;"Maquina 3: [40 (12), 9 (20), 13 (46), 26 (37), 27 (76), 15 (29), 29 (51), 14 (66), 5 (56), 41 (60), 19 (88), 0 (97)]";4067;"Maquina 4: [2 (36), 30 (22), 49 (13), 46 (30), 12 (44), 37 (49), 39 (53), 44 (60), 22 (72), 23 (57), 6 (81), 20 (91)]";3828
TABÚ;50;4;15153;187.0;250;"Maquina 1: [40 (12), 12 (44), 2 (36), 11 (45), 46 (30), 38 (67), 7 (56), 42 (60), 5 (56), 22 (72), 18 (99), 19 (88)]";3735;"Maquina 2: [8 (14), 1 (29), 15 (29), 10 (40), 28 (49), 26 (37), 36 (40), 35 (54), 4 (79), 39 (53), 41 (60), 6 (81), 0 (97)]";4209;"Maquina 3: [48 (32), 21 (19), 30 (22), 31 (7), 37 (49), 9 (20), 29 (51), 23 (57), 44 (60), 34 (59), 14 (66), 16 (81), 47 (92)]";3706;"Maquina 4: [49 (13), 17 (35), 33 (1), 3 (28), 27 (76), 13 (46), 25 (64), 24 (51), 45 (72), 43 (52), 32 (90), 20 (91)]";3503
VNS;50;4;15448;14752.0;250;"Maquina 1: [33 (1), 3 (28), 8 (14), 48 (32), 11 (45), 10 (40), 35 (54), 24 (51), 45 (72), 34 (59), 25 (64), 16 (81), 47 (92)]";3911;"Maquina 2: [31 (7), 21 (19), 36 (40), 43 (52), 17 (35), 28 (49), 40 (12), 42 (60), 32 (90), 20 (91), 27 (76), 0 (97)]";3452;"Maquina 3: [9 (20), 1 (29), 13 (46), 26 (37), 4 (79), 15 (29), 2 (36), 7 (56), 5 (56), 41 (60), 19 (88), 6 (81)]";3694;"Maquina 4: [30 (22), 49 (13), 29 (51), 46 (30), 12 (44), 37 (49), 39 (53), 38 (67), 44 (60), 22 (72), 23 (57), 18 (99), 14 (66)]";4391
Multiarranque;50;4;15554;800.0;250;"Maquina 1: [30 (22), 21 (19), 36 (40), 26 (37), 29 (51), 23 (57), 48 (32), 7 (56), 43 (52), 6 (81), 41 (60), 45 (72), 16 (81)]";4251;"Maquina 2: [17 (35), 24 (51), 15 (29), 11 (45), 46 (30), 38 (67), 10 (40), 14 (66), 44 (60), 39 (53), 47 (92), 18 (99)]";3995;"Maquina 3: [31 (7), 40 (12), 33 (1), 3 (28), 8 (14), 37 (49), 9 (20), 2 (36), 25 (64), 34 (59), 27 (76), 20 (91), 35 (54), 0 (97)]";3754;"Maquina 4: [49 (13), 42 (60), 1 (29), 28 (49), 13 (46), 12 (44), 5 (56), 22 (72), 19 (88), 32 (90), 4 (79)]";3554
GREEDY;50;4;18125;0.0;1;"Maquina 1: [17 (1), 42 (3), 7 (42), 46 (34), 29 (12), 11 (36), 32 (53), 19 (73), 45 (62), 9 (87), 37 (91), 27 (79), 1 (97)]";4989;"Maquina 2: [13 (5), 21 (2), 48 (41), 8 (56), 2 (29), 40 (18), 30 (48), 49 (58), 15 (72), 0 (86), 22 (79), 44 (96), 31 (90)]";4661;"Maquina 3: [34 (41), 5 (3), 16 (12), 26 (24), 12 (35), 36 (46), 6 (56), 23 (76), 25 (70), 20 (80), 33 (88), 38 (91)]";4117;"Maquina 4: [39 (3), 3 (39), 18 (12), 4 (61), 10 (25), 28 (50), 47 (43), 41 (76), 24 (71), 35 (89), 14 (95), 43 (80)]";4358
GRASP;50;4;16474;676.0;250;"Maquina 1: [21 (2), 34 (41), 40 (18), 18 (12), 4 (61), 45 (62), 46 (34), 3 (39), 15 (72), 19 (73), 0 (86), 37 (91), 27 (79)]";4193;"Maquina 2: [5 (3), 39 (3), 16 (12), 11 (36), 42 (3), 14 (95), 30 (48), 20 (80), 49 (58), 7 (42), 48 (41), 1 (97)]";3267;"Maquina 3: [26 (24), 29 (12), 36 (46), 6 (56), 2 (29), 31 (90), 33 (88), 32 (53), 43 (80), 35 (89), 38 (91), 9 (87)]";4468;"Maquina 4: [17 (1), 13 (5), 24 (71), 12 (35), 47 (43), 10 (25), 28 (50), 41 (76), 8 (56), 25 (70), 22 (79), 23 (76), 44 (96)]";4546
LNS;50;4;18023;38.0;250;"Maquina 1: [29 (12), 42 (3), 7 (42), 46 (34), 17 (1), 11 (36), 32 (53), 19 (73), 45 (62), 9 (87), 37 (91), 27 (79), 1 (97)]";4895;"Maquina 2: [13 (5), 21 (2), 48 (41), 8 (56), 2 (29), 40 (18), 30 (48), 49 (58), 15 (72), 22 (79), 0 (86), 44 (96), 31 (90)]";4653;"Maquina 3: [34 (41), 5 (3), 16 (12), 26 (24), 12 (35), 36 (46), 6 (56), 23 (76), 25 (70), 20 (80), 33 (88), 38 (91)]";4117;"Maquina 4: [39 (3), 3 (39), 18 (12), 4 (61), 10 (25), 28 (50), 47 (43), 41 (76), 24 (71), 35 (89), 14 (95), 43 (80)]";4358
TABÚ;50;4;16048;187.0;250;"Maquina 1: [17 (1), 39 (3), 16 (12), 11 (36), 12 (35), 47 (43), 10 (25), 28 (50), 49 (58), 27 (79), 20 (80), 19 (73), 44 (96)]";3731;"Maquina 2: [36 (46), 5 (3), 18 (12), 48 (41), 8 (56), 2 (29), 0 (86), 32 (53), 30 (48), 38 (91), 37 (91), 33 (88)]";3889;"Maquina 3: [13 (5), 21 (2), 34 (41), 40 (18), 14 (95), 9 (87), 7 (42), 45 (62), 6 (56), 3 (39), 24 (71), 15 (72), 22 (79)]";4403;"Maquina 4: [26 (24), 29 (12), 42 (3), 46 (34), 41 (76), 4 (61), 23 (76), 43 (80), 31 (90), 25 (70), 1 (97), 35 (89)]";4025
VNS;50;4;16698;12821.0;250;"Maquina 1: [17 (1), 42 (3), 7 (42), 3 (39), 11 (36), 32 (53), 19 (73), 45 (62), 35 (89), 38 (91), 41 (76), 1 (97)]";4149;"Maquina 2: [13 (5), 21 (2), 48 (41), 8 (56), 2 (29), 30 (48), 46 (34), 49 (58), 39 (3), 15 (72), 0 (86), 24 (71), 44 (96), 22 (79)]";4706;"Maquina 3: [29 (12), 34 (41), 5 (3), 16 (12), 26 (24), 12 (35), 40 (18), 36 (46), 6 (56), 23 (76), 43 (80), 31 (90), 9 (87)]";3861;"Maquina 4: [18 (12), 4 (61), 10 (25), 28 (50), 37 (91), 47 (43), 27 (79), 20 (80), 33 (88), 14 (95), 25 (70)]";3982
Multiarranque;50;4;16577;796.0;250;"Maquina 1: [13 (5), 32 (53), 29 (12), 10 (25), 46 (34), 6 (56), 3 (39), 15 (72), 36 (46), 14 (95), 19 (73), 4 (61), 20 (80)]";4404;"Maquina 2: [5 (3), 16 (12), 2 (29), 8 (56), 34 (41), 40 (18), 23 (76), 41 (76), 9 (87), 31 (90), 38 (91), 44 (96)]";3922;"Maquina 3: [18 (12), 28 (50), 21 (2), 12 (35), 7 (42), 48 (41), 24 (71), 47 (43), 1 (97), 37 (91), 33 (88), 0 (86)]";3951;"Maquina 4: [17 (1), 39 (3), 30 (48), 42 (3), 49 (58), 22 (79), 26 (24), 25 (70), 11 (36), 43 (80), 35 (89), 45 (62), 27 (79)]";4300
GREEDY;50;4;19859;0.0;1;"Maquina 1: [3 (6), 6 (59), 40 (21), 22 (29), 46 (42), 49 (16), 23 (46), 20 (73), 27 (87), 14 (54), 18 (64), 5 (82), 21 (94)]";5146;"Maquina 2: [26 (25), 8 (17), 19 (29), 15 (39), 41 (57), 9 (62), 37 (8), 0 (92), 42 (71), 36 (47), 35 (83), 47 (94), 4 (80)]";5472;"Maquina 3: [29 (17), 44 (10), 24 (47), 28 (36), 34 (24), 12 (28), 33 (59), 25 (57), 17 (67), 13 (75), 2 (83), 39 (91)]";4479;"Maquina 4: [11 (25), 48 (17), 10 (29), 45 (39), 1 (14), 38 (61), 30 (93), 32 (57), 7 (81), 43 (46), 31 (70), 16 (85)]";4762
GRASP;50;4;17308;668.0;250;"Maquina 1: [37 (8), 44 (10), 32 (57), 3 (6), 10 (29), 13 (75), 20 (73), 12 (28), 30 (93), 14 (54), 42 (71), 39 (91)]";3571;"Maquina 2: [26 (25), 48 (17), 31 (70), 46 (42), 11 (25), 45 (39), 5 (82), 22 (29), 25 (57), 27 (87), 33 (59), 2 (83)]";4412;"Maquina 3: [15 (39), 40 (21), 1 (14), 49 (16), 23 (46), 43 (46), 19 (29), 41 (57), 9 (62), 18 (64), 7 (81), 35 (83), 0 (92)]";4462;"Maquina 4: [29 (17), 8 (17), 28 (36), 36 (47), 34 (24), 21 (94), 24 (47), 6 (59), 38 (61), 47 (94), 17 (67), 4 (80), 16 (85)]";4863
LNS;50;4;19795;39.0;250;"Maquina 1: [3 (6), 6 (59), 40 (21), 22 (29), 46 (42), 49 (16), 23 (46), 20 (73), 27 (87), 14 (54), 18 (64), 5 (82), 21 (94)]";5146;"Maquina 2: [26 (25), 8 (17), 19 (29), 15 (39), 41 (57), 9 (62), 37 (8), 0 (92), 42 (71), 36 (47), 35 (83), 47 (94), 4 (80)]";5472;"Maquina 3: [29 (17), 33 (59), 24 (47), 28 (36), 34 (24), 12 (28), 44 (10), 25 (57), 17 (67), 13 (75), 2 (83), 39 (91)]";4415;"Maquina 4: [11 (25), 48 (17), 10 (29), 45 (39), 1 (14), 38 (61), 30 (93), 32 (57), 7 (81), 43 (46), 31 (70), 16 (85)]";4762
TABÚ;50;4;17261;191.0;250;"Maquina 1: [37 (8), 43 (46), 3 (6), 15 (39), 33 (59), 14 (54), 32 (57), 45 (39), 28 (36), 35 (83), 47 (94), 2 (83)]";3797;"Maquina 2: [19 (29), 1 (14), 44 (10), 25 (57), 36 (47), 39 (91), 40 (21), 22 (29), 10 (29), 31 (70), 16 (85), 20 (73), 17 (67)]";4460;"Maquina 3: [29 (17), 8 (17), 49 (16), 27 (87), 11 (25), 13 (75), 4 (80), 6 (59), 24 (47), 41 (57), 0 (92), 42 (71), 5 (82)]";4993;"Maquina 4: [46 (42), 23 (46), 34 (24), 12 (28), 26 (25), 48 (17), 9 (62), 18 (64), 7 (81), 21 (94), 38 (61), 30 (93)]";4011
VNS;50;4;17660;9182.0;250;"Maquina 1: [29 (17), 6 (59), 46 (42), 36 (47), 49 (16), 18 (64), 27 (87), 14 (54), 20 (73), 39 (91), 21 (94)]";3826;"Maquina 2: [3 (6), 8 (17), 19 (29), 1 (14), 15 (39), 41 (57), 9 (62), 37 (8), 2 (83), 38 (61), 42 (71), 47 (94)]";3500;"Maquina 3: [26 (25), 44 (10), 24 (47), 28 (36), 4 (80), 40 (21), 34 (24), 12 (28), 0 (92), 33 (59), 25 (57), 23 (46), 17 (67), 13 (75), 30 (93)]";5711;"Maquina 4: [11 (25), 48 (17), 10 (29), 45 (39), 5 (82), 22 (29), 35 (83), 32 (57), 7 (81), 43 (46), 31 (70), 16 (85)]";4623
Multiarranque;50;4;17505;794.0;250;"Maquina 1: [3 (6), 44 (10), 24 (47), 8 (17), 33 (59), 14 (54), 22 (29), 6 (59), 7 (81), 32 (57), 4 (80), 30 (93), 5 (82)]";4663;"Maquina 2: [10 (29), 45 (39), 48 (17), 36 (47), 1 (14), 20 (73), 12 (28), 2 (83), 47 (94), 17 (67), 27 (87), 41 (57), 39 (91)]";4940;"Maquina 3: [43 (46), 29 (17), 11 (25), 42 (71), 26 (25), 9 (62), 28 (36), 18 (64), 25 (57), 21 (94), 13 (75)]";3649;"Maquina 4: [19 (29), 49 (16), 23 (46), 37 (8), 40 (21), 34 (24), 46 (42), 35 (83), 15 (39), 38 (61), 31 (70), 16 (85), 0 (92)]";4253
GREEDY;50;4;18855;0.0;1;"Maquina 1: [4 (28), 36 (13), 25 (54), 32 (1), 20 (95), 33 (38), 14 (56), 42 (47), 23 (30), 46 (77), 37 (67), 43 (85)]";4459;"Maquina 2: [15 (48), 31 (37), 18 (4), 21 (29), 2 (47), 35 (24), 1 (18), 39 (58), 40 (64), 45 (75), 19 (85), 30 (91)]";4378;"Maquina 3: [34 (20), 28 (31), 26 (4), 49 (32), 10 (29), 6 (83), 17 (43), 8 (55), 3 (60), 44 (74), 29 (99), 11 (48), 27 (91)]";5168;"Maquina 4: [5 (44), 24 (22), 7 (5), 12 (62), 48 (24), 13 (30), 16 (70), 41 (34), 9 (59), 38 (52), 22 (79), 47 (96), 0 (89)]";4850
GRASP;50;4;17598;671.0;250;"Maquina 1: [32 (1), 31 (37), 14 (56), 49 (32), 26 (4), 10 (29), 17 (43), 2 (47), 44 (74), 39 (58), 46 (77), 47 (96), 43 (85)]";4654;"Maquina 2: [34 (20), 18 (4), 1 (18), 28 (31), 23 (30), 13 (30), 15 (48), 25 (54), 9 (59), 3 (60), 30 (91), 29 (99), 19 (85)]";4313;"Maquina 3: [4 (28), 36 (13), 35 (24), 21 (29), 5 (44), 11 (48), 45 (75), 38 (52), 22 (79), 40 (64), 0 (89)]";3567;"Maquina 4: [24 (22), 41 (34), 8 (55), 48 (24), 33 (38), 7 (5), 16 (70), 42 (47), 12 (62), 37 (67), 27 (91), 6 (83), 20 (95)]";5064
LNS;50;4;18607;38.0;250;"Maquina 1: [4 (28), 36 (13), 25 (54), 32 (1), 20 (95), 33 (38), 14 (56), 42 (47), 23 (30), 46 (77), 37 (67), 43 (85)]";4459;"Maquina 2: [15 (48), 31 (37), 18 (4), 1 (18), 2 (47), 35 (24), 21 (29), 45 (75), 40 (64), 39 (58), 19 (85), 30 (91)]";4130;"Maquina 3: [34 (20), 28 (31), 26 (4), 49 (32), 10 (29), 6 (83), 17 (43), 8 (55), 3 (60), 44 (74), 29 (99), 11 (48), 27 (91)]";5168;"Maquina 4: [5 (44), 24 (22), 7 (5), 12 (62), 48 (24), 13 (30), 16 (70), 41 (34), 9 (59), 38 (52), 22 (79), 47 (96), 0 (89)]";4850
TABÚ;50;4;17075;192.0;250;"Maquina 1: [11 (48), 26 (4), 49 (32), 24 (22), 12 (62), 21 (29), 17 (43), 5 (44), 3 (60), 22 (79), 45 (75), 47 (96)]";3690;"Maquina 2: [32 (1), 35 (24), 1 (18), 2 (47), 8 (55), 23 (30), 28 (31), 40 (64), 14 (56), 0 (89), 46 (77), 27 (91), 6 (83)]";4351;"Maquina 3: [13 (30), 7 (5), 36 (13), 48 (24), 38 (52), 33 (38), 41 (34), 44 (74), 39 (58), 43 (85), 20 (95), 37 (67)]";3985;"Maquina 4: [34 (20), 18 (4), 9 (59), 10 (29), 31 (37), 15 (48), 16 (70), 42 (47), 4 (28), 29 (99), 19 (85), 30 (91), 25 (54)]";5049
VNS;50;4;17704;9136.0;250;"Maquina 1: [4 (28), 36 (13), 25 (54), 20 (95), 33 (38), 40 (64), 42 (47), 23 (30), 46 (77), 27 (91), 37 (67)]";4033;"Maquina 2: [11 (48), 15 (48), 31 (37), 18 (4), 32 (1), 2 (47), 35 (24), 39 (58), 14 (56), 45 (75), 19 (85), 3 (60), 30 (91)]";4607;"Maquina 3: [34 (20), 28 (31), 26 (4), 49 (32), 10 (29), 6 (83), 41 (34), 8 (55), 44 (74), 29 (99), 47 (96)]";3403;"Maquina 4: [21 (29), 5 (44), 24 (22), 1 (18), 7 (5), 12 (62), 48 (24), 13 (30), 16 (70), 17 (43), 9 (59), 38 (52), 22 (79), 43 (85), 0 (89)]";5661
Multiarranque;50;4;17966;797.0;250;"Maquina 1: [10 (29), 4 (28), 36 (13), 31 (37), 6 (83), 32 (1), 25 (54), 11 (48), 16 (70), 17 (43), 40 (64), 0 (89), 19 (85)]";5056;"Maquina 2: [34 (20), 33 (38), 13 (30), 14 (56), 49 (32), 26 (4), 12 (62), 39 (58), 43 (85), 2 (47), 20 (95), 45 (75)]";4255;"Maquina 3: [35 (24), 15 (48), 7 (5), 21 (29), 5 (44), 23 (30), 8 (55), 9 (59), 37 (67), 46 (77), 27 (91), 47 (96)]";4391;"Maquina 4: [24 (22), 41 (34), 18 (4), 1 (18), 42 (47), 28 (31), 44 (74), 48 (24), 38 (52), 3 (60), 22 (79), 30 (91), 29 (99)]";4264
GREEDY;50;4;13432;0.0;1;"Maquina 1: [11 (1), 28 (16), 42 (8), 31 (17), 32 (58), 20 (29), 7 (33), 21 (25), 15 (77), 25 (72), 0 (69), 5 (48), 23 (84)]";3199;"Maquina 2: [47 (8), 6 (2), 35 (12), 36 (26), 14 (23), 24 (31), 44 (43), 12 (54), 29 (70), 18 (82), 8 (68), 26 (97), 9 (77)]";3502;"Maquina 3: [30 (9), 45 (6), 1 (17), 33 (25), 41 (39), 19 (62), 10 (30), 46 (69), 38 (53), 17 (97), 43 (75), 22 (79)]";3371;"Maquina 4: [48 (9), 2 (7), 3 (14), 49 (30), 16 (24), 34 (32), 13 (50), 4 (74), 40 (60), 27 (77), 39 (90), 37 (69)]";3360
GRASP;50;4;12295;665.0;250;"Maquina 1: [11 (1), 49 (30), 33 (25), 41 (39), 47 (8), 21 (25), 34 (32), 13 (50), 12 (54), 29 (70), 27 (77), 22 (79), 43 (75)]";3379;"Maquina 2: [48 (9), 6 (2), 3 (14), 30 (9), 1 (17), 16 (24), 7 (33), 37 (69), 32 (58), 40 (60), 9 (77), 4 (74), 17 (97)]";2956;"Maquina 3: [28 (16), 2 (7), 35 (12), 36 (26), 20 (29), 14 (23), 0 (69), 5 (48), 19 (62), 18 (82), 15 (77), 23 (84)]";2866;"Maquina 4: [31 (17), 42 (8), 45 (6), 24 (31), 44 (43), 38 (53), 25 (72), 10 (30), 46 (69), 8 (68), 39 (90), 26 (97)]";3094
LNS;50;4;13155;39.0;250;"Maquina 1: [11 (1), 28 (16), 42 (8), 31 (17), 32 (58), 20 (29), 7 (33), 21 (25), 15 (77), 25 (72), 5 (48), 0 (69), 23 (84)]";3180;"Maquina 2: [47 (8), 6 (2), 35 (12), 36 (26), 14 (23), 24 (31), 44 (43), 12 (54), 29 (70), 18 (82), 8 (68), 26 (97), 9 (77)]";3502;"Maquina 3: [10 (30), 45 (6), 41 (39), 1 (17), 30 (9), 19 (62), 33 (25), 46 (69), 38 (53), 17 (97), 43 (75), 22 (79)]";3256;"Maquina 4: [16 (24), 2 (7), 48 (9), 34 (32), 3 (14), 49 (30), 13 (50), 4 (74), 40 (60), 27 (77), 39 (90), 37 (69)]";3217
TABÚ;50;4;12313;188.0;250;"Maquina 1: [11 (1), 2 (7), 30 (9), 35 (12), 40 (60), 20 (29), 34 (32), 49 (30), 10 (30), 15 (77), 9 (77), 23 (84), 26 (97)]";2981;"Maquina 2: [48 (9), 33 (25), 28 (16), 16 (24), 7 (33), 12 (54), 38 (53), 29 (70), 25 (72), 5 (48), 43 (75), 22 (79)]";3222;"Maquina 3: [42 (8), 45 (6), 6 (2), 47 (8), 31 (17), 13 (50), 24 (31), 32 (58), 19 (62), 41 (39), 27 (77), 18 (82), 39 (90)]";2953;"Maquina 4: [1 (17), 3 (14), 36 (26), 21 (25), 14 (23), 44 (43), 0 (69), 4 (74), 17 (97), 46 (69), 8 (68), 37 (69)]";3157
VNS;50;4;12447;11375.0;250;"Maquina 1: [11 (1), 28 (16), 42 (8), 31 (17), 32 (58), 20 (29), 7 (33), 10 (30), 15 (77), 25 (72), 0 (69), 5 (48), 37 (69)]";3063;"Maquina 2: [47 (8), 45 (6), 6 (2), 35 (12), 36 (26), 14 (23), 24 (31), 44 (43), 13 (50), 12 (54), 29 (70), 8 (68), 39 (90), 9 (77)]";3355;"Maquina 3: [49 (30), 33 (25), 41 (39), 19 (62), 21 (25), 23 (84), 38 (53), 17 (97), 43 (75), 22 (79)]";2895;"Maquina 4: [48 (9), 34 (32), 3 (14), 30 (9), 1 (17), 16 (24), 2 (7), 4 (74), 40 (60), 27 (77), 18 (82), 26 (97), 46 (69)]";3134
Multiarranque;50;4;12514;798.0;250;"Maquina 1: [47 (8), 31 (17), 28 (16), 2 (7), 24 (31), 32 (58), 49 (30), 13 (50), 38 (53), 44 (43), 27 (77), 22 (79), 39 (90)]";3146;"Maquina 2: [45 (6), 6 (2), 3 (14), 21 (25), 20 (29), 40 (60), 9 (77), 41 (39), 5 (48), 37 (69), 46 (69), 43 (75)]";2923;"Maquina 3: [11 (1), 48 (9), 33 (25), 34 (32), 42 (8), 10 (30), 36 (26), 19 (62), 18 (82), 25 (72), 4 (74), 17 (97), 29 (70)]";3411;"Maquina 4: [1 (17), 14 (23), 30 (9), 35 (12), 7 (33), 12 (54), 16 (24), 0 (69), 8 (68), 15 (77), 23 (84), 26 (97)]";3034
GREEDY;50;4;20048;0.0;1;"Maquina 1: [6 (2), 15 (43), 38 (42), 9 (24), 21 (45), 44 (61), 30 (33), 1 (72), 35 (48), 25 (93), 3 (57), 16 (68), 24 (80)]";4658;"Maquina 2: [41 (32), 22 (2), 33 (76), 14 (25), 20 (51), 13 (43), 27 (38), 37 (56), 0 (72), 29 (60), 23 (67), 47 (88), 17 (96)]";5247;"Maquina 3: [32 (7), 4 (41), 46 (61), 36 (80), 42 (33), 48 (49), 2 (28), 12 (44), 40 (70), 5 (58), 45 (73), 11 (95)]";4736;"Maquina 4: [8 (43), 10 (31), 7 (48), 28 (16), 34 (59), 31 (36), 19 (71), 39 (96), 43 (90), 49 (62), 18 (55), 26 (76)]";5407
GRASP;50;4;19476;664.0;250;"Maquina 1: [37 (56), 22 (2), 29 (60), 18 (55), 44 (61), 14 (25), 31 (36), 19 (71), 4 (41), 36 (80), 26 (76), 24 (80)]";4601;"Maquina 2: [5 (58), 20 (51), 13 (43), 10 (31), 43 (90), 27 (38), 7 (48), 49 (62), 23 (67), 21 (45), 40 (70), 11 (95)]";4806;"Maquina 3: [32 (7), 35 (48), 2 (28), 30 (33), 1 (72), 9 (24), 3 (57), 16 (68), 15 (43), 34 (59), 47 (88), 33 (76), 45 (73)]";5087;"Maquina 4: [12 (44), 6 (2), 0 (72), 28 (16), 42 (33), 48 (49), 46 (61), 41 (32), 38 (42), 8 (43), 25 (93), 39 (96), 17 (96)]";4982
LNS;50;4;20027;38.0;250;"Maquina 1: [6 (2), 15 (43), 38 (42), 9 (24), 21 (45), 44 (61), 30 (33), 1 (72), 35 (48), 25 (93), 3 (57), 16 (68), 24 (80)]";4658;"Maquina 2: [41 (32), 22 (2), 33 (76), 14 (25), 20 (51), 13 (43), 27 (38), 37 (56), 0 (72), 29 (60), 23 (67), 47 (88), 17 (96)]";5247;"Maquina 3: [32 (7), 4 (41), 46 (61), 36 (80), 42 (33), 48 (49), 2 (28), 12 (44), 40 (70), 5 (58), 45 (73), 11 (95)]";4736;"Maquina 4: [8 (43), 10 (31), 7 (48), 28 (16), 34 (59), 31 (36), 19 (71), 39 (96), 18 (55), 49 (62), 43 (90), 26 (76)]";5386
TABÚ;50;4;18860;190.0;250;"Maquina 1: [46 (61), 22 (2), 5 (58), 28 (16), 48 (49), 38 (42), 19 (71), 34 (59), 16 (68), 44 (61), 1 (72), 26 (76), 37 (56)]";4999;"Maquina 2: [14 (25), 41 (32), 15 (43), 10 (31), 42 (33), 13 (43), 27 (38), 7 (48), 45 (73), 3 (57), 36 (80), 29 (60)]";4124;"Maquina 3: [32 (7), 35 (48), 2 (28), 30 (33), 8 (43), 4 (41), 25 (93), 12 (44), 40 (70), 23 (67), 24 (80), 11 (95), 33 (76)]";5331;"Maquina 4: [6 (2), 0 (72), 31 (36), 9 (24), 21 (45), 18 (55), 20 (51), 49 (62), 47 (88), 17 (96), 39 (96), 43 (90)]";4406
VNS;50;4;18691;16495.0;250;"Maquina 1: [6 (2), 15 (43), 10 (31), 9 (24), 21 (45), 44 (61), 1 (72), 26 (76), 35 (48), 25 (93), 3 (57), 16 (68), 24 (80)]";4784;"Maquina 2: [22 (2), 33 (76), 14 (25), 30 (33), 20 (51), 13 (43), 27 (38), 37 (56), 0 (72), 29 (60), 23 (67), 47 (88), 17 (96)]";5336;"Maquina 3: [32 (7), 41 (32), 4 (41), 36 (80), 42 (33), 31 (36), 19 (71), 12 (44), 40 (70), 5 (58), 45 (73), 11 (95)]";4050;"Maquina 4: [8 (43), 38 (42), 7 (48), 28 (16), 34 (59), 48 (49), 2 (28), 39 (96), 43 (90), 49 (62), 46 (61), 18 (55)]";4521
Multiarranque;50;4;19455;791.0;250;"Maquina 1: [7 (48), 30 (33), 22 (2), 15 (43), 34 (59), 31 (36), 19 (71), 23 (67), 0 (72), 25 (93), 8 (43), 37 (56), 17 (96)]";5189;"Maquina 2: [28 (16), 38 (42), 2 (28), 29 (60), 13 (43), 12 (44), 26 (76), 16 (68), 44 (61), 1 (72), 35 (48), 24 (80)]";4625;"Maquina 3: [9 (24), 21 (45), 18 (55), 5 (58), 14 (25), 32 (7), 41 (32), 49 (62), 46 (61), 39 (96), 47 (88), 45 (73)]";4487;"Maquina 4: [42 (33), 6 (2), 20 (51), 27 (38), 4 (41), 36 (80), 48 (49), 10 (31), 43 (90), 3 (57), 33 (76), 40 (70), 11 (95)]";5154
GREEDY;50;4;17968;0.0;1;"Maquina 1: [47 (2), 7 (15), 1 (38), 20 (24), 11 (70), 41 (49), 27 (81), 34 (61), 22 (58), 21 (74), 14 (88), 30 (91), 46 (97)]";4876;"Maquina 2: [25 (4), 38 (15), 23 (51), 28 (75), 39 (21), 13 (59), 42 (62), 37 (72), 16 (41), 3 (92), 12 (84), 8 (89)]";4249;"Maquina 3: [17 (17), 10 (7), 15 (30), 48 (60), 29 (24), 26 (94), 5 (44), 32 (57), 2 (73), 4 (68), 18 (87), 19 (80), 24 (91)]";4438;"Maquina 4: [45 (8), 43 (17), 33 (42), 9 (53), 6 (74), 44 (76), 0 (27), 31 (59), 35 (84), 36 (65), 49 (92), 40 (90)]";4405
GRASP;50;4;16684;712.0;250;"Maquina 1: [45 (8), 10 (7), 15 (30), 11 (70), 0 (27), 32 (57), 42 (62), 3 (92), 23 (51), 26 (94), 21 (74), 14 (88), 2 (73)]";4484;"Maquina 2: [47 (2), 29 (24), 9 (53), 16 (41), 22 (58), 5 (44), 41 (49), 36 (65), 4 (68), 44 (76), 35 (84), 49 (92), 24 (91)]";4593;"Maquina 3: [25 (4), 34 (61), 38 (15), 33 (42), 7 (15), 39 (21), 18 (87), 6 (74), 48 (60), 19 (80), 30 (91), 46 (97)]";3715;"Maquina 4: [17 (17), 1 (38), 20 (24), 31 (59), 43 (17), 28 (75), 37 (72), 27 (81), 13 (59), 40 (90), 12 (84), 8 (89)]";3892
LNS;50;4;17968;36.0;250;"Maquina 1: [47 (2), 7 (15), 1 (38), 20 (24), 11 (70), 41 (49), 27 (81), 34 (61), 22 (58), 21 (74), 14 (88), 30 (91), 46 (97)]";4876;"Maquina 2: [25 (4), 38 (15), 23 (51), 28 (75), 39 (21), 13 (59), 42 (62), 37 (72), 16 (41), 3 (92), 12 (84), 8 (89)]";4249;"Maquina 3: [17 (17), 10 (7), 15 (30), 48 (60), 29 (24), 26 (94), 5 (44), 32 (57), 2 (73), 4 (68), 18 (87), 19 (80), 24 (91)]";4438;"Maquina 4: [45 (8), 43 (17), 33 (42), 9 (53), 6 (74), 44 (76), 0 (27), 31 (59), 35 (84), 36 (65), 49 (92), 40 (90)]";4405
TABÚ;50;4;16606;223.0;250;"Maquina 1: [25 (4), 17 (17), 1 (38), 20 (24), 31 (59), 15 (30), 41 (49), 40 (90), 18 (87), 6 (74), 19 (80), 44 (76), 26 (94)]";4113;"Maquina 2: [22 (58), 5 (44), 7 (15), 33 (42), 35 (84), 39 (21), 11 (70), 8 (89), 4 (68), 2 (73), 23 (51), 30 (91)]";4478;"Maquina 3: [45 (8), 47 (2), 43 (17), 9 (53), 13 (59), 48 (60), 34 (61), 36 (65), 21 (74), 12 (84), 49 (92), 24 (91)]";3623;"Maquina 4: [10 (7), 38 (15), 29 (24), 16 (41), 0 (27), 32 (57), 42 (62), 14 (88), 28 (75), 37 (72), 27 (81), 46 (97), 3 (92)]";4392
VNS;50;4;16742;10150.0;250;"Maquina 1: [45 (8), 39 (21), 17 (17), 1 (38), 20 (24), 11 (70), 41 (49), 36 (65), 21 (74), 14 (88), 35 (84), 27 (81), 46 (97)]";4149;"Maquina 2: [25 (4), 23 (51), 29 (24), 7 (15), 13 (59), 31 (59), 37 (72), 16 (41), 3 (92), 8 (89), 12 (84), 26 (94)]";3986;"Maquina 3: [38 (15), 10 (7), 15 (30), 48 (60), 34 (61), 22 (58), 5 (44), 32 (57), 2 (73), 4 (68), 18 (87), 19 (80), 24 (91)]";4440;"Maquina 4: [47 (2), 43 (17), 33 (42), 9 (53), 6 (74), 44 (76), 0 (27), 28 (75), 42 (62), 49 (92), 40 (90), 30 (91)]";4167
Multiarranque;50;4;16768;794.0;250;"Maquina 1: [0 (27), 7 (15), 33 (42), 21 (74), 38 (15), 31 (59), 11 (70), 22 (58), 2 (73), 27 (81), 46 (97), 8 (89)]";4070;"Maquina 2: [47 (2), 43 (17), 17 (17), 16 (41), 32 (57), 15 (30), 36 (65), 34 (61), 44 (76), 42 (62), 14 (88), 35 (84), 26 (94)]";4071;"Maquina 3: [25 (4), 45 (8), 10 (7), 39 (21), 29 (24), 13 (59), 48 (60), 3 (92), 23 (51), 28 (75), 37 (72), 18 (87), 6 (74), 49 (92)]";4565;"Maquina 4: [1 (38), 20 (24), 19 (80), 12 (84), 5 (44), 9 (53), 41 (49), 4 (68), 40 (90), 30 (91), 24 (91)]";4062
GREEDY;50;4;20734;0.0;1;"Maquina 1: [3 (2), 29 (48), 47 (57), 43 (28), 39 (19), 11 (39), 33 (65), 5 (71), 48 (52), 15 (91), 44 (80), 17 (93)]";4802;"Maquina 2: [34 (9), 6 (21), 36 (35), 2 (32), 9 (87), 46 (44), 30 (54), 19 (52), 38 (69), 24 (64), 4 (75), 26 (97), 42 (91)]";5397;"Maquina 3: [40 (36), 7 (21), 49 (11), 21 (32), 45 (91), 22 (47), 35 (50), 41 (53), 14 (89), 20 (99), 31 (60), 37 (67), 28 (75)]";5413;"Maquina 4: [8 (26), 1 (35), 32 (14), 0 (96), 25 (50), 18 (60), 12 (41), 16 (66), 23 (53), 13 (71), 10 (85), 27 (91)]";5122
GRASP;50;4;18368;674.0;250;"Maquina 1: [34 (9), 22 (47), 7 (21), 12 (41), 48 (52), 23 (53), 46 (44), 10 (85), 47 (57), 14 (89), 25 (50), 4 (75), 45 (91)]";4757;"Maquina 2: [32 (14), 33 (65), 9 (87), 43 (28), 30 (54), 1 (35), 11 (39), 37 (67), 5 (71), 38 (69), 17 (93), 26 (97)]";5069;"Maquina 3: [21 (32), 36 (35), 39 (19), 41 (53), 49 (11), 28 (75), 19 (52), 31 (60), 15 (91), 24 (64), 16 (66), 0 (96), 27 (91)]";4941;"Maquina 4: [8 (26), 6 (21), 2 (32), 40 (36), 3 (2), 18 (60), 35 (50), 29 (48), 44 (80), 13 (71), 20 (99), 42 (91)]";3601
LNS;50;4;20584;38.0;250;"Maquina 1: [3 (2), 29 (48), 47 (57), 43 (28), 39 (19), 11 (39), 33 (65), 44 (80), 48 (52), 15 (91), 5 (71), 17 (93)]";4756;"Maquina 2: [34 (9), 6 (21), 36 (35), 2 (32), 9 (87), 46 (44), 30 (54), 19 (52), 38 (69), 24 (64), 4 (75), 26 (97), 42 (91)]";5397;"Maquina 3: [40 (36), 7 (21), 49 (11), 21 (32), 45 (91), 22 (47), 35 (50), 41 (53), 14 (89), 37 (67), 31 (60), 20 (99), 28 (75)]";5309;"Maquina 4: [8 (26), 1 (35), 32 (14), 0 (96), 25 (50), 18 (60), 12 (41), 16 (66), 23 (53), 13 (71), 10 (85), 27 (91)]";5122
TABÚ;50;4;18925;187.0;250;"Maquina 1: [3 (2), 12 (41), 49 (11), 1 (35), 43 (28), 6 (21), 11 (39), 37 (67), 14 (89), 23 (53), 4 (75), 17 (93)]";3689;"Maquina 2: [8 (26), 19 (52), 32 (14), 36 (35), 48 (52), 18 (60), 31 (60), 46 (44), 5 (71), 13 (71), 20 (99), 10 (85), 0 (96)]";4981;"Maquina 3: [28 (75), 22 (47), 21 (32), 34 (9), 47 (57), 25 (50), 42 (91), 33 (65), 41 (53), 29 (48), 16 (66), 45 (91), 15 (91)]";5607;"Maquina 4: [30 (54), 39 (19), 2 (32), 40 (36), 7 (21), 38 (69), 24 (64), 35 (50), 44 (80), 27 (91), 9 (87), 26 (97)]";4648
VNS;50;4;18965;11525.0;250;"Maquina 1: [3 (2), 1 (35), 6 (21), 43 (28), 47 (57), 11 (39), 33 (65), 14 (89), 5 (71), 48 (52), 15 (91), 44 (80)]";4168;"Maquina 2: [34 (9), 40 (36), 16 (66), 2 (32), 12 (41), 38 (69), 19 (52), 28 (75), 24 (64), 4 (75), 30 (54), 20 (99)]";4490;"Maquina 3: [39 (19), 7 (21), 29 (48), 49 (11), 21 (32), 13 (71), 45 (91), 22 (47), 35 (50), 23 (53), 9 (87), 37 (67), 17 (93), 26 (97)]";5444;"Maquina 4: [8 (26), 36 (35), 32 (14), 0 (96), 25 (50), 18 (60), 31 (60), 46 (44), 27 (91), 41 (53), 10 (85), 42 (91)]";4863
Multiarranque;50;4;18929;792.0;250;"Maquina 1: [3 (2), 16 (66), 2 (32), 36 (35), 48 (52), 13 (71), 39 (19), 25 (50), 18 (60), 10 (85), 26 (97), 15 (91)]";4680;"Maquina 2: [34 (9), 7 (21), 12 (41), 6 (21), 40 (36), 23 (53), 46 (44), 24 (64), 35 (50), 5 (71), 28 (75), 17 (93), 27 (91)]";4348;"Maquina 3: [21 (32), 49 (11), 8 (26), 41 (53), 29 (48), 11 (39), 37 (67), 22 (47), 47 (57), 4 (75), 45 (91), 0 (96), 9 (87)]";4830;"Maquina 4: [1 (35), 43 (28), 31 (60), 32 (14), 33 (65), 38 (69), 19 (52), 30 (54), 20 (99), 42 (91), 44 (80), 14 (89)]";5071
GREEDY;50;4;20339;0.0;1;"Maquina 1: [5 (7), 12 (13), 47 (45), 31 (20), 14 (49), 17 (57), 36 (33), 4 (83), 25 (61), 24 (71), 15 (87), 38 (93)]";4633;"Maquina 2: [43 (13), 10 (9), 29 (62), 39 (33), 3 (27), 35 (38), 1 (64), 20 (89), 2 (56), 34 (47), 23 (83), 42 (94), 22 (77)]";5300;"Maquina 3: [44 (13), 21 (44), 33 (11), 27 (34), 8 (31), 28 (48), 46 (87), 13 (83), 41 (63), 49 (56), 19 (77), 11 (94)]";4874;"Maquina 4: [16 (47), 30 (31), 45 (12), 9 (58), 0 (14), 7 (81), 6 (34), 37 (50), 32 (75), 48 (60), 40 (92), 26 (96), 18 (85)]";5532
GRASP;50;4;17348;677.0;250;"Maquina 1: [5 (7), 44 (13), 48 (60), 6 (34), 31 (20), 41 (63), 28 (48), 24 (71), 8 (31), 7 (81), 18 (85), 19 (77), 20 (89)]";4485;"Maquina 2: [30 (31), 45 (12), 43 (13), 27 (34), 17 (57), 36 (33), 22 (77), 3 (27), 14 (49), 40 (92), 38 (93), 26 (96)]";3649;"Maquina 3: [12 (13), 0 (14), 35 (38), 37 (50), 34 (47), 16 (47), 47 (45), 46 (87), 29 (62), 4 (83), 42 (94), 32 (75), 15 (87)]";4927;"Maquina 4: [33 (11), 9 (58), 23 (83), 39 (33), 10 (9), 21 (44), 25 (61), 2 (56), 49 (56), 13 (83), 1 (64), 11 (94)]";4287
LNS;50;4;20000;41.0;250;"Maquina 1: [5 (7), 12 (13), 47 (45), 31 (20), 14 (49), 17 (57), 36 (33), 4 (83), 25 (61), 24 (71), 15 (87), 38 (93)]";4633;"Maquina 2: [34 (47), 10 (9), 29 (62), 39 (33), 3 (27), 35 (38), 1 (64), 20 (89), 2 (56), 43 (13), 23 (83), 42 (94), 22 (77)]";5126;"Maquina 3: [13 (83), 21 (44), 44 (13), 27 (34), 8 (31), 28 (48), 46 (87), 33 (11), 41 (63), 49 (56), 19 (77), 11 (94)]";4739;"Maquina 4: [16 (47), 30 (31), 45 (12), 9 (58), 0 (14), 7 (81), 6 (34), 37 (50), 40 (92), 48 (60), 32 (75), 26 (96), 18 (85)]";5502
TABÚ;50;4;18122;192.0;250;"Maquina 1: [5 (7), 39 (33), 10 (9), 44 (13), 47 (45), 31 (20), 4 (83), 8 (31), 15 (87), 48 (60), 20 (89), 2 (56), 32 (75)]";3872;"Maquina 2: [16 (47), 13 (83), 21 (44), 45 (12), 19 (77), 0 (14), 29 (62), 40 (92), 6 (34), 7 (81), 34 (47), 49 (56)]";4477;"Maquina 3: [36 (33), 12 (13), 28 (48), 9 (58), 37 (50), 30 (31), 27 (34), 11 (94), 25 (61), 33 (11), 41 (63), 46 (87), 42 (94)]";4564;"Maquina 4: [43 (13), 22 (77), 3 (27), 24 (71), 35 (38), 17 (57), 23 (83), 14 (49), 1 (64), 38 (93), 26 (96), 18 (85)]";5209
VNS;50;4;18603;8964.0;250;"Maquina 1: [5 (7), 39 (33), 12 (13), 31 (20), 25 (61), 23 (83), 17 (57), 36 (33), 4 (83), 29 (62), 24 (71), 15 (87)]";3951;"Maquina 2: [43 (13), 14 (49), 3 (27), 35 (38), 1 (64), 38 (93), 20 (89), 11 (94), 7 (81), 2 (56), 26 (96)]";4467;"Maquina 3: [10 (9), 44 (13), 47 (45), 21 (44), 45 (12), 27 (34), 8 (31), 22 (77), 28 (48), 32 (75), 41 (63), 18 (85), 19 (77), 40 (92)]";5311;"Maquina 4: [16 (47), 30 (31), 33 (11), 6 (34), 9 (58), 0 (14), 34 (47), 37 (50), 42 (94), 46 (87), 13 (83), 48 (60), 49 (56)]";4874
Multiarranque;50;4;17939;804.0;250;"Maquina 1: [2 (56), 45 (12), 47 (45), 31 (20), 6 (34), 36 (33), 37 (50), 34 (47), 24 (71), 15 (87), 20 (89), 11 (94), 42 (94)]";4780;"Maquina 2: [0 (14), 1 (64), 44 (13), 3 (27), 30 (31), 10 (9), 17 (57), 22 (77), 32 (75), 14 (49), 40 (92), 38 (93)]";3905;"Maquina 3: [33 (11), 27 (34), 8 (31), 43 (13), 16 (47), 23 (83), 26 (96), 25 (61), 28 (48), 18 (85), 41 (63), 4 (83)]";4129;"Maquina 4: [21 (44), 5 (7), 39 (33), 12 (13), 46 (87), 48 (60), 35 (38), 49 (56), 19 (77), 29 (62), 13 (83), 9 (58), 7 (81)]";5125
