GREEDY;40;8;7892;0.0;1;"Maquina 1: [1 (2), 19 (52), 17 (83), 3 (29), 16 (68)]";865;"Maquina 2: [25 (2), 7 (99), 22 (29), 9 (83), 0 (61)]";1129;"Maquina 3: [5 (11), 26 (32), 13 (57), 11 (91), 36 (68)]";931;"Maquina 4: [29 (32), 27 (15), 37 (84), 10 (53), 18 (68)]";973;"Maquina 5: [39 (57), 12 (16), 34 (34), 30 (71), 24 (83)]";884;"Maquina 6: [8 (44), 21 (18), 35 (53), 23 (91), 14 (77)]";1053;"Maquina 7: [4 (23), 32 (57), 2 (50), 20 (92), 6 (81)]";1081;"Maquina 8: [15 (53), 28 (25), 38 (50), 31 (78), 33 (89)]";976
GRASP;40;8;6021;437.0;250;"Maquina 1: [29 (32), 22 (29), 3 (29), 31 (78), 17 (83)]";728;"Maquina 2: [25 (2), 26 (32), 39 (57), 19 (52), 9 (83), 20 (92)]";930;"Maquina 3: [27 (15), 34 (34), 11 (91), 23 (91), 24 (83)]";826;"Maquina 4: [21 (18), 15 (53), 18 (68), 36 (68)]";464;"Maquina 5: [4 (23), 13 (57), 2 (50), 35 (53), 37 (84)]";847;"Maquina 6: [1 (2), 10 (53), 38 (50), 0 (61), 6 (81)]";657;"Maquina 7: [5 (11), 16 (68), 7 (99), 28 (25), 14 (77)]";819;"Maquina 8: [12 (16), 8 (44), 30 (71), 32 (57), 33 (89)]";750
LNS;40;8;7803;7.0;250;"Maquina 1: [1 (2), 19 (52), 17 (83), 3 (29), 16 (68)]";865;"Maquina 2: [22 (29), 7 (99), 25 (2), 9 (83), 0 (61)]";1058;"Maquina 3: [5 (11), 26 (32), 13 (57), 11 (91), 36 (68)]";931;"Maquina 4: [29 (32), 27 (15), 37 (84), 10 (53), 18 (68)]";973;"Maquina 5: [39 (57), 12 (16), 34 (34), 30 (71), 24 (83)]";884;"Maquina 6: [21 (18), 8 (44), 35 (53), 23 (91), 14 (77)]";1035;"Maquina 7: [4 (23), 32 (57), 2 (50), 20 (92), 6 (81)]";1081;"Maquina 8: [15 (53), 28 (25), 38 (50), 31 (78), 33 (89)]";976
TABÚ;40;8;6287;133.0;250;"Maquina 1: [34 (34), 22 (29), 4 (23), 10 (53), 11 (91)]";718;"Maquina 2: [1 (2), 27 (15), 0 (61), 14 (77), 7 (99)]";699;"Maquina 3: [35 (53), 5 (11), 32 (57), 37 (84), 33 (89)]";855;"Maquina 4: [25 (2), 26 (32), 39 (57), 36 (68), 16 (68), 20 (92)]";981;"Maquina 5: [12 (16), 21 (18), 2 (50), 29 (32), 23 (91)]";683;"Maquina 6: [8 (44), 30 (71), 13 (57), 6 (81), 9 (83)]";968;"Maquina 7: [18 (68), 3 (29), 15 (53), 24 (83)]";578;"Maquina 8: [28 (25), 38 (50), 19 (52), 31 (78), 17 (83)]";805
VNS;40;8;6160;4481.0;250;"Maquina 1: [26 (32), 19 (52), 17 (83), 16 (68), 7 (99)]";900;"Maquina 2: [10 (53), 35 (53), 5 (11), 3 (29), 9 (83), 20 (92)]";1082;"Maquina 3: [1 (2), 27 (15), 34 (34), 11 (91), 36 (68)]";498;"Maquina 4: [22 (29), 29 (32), 21 (18), 2 (50), 15 (53), 18 (68)]";944;"Maquina 5: [25 (2), 39 (57), 12 (16), 0 (61), 24 (83)]";585;"Maquina 6: [8 (44), 30 (71), 23 (91), 14 (77)]";683;"Maquina 7: [4 (23), 32 (57), 37 (84), 33 (89)]";587;"Maquina 8: [13 (57), 28 (25), 38 (50), 6 (81), 31 (78)]";881
Multiarranque;40;8;6635;456.0;250;"Maquina 1: [26 (32), 27 (15), 12 (16), 4 (23), 7 (99)]";526;"Maquina 2: [3 (29), 9 (83), 32 (57), 37 (84), 36 (68)]";950;"Maquina 3: [8 (44), 28 (25), 14 (77), 18 (68), 23 (91)]";957;"Maquina 4: [21 (18), 13 (57), 2 (50), 11 (91), 38 (50)]";788;"Maquina 5: [34 (34), 25 (2), 31 (78), 10 (53), 35 (53)]";811;"Maquina 6: [22 (29), 1 (2), 30 (71), 16 (68), 24 (83)]";785;"Maquina 7: [5 (11), 33 (89), 15 (53), 6 (81), 20 (92)]";959;"Maquina 8: [29 (32), 39 (57), 19 (52), 0 (61), 17 (83)]";859
GREEDY;40;8;7333;0.0;1;"Maquina 1: [9 (1), 22 (59), 6 (71), 20 (28), 5 (91)]";961;"Maquina 2: [23 (2), 25 (28), 7 (60), 18 (37), 35 (79)]";686;"Maquina 3: [28 (2), 17 (30), 15 (63), 34 (42), 14 (81)]";864;"Maquina 4: [31 (4), 27 (32), 30 (85), 10 (38), 0 (61)]";908;"Maquina 5: [2 (7), 26 (46), 12 (63), 11 (33), 39 (79)]";711;"Maquina 6: [4 (34), 24 (11), 8 (68), 29 (53), 32 (88)]";942;"Maquina 7: [21 (34), 1 (98), 3 (20), 38 (59), 16 (73)]";1078;"Maquina 8: [37 (34), 19 (23), 36 (59), 33 (74), 13 (98)]";1183
GRASP;40;8;5643;434.0;250;"Maquina 1: [19 (23), 28 (2), 15 (63), 12 (63), 5 (91)]";668;"Maquina 2: [24 (11), 22 (59), 31 (4), 35 (79), 16 (73)]";680;"Maquina 3: [11 (33), 9 (1), 36 (59), 6 (71), 1 (98)]";709;"Maquina 4: [25 (28), 37 (34), 17 (30), 33 (74), 30 (85)]";648;"Maquina 5: [21 (34), 32 (88), 3 (20), 8 (68), 13 (98)]";883;"Maquina 6: [20 (28), 23 (2), 0 (61), 34 (42), 38 (59)]";605;"Maquina 7: [2 (7), 27 (32), 7 (60), 18 (37), 14 (81)]";657;"Maquina 8: [29 (53), 10 (38), 26 (46), 4 (34), 39 (79)]";793
LNS;40;8;7119;6.0;250;"Maquina 1: [22 (59), 9 (1), 6 (71), 20 (28), 5 (91)]";932;"Maquina 2: [23 (2), 25 (28), 7 (60), 18 (37), 35 (79)]";686;"Maquina 3: [17 (30), 28 (2), 15 (63), 34 (42), 14 (81)]";829;"Maquina 4: [27 (32), 31 (4), 30 (85), 10 (38), 0 (61)]";880;"Maquina 5: [2 (7), 26 (46), 12 (63), 11 (33), 39 (79)]";711;"Maquina 6: [4 (34), 24 (11), 8 (68), 29 (53), 32 (88)]";942;"Maquina 7: [21 (34), 1 (98), 3 (20), 38 (59), 16 (73)]";1078;"Maquina 8: [36 (59), 37 (34), 19 (23), 33 (74), 13 (98)]";1061
TABÚ;40;8;5582;135.0;250;"Maquina 1: [10 (38), 24 (11), 16 (73), 8 (68), 30 (85)]";774;"Maquina 2: [20 (28), 23 (2), 29 (53), 32 (88), 13 (98)]";683;"Maquina 3: [28 (2), 9 (1), 34 (42), 12 (63), 5 (91)]";484;"Maquina 4: [2 (7), 4 (34), 33 (74), 3 (20), 0 (61)]";574;"Maquina 5: [21 (34), 15 (63), 27 (32), 7 (60), 1 (98)]";888;"Maquina 6: [26 (46), 18 (37), 19 (23), 22 (59), 38 (59)]";722;"Maquina 7: [37 (34), 17 (30), 14 (81), 11 (33), 36 (59)]";756;"Maquina 8: [31 (4), 6 (71), 25 (28), 35 (79), 39 (79)]";701
VNS;40;8;5654;3964.0;250;"Maquina 1: [9 (1), 36 (59), 6 (71), 34 (42), 29 (53)]";698;"Maquina 2: [28 (2), 25 (28), 27 (32), 7 (60), 18 (37), 10 (38)]";674;"Maquina 3: [21 (34), 17 (30), 35 (79), 16 (73)]";543;"Maquina 4: [31 (4), 15 (63), 32 (88), 8 (68)]";536;"Maquina 5: [2 (7), 26 (46), 12 (63), 5 (91), 39 (79)]";794;"Maquina 6: [4 (34), 24 (11), 33 (74), 30 (85), 14 (81)]";837;"Maquina 7: [20 (28), 23 (2), 3 (20), 0 (61), 1 (98), 11 (33)]";763;"Maquina 8: [37 (34), 19 (23), 22 (59), 38 (59), 13 (98)]";809
Multiarranque;40;8;6119;458.0;250;"Maquina 1: [19 (23), 24 (11), 15 (63), 28 (2), 18 (37), 0 (61)]";815;"Maquina 2: [9 (1), 2 (7), 26 (46), 20 (28), 30 (85), 35 (79)]";689;"Maquina 3: [23 (2), 25 (28), 10 (38), 7 (60), 4 (34), 13 (98)]";853;"Maquina 4: [36 (59), 27 (32), 38 (59), 5 (91)]";732;"Maquina 5: [21 (34), 8 (68), 22 (59), 32 (88)]";684;"Maquina 6: [11 (33), 14 (81), 12 (63), 39 (79)]";733;"Maquina 7: [37 (34), 31 (4), 34 (42), 29 (53), 16 (73)]";703;"Maquina 8: [17 (30), 33 (74), 6 (71), 3 (20), 1 (98)]";910
GREEDY;40;8;5353;0.0;1;"Maquina 1: [2 (34), 26 (2), 21 (63), 25 (19), 20 (92)]";620;"Maquina 2: [35 (6), 32 (21), 10 (36), 27 (74), 0 (97)]";736;"Maquina 3: [36 (6), 16 (23), 22 (33), 1 (58), 24 (89)]";587;"Maquina 4: [28 (25), 11 (7), 38 (34), 39 (91), 3 (61)]";583;"Maquina 5: [9 (12), 8 (51), 31 (86), 5 (29), 30 (99)]";786;"Maquina 6: [17 (13), 13 (44), 18 (30), 14 (79), 7 (94)]";677;"Maquina 7: [37 (15), 23 (32), 15 (43), 12 (83), 33 (98)]";736;"Maquina 8: [4 (19), 34 (32), 19 (43), 29 (66), 6 (94)]";628
GRASP;40;8;4769;434.0;250;"Maquina 1: [36 (6), 16 (23), 22 (33), 13 (44), 20 (92)]";484;"Maquina 2: [28 (25), 11 (7), 29 (66), 21 (63), 33 (98)]";624;"Maquina 3: [26 (2), 10 (36), 25 (19), 15 (43), 30 (99)]";463;"Maquina 4: [18 (30), 38 (34), 5 (29), 6 (94), 0 (97)]";728;"Maquina 5: [35 (6), 17 (13), 19 (43), 39 (91), 27 (74)]";548;"Maquina 6: [34 (32), 23 (32), 1 (58), 14 (79), 7 (94)]";765;"Maquina 7: [37 (15), 9 (12), 2 (34), 31 (86), 24 (89)]";570;"Maquina 8: [32 (21), 4 (19), 8 (51), 3 (61), 12 (83)]";587
LNS;40;8;5336;6.0;250;"Maquina 1: [2 (34), 26 (2), 21 (63), 25 (19), 20 (92)]";620;"Maquina 2: [35 (6), 32 (21), 10 (36), 27 (74), 0 (97)]";736;"Maquina 3: [36 (6), 22 (33), 16 (23), 1 (58), 24 (89)]";580;"Maquina 4: [28 (25), 11 (7), 38 (34), 39 (91), 3 (61)]";583;"Maquina 5: [9 (12), 8 (51), 31 (86), 5 (29), 30 (99)]";786;"Maquina 6: [17 (13), 13 (44), 18 (30), 14 (79), 7 (94)]";677;"Maquina 7: [37 (15), 15 (43), 23 (32), 12 (83), 33 (98)]";726;"Maquina 8: [4 (19), 34 (32), 19 (43), 29 (66), 6 (94)]";628
TABÚ;40;8;4812;134.0;250;"Maquina 1: [9 (12), 22 (33), 16 (23), 20 (92), 30 (99)]";604;"Maquina 2: [4 (19), 35 (6), 29 (66), 1 (58), 24 (89)]";578;"Maquina 3: [13 (44), 32 (21), 15 (43), 3 (61), 12 (83)]";689;"Maquina 4: [37 (15), 23 (32), 19 (43), 27 (74), 7 (94)]";624;"Maquina 5: [26 (2), 38 (34), 5 (29), 18 (30), 0 (97)]";474;"Maquina 6: [17 (13), 36 (6), 34 (32), 6 (94), 33 (98)]";564;"Maquina 7: [10 (36), 25 (19), 21 (63), 8 (51), 31 (86)]";695;"Maquina 8: [28 (25), 11 (7), 2 (34), 14 (79), 39 (91)]";584
VNS;40;8;4908;7345.0;250;"Maquina 1: [37 (15), 36 (6), 26 (2), 21 (63), 8 (51), 3 (61)]";551;"Maquina 2: [22 (33), 10 (36), 20 (92), 0 (97)]";573;"Maquina 3: [35 (6), 2 (34), 13 (44), 16 (23), 1 (58), 24 (89)]";801;"Maquina 4: [28 (25), 11 (7), 38 (34), 39 (91), 27 (74)]";581;"Maquina 5: [9 (12), 25 (19), 31 (86), 5 (29), 30 (99)]";617;"Maquina 6: [17 (13), 32 (21), 18 (30), 14 (79), 7 (94)]";594;"Maquina 7: [15 (43), 23 (32), 12 (83), 33 (98)]";563;"Maquina 8: [4 (19), 34 (32), 19 (43), 29 (66), 6 (94)]";628
Multiarranque;40;8;5112;453.0;250;"Maquina 1: [4 (19), 26 (2), 10 (36), 13 (44), 24 (89), 39 (91)]";776;"Maquina 2: [9 (12), 22 (33), 8 (51), 14 (79), 33 (98)]";711;"Maquina 3: [28 (25), 11 (7), 38 (34), 1 (58), 7 (94)]";557;"Maquina 4: [25 (19), 35 (6), 17 (13), 3 (61), 6 (94)]";495;"Maquina 5: [32 (21), 18 (30), 15 (43), 29 (66), 0 (97)]";712;"Maquina 6: [36 (6), 34 (32), 5 (29), 30 (99), 12 (83)]";641;"Maquina 7: [16 (23), 2 (34), 19 (43), 20 (92), 31 (86)]";809;"Maquina 8: [37 (15), 23 (32), 21 (63), 27 (74)]";411
GREEDY;40;8;5987;1.0;1;"Maquina 1: [31 (5), 10 (27), 15 (49), 17 (62), 25 (74)]";626;"Maquina 2: [0 (10), 6 (28), 12 (50), 30 (74), 34 (63)]";668;"Maquina 3: [4 (29), 2 (14), 3 (75), 27 (50), 32 (65)]";624;"Maquina 4: [38 (16), 16 (29), 18 (50), 9 (64), 26 (77)]";725;"Maquina 5: [19 (31), 7 (17), 24 (69), 37 (51), 36 (98)]";844;"Maquina 6: [20 (20), 8 (59), 29 (38), 23 (70), 14 (88)]";791;"Maquina 7: [39 (24), 22 (39), 11 (53), 1 (74), 28 (99)]";905;"Maquina 8: [35 (25), 5 (61), 33 (46), 13 (71), 21 (95)]";804
GRASP;40;8;5527;431.0;250;"Maquina 1: [0 (10), 4 (29), 38 (16), 25 (74), 5 (61), 26 (77)]";778;"Maquina 2: [19 (31), 7 (17), 1 (74), 14 (88), 23 (70)]";750;"Maquina 3: [2 (14), 16 (29), 27 (50), 17 (62), 36 (98)]";676;"Maquina 4: [31 (5), 8 (59), 22 (39), 9 (64), 24 (69)]";660;"Maquina 5: [20 (20), 39 (24), 37 (51), 3 (75), 28 (99)]";655;"Maquina 6: [29 (38), 35 (25), 13 (71), 32 (65)]";480;"Maquina 7: [10 (27), 33 (46), 11 (53), 34 (63), 30 (74)]";779;"Maquina 8: [15 (49), 6 (28), 18 (50), 12 (50), 21 (95)]";749
LNS;40;8;5959;8.0;250;"Maquina 1: [31 (5), 10 (27), 15 (49), 17 (62), 25 (74)]";626;"Maquina 2: [0 (10), 6 (28), 12 (50), 30 (74), 34 (63)]";668;"Maquina 3: [4 (29), 2 (14), 3 (75), 27 (50), 32 (65)]";624;"Maquina 4: [38 (16), 16 (29), 18 (50), 9 (64), 26 (77)]";725;"Maquina 5: [7 (17), 19 (31), 24 (69), 37 (51), 36 (98)]";823;"Maquina 6: [20 (20), 8 (59), 29 (38), 23 (70), 14 (88)]";791;"Maquina 7: [39 (24), 1 (74), 11 (53), 22 (39), 28 (99)]";898;"Maquina 8: [35 (25), 5 (61), 33 (46), 13 (71), 21 (95)]";804
TABÚ;40;8;5528;136.0;250;"Maquina 1: [38 (16), 12 (50), 10 (27), 27 (50), 21 (95)]";631;"Maquina 2: [31 (5), 24 (69), 18 (50), 32 (65), 25 (74)]";765;"Maquina 3: [2 (14), 16 (29), 19 (31), 37 (51), 14 (88)]";543;"Maquina 4: [39 (24), 0 (10), 8 (59), 29 (38), 5 (61)]";592;"Maquina 5: [7 (17), 4 (29), 13 (71), 17 (62), 26 (77)]";695;"Maquina 6: [35 (25), 22 (39), 9 (64), 23 (70), 28 (99)]";774;"Maquina 7: [20 (20), 15 (49), 34 (63), 30 (74), 36 (98)]";757;"Maquina 8: [6 (28), 33 (46), 1 (74), 11 (53), 3 (75)]";771
VNS;40;8;5419;5394.0;250;"Maquina 1: [10 (27), 15 (49), 26 (77), 17 (62)]";507;"Maquina 2: [6 (28), 18 (50), 23 (70), 24 (69)]";512;"Maquina 3: [4 (29), 2 (14), 3 (75), 30 (74), 36 (98)]";693;"Maquina 4: [0 (10), 38 (16), 16 (29), 1 (74), 12 (50), 34 (63)]";732;"Maquina 5: [19 (31), 7 (17), 32 (65), 25 (74), 9 (64)]";692;"Maquina 6: [31 (5), 20 (20), 27 (50), 29 (38), 22 (39), 8 (59), 28 (99)]";970;"Maquina 7: [39 (24), 37 (51), 14 (88), 11 (53)]";509;"Maquina 8: [35 (25), 5 (61), 33 (46), 13 (71), 21 (95)]";804
Multiarranque;40;8;5657;457.0;250;"Maquina 1: [35 (25), 31 (5), 12 (50), 27 (50), 25 (74)]";571;"Maquina 2: [20 (20), 15 (49), 6 (28), 26 (77), 9 (64)]";677;"Maquina 3: [4 (29), 2 (14), 18 (50), 34 (63), 30 (74)]";596;"Maquina 4: [38 (16), 19 (31), 37 (51), 3 (75), 32 (65)]";664;"Maquina 5: [0 (10), 16 (29), 8 (59), 24 (69), 36 (98)]";725;"Maquina 6: [7 (17), 29 (38), 23 (70), 11 (53), 21 (95)]";759;"Maquina 7: [39 (24), 22 (39), 5 (61), 13 (71), 14 (88)]";818;"Maquina 8: [10 (27), 33 (46), 1 (74), 17 (62), 28 (99)]";847
GREEDY;40;8;5063;0.0;1;"Maquina 1: [19 (9), 9 (2), 18 (29), 32 (80), 25 (56)]";553;"Maquina 2: [31 (10), 30 (2), 6 (43), 16 (67), 24 (90)]";653;"Maquina 3: [10 (13), 3 (4), 35 (31), 15 (56), 22 (98), 37 (77)]";828;"Maquina 4: [7 (4), 38 (18), 0 (34), 1 (66), 5 (85)]";641;"Maquina 5: [26 (33), 12 (5), 20 (20), 36 (82), 14 (67)]";563;"Maquina 6: [33 (20), 17 (6), 34 (67), 28 (46), 29 (89)]";647;"Maquina 7: [4 (23), 23 (7), 11 (48), 27 (74), 39 (96)]";703;"Maquina 8: [8 (8), 2 (27), 13 (52), 21 (76)]";475
GRASP;40;8;4063;429.0;250;"Maquina 1: [2 (27), 31 (10), 11 (48), 0 (34), 37 (77)]";543;"Maquina 2: [30 (2), 38 (18), 14 (67), 1 (66), 32 (80)]";579;"Maquina 3: [12 (5), 18 (29), 8 (8), 25 (56), 24 (90), 29 (89)]";686;"Maquina 4: [19 (9), 35 (31), 15 (56), 39 (96)]";386;"Maquina 5: [4 (23), 23 (7), 13 (52), 26 (33), 22 (98)]";538;"Maquina 6: [9 (2), 17 (6), 34 (67), 33 (20), 21 (76)]";381;"Maquina 7: [3 (4), 20 (20), 6 (43), 16 (67), 5 (85)]";480;"Maquina 8: [7 (4), 10 (13), 28 (46), 27 (74), 36 (82)]";470
LNS;40;8;5054;6.0;250;"Maquina 1: [19 (9), 9 (2), 18 (29), 32 (80), 25 (56)]";553;"Maquina 2: [31 (10), 30 (2), 16 (67), 6 (43), 24 (90)]";644;"Maquina 3: [10 (13), 3 (4), 35 (31), 15 (56), 22 (98), 37 (77)]";828;"Maquina 4: [7 (4), 38 (18), 0 (34), 1 (66), 5 (85)]";641;"Maquina 5: [26 (33), 12 (5), 20 (20), 36 (82), 14 (67)]";563;"Maquina 6: [33 (20), 17 (6), 34 (67), 28 (46), 29 (89)]";647;"Maquina 7: [4 (23), 23 (7), 11 (48), 27 (74), 39 (96)]";703;"Maquina 8: [8 (8), 2 (27), 13 (52), 21 (76)]";475
TABÚ;40;8;4229;135.0;250;"Maquina 1: [19 (9), 35 (31), 26 (33), 29 (89), 36 (82)]";614;"Maquina 2: [31 (10), 18 (29), 25 (56), 0 (34), 22 (98)]";600;"Maquina 3: [7 (4), 10 (13), 4 (23), 6 (43), 27 (74)]";370;"Maquina 4: [2 (27), 17 (6), 28 (46), 13 (52), 24 (90)]";595;"Maquina 5: [23 (7), 14 (67), 11 (48), 21 (76), 1 (66)]";719;"Maquina 6: [8 (8), 30 (2), 34 (67), 15 (56), 5 (85)]";482;"Maquina 7: [12 (5), 20 (20), 33 (20), 37 (77), 39 (96)]";493;"Maquina 8: [9 (2), 38 (18), 3 (4), 16 (67), 32 (80)]";356
VNS;40;8;4241;4002.0;250;"Maquina 1: [17 (6), 31 (10), 18 (29), 30 (2), 21 (76), 32 (80)]";517;"Maquina 2: [20 (20), 6 (43), 25 (56), 29 (89)]";436;"Maquina 3: [38 (18), 3 (4), 23 (7), 5 (85), 37 (77)]";458;"Maquina 4: [9 (2), 7 (4), 10 (13), 14 (67), 1 (66), 36 (82)]";575;"Maquina 5: [26 (33), 12 (5), 28 (46), 16 (67), 39 (96)]";649;"Maquina 6: [33 (20), 19 (9), 34 (67), 0 (34), 22 (98)]";577;"Maquina 7: [4 (23), 35 (31), 11 (48), 27 (74)]";416;"Maquina 8: [8 (8), 15 (56), 2 (27), 13 (52), 24 (90)]";613
Multiarranque;40;8;4406;453.0;250;"Maquina 1: [19 (9), 35 (31), 13 (52), 24 (90), 29 (89)]";682;"Maquina 2: [31 (10), 20 (20), 6 (43), 15 (56), 5 (85)]";592;"Maquina 3: [0 (34), 30 (2), 34 (67), 26 (33), 37 (77)]";567;"Maquina 4: [3 (4), 9 (2), 7 (4), 10 (13), 4 (23), 21 (76), 32 (80)]";516;"Maquina 5: [23 (7), 27 (74), 36 (82), 28 (46)]";494;"Maquina 6: [33 (20), 2 (27), 14 (67), 25 (56)]";435;"Maquina 7: [18 (29), 38 (18), 17 (6), 39 (96), 22 (98)]";675;"Maquina 8: [12 (5), 8 (8), 1 (66), 11 (48), 16 (67)]";445
GREEDY;40;8;6805;0.0;1;"Maquina 1: [32 (17), 19 (45), 18 (1), 4 (66), 36 (83), 11 (97)]";1041;"Maquina 2: [9 (9), 0 (59), 7 (18), 39 (93), 28 (76)]";989;"Maquina 3: [10 (10), 38 (23), 16 (37), 14 (64), 29 (84)]";695;"Maquina 4: [3 (24), 15 (13), 12 (56), 37 (72), 13 (88)]";923;"Maquina 5: [31 (39), 33 (31), 6 (16), 27 (70), 5 (87)]";810;"Maquina 6: [30 (16), 22 (34), 35 (38), 25 (67), 1 (86)]";808;"Maquina 7: [34 (40), 8 (36), 21 (17), 23 (70), 2 (86)]";868;"Maquina 8: [20 (78), 24 (17), 26 (36), 17 (63)]";671
GRASP;40;8;6146;433.0;250;"Maquina 1: [8 (36), 19 (45), 12 (56), 23 (70), 1 (86)]";967;"Maquina 2: [22 (34), 7 (18), 10 (10), 13 (88), 25 (67)]";657;"Maquina 3: [34 (40), 9 (9), 33 (31), 4 (66), 2 (86)]";731;"Maquina 4: [15 (13), 6 (16), 14 (64), 37 (72), 31 (39), 27 (70)]";1037;"Maquina 5: [16 (37), 30 (16), 5 (87), 38 (23), 36 (83)]";930;"Maquina 6: [18 (1), 17 (63), 29 (84), 20 (78)]";544;"Maquina 7: [32 (17), 3 (24), 26 (36), 0 (59), 39 (93)]";632;"Maquina 8: [24 (17), 21 (17), 35 (38), 11 (97), 28 (76)]";648
LNS;40;8;6805;6.0;250;"Maquina 1: [32 (17), 19 (45), 18 (1), 4 (66), 36 (83), 11 (97)]";1041;"Maquina 2: [9 (9), 0 (59), 7 (18), 39 (93), 28 (76)]";989;"Maquina 3: [10 (10), 38 (23), 16 (37), 14 (64), 29 (84)]";695;"Maquina 4: [3 (24), 15 (13), 12 (56), 37 (72), 13 (88)]";923;"Maquina 5: [31 (39), 33 (31), 6 (16), 27 (70), 5 (87)]";810;"Maquina 6: [30 (16), 22 (34), 35 (38), 25 (67), 1 (86)]";808;"Maquina 7: [34 (40), 8 (36), 21 (17), 23 (70), 2 (86)]";868;"Maquina 8: [20 (78), 24 (17), 26 (36), 17 (63)]";671
TABÚ;40;8;5949;132.0;250;"Maquina 1: [7 (18), 19 (45), 10 (10), 20 (78), 36 (83)]";687;"Maquina 2: [32 (17), 14 (64), 33 (31), 4 (66), 11 (97)]";806;"Maquina 3: [6 (16), 12 (56), 27 (70), 2 (86), 1 (86)]";927;"Maquina 4: [15 (13), 18 (1), 16 (37), 3 (24), 25 (67)]";356;"Maquina 5: [38 (23), 9 (9), 39 (93), 22 (34), 17 (63)]";738;"Maquina 6: [34 (40), 24 (17), 35 (38), 23 (70), 5 (87)]";681;"Maquina 7: [8 (36), 21 (17), 29 (84), 28 (76), 0 (59)]";884;"Maquina 8: [31 (39), 30 (16), 26 (36), 13 (88), 37 (72)]";870
VNS;40;8;5700;7002.0;250;"Maquina 1: [33 (31), 4 (66), 11 (97)]";379;"Maquina 2: [9 (9), 38 (23), 0 (59), 7 (18), 39 (93), 36 (83)]";861;"Maquina 3: [31 (39), 27 (70), 29 (84), 2 (86)]";679;"Maquina 4: [24 (17), 16 (37), 3 (24), 26 (36), 12 (56), 28 (76)]";899;"Maquina 5: [18 (1), 6 (16), 30 (16), 35 (38), 14 (64), 1 (86)]";665;"Maquina 6: [15 (13), 22 (34), 25 (67), 17 (63), 5 (87)]";833;"Maquina 7: [10 (10), 34 (40), 8 (36), 21 (17), 13 (88)]";501;"Maquina 8: [32 (17), 20 (78), 19 (45), 37 (72), 23 (70)]";883
Multiarranque;40;8;6355;455.0;250;"Maquina 1: [3 (24), 18 (1), 16 (37), 27 (70), 5 (87)]";713;"Maquina 2: [31 (39), 9 (9), 38 (23), 34 (40), 2 (86)]";680;"Maquina 3: [12 (56), 8 (36), 0 (59), 20 (78), 29 (84)]";1020;"Maquina 4: [10 (10), 15 (13), 6 (16), 28 (76), 37 (72)]";605;"Maquina 5: [33 (31), 24 (17), 22 (34), 36 (83), 25 (67)]";787;"Maquina 6: [26 (36), 39 (93), 21 (17), 14 (64), 1 (86)]";962;"Maquina 7: [7 (18), 4 (66), 35 (38), 17 (63), 11 (97)]";831;"Maquina 8: [30 (16), 32 (17), 19 (45), 23 (70), 13 (88)]";757
GREEDY;40;8;7760;0.0;1;"Maquina 1: [16 (19), 7 (2), 31 (49), 33 (91), 11 (74)]";1013;"Maquina 2: [25 (25), 22 (8), 23 (39), 2 (74), 6 (91)]";984;"Maquina 3: [12 (27), 30 (8), 38 (69), 4 (41), 5 (88)]";968;"Maquina 4: [26 (45), 17 (10), 13 (29), 24 (63), 8 (85)]";815;"Maquina 5: [19 (10), 18 (55), 3 (31), 15 (69), 14 (87)]";806;"Maquina 6: [39 (32), 28 (16), 9 (54), 36 (94), 27 (74)]";1067;"Maquina 7: [29 (16), 21 (56), 35 (96), 34 (33), 37 (79)]";1111;"Maquina 8: [10 (39), 20 (59), 32 (18), 1 (94), 0 (79)]";996
GRASP;40;8;5829;440.0;250;"Maquina 1: [12 (27), 22 (8), 32 (18), 24 (63), 36 (94)]";551;"Maquina 2: [7 (2), 13 (29), 11 (74), 14 (87), 0 (79)]";672;"Maquina 3: [34 (33), 30 (8), 23 (39), 8 (85), 9 (54)]";651;"Maquina 4: [18 (55), 3 (31), 20 (59), 2 (74), 5 (88)]";958;"Maquina 5: [17 (10), 25 (25), 28 (16), 27 (74), 38 (69)]";649;"Maquina 6: [29 (16), 26 (45), 15 (69), 33 (91), 1 (94)]";894;"Maquina 7: [10 (39), 16 (19), 39 (32), 4 (41), 35 (96)]";698;"Maquina 8: [19 (10), 21 (56), 31 (49), 37 (79), 6 (91)]";756
LNS;40;8;7665;6.0;250;"Maquina 1: [16 (19), 7 (2), 31 (49), 33 (91), 11 (74)]";1013;"Maquina 2: [25 (25), 22 (8), 23 (39), 2 (74), 6 (91)]";984;"Maquina 3: [4 (41), 30 (8), 38 (69), 12 (27), 5 (88)]";890;"Maquina 4: [26 (45), 17 (10), 13 (29), 24 (63), 8 (85)]";815;"Maquina 5: [19 (10), 18 (55), 3 (31), 15 (69), 14 (87)]";806;"Maquina 6: [39 (32), 28 (16), 9 (54), 36 (94), 27 (74)]";1067;"Maquina 7: [34 (33), 21 (56), 35 (96), 29 (16), 37 (79)]";1094;"Maquina 8: [10 (39), 20 (59), 32 (18), 1 (94), 0 (79)]";996
TABÚ;40;8;5959;141.0;250;"Maquina 1: [30 (8), 23 (39), 34 (33), 31 (49), 1 (94)]";570;"Maquina 2: [4 (41), 29 (16), 17 (10), 18 (55), 8 (85)]";656;"Maquina 3: [22 (8), 26 (45), 12 (27), 3 (31), 27 (74)]";682;"Maquina 4: [16 (19), 19 (10), 0 (79), 15 (69), 33 (91)]";778;"Maquina 5: [13 (29), 7 (2), 38 (69), 2 (74), 5 (88)]";638;"Maquina 6: [10 (39), 28 (16), 9 (54), 11 (74), 20 (59)]";828;"Maquina 7: [32 (18), 24 (63), 37 (79), 6 (91), 36 (94)]";988;"Maquina 8: [39 (32), 25 (25), 14 (87), 21 (56), 35 (96)]";819
VNS;40;8;6148;4466.0;250;"Maquina 1: [7 (2), 13 (29), 24 (63), 31 (49), 20 (59), 6 (91)]";944;"Maquina 2: [4 (41), 23 (39), 27 (74), 12 (27)]";521;"Maquina 3: [30 (8), 38 (69), 2 (74), 0 (79), 5 (88)]";846;"Maquina 4: [26 (45), 17 (10), 11 (74), 10 (39), 8 (85)]";794;"Maquina 5: [19 (10), 18 (55), 3 (31), 15 (69), 34 (33), 14 (87)]";1092;"Maquina 6: [39 (32), 21 (56), 28 (16), 9 (54), 36 (94)]";835;"Maquina 7: [29 (16), 16 (19), 37 (79), 35 (96)]";508;"Maquina 8: [25 (25), 22 (8), 32 (18), 33 (91), 1 (94)]";608
Multiarranque;40;8;6664;455.0;250;"Maquina 1: [22 (8), 11 (74), 3 (31), 27 (74), 6 (91)]";912;"Maquina 2: [19 (10), 0 (79), 24 (63), 28 (16), 1 (94)]";760;"Maquina 3: [32 (18), 30 (8), 8 (85), 4 (41), 36 (94)]";835;"Maquina 4: [7 (2), 13 (29), 10 (39), 9 (54), 5 (88)]";701;"Maquina 5: [25 (25), 39 (32), 21 (56), 14 (87), 20 (59)]";861;"Maquina 6: [29 (16), 12 (27), 31 (49), 18 (55), 33 (91)]";718;"Maquina 7: [38 (69), 16 (19), 26 (45), 15 (69), 2 (74)]";1109;"Maquina 8: [23 (39), 34 (33), 17 (10), 35 (96), 37 (79)]";768
GREEDY;40;8;5623;0.0;1;"Maquina 1: [19 (2), 23 (25), 29 (73), 5 (54), 24 (41)]";576;"Maquina 2: [8 (3), 16 (44), 21 (28), 0 (64), 32 (85)]";686;"Maquina 3: [1 (4), 27 (28), 33 (44), 38 (67), 20 (92)]";723;"Maquina 4: [15 (4), 34 (41), 6 (29), 30 (84), 22 (55)]";678;"Maquina 5: [35 (9), 28 (29), 25 (48), 17 (36), 2 (80)]";605;"Maquina 6: [7 (10), 37 (44), 4 (30), 11 (58), 39 (90)]";713;"Maquina 7: [3 (35), 10 (25), 26 (45), 36 (72), 9 (98)]";851;"Maquina 8: [18 (25), 14 (46), 13 (72), 31 (35), 12 (97)]";791
GRASP;40;8;4703;437.0;250;"Maquina 1: [18 (25), 19 (2), 33 (44), 36 (72), 38 (67)]";508;"Maquina 2: [1 (4), 6 (29), 11 (58), 26 (45), 20 (92)]";523;"Maquina 3: [21 (28), 14 (46), 10 (25), 22 (55), 12 (97)]";680;"Maquina 4: [7 (10), 8 (3), 27 (28), 31 (35), 39 (90)]";345;"Maquina 5: [23 (25), 4 (30), 17 (36), 16 (44), 32 (85)]";595;"Maquina 6: [15 (4), 25 (48), 5 (54), 29 (73), 30 (84)]";662;"Maquina 7: [24 (41), 3 (35), 28 (29), 34 (41), 9 (98)]";675;"Maquina 8: [35 (9), 37 (44), 0 (64), 13 (72), 2 (80)]";715
LNS;40;8;5623;8.0;250;"Maquina 1: [19 (2), 23 (25), 29 (73), 5 (54), 24 (41)]";576;"Maquina 2: [8 (3), 16 (44), 21 (28), 0 (64), 32 (85)]";686;"Maquina 3: [1 (4), 27 (28), 33 (44), 38 (67), 20 (92)]";723;"Maquina 4: [15 (4), 34 (41), 6 (29), 30 (84), 22 (55)]";678;"Maquina 5: [35 (9), 28 (29), 25 (48), 17 (36), 2 (80)]";605;"Maquina 6: [7 (10), 37 (44), 4 (30), 11 (58), 39 (90)]";713;"Maquina 7: [3 (35), 10 (25), 26 (45), 36 (72), 9 (98)]";851;"Maquina 8: [18 (25), 14 (46), 13 (72), 31 (35), 12 (97)]";791
TABÚ;40;8;4807;134.0;250;"Maquina 1: [6 (29), 19 (2), 33 (44), 36 (72), 39 (90)]";582;"Maquina 2: [1 (4), 10 (25), 16 (44), 38 (67), 12 (97)]";548;"Maquina 3: [15 (4), 3 (35), 17 (36), 11 (58), 32 (85)]";561;"Maquina 4: [8 (3), 26 (45), 22 (55), 24 (41), 30 (84)]";634;"Maquina 5: [35 (9), 28 (29), 0 (64), 37 (44), 13 (72)]";600;"Maquina 6: [18 (25), 25 (48), 5 (54), 34 (41), 9 (98)]";743;"Maquina 7: [7 (10), 27 (28), 31 (35), 14 (46), 2 (80)]";509;"Maquina 8: [21 (28), 23 (25), 4 (30), 29 (73), 20 (92)]";630
VNS;40;8;4878;5058.0;250;"Maquina 1: [23 (25), 6 (29), 21 (28), 13 (72), 2 (80)]";607;"Maquina 2: [7 (10), 5 (54), 10 (25), 39 (90)]";384;"Maquina 3: [1 (4), 17 (36), 33 (44), 0 (64), 32 (85)]";608;"Maquina 4: [8 (3), 15 (4), 25 (48), 30 (84), 9 (98)]";513;"Maquina 5: [35 (9), 28 (29), 34 (41), 29 (73), 20 (92)]";590;"Maquina 6: [27 (28), 18 (25), 37 (44), 4 (30), 22 (55), 11 (58)]";824;"Maquina 7: [19 (2), 3 (35), 31 (35), 26 (45), 24 (41), 36 (72)]";788;"Maquina 8: [14 (46), 16 (44), 38 (67), 12 (97)]";564
Multiarranque;40;8;5053;453.0;250;"Maquina 1: [19 (2), 33 (44), 18 (25), 25 (48), 13 (72), 39 (90)]";792;"Maquina 2: [21 (28), 4 (30), 28 (29), 22 (55), 11 (58)]";682;"Maquina 3: [1 (4), 10 (25), 7 (10), 5 (54), 0 (64), 32 (85)]";713;"Maquina 4: [35 (9), 37 (44), 23 (25), 29 (73), 20 (92)]";582;"Maquina 5: [3 (35), 15 (4), 14 (46), 26 (45), 9 (98)]";591;"Maquina 6: [31 (35), 34 (41), 2 (80), 38 (67)]";583;"Maquina 7: [8 (3), 27 (28), 17 (36), 16 (44), 12 (97)]";513;"Maquina 8: [24 (41), 6 (29), 36 (72), 30 (84)]";597
GREEDY;40;8;7019;0.0;1;"Maquina 1: [22 (46), 28 (19), 11 (78), 0 (3), 7 (86)]";823;"Maquina 2: [35 (5), 29 (46), 15 (20), 37 (87), 2 (76)]";843;"Maquina 3: [3 (6), 25 (80), 18 (21), 23 (60), 39 (82)]";779;"Maquina 4: [1 (50), 4 (6), 38 (89), 31 (26), 13 (78)]";864;"Maquina 5: [20 (7), 9 (60), 30 (91), 32 (28), 14 (79)]";948;"Maquina 6: [27 (31), 5 (61), 6 (10), 33 (80), 16 (91)]";892;"Maquina 7: [34 (93), 26 (15), 36 (61), 8 (40), 19 (82)]";1098;"Maquina 8: [10 (17), 24 (41), 12 (48), 21 (68), 17 (83)]";772
GRASP;40;8;5818;431.0;250;"Maquina 1: [0 (3), 15 (20), 22 (46), 2 (76), 38 (89)]";649;"Maquina 2: [3 (6), 32 (28), 25 (80), 8 (40), 7 (86)]";727;"Maquina 3: [1 (50), 11 (78), 31 (26), 24 (41), 34 (93)]";1011;"Maquina 4: [6 (10), 35 (5), 23 (60), 13 (78), 30 (91)]";640;"Maquina 5: [20 (7), 26 (15), 12 (48), 21 (68), 39 (82)]";540;"Maquina 6: [10 (17), 9 (60), 36 (61), 14 (79), 16 (91)]";830;"Maquina 7: [29 (46), 28 (19), 5 (61), 37 (87), 19 (82)]";872;"Maquina 8: [4 (6), 27 (31), 18 (21), 17 (83), 33 (80)]";549
LNS;40;8;7019;9.0;250;"Maquina 1: [22 (46), 28 (19), 11 (78), 0 (3), 7 (86)]";823;"Maquina 2: [35 (5), 29 (46), 15 (20), 37 (87), 2 (76)]";843;"Maquina 3: [3 (6), 25 (80), 18 (21), 23 (60), 39 (82)]";779;"Maquina 4: [1 (50), 4 (6), 38 (89), 31 (26), 13 (78)]";864;"Maquina 5: [20 (7), 9 (60), 30 (91), 32 (28), 14 (79)]";948;"Maquina 6: [27 (31), 5 (61), 6 (10), 33 (80), 16 (91)]";892;"Maquina 7: [34 (93), 26 (15), 36 (61), 8 (40), 19 (82)]";1098;"Maquina 8: [10 (17), 24 (41), 12 (48), 21 (68), 17 (83)]";772
TABÚ;40;8;5687;133.0;250;"Maquina 1: [27 (31), 18 (21), 29 (46), 5 (61), 2 (76)]";676;"Maquina 2: [6 (10), 3 (6), 10 (17), 9 (60), 36 (61), 14 (79)]";733;"Maquina 3: [4 (6), 32 (28), 17 (83), 12 (48), 39 (82)]";618;"Maquina 4: [20 (7), 7 (86), 11 (78), 16 (91)]";579;"Maquina 5: [26 (15), 35 (5), 23 (60), 13 (78), 33 (80)]";597;"Maquina 6: [34 (93), 31 (26), 19 (82), 15 (20), 37 (87)]";998;"Maquina 7: [0 (3), 24 (41), 8 (40), 1 (50), 38 (89)]";616;"Maquina 8: [22 (46), 28 (19), 21 (68), 25 (80), 30 (91)]";870
VNS;40;8;6104;5746.0;250;"Maquina 1: [1 (50), 11 (78), 22 (46), 8 (40)]";611;"Maquina 2: [35 (5), 29 (46), 28 (19), 37 (87), 2 (76)]";589;"Maquina 3: [3 (6), 25 (80), 18 (21), 23 (60), 19 (82), 14 (79)]";1079;"Maquina 4: [10 (17), 4 (6), 32 (28), 31 (26), 39 (82), 13 (78)]";833;"Maquina 5: [20 (7), 7 (86), 30 (91), 5 (61)]";604;"Maquina 6: [27 (31), 9 (60), 6 (10), 33 (80), 16 (91)]";856;"Maquina 7: [15 (20), 21 (68), 26 (15), 36 (61), 38 (89)]";805;"Maquina 8: [0 (3), 24 (41), 12 (48), 34 (93), 17 (83)]";727
Multiarranque;40;8;6306;468.0;250;"Maquina 1: [28 (19), 21 (68), 14 (79), 30 (91), 24 (41)]";917;"Maquina 2: [31 (26), 25 (80), 12 (48), 6 (10), 7 (86)]";835;"Maquina 3: [0 (3), 20 (7), 15 (20), 27 (31), 23 (60), 16 (91)]";759;"Maquina 4: [3 (6), 9 (60), 36 (61), 39 (82), 32 (28)]";821;"Maquina 5: [10 (17), 26 (15), 5 (61), 11 (78), 19 (82)]";692;"Maquina 6: [18 (21), 1 (50), 38 (89), 37 (87)]";647;"Maquina 7: [8 (40), 2 (76), 17 (83), 33 (80)]";704;"Maquina 8: [35 (5), 29 (46), 13 (78), 4 (6), 34 (93), 22 (46)]";931
GREEDY;40;8;7684;0.0;1;"Maquina 1: [10 (23), 26 (3), 19 (76), 1 (58), 11 (90)]";1002;"Maquina 2: [21 (23), 8 (5), 35 (58), 15 (91), 5 (71)]";912;"Maquina 3: [31 (24), 29 (70), 22 (5), 0 (85), 13 (41)]";722;"Maquina 4: [12 (75), 6 (7), 18 (43), 4 (32), 32 (98)]";988;"Maquina 5: [7 (34), 39 (10), 17 (42), 14 (84), 23 (68)]";872;"Maquina 6: [27 (99), 2 (37), 20 (12), 33 (54), 38 (79)]";1194;"Maquina 7: [25 (12), 30 (49), 28 (40), 16 (71), 24 (89)]";881;"Maquina 8: [34 (63), 9 (17), 3 (99), 36 (80), 37 (40)]";1113
GRASP;40;8;6089;450.0;250;"Maquina 1: [22 (5), 26 (3), 16 (71), 33 (54), 5 (71)]";593;"Maquina 2: [25 (12), 39 (10), 27 (99), 30 (49), 19 (76)]";660;"Maquina 3: [2 (37), 20 (12), 13 (41), 12 (75), 23 (68), 3 (99)]";1104;"Maquina 4: [6 (7), 18 (43), 8 (5), 17 (42), 15 (91)]";547;"Maquina 5: [7 (34), 21 (23), 34 (63), 38 (79)]";485;"Maquina 6: [29 (70), 9 (17), 35 (58), 11 (90), 0 (85)]";1004;"Maquina 7: [37 (40), 10 (23), 28 (40), 32 (98), 36 (80)]";824;"Maquina 8: [4 (32), 31 (24), 14 (84), 1 (58), 24 (89)]";872
LNS;40;8;7684;7.0;250;"Maquina 1: [10 (23), 26 (3), 19 (76), 1 (58), 11 (90)]";1002;"Maquina 2: [21 (23), 8 (5), 35 (58), 15 (91), 5 (71)]";912;"Maquina 3: [31 (24), 29 (70), 22 (5), 0 (85), 13 (41)]";722;"Maquina 4: [12 (75), 6 (7), 18 (43), 4 (32), 32 (98)]";988;"Maquina 5: [7 (34), 39 (10), 17 (42), 14 (84), 23 (68)]";872;"Maquina 6: [27 (99), 2 (37), 20 (12), 33 (54), 38 (79)]";1194;"Maquina 7: [25 (12), 30 (49), 28 (40), 16 (71), 24 (89)]";881;"Maquina 8: [34 (63), 9 (17), 3 (99), 36 (80), 37 (40)]";1113
TABÚ;40;8;6051;142.0;250;"Maquina 1: [31 (24), 8 (5), 17 (42), 15 (91), 27 (99)]";678;"Maquina 2: [22 (5), 1 (58), 13 (41), 16 (71), 38 (79)]";755;"Maquina 3: [7 (34), 12 (75), 21 (23), 34 (63), 3 (99)]";859;"Maquina 4: [2 (37), 20 (12), 28 (40), 10 (23), 29 (70)]";604;"Maquina 5: [4 (32), 25 (12), 19 (76), 0 (85), 23 (68)]";801;"Maquina 6: [18 (43), 9 (17), 36 (80), 24 (89), 11 (90)]";995;"Maquina 7: [33 (54), 39 (10), 37 (40), 5 (71), 32 (98)]";745;"Maquina 8: [6 (7), 26 (3), 14 (84), 30 (49), 35 (58)]";614
VNS;40;8;6248;5204.0;250;"Maquina 1: [10 (23), 20 (12), 4 (32), 26 (3), 33 (54), 11 (90)]";747;"Maquina 2: [8 (5), 3 (99), 37 (40), 12 (75), 23 (68)]";882;"Maquina 3: [30 (49), 29 (70), 22 (5), 0 (85), 24 (89)]";905;"Maquina 4: [25 (12), 6 (7), 18 (43), 5 (71), 38 (79), 32 (98)]";890;"Maquina 5: [7 (34), 39 (10), 17 (42), 28 (40), 36 (80)]";662;"Maquina 6: [2 (37), 21 (23), 27 (99), 19 (76)]";612;"Maquina 7: [31 (24), 16 (71), 13 (41), 14 (84)]";610;"Maquina 8: [35 (58), 9 (17), 15 (91), 34 (63), 1 (58)]";940
Multiarranque;40;8;6368;465.0;250;"Maquina 1: [22 (5), 6 (7), 37 (40), 12 (75), 23 (68), 19 (76)]";878;"Maquina 2: [25 (12), 39 (10), 1 (58), 5 (71), 14 (84)]";728;"Maquina 3: [35 (58), 34 (63), 36 (80), 2 (37)]";727;"Maquina 4: [4 (32), 13 (41), 10 (23), 32 (98), 24 (89)]";883;"Maquina 5: [8 (5), 17 (42), 20 (12), 30 (49), 29 (70), 27 (99)]";1002;"Maquina 6: [33 (54), 7 (34), 0 (85), 15 (91)]";711;"Maquina 7: [18 (43), 26 (3), 16 (71), 38 (79), 11 (90)]";781;"Maquina 8: [31 (24), 28 (40), 21 (23), 9 (17), 3 (99)]";658
GREEDY;40;8;4435;0.0;1;"Maquina 1: [0 (3), 19 (14), 9 (29), 21 (51), 10 (65)]";459;"Maquina 2: [8 (3), 30 (15), 16 (40), 14 (55), 17 (90)]";602;"Maquina 3: [12 (3), 27 (16), 3 (52), 31 (69), 23 (29)]";447;"Maquina 4: [37 (4), 24 (29), 38 (16), 36 (54), 2 (71)]";526;"Maquina 5: [26 (18), 7 (5), 4 (42), 20 (55), 15 (81)]";502;"Maquina 6: [13 (5), 29 (19), 6 (31), 28 (55), 11 (90)]";567;"Maquina 7: [35 (6), 1 (22), 32 (99), 33 (45), 18 (61)]";730;"Maquina 8: [25 (10), 39 (27), 22 (60), 5 (49), 34 (95)]";602
GRASP;40;8;3939;443.0;250;"Maquina 1: [35 (6), 6 (31), 5 (49), 36 (54), 10 (65)]";537;"Maquina 2: [37 (4), 20 (55), 27 (16), 28 (55), 18 (61)]";568;"Maquina 3: [8 (3), 38 (16), 16 (40), 21 (51), 32 (99)]";496;"Maquina 4: [19 (14), 13 (5), 24 (29), 4 (42), 2 (71)]";381;"Maquina 5: [7 (5), 23 (29), 12 (3), 33 (45), 17 (90)]";372;"Maquina 6: [25 (10), 39 (27), 29 (19), 14 (55), 15 (81)]";490;"Maquina 7: [26 (18), 1 (22), 3 (52), 31 (69), 34 (95)]";607;"Maquina 8: [9 (29), 30 (15), 0 (3), 22 (60), 11 (90)]";488
LNS;40;8;4435;7.0;250;"Maquina 1: [0 (3), 19 (14), 9 (29), 21 (51), 10 (65)]";459;"Maquina 2: [8 (3), 30 (15), 16 (40), 14 (55), 17 (90)]";602;"Maquina 3: [12 (3), 27 (16), 3 (52), 31 (69), 23 (29)]";447;"Maquina 4: [37 (4), 24 (29), 38 (16), 36 (54), 2 (71)]";526;"Maquina 5: [26 (18), 7 (5), 4 (42), 20 (55), 15 (81)]";502;"Maquina 6: [13 (5), 29 (19), 6 (31), 28 (55), 11 (90)]";567;"Maquina 7: [35 (6), 1 (22), 32 (99), 33 (45), 18 (61)]";730;"Maquina 8: [25 (10), 39 (27), 22 (60), 5 (49), 34 (95)]";602
TABÚ;40;8;4025;135.0;250;"Maquina 1: [8 (3), 28 (55), 30 (15), 36 (54), 32 (99)]";547;"Maquina 2: [19 (14), 9 (29), 5 (49), 22 (60)]";349;"Maquina 3: [29 (19), 27 (16), 0 (3), 2 (71), 33 (45), 10 (65)]";674;"Maquina 4: [37 (4), 7 (5), 23 (29), 14 (55), 21 (51)]";335;"Maquina 5: [13 (5), 12 (3), 1 (22), 3 (52), 11 (90)]";324;"Maquina 6: [35 (6), 31 (69), 24 (29), 20 (55), 15 (81)]";626;"Maquina 7: [26 (18), 4 (42), 38 (16), 17 (90), 18 (61)]";633;"Maquina 8: [25 (10), 6 (31), 39 (27), 16 (40), 34 (95)]";537
VNS;40;8;3910;5753.0;250;"Maquina 1: [0 (3), 19 (14), 13 (5), 23 (29), 21 (51), 10 (65)]";436;"Maquina 2: [25 (10), 16 (40), 30 (15), 18 (61), 11 (90)]";559;"Maquina 3: [26 (18), 1 (22), 3 (52), 31 (69)]";337;"Maquina 4: [37 (4), 35 (6), 6 (31), 14 (55), 34 (95)]";437;"Maquina 5: [38 (16), 7 (5), 4 (42), 20 (55), 2 (71)]";505;"Maquina 6: [9 (29), 29 (19), 33 (45), 28 (55), 17 (90)]";634;"Maquina 7: [12 (3), 27 (16), 5 (49), 36 (54), 32 (99)]";493;"Maquina 8: [8 (3), 39 (27), 24 (29), 22 (60), 15 (81)]";509
Multiarranque;40;8;4227;466.0;250;"Maquina 1: [37 (4), 7 (5), 6 (31), 14 (55), 5 (49), 32 (99)]";610;"Maquina 2: [9 (29), 25 (10), 22 (60), 15 (81)]";361;"Maquina 3: [29 (19), 8 (3), 18 (61), 21 (51), 10 (65)]";631;"Maquina 4: [26 (18), 35 (6), 19 (14), 1 (22), 36 (54), 17 (90)]";613;"Maquina 5: [13 (5), 30 (15), 24 (29), 3 (52), 2 (71)]";484;"Maquina 6: [12 (3), 39 (27), 16 (40), 4 (42), 11 (90)]";479;"Maquina 7: [0 (3), 27 (16), 28 (55), 23 (29), 34 (95)]";585;"Maquina 8: [38 (16), 33 (45), 20 (55), 31 (69)]";464
GREEDY;40;8;5763;0.0;1;"Maquina 1: [14 (19), 2 (2), 37 (69), 21 (40), 11 (80)]";734;"Maquina 2: [35 (20), 23 (3), 8 (63), 13 (48), 12 (94)]";840;"Maquina 3: [24 (3), 31 (31), 32 (22), 29 (75), 0 (58)]";620;"Maquina 4: [15 (25), 38 (3), 18 (35), 7 (58), 26 (86)]";705;"Maquina 5: [28 (5), 30 (25), 10 (35), 16 (55), 27 (73)]";562;"Maquina 6: [4 (6), 6 (27), 22 (38), 33 (56), 20 (84)]";667;"Maquina 7: [36 (46), 39 (13), 19 (29), 17 (91), 3 (63)]";777;"Maquina 8: [25 (14), 9 (31), 34 (49), 5 (97), 1 (67)]";858
GRASP;40;8;4644;437.0;250;"Maquina 1: [32 (22), 2 (2), 18 (35), 21 (40), 22 (38), 27 (73)]";741;"Maquina 2: [24 (3), 38 (3), 9 (31), 37 (69), 1 (67), 0 (58)]";634;"Maquina 3: [35 (20), 15 (25), 23 (3), 34 (49), 26 (86)]";509;"Maquina 4: [19 (29), 6 (27), 3 (63), 10 (35), 12 (94)]";665;"Maquina 5: [14 (19), 39 (13), 31 (31), 11 (80), 13 (48)]";482;"Maquina 6: [4 (6), 28 (5), 36 (46), 33 (56), 20 (84)]";496;"Maquina 7: [25 (14), 7 (58), 8 (63), 5 (97)]";516;"Maquina 8: [16 (55), 30 (25), 17 (91), 29 (75)]";601
LNS;40;8;5760;6.0;250;"Maquina 1: [14 (19), 2 (2), 37 (69), 21 (40), 11 (80)]";734;"Maquina 2: [35 (20), 23 (3), 13 (48), 8 (63), 12 (94)]";837;"Maquina 3: [24 (3), 31 (31), 32 (22), 29 (75), 0 (58)]";620;"Maquina 4: [15 (25), 38 (3), 18 (35), 7 (58), 26 (86)]";705;"Maquina 5: [28 (5), 30 (25), 10 (35), 16 (55), 27 (73)]";562;"Maquina 6: [4 (6), 6 (27), 22 (38), 33 (56), 20 (84)]";667;"Maquina 7: [36 (46), 39 (13), 19 (29), 17 (91), 3 (63)]";777;"Maquina 8: [25 (14), 9 (31), 34 (49), 5 (97), 1 (67)]";858
TABÚ;40;8;4720;134.0;250;"Maquina 1: [14 (19), 39 (13), 13 (48), 16 (55), 33 (56)]";524;"Maquina 2: [24 (3), 38 (3), 22 (38), 20 (84), 12 (94)]";465;"Maquina 3: [4 (6), 29 (75), 23 (3), 1 (67), 27 (73)]";689;"Maquina 4: [18 (35), 28 (5), 30 (25), 10 (35), 11 (80)]";505;"Maquina 5: [32 (22), 6 (27), 19 (29), 37 (69), 17 (91)]";635;"Maquina 6: [25 (14), 8 (63), 9 (31), 0 (58), 7 (58)]";656;"Maquina 7: [2 (2), 31 (31), 36 (46), 34 (49), 5 (97)]";632;"Maquina 8: [35 (20), 15 (25), 21 (40), 3 (63), 26 (86)]";614
VNS;40;8;4976;5889.0;250;"Maquina 1: [2 (2), 37 (69), 21 (40), 36 (46), 11 (80)]";732;"Maquina 2: [23 (3), 1 (67), 13 (48), 12 (94)]";471;"Maquina 3: [4 (6), 31 (31), 32 (22), 29 (75), 0 (58)]";507;"Maquina 4: [15 (25), 38 (3), 6 (27), 14 (19), 8 (63), 9 (31), 26 (86)]";945;"Maquina 5: [28 (5), 30 (25), 10 (35), 16 (55), 27 (73)]";562;"Maquina 6: [35 (20), 18 (35), 22 (38), 33 (56), 20 (84)]";680;"Maquina 7: [39 (13), 25 (14), 19 (29), 17 (91), 3 (63)]";581;"Maquina 8: [24 (3), 7 (58), 34 (49), 5 (97)]";498
Multiarranque;40;8;5210;461.0;250;"Maquina 1: [24 (3), 32 (22), 0 (58), 10 (35), 12 (94)]";625;"Maquina 2: [38 (3), 22 (38), 8 (63), 25 (14), 1 (67)]";548;"Maquina 3: [28 (5), 36 (46), 14 (19), 29 (75), 34 (49)]";604;"Maquina 4: [23 (3), 19 (29), 30 (25), 26 (86), 37 (69)]";731;"Maquina 5: [39 (13), 31 (31), 13 (48), 9 (31), 20 (84)]";618;"Maquina 6: [15 (25), 2 (2), 16 (55), 6 (27), 3 (63)]";480;"Maquina 7: [4 (6), 21 (40), 17 (91), 27 (73), 7 (58)]";737;"Maquina 8: [33 (56), 35 (20), 18 (35), 11 (80), 5 (97)]";867
GREEDY;40;8;7816;0.0;1;"Maquina 1: [24 (3), 38 (31), 18 (22), 10 (71), 28 (58)]";792;"Maquina 2: [3 (5), 34 (89), 19 (37), 7 (24), 20 (67)]";1011;"Maquina 3: [16 (11), 12 (34), 35 (25), 4 (56), 14 (71), 15 (94)]";1190;"Maquina 4: [32 (11), 2 (72), 1 (48), 13 (26)]";789;"Maquina 5: [22 (26), 27 (59), 17 (19), 31 (64), 39 (73)]";910;"Maquina 6: [6 (20), 8 (50), 29 (26), 37 (66), 9 (80)]";1016;"Maquina 7: [21 (21), 11 (44), 26 (92), 0 (27), 33 (69)]";1211;"Maquina 8: [30 (27), 5 (22), 36 (43), 23 (72), 25 (63)]";897
GRASP;40;8;5670;443.0;250;"Maquina 1: [17 (19), 14 (71), 23 (72), 10 (71)]";570;"Maquina 2: [24 (3), 28 (58), 36 (43), 38 (31), 29 (26), 2 (72)]";890;"Maquina 3: [18 (22), 22 (26), 20 (67), 26 (92), 15 (94)]";833;"Maquina 4: [13 (26), 6 (20), 12 (34), 11 (44), 9 (80)]";612;"Maquina 5: [3 (5), 16 (11), 31 (64), 33 (69), 37 (66)]";625;"Maquina 6: [7 (24), 30 (27), 35 (25), 5 (22), 1 (48)]";604;"Maquina 7: [0 (27), 32 (11), 8 (50), 34 (89), 27 (59)]";627;"Maquina 8: [25 (63), 4 (56), 21 (21), 19 (37), 39 (73)]";909
LNS;40;8;7762;6.0;250;"Maquina 1: [24 (3), 38 (31), 18 (22), 10 (71), 28 (58)]";792;"Maquina 2: [3 (5), 34 (89), 19 (37), 7 (24), 20 (67)]";1011;"Maquina 3: [16 (11), 12 (34), 35 (25), 4 (56), 14 (71), 15 (94)]";1190;"Maquina 4: [32 (11), 2 (72), 1 (48), 13 (26)]";789;"Maquina 5: [22 (26), 27 (59), 17 (19), 31 (64), 39 (73)]";910;"Maquina 6: [29 (26), 8 (50), 6 (20), 37 (66), 9 (80)]";962;"Maquina 7: [21 (21), 11 (44), 26 (92), 0 (27), 33 (69)]";1211;"Maquina 8: [30 (27), 5 (22), 36 (43), 23 (72), 25 (63)]";897
TABÚ;40;8;5411;140.0;250;"Maquina 1: [29 (26), 20 (67), 37 (66), 28 (58), 2 (72)]";902;"Maquina 2: [6 (20), 32 (11), 8 (50), 23 (72), 4 (56)]";646;"Maquina 3: [3 (5), 0 (27), 10 (71), 26 (92), 15 (94)]";674;"Maquina 4: [13 (26), 11 (44), 31 (64), 33 (69)]";528;"Maquina 5: [12 (34), 35 (25), 5 (22), 14 (71), 27 (59)]";648;"Maquina 6: [21 (21), 36 (43), 9 (80), 7 (24), 1 (48)]";723;"Maquina 7: [22 (26), 24 (3), 38 (31), 30 (27), 34 (89), 25 (63)]";805;"Maquina 8: [17 (19), 18 (22), 16 (11), 19 (37), 39 (73)]";485
VNS;40;8;5697;4368.0;250;"Maquina 1: [24 (3), 38 (31), 9 (80), 32 (11), 31 (64), 33 (69)]";933;"Maquina 2: [19 (37), 23 (72), 10 (71), 2 (72)]";721;"Maquina 3: [3 (5), 0 (27), 12 (34), 37 (66), 7 (24), 1 (48)]";794;"Maquina 4: [17 (19), 18 (22), 16 (11), 15 (94)]";306;"Maquina 5: [27 (59), 14 (71), 30 (27), 29 (26), 39 (73)]";883;"Maquina 6: [8 (50), 6 (20), 22 (26), 20 (67), 4 (56)]";738;"Maquina 7: [21 (21), 13 (26), 11 (44), 28 (58), 26 (92)]";684;"Maquina 8: [35 (25), 5 (22), 36 (43), 34 (89), 25 (63)]";638
Multiarranque;40;8;6227;465.0;250;"Maquina 1: [4 (56), 5 (22), 6 (20), 16 (11), 15 (94)]";669;"Maquina 2: [18 (22), 24 (3), 20 (67), 22 (26), 27 (59), 14 (71)]";822;"Maquina 3: [7 (24), 1 (48), 29 (26), 26 (92)]";610;"Maquina 4: [17 (19), 13 (26), 25 (63), 39 (73), 33 (69)]";923;"Maquina 5: [3 (5), 0 (27), 19 (37), 8 (50), 10 (71), 2 (72)]";1004;"Maquina 6: [21 (21), 36 (43), 9 (80), 28 (58), 34 (89)]";884;"Maquina 7: [30 (27), 32 (11), 12 (34), 35 (25), 23 (72)]";647;"Maquina 8: [38 (31), 37 (66), 11 (44), 31 (64)]";668
GREEDY;40;8;8309;0.0;1;"Maquina 1: [10 (4), 6 (75), 1 (30), 26 (91), 11 (54)]";890;"Maquina 2: [17 (5), 30 (59), 28 (30), 19 (72), 12 (90)]";963;"Maquina 3: [20 (83), 39 (30), 35 (8), 27 (61), 18 (97)]";1083;"Maquina 4: [38 (12), 13 (35), 16 (61), 7 (77), 24 (92)]";1018;"Maquina 5: [29 (17), 34 (37), 9 (81), 23 (55), 4 (90)]";861;"Maquina 6: [22 (20), 5 (88), 0 (38), 14 (70), 25 (95)]";1025;"Maquina 7: [31 (71), 33 (20), 3 (90), 8 (44), 37 (99)]";1192;"Maquina 8: [2 (49), 15 (25), 32 (68), 21 (97), 36 (83)]";1277
GRASP;40;8;6562;436.0;250;"Maquina 1: [15 (25), 30 (59), 39 (30), 6 (75), 21 (97)]";873;"Maquina 2: [10 (4), 1 (30), 23 (55), 19 (72), 27 (61), 3 (90)]";991;"Maquina 3: [29 (17), 34 (37), 13 (35), 16 (61), 4 (90)]";643;"Maquina 4: [22 (20), 31 (71), 5 (88), 14 (70), 20 (83)]";968;"Maquina 5: [8 (44), 2 (49), 26 (91), 9 (81), 24 (92)]";1092;"Maquina 6: [33 (20), 32 (68), 17 (5), 18 (97), 25 (95)]";797;"Maquina 7: [35 (8), 11 (54), 7 (77), 12 (90)]";560;"Maquina 8: [38 (12), 28 (30), 0 (38), 36 (83), 37 (99)]";638
LNS;40;8;8309;6.0;250;"Maquina 1: [10 (4), 6 (75), 1 (30), 26 (91), 11 (54)]";890;"Maquina 2: [17 (5), 30 (59), 28 (30), 19 (72), 12 (90)]";963;"Maquina 3: [20 (83), 39 (30), 35 (8), 27 (61), 18 (97)]";1083;"Maquina 4: [38 (12), 13 (35), 16 (61), 7 (77), 24 (92)]";1018;"Maquina 5: [29 (17), 34 (37), 9 (81), 23 (55), 4 (90)]";861;"Maquina 6: [22 (20), 5 (88), 0 (38), 14 (70), 25 (95)]";1025;"Maquina 7: [31 (71), 33 (20), 3 (90), 8 (44), 37 (99)]";1192;"Maquina 8: [2 (49), 15 (25), 32 (68), 21 (97), 36 (83)]";1277
TABÚ;40;8;6732;142.0;250;"Maquina 1: [17 (5), 18 (97), 28 (30), 7 (77), 32 (68)]";856;"Maquina 2: [8 (44), 38 (12), 39 (30), 4 (90), 6 (75), 25 (95)]";1129;"Maquina 3: [31 (71), 10 (4), 1 (30), 3 (90), 20 (83)]";809;"Maquina 4: [29 (17), 34 (37), 19 (72), 5 (88), 37 (99)]";851;"Maquina 5: [15 (25), 22 (20), 27 (61), 24 (92), 14 (70)]";711;"Maquina 6: [23 (55), 2 (49), 26 (91), 36 (83)]";811;"Maquina 7: [13 (35), 30 (59), 35 (8), 11 (54), 12 (90)]";713;"Maquina 8: [33 (20), 0 (38), 9 (81), 16 (61), 21 (97)]";852
VNS;40;8;6974;5624.0;250;"Maquina 1: [31 (71), 10 (4), 6 (75), 1 (30), 26 (91)]";875;"Maquina 2: [17 (5), 16 (61), 28 (30), 7 (77), 32 (68)]";694;"Maquina 3: [38 (12), 39 (30), 13 (35), 35 (8), 23 (55), 0 (38), 4 (90)]";925;"Maquina 4: [30 (59), 19 (72), 24 (92), 25 (95)]";919;"Maquina 5: [29 (17), 34 (37), 9 (81), 21 (97), 27 (61)]";883;"Maquina 6: [2 (49), 5 (88), 14 (70), 11 (54), 12 (90)]";1125;"Maquina 7: [8 (44), 37 (99), 33 (20), 3 (90)]";685;"Maquina 8: [15 (25), 22 (20), 20 (83), 36 (83), 18 (97)]";868
Multiarranque;40;8;7226;460.0;250;"Maquina 1: [17 (5), 30 (59), 35 (8), 23 (55), 4 (90), 16 (61)]";942;"Maquina 2: [1 (30), 3 (90), 8 (44), 37 (99), 21 (97)]";1081;"Maquina 3: [27 (61), 28 (30), 31 (71), 18 (97)]";713;"Maquina 4: [15 (25), 29 (17), 14 (70), 36 (83), 25 (95)]";812;"Maquina 5: [22 (20), 13 (35), 32 (68), 0 (38), 12 (90)]";756;"Maquina 6: [19 (72), 38 (12), 39 (30), 7 (77), 5 (88)]";920;"Maquina 7: [34 (37), 9 (81), 2 (49), 26 (91), 24 (92)]";1137;"Maquina 8: [33 (20), 20 (83), 10 (4), 6 (75), 11 (54)]";865
GREEDY;40;8;7685;0.0;1;"Maquina 1: [15 (47), 29 (25), 38 (5), 2 (68), 35 (86)]";889;"Maquina 2: [37 (13), 26 (31), 20 (44), 33 (59), 39 (90)]";981;"Maquina 3: [22 (17), 12 (46), 0 (70), 19 (96), 5 (33)]";1043;"Maquina 4: [21 (48), 28 (34), 25 (17), 23 (62), 16 (82)]";893;"Maquina 5: [18 (18), 24 (55), 13 (50), 32 (34), 1 (82)]";758;"Maquina 6: [9 (22), 11 (41), 27 (70), 7 (93), 34 (46)]";942;"Maquina 7: [4 (23), 10 (76), 36 (43), 6 (55), 14 (98)]";1204;"Maquina 8: [8 (51), 17 (25), 30 (70), 3 (44), 31 (94)]";975
GRASP;40;8;5882;434.0;250;"Maquina 1: [28 (34), 37 (13), 27 (70), 8 (51), 14 (98)]";707;"Maquina 2: [15 (47), 6 (55), 16 (82), 39 (90)]";664;"Maquina 3: [5 (33), 20 (44), 3 (44), 2 (68), 7 (93)]";764;"Maquina 4: [9 (22), 12 (46), 18 (18), 24 (55), 34 (46), 19 (96)]";929;"Maquina 5: [29 (25), 1 (82), 11 (41), 30 (70), 31 (94)]";1002;"Maquina 6: [4 (23), 38 (5), 13 (50), 21 (48), 35 (86)]";552;"Maquina 7: [17 (25), 25 (17), 36 (43), 0 (70), 33 (59)]";602;"Maquina 8: [22 (17), 26 (31), 23 (62), 32 (34), 10 (76)]";662
LNS;40;8;7548;6.0;250;"Maquina 1: [15 (47), 29 (25), 38 (5), 2 (68), 35 (86)]";889;"Maquina 2: [26 (31), 37 (13), 20 (44), 33 (59), 39 (90)]";915;"Maquina 3: [22 (17), 12 (46), 0 (70), 19 (96), 5 (33)]";1043;"Maquina 4: [21 (48), 28 (34), 25 (17), 23 (62), 16 (82)]";893;"Maquina 5: [18 (18), 24 (55), 13 (50), 32 (34), 1 (82)]";758;"Maquina 6: [9 (22), 27 (70), 11 (41), 7 (93), 34 (46)]";939;"Maquina 7: [10 (76), 6 (55), 36 (43), 4 (23), 14 (98)]";1136;"Maquina 8: [8 (51), 17 (25), 30 (70), 3 (44), 31 (94)]";975
TABÚ;40;8;6043;141.0;250;"Maquina 1: [37 (13), 12 (46), 21 (48), 35 (86), 30 (70)]";703;"Maquina 2: [18 (18), 24 (55), 28 (34), 2 (68), 31 (94)]";720;"Maquina 3: [5 (33), 34 (46), 19 (96), 33 (59), 39 (90)]";941;"Maquina 4: [17 (25), 25 (17), 9 (22), 27 (70), 7 (93)]";544;"Maquina 5: [11 (41), 38 (5), 36 (43), 0 (70), 1 (82)]";765;"Maquina 6: [29 (25), 15 (47), 23 (62), 32 (34), 14 (98)]";825;"Maquina 7: [4 (23), 22 (17), 13 (50), 20 (44), 16 (82)]";599;"Maquina 8: [8 (51), 3 (44), 26 (31), 10 (76), 6 (55)]";946
VNS;40;8;6216;4093.0;250;"Maquina 1: [5 (33), 29 (25), 2 (68), 34 (46), 12 (46)]";701;"Maquina 2: [37 (13), 26 (31), 1 (82), 0 (70)]";452;"Maquina 3: [22 (17), 23 (62), 36 (43), 31 (94)]";542;"Maquina 4: [21 (48), 28 (34), 32 (34), 7 (93), 35 (86)]";865;"Maquina 5: [18 (18), 24 (55), 13 (50), 19 (96), 39 (90)]";825;"Maquina 6: [9 (22), 27 (70), 11 (41), 15 (47), 16 (82)]";853;"Maquina 7: [4 (23), 38 (5), 10 (76), 6 (55), 20 (44), 14 (98)]";949;"Maquina 8: [8 (51), 17 (25), 25 (17), 33 (59), 3 (44), 30 (70)]";1029
Multiarranque;40;8;6533;462.0;250;"Maquina 1: [25 (17), 9 (22), 30 (70), 35 (86), 34 (46), 16 (82)]";1033;"Maquina 2: [38 (5), 10 (76), 5 (33), 2 (68), 7 (93)]";753;"Maquina 3: [26 (31), 28 (34), 33 (59), 29 (25), 0 (70)]";684;"Maquina 4: [24 (55), 20 (44), 21 (48), 1 (82)]";689;"Maquina 5: [37 (13), 12 (46), 8 (51), 11 (41), 13 (50)]";658;"Maquina 6: [15 (47), 18 (18), 3 (44), 22 (17), 19 (96)]";795;"Maquina 7: [4 (23), 17 (25), 6 (55), 31 (94), 14 (98)]";936;"Maquina 8: [32 (34), 23 (62), 36 (43), 39 (90), 27 (70)]";985
