GREEDY;50;6;14472;0.0;1;"Maquina 1: [5 (7), 44 (13), 49 (56), 36 (33), 15 (87), 16 (47), 29 (62), 42 (94), 22 (77)]";2578;"Maquina 2: [21 (44), 37 (50), 0 (14), 19 (77), 10 (9), 25 (61), 18 (85), 11 (94)]";2530;"Maquina 3: [31 (20), 39 (33), 28 (48), 24 (71), 33 (11), 17 (57), 46 (87), 13 (83), 26 (96)]";2786;"Maquina 4: [45 (12), 27 (34), 47 (45), 4 (83), 3 (27), 20 (89), 2 (56), 1 (64)]";2088;"Maquina 5: [12 (13), 8 (31), 48 (60), 32 (75), 35 (38), 23 (83), 14 (49), 38 (93)]";2388;"Maquina 6: [43 (13), 30 (31), 6 (34), 9 (58), 34 (47), 40 (92), 41 (63), 7 (81)]";2102
GRASP;50;6;11701;724.0;250;"Maquina 1: [31 (20), 41 (63), 14 (49), 3 (27), 34 (47), 11 (94), 7 (81), 26 (96)]";2010;"Maquina 2: [10 (9), 21 (44), 5 (7), 37 (50), 29 (62), 25 (61), 28 (48), 42 (94), 32 (75)]";2142;"Maquina 3: [45 (12), 43 (13), 16 (47), 23 (83), 17 (57), 48 (60), 4 (83), 15 (87)]";1804;"Maquina 4: [30 (31), 39 (33), 12 (13), 0 (14), 49 (56), 6 (34), 9 (58), 22 (77), 18 (85)]";1898;"Maquina 5: [35 (38), 36 (33), 44 (13), 47 (45), 46 (87), 40 (92), 1 (64), 13 (83)]";1901;"Maquina 6: [33 (11), 27 (34), 8 (31), 20 (89), 2 (56), 19 (77), 24 (71), 38 (93)]";1946
LNS;50;6;14147;24.0;250;"Maquina 1: [5 (7), 44 (13), 49 (56), 36 (33), 15 (87), 16 (47), 29 (62), 42 (94), 22 (77)]";2578;"Maquina 2: [21 (44), 0 (14), 37 (50), 19 (77), 10 (9), 25 (61), 18 (85), 11 (94)]";2497;"Maquina 3: [31 (20), 39 (33), 28 (48), 24 (71), 33 (11), 17 (57), 46 (87), 13 (83), 26 (96)]";2786;"Maquina 4: [3 (27), 27 (34), 47 (45), 2 (56), 45 (12), 20 (89), 4 (83), 1 (64)]";1934;"Maquina 5: [12 (13), 8 (31), 48 (60), 32 (75), 35 (38), 23 (83), 14 (49), 38 (93)]";2388;"Maquina 6: [30 (31), 43 (13), 6 (34), 9 (58), 34 (47), 40 (92), 41 (63), 7 (81)]";1964
TABÚ;50;6;12756;208.0;250;"Maquina 1: [25 (61), 33 (11), 9 (58), 37 (50), 0 (14), 28 (48), 46 (87), 38 (93), 22 (77)]";2308;"Maquina 2: [43 (13), 30 (31), 17 (57), 47 (45), 5 (7), 48 (60), 49 (56), 23 (83)]";1538;"Maquina 3: [24 (71), 35 (38), 16 (47), 27 (34), 8 (31), 20 (89), 26 (96), 41 (63)]";2468;"Maquina 4: [45 (12), 3 (27), 34 (47), 12 (13), 7 (81), 19 (77), 11 (94), 15 (87)]";2066;"Maquina 5: [6 (34), 36 (33), 44 (13), 2 (56), 18 (85), 21 (44), 4 (83), 42 (94), 1 (64)]";2517;"Maquina 6: [10 (9), 31 (20), 39 (33), 32 (75), 29 (62), 13 (83), 14 (49), 40 (92)]";1859
VNS;50;6;12433;7144.0;250;"Maquina 1: [5 (7), 37 (50), 49 (56), 36 (33), 26 (96), 23 (83), 19 (77), 41 (63)]";2098;"Maquina 2: [21 (44), 16 (47), 0 (14), 29 (62), 10 (9), 28 (48), 18 (85), 11 (94)]";1806;"Maquina 3: [31 (20), 39 (33), 3 (27), 20 (89), 33 (11), 17 (57), 1 (64), 7 (81), 46 (87)]";2254;"Maquina 4: [45 (12), 27 (34), 47 (45), 4 (83), 25 (61), 32 (75), 2 (56), 38 (93)]";2118;"Maquina 5: [12 (13), 48 (60), 35 (38), 44 (13), 14 (49), 15 (87), 42 (94), 22 (77)]";1852;"Maquina 6: [30 (31), 43 (13), 6 (34), 9 (58), 34 (47), 8 (31), 40 (92), 13 (83), 24 (71)]";2305
Multiarranque;50;6;12480;785.0;250;"Maquina 1: [30 (31), 31 (20), 6 (34), 36 (33), 27 (34), 1 (64), 20 (89), 11 (94), 15 (87)]";2214;"Maquina 2: [39 (33), 10 (9), 44 (13), 14 (49), 25 (61), 23 (83), 19 (77), 7 (81), 42 (94)]";2251;"Maquina 3: [12 (13), 46 (87), 48 (60), 35 (38), 0 (14), 9 (58), 2 (56), 40 (92)]";2082;"Maquina 4: [45 (12), 43 (13), 16 (47), 4 (83), 5 (7), 18 (85), 32 (75), 49 (56), 26 (96)]";2175;"Maquina 5: [3 (27), 34 (47), 8 (31), 37 (50), 17 (57), 47 (45), 29 (62), 13 (83)]";2120;"Maquina 6: [33 (11), 41 (63), 21 (44), 22 (77), 28 (48), 24 (71), 38 (93)]";1638
GREEDY;50;6;15050;0.0;1;"Maquina 1: [7 (21), 41 (53), 3 (2), 29 (48), 33 (65), 4 (75), 36 (35), 15 (91), 26 (97)]";2717;"Maquina 2: [34 (9), 40 (36), 8 (26), 30 (54), 16 (66), 25 (50), 28 (75), 27 (91)]";2198;"Maquina 3: [24 (64), 49 (11), 13 (71), 46 (44), 43 (28), 14 (89), 48 (52), 0 (96)]";2666;"Maquina 4: [32 (14), 2 (32), 11 (39), 18 (60), 35 (50), 38 (69), 44 (80), 42 (91), 20 (99)]";2832;"Maquina 5: [21 (32), 39 (19), 45 (91), 19 (52), 12 (41), 47 (57), 10 (85), 37 (67)]";2198;"Maquina 6: [6 (21), 5 (71), 1 (35), 9 (87), 23 (53), 22 (47), 31 (60), 17 (93)]";2439
GRASP;50;6;12706;725.0;250;"Maquina 1: [29 (48), 49 (11), 1 (35), 43 (28), 31 (60), 33 (65), 27 (91), 15 (91)]";1842;"Maquina 2: [34 (9), 25 (50), 37 (67), 22 (47), 2 (32), 23 (53), 9 (87), 47 (57), 0 (96)]";2446;"Maquina 3: [46 (44), 11 (39), 4 (75), 17 (93), 32 (14), 48 (52), 18 (60), 42 (91)]";2197;"Maquina 4: [40 (36), 3 (2), 8 (26), 35 (50), 45 (91), 19 (52), 38 (69), 44 (80), 26 (97)]";2416;"Maquina 5: [21 (32), 36 (35), 39 (19), 41 (53), 14 (89), 5 (71), 28 (75), 24 (64)]";1895;"Maquina 6: [6 (21), 7 (21), 12 (41), 30 (54), 13 (71), 16 (66), 20 (99), 10 (85)]";1910
LNS;50;6;14749;25.0;250;"Maquina 1: [7 (21), 41 (53), 3 (2), 29 (48), 33 (65), 4 (75), 36 (35), 15 (91), 26 (97)]";2717;"Maquina 2: [34 (9), 25 (50), 8 (26), 30 (54), 40 (36), 16 (66), 28 (75), 27 (91)]";2047;"Maquina 3: [24 (64), 49 (11), 13 (71), 43 (28), 46 (44), 14 (89), 48 (52), 0 (96)]";2516;"Maquina 4: [32 (14), 2 (32), 11 (39), 18 (60), 35 (50), 38 (69), 44 (80), 42 (91), 20 (99)]";2832;"Maquina 5: [21 (32), 39 (19), 45 (91), 19 (52), 12 (41), 47 (57), 10 (85), 37 (67)]";2198;"Maquina 6: [6 (21), 5 (71), 1 (35), 9 (87), 23 (53), 22 (47), 31 (60), 17 (93)]";2439
TABÚ;50;6;12603;204.0;250;"Maquina 1: [49 (11), 8 (26), 41 (53), 3 (2), 29 (48), 11 (39), 4 (75), 23 (53), 38 (69)]";1816;"Maquina 2: [43 (28), 28 (75), 34 (9), 47 (57), 14 (89), 22 (47), 42 (91), 17 (93)]";2151;"Maquina 3: [1 (35), 25 (50), 39 (19), 37 (67), 5 (71), 12 (41), 20 (99), 33 (65)]";2077;"Maquina 4: [32 (14), 36 (35), 46 (44), 10 (85), 35 (50), 19 (52), 16 (66), 0 (96)]";1997;"Maquina 5: [30 (54), 21 (32), 7 (21), 48 (52), 18 (60), 31 (60), 15 (91), 44 (80), 26 (97)]";2545;"Maquina 6: [6 (21), 2 (32), 40 (36), 24 (64), 9 (87), 13 (71), 45 (91), 27 (91)]";2017
VNS;50;6;12939;7035.0;250;"Maquina 1: [8 (26), 41 (53), 3 (2), 29 (48), 33 (65), 10 (85), 37 (67), 26 (97)]";1860;"Maquina 2: [43 (28), 6 (21), 40 (36), 24 (64), 36 (35), 48 (52), 25 (50), 45 (91), 27 (91)]";2147;"Maquina 3: [49 (11), 32 (14), 0 (96), 34 (9), 14 (89), 22 (47), 16 (66), 13 (71)]";1943;"Maquina 4: [46 (44), 11 (39), 18 (60), 35 (50), 38 (69), 44 (80), 42 (91), 20 (99)]";2236;"Maquina 5: [30 (54), 21 (32), 39 (19), 28 (75), 19 (52), 12 (41), 9 (87), 4 (75), 17 (93)]";2591;"Maquina 6: [7 (21), 5 (71), 1 (35), 47 (57), 15 (91), 31 (60), 2 (32), 23 (53)]";2162
Multiarranque;50;6;13287;830.0;250;"Maquina 1: [49 (11), 21 (32), 38 (69), 19 (52), 30 (54), 22 (47), 20 (99), 10 (85)]";2073;"Maquina 2: [34 (9), 43 (28), 1 (35), 11 (39), 18 (60), 35 (50), 45 (91), 15 (91), 5 (71)]";2308;"Maquina 3: [12 (41), 6 (21), 32 (14), 33 (65), 44 (80), 23 (53), 31 (60), 42 (91), 26 (97)]";2578;"Maquina 4: [36 (35), 39 (19), 28 (75), 41 (53), 48 (52), 46 (44), 27 (91), 13 (71)]";2217;"Maquina 5: [2 (32), 3 (2), 8 (26), 24 (64), 4 (75), 47 (57), 14 (89), 0 (96)]";2038;"Maquina 6: [40 (36), 7 (21), 29 (48), 16 (66), 25 (50), 37 (67), 17 (93), 9 (87)]";2073
GREEDY;50;6;14130;0.0;1;"Maquina 1: [32 (1), 34 (20), 33 (38), 14 (56), 42 (47), 21 (29), 20 (95), 37 (67), 6 (83)]";2488;"Maquina 2: [13 (30), 24 (22), 18 (4), 31 (37), 11 (48), 16 (70), 39 (58), 22 (79), 30 (91)]";2303;"Maquina 3: [41 (34), 26 (4), 9 (59), 15 (48), 44 (74), 29 (99), 35 (24), 43 (85)]";2580;"Maquina 4: [28 (31), 7 (5), 45 (75), 17 (43), 48 (24), 38 (52), 3 (60), 0 (89)]";1980;"Maquina 5: [4 (28), 36 (13), 8 (55), 5 (44), 23 (30), 46 (77), 27 (91), 12 (62)]";2247;"Maquina 6: [10 (29), 49 (32), 1 (18), 19 (85), 2 (47), 47 (96), 25 (54), 40 (64)]";2532
GRASP;50;6;11930;791.0;250;"Maquina 1: [1 (18), 42 (47), 28 (31), 31 (37), 19 (85), 44 (74), 11 (48), 47 (96)]";1940;"Maquina 2: [5 (44), 18 (4), 48 (24), 13 (30), 37 (67), 24 (22), 30 (91), 29 (99), 6 (83)]";2416;"Maquina 3: [21 (29), 4 (28), 36 (13), 25 (54), 23 (30), 16 (70), 43 (85), 3 (60), 22 (79)]";2240;"Maquina 4: [10 (29), 35 (24), 12 (62), 32 (1), 8 (55), 0 (89), 15 (48), 27 (91)]";1851;"Maquina 5: [39 (58), 34 (20), 9 (59), 45 (75), 17 (43), 40 (64), 14 (56), 20 (95)]";2253;"Maquina 6: [7 (5), 26 (4), 49 (32), 38 (52), 2 (47), 33 (38), 41 (34), 46 (77)]";1230
LNS;50;6;14118;26.0;250;"Maquina 1: [32 (1), 34 (20), 33 (38), 14 (56), 42 (47), 21 (29), 20 (95), 37 (67), 6 (83)]";2488;"Maquina 2: [13 (30), 24 (22), 18 (4), 31 (37), 11 (48), 16 (70), 39 (58), 22 (79), 30 (91)]";2303;"Maquina 3: [41 (34), 26 (4), 9 (59), 15 (48), 44 (74), 29 (99), 35 (24), 43 (85)]";2580;"Maquina 4: [28 (31), 7 (5), 45 (75), 17 (43), 48 (24), 38 (52), 3 (60), 0 (89)]";1980;"Maquina 5: [8 (55), 36 (13), 4 (28), 5 (44), 23 (30), 46 (77), 27 (91), 12 (62)]";2235;"Maquina 6: [10 (29), 49 (32), 1 (18), 19 (85), 2 (47), 47 (96), 25 (54), 40 (64)]";2532
TABÚ;50;6;11864;211.0;250;"Maquina 1: [32 (1), 35 (24), 4 (28), 23 (30), 28 (31), 6 (83), 12 (62), 37 (67), 27 (91)]";1904;"Maquina 2: [18 (4), 9 (59), 15 (48), 31 (37), 42 (47), 2 (47), 33 (38), 19 (85)]";2009;"Maquina 3: [7 (5), 21 (29), 36 (13), 38 (52), 5 (44), 1 (18), 14 (56), 45 (75), 30 (91)]";1991;"Maquina 4: [49 (32), 26 (4), 3 (60), 44 (74), 48 (24), 13 (30), 39 (58), 29 (99), 22 (79)]";2207;"Maquina 5: [25 (54), 11 (48), 16 (70), 34 (20), 8 (55), 0 (89), 46 (77)]";1708;"Maquina 6: [10 (29), 17 (43), 40 (64), 24 (22), 41 (34), 47 (96), 43 (85), 20 (95)]";2045
VNS;50;6;12429;10048.0;250;"Maquina 1: [32 (1), 34 (20), 33 (38), 14 (56), 21 (29), 5 (44), 25 (54), 20 (95), 37 (67), 6 (83)]";2557;"Maquina 2: [13 (30), 24 (22), 18 (4), 31 (37), 11 (48), 16 (70), 39 (58), 22 (79), 40 (64)]";2277;"Maquina 3: [41 (34), 9 (59), 15 (48), 44 (74), 29 (99), 35 (24), 30 (91)]";1904;"Maquina 4: [1 (18), 28 (31), 45 (75), 17 (43), 48 (24), 38 (52), 42 (47), 0 (89)]";2073;"Maquina 5: [7 (5), 26 (4), 4 (28), 36 (13), 8 (55), 23 (30), 46 (77), 27 (91), 12 (62)]";1717;"Maquina 6: [10 (29), 49 (32), 3 (60), 19 (85), 2 (47), 47 (96), 43 (85)]";1901
Multiarranque;50;6;12452;791.0;250;"Maquina 1: [41 (34), 9 (59), 36 (13), 35 (24), 15 (48), 39 (58), 46 (77), 47 (96)]";2269;"Maquina 2: [34 (20), 7 (5), 26 (4), 18 (4), 14 (56), 21 (29), 25 (54), 11 (48), 43 (85), 20 (95)]";2117;"Maquina 3: [33 (38), 10 (29), 4 (28), 6 (83), 12 (62), 16 (70), 0 (89)]";1716;"Maquina 4: [5 (44), 23 (30), 8 (55), 48 (24), 13 (30), 40 (64), 45 (75), 30 (91)]";1855;"Maquina 5: [28 (31), 32 (1), 31 (37), 17 (43), 2 (47), 44 (74), 29 (99), 38 (52), 22 (79)]";2514;"Maquina 6: [49 (32), 24 (22), 1 (18), 42 (47), 3 (60), 27 (91), 19 (85), 37 (67)]";1981
GREEDY;50;6;14348;1.0;1;"Maquina 1: [2 (28), 6 (2), 47 (88), 18 (55), 20 (51), 49 (62), 0 (72), 4 (41)]";1926;"Maquina 2: [22 (2), 3 (57), 10 (31), 38 (42), 19 (71), 21 (45), 44 (61), 24 (80), 39 (96)]";2646;"Maquina 3: [32 (7), 41 (32), 36 (80), 12 (44), 27 (38), 37 (56), 1 (72), 46 (61), 17 (96)]";2517;"Maquina 4: [28 (16), 34 (59), 48 (49), 30 (33), 8 (43), 45 (73), 16 (68), 25 (93)]";2397;"Maquina 5: [9 (24), 42 (33), 13 (43), 33 (76), 29 (60), 7 (48), 11 (95), 40 (70)]";2447;"Maquina 6: [14 (25), 31 (36), 15 (43), 26 (76), 35 (48), 5 (58), 43 (90), 23 (67)]";2415
GRASP;50;6;13028;720.0;250;"Maquina 1: [38 (42), 22 (2), 32 (7), 29 (60), 18 (55), 44 (61), 1 (72), 33 (76), 45 (73)]";2238;"Maquina 2: [13 (43), 10 (31), 35 (48), 20 (51), 23 (67), 21 (45), 46 (61), 36 (80)]";2004;"Maquina 3: [7 (48), 30 (33), 4 (41), 41 (32), 15 (43), 49 (62), 0 (72), 40 (70), 47 (88)]";2558;"Maquina 4: [6 (2), 5 (58), 14 (25), 12 (44), 42 (33), 26 (76), 27 (38), 11 (95), 24 (80)]";2376;"Maquina 5: [28 (16), 34 (59), 48 (49), 19 (71), 9 (24), 3 (57), 39 (96), 43 (90)]";2005;"Maquina 6: [31 (36), 2 (28), 16 (68), 25 (93), 8 (43), 37 (56), 17 (96)]";1847
LNS;50;6;14348;21.0;250;"Maquina 1: [2 (28), 6 (2), 47 (88), 18 (55), 20 (51), 49 (62), 0 (72), 4 (41)]";1926;"Maquina 2: [22 (2), 3 (57), 10 (31), 38 (42), 19 (71), 21 (45), 44 (61), 24 (80), 39 (96)]";2646;"Maquina 3: [32 (7), 41 (32), 36 (80), 12 (44), 27 (38), 37 (56), 1 (72), 46 (61), 17 (96)]";2517;"Maquina 4: [28 (16), 34 (59), 48 (49), 30 (33), 8 (43), 45 (73), 16 (68), 25 (93)]";2397;"Maquina 5: [9 (24), 42 (33), 13 (43), 33 (76), 29 (60), 7 (48), 11 (95), 40 (70)]";2447;"Maquina 6: [14 (25), 31 (36), 15 (43), 26 (76), 35 (48), 5 (58), 43 (90), 23 (67)]";2415
TABÚ;50;6;12885;208.0;250;"Maquina 1: [6 (2), 26 (76), 35 (48), 8 (43), 4 (41), 43 (90), 5 (58), 24 (80)]";2055;"Maquina 2: [10 (31), 32 (7), 41 (32), 13 (43), 27 (38), 49 (62), 23 (67), 36 (80), 17 (96)]";2199;"Maquina 3: [46 (61), 22 (2), 28 (16), 38 (42), 7 (48), 29 (60), 18 (55), 37 (56), 0 (72)]";2374;"Maquina 4: [44 (61), 9 (24), 31 (36), 15 (43), 48 (49), 47 (88), 1 (72), 45 (73)]";2041;"Maquina 5: [34 (59), 21 (45), 30 (33), 14 (25), 3 (57), 16 (68), 11 (95), 33 (76)]";2037;"Maquina 6: [20 (51), 42 (33), 2 (28), 12 (44), 40 (70), 19 (71), 25 (93), 39 (96)]";2179
VNS;50;6;13262;13061.0;250;"Maquina 1: [2 (28), 6 (2), 47 (88), 18 (55), 20 (51), 49 (62), 23 (67), 24 (80)]";1874;"Maquina 2: [22 (2), 3 (57), 10 (31), 38 (42), 19 (71), 34 (59), 21 (45), 44 (61), 43 (90), 0 (72)]";2893;"Maquina 3: [32 (7), 41 (32), 36 (80), 33 (76), 27 (38), 37 (56), 1 (72), 46 (61)]";1924;"Maquina 4: [28 (16), 48 (49), 30 (33), 8 (43), 45 (73), 16 (68), 25 (93)]";1897;"Maquina 5: [9 (24), 42 (33), 13 (43), 12 (44), 29 (60), 7 (48), 11 (95), 40 (70)]";1924;"Maquina 6: [14 (25), 31 (36), 15 (43), 17 (96), 26 (76), 35 (48), 5 (58), 4 (41), 39 (96)]";2750
Multiarranque;50;6;13800;811.0;250;"Maquina 1: [42 (33), 2 (28), 29 (60), 6 (2), 26 (76), 25 (93), 7 (48), 19 (71), 47 (88)]";2503;"Maquina 2: [28 (16), 34 (59), 31 (36), 14 (25), 18 (55), 40 (70), 23 (67), 24 (80), 1 (72)]";2590;"Maquina 3: [48 (49), 38 (42), 8 (43), 9 (24), 45 (73), 35 (48), 36 (80), 17 (96)]";2288;"Maquina 4: [41 (32), 15 (43), 21 (45), 44 (61), 5 (58), 39 (96), 0 (72), 43 (90)]";2359;"Maquina 5: [22 (2), 12 (44), 32 (7), 13 (43), 27 (38), 33 (76), 49 (62), 46 (61), 16 (68)]";2269;"Maquina 6: [37 (56), 3 (57), 10 (31), 30 (33), 20 (51), 4 (41), 11 (95)]";1791
GREEDY;50;6;12728;0.0;1;"Maquina 1: [32 (12), 1 (5), 40 (44), 19 (33), 48 (77), 9 (51), 8 (64), 6 (88)]";2096;"Maquina 2: [38 (13), 12 (7), 18 (19), 41 (49), 29 (45), 5 (73), 28 (33), 37 (61), 36 (82)]";1968;"Maquina 3: [22 (36), 0 (14), 31 (66), 13 (10), 30 (48), 45 (89), 33 (59), 17 (77)]";2294;"Maquina 4: [23 (10), 16 (15), 44 (28), 24 (40), 15 (48), 35 (51), 2 (66), 43 (81), 25 (98)]";2530;"Maquina 5: [39 (10), 27 (15), 20 (24), 7 (45), 21 (50), 10 (62), 34 (84), 11 (71)]";2000;"Maquina 6: [4 (12), 3 (36), 46 (46), 49 (18), 14 (49), 42 (60), 26 (82), 47 (66)]";1840
GRASP;50;6;11133;734.0;250;"Maquina 1: [1 (5), 14 (49), 44 (28), 4 (12), 29 (45), 31 (66), 34 (84), 37 (61)]";1830;"Maquina 2: [18 (19), 20 (24), 12 (7), 15 (48), 35 (51), 11 (71), 5 (73), 26 (82)]";1607;"Maquina 3: [39 (10), 41 (49), 27 (15), 0 (14), 43 (81), 47 (66), 22 (36), 2 (66), 40 (44)]";1858;"Maquina 4: [49 (18), 23 (10), 16 (15), 30 (48), 24 (40), 25 (98), 33 (59), 48 (77), 36 (82)]";2174;"Maquina 5: [13 (10), 28 (33), 38 (13), 21 (50), 10 (62), 45 (89), 9 (51), 7 (45)]";1614;"Maquina 6: [32 (12), 19 (33), 46 (46), 6 (88), 8 (64), 42 (60), 17 (77), 3 (36)]";2050
LNS;50;6;12728;24.0;250;"Maquina 1: [32 (12), 1 (5), 40 (44), 19 (33), 48 (77), 9 (51), 8 (64), 6 (88)]";2096;"Maquina 2: [38 (13), 12 (7), 18 (19), 41 (49), 29 (45), 5 (73), 28 (33), 37 (61), 36 (82)]";1968;"Maquina 3: [22 (36), 0 (14), 31 (66), 13 (10), 30 (48), 45 (89), 33 (59), 17 (77)]";2294;"Maquina 4: [23 (10), 16 (15), 44 (28), 24 (40), 15 (48), 35 (51), 2 (66), 43 (81), 25 (98)]";2530;"Maquina 5: [39 (10), 27 (15), 20 (24), 7 (45), 21 (50), 10 (62), 34 (84), 11 (71)]";2000;"Maquina 6: [4 (12), 3 (36), 46 (46), 49 (18), 14 (49), 42 (60), 26 (82), 47 (66)]";1840
TABÚ;50;6;10710;206.0;250;"Maquina 1: [0 (14), 12 (7), 16 (15), 14 (49), 22 (36), 31 (66), 36 (82), 42 (60), 11 (71)]";1710;"Maquina 2: [38 (13), 13 (10), 30 (48), 41 (49), 24 (40), 25 (98), 7 (45), 17 (77)]";1632;"Maquina 3: [49 (18), 1 (5), 19 (33), 20 (24), 40 (44), 26 (82), 29 (45), 6 (88)]";1478;"Maquina 4: [44 (28), 4 (12), 46 (46), 35 (51), 18 (19), 2 (66), 48 (77), 43 (81), 47 (66)]";2251;"Maquina 5: [32 (12), 27 (15), 9 (51), 39 (10), 33 (59), 5 (73), 28 (33), 34 (84)]";1742;"Maquina 6: [23 (10), 3 (36), 37 (61), 15 (48), 21 (50), 10 (62), 45 (89), 8 (64)]";1897
VNS;50;6;11463;13057.0;250;"Maquina 1: [32 (12), 19 (33), 48 (77), 33 (59), 41 (49), 0 (14), 43 (81), 47 (66)]";2078;"Maquina 2: [38 (13), 12 (7), 18 (19), 35 (51), 5 (73), 28 (33), 37 (61), 36 (82)]";1351;"Maquina 3: [22 (36), 31 (66), 13 (10), 30 (48), 2 (66), 45 (89), 9 (51)]";1607;"Maquina 4: [23 (10), 16 (15), 1 (5), 44 (28), 24 (40), 15 (48), 29 (45), 8 (64), 25 (98)]";1970;"Maquina 5: [39 (10), 27 (15), 17 (77), 20 (24), 40 (44), 7 (45), 21 (50), 10 (62), 6 (88), 11 (71)]";2670;"Maquina 6: [4 (12), 3 (36), 46 (46), 49 (18), 14 (49), 42 (60), 26 (82), 34 (84)]";1787
Multiarranque;50;6;11748;814.0;250;"Maquina 1: [12 (7), 18 (19), 27 (15), 15 (48), 40 (44), 37 (61), 11 (71), 26 (82), 33 (59)]";2242;"Maquina 2: [39 (10), 1 (5), 3 (36), 46 (46), 7 (45), 21 (50), 36 (82), 48 (77)]";1850;"Maquina 3: [19 (33), 4 (12), 29 (45), 6 (88), 47 (66), 30 (48), 42 (60)]";1842;"Maquina 4: [20 (24), 14 (49), 32 (12), 41 (49), 25 (98), 24 (40), 43 (81), 2 (66)]";2160;"Maquina 5: [23 (10), 16 (15), 0 (14), 28 (33), 9 (51), 10 (62), 45 (89), 31 (66), 34 (84)]";1852;"Maquina 6: [49 (18), 38 (13), 13 (10), 44 (28), 35 (51), 22 (36), 8 (64), 5 (73), 17 (77)]";1802
GREEDY;50;6;14443;0.0;1;"Maquina 1: [48 (19), 10 (56), 19 (2), 22 (59), 27 (68), 15 (40), 46 (75), 24 (94)]";2218;"Maquina 2: [7 (10), 38 (21), 36 (44), 44 (33), 32 (73), 29 (47), 35 (88), 33 (63), 30 (95)]";2489;"Maquina 3: [13 (43), 1 (24), 8 (52), 39 (14), 20 (60), 12 (85), 4 (69), 21 (95)]";2411;"Maquina 4: [5 (15), 0 (40), 6 (45), 47 (27), 18 (54), 45 (69), 40 (89), 42 (97), 11 (62)]";2510;"Maquina 5: [49 (60), 16 (47), 34 (17), 26 (28), 17 (69), 23 (96), 9 (37), 37 (92)]";2426;"Maquina 6: [3 (58), 2 (30), 28 (64), 41 (89), 25 (43), 43 (17), 14 (97), 31 (70)]";2389
GRASP;50;6;12575;715.0;250;"Maquina 1: [7 (10), 47 (27), 27 (68), 14 (97), 9 (37), 31 (70), 21 (95), 30 (95)]";2174;"Maquina 2: [2 (30), 15 (40), 45 (69), 44 (33), 8 (52), 46 (75), 32 (73), 40 (89)]";2061;"Maquina 3: [34 (17), 16 (47), 5 (15), 0 (40), 1 (24), 28 (64), 23 (96), 24 (94)]";1628;"Maquina 4: [19 (2), 6 (45), 25 (43), 33 (63), 39 (14), 3 (58), 20 (60), 35 (88), 22 (59)]";2139;"Maquina 5: [43 (17), 10 (56), 11 (62), 36 (44), 4 (69), 12 (85), 48 (19), 17 (69), 49 (60)]";2573;"Maquina 6: [38 (21), 18 (54), 29 (47), 26 (28), 13 (43), 37 (92), 41 (89), 42 (97)]";2000
LNS;50;6;14443;24.0;250;"Maquina 1: [48 (19), 10 (56), 19 (2), 22 (59), 27 (68), 15 (40), 46 (75), 24 (94)]";2218;"Maquina 2: [7 (10), 38 (21), 36 (44), 44 (33), 32 (73), 29 (47), 35 (88), 33 (63), 30 (95)]";2489;"Maquina 3: [13 (43), 1 (24), 8 (52), 39 (14), 20 (60), 12 (85), 4 (69), 21 (95)]";2411;"Maquina 4: [5 (15), 0 (40), 6 (45), 47 (27), 18 (54), 45 (69), 40 (89), 42 (97), 11 (62)]";2510;"Maquina 5: [49 (60), 16 (47), 34 (17), 26 (28), 17 (69), 23 (96), 9 (37), 37 (92)]";2426;"Maquina 6: [3 (58), 2 (30), 28 (64), 41 (89), 25 (43), 43 (17), 14 (97), 31 (70)]";2389
TABÚ;50;6;12750;209.0;250;"Maquina 1: [47 (27), 38 (21), 18 (54), 15 (40), 41 (89), 8 (52), 46 (75), 21 (95)]";1802;"Maquina 2: [16 (47), 1 (24), 36 (44), 39 (14), 22 (59), 49 (60), 33 (63), 26 (28), 30 (95)]";2275;"Maquina 3: [48 (19), 17 (69), 11 (62), 13 (43), 37 (92), 29 (47), 3 (58), 23 (96)]";2222;"Maquina 4: [19 (2), 9 (37), 5 (15), 7 (10), 0 (40), 40 (89), 31 (70), 12 (85), 42 (97)]";2101;"Maquina 5: [2 (30), 28 (64), 44 (33), 6 (45), 4 (69), 32 (73), 20 (60), 35 (88)]";2163;"Maquina 6: [45 (69), 27 (68), 34 (17), 25 (43), 43 (17), 14 (97), 10 (56), 24 (94)]";2187
VNS;50;6;13278;13531.0;250;"Maquina 1: [48 (19), 10 (56), 49 (60), 19 (2), 22 (59), 27 (68), 28 (64), 46 (75)]";2172;"Maquina 2: [7 (10), 38 (21), 36 (44), 44 (33), 32 (73), 29 (47), 35 (88), 11 (62), 42 (97)]";2365;"Maquina 3: [26 (28), 13 (43), 1 (24), 31 (70), 39 (14), 20 (60), 12 (85), 41 (89)]";1932;"Maquina 4: [5 (15), 0 (40), 6 (45), 47 (27), 18 (54), 45 (69), 40 (89), 30 (95)]";1841;"Maquina 5: [34 (17), 16 (47), 33 (63), 17 (69), 23 (96), 9 (37), 37 (92), 24 (94)]";2299;"Maquina 6: [3 (58), 2 (30), 15 (40), 8 (52), 25 (43), 43 (17), 14 (97), 21 (95), 4 (69)]";2669
Multiarranque;50;6;13691;794.0;250;"Maquina 1: [22 (59), 15 (40), 38 (21), 18 (54), 23 (96), 28 (64), 11 (62), 41 (89)]";2285;"Maquina 2: [5 (15), 7 (10), 0 (40), 20 (60), 35 (88), 43 (17), 4 (69), 32 (73), 24 (94)]";2231;"Maquina 3: [6 (45), 47 (27), 36 (44), 44 (33), 8 (52), 48 (19), 49 (60), 30 (95), 27 (68)]";2380;"Maquina 4: [13 (43), 10 (56), 3 (58), 40 (89), 14 (97), 46 (75), 12 (85)]";2402;"Maquina 5: [29 (47), 26 (28), 1 (24), 42 (97), 33 (63), 17 (69), 21 (95), 37 (92)]";2472;"Maquina 6: [19 (2), 25 (43), 16 (47), 34 (17), 39 (14), 9 (37), 2 (30), 31 (70), 45 (69)]";1921
GREEDY;50;6;14394;0.0;1;"Maquina 1: [3 (4), 8 (41), 43 (23), 37 (51), 2 (43), 16 (73), 13 (58), 26 (84), 34 (93)]";2402;"Maquina 2: [32 (24), 20 (44), 30 (11), 9 (51), 29 (55), 36 (62), 18 (77), 12 (86)]";2139;"Maquina 3: [23 (17), 46 (51), 47 (65), 21 (25), 19 (79), 15 (58), 10 (39), 33 (92)]";2305;"Maquina 4: [31 (19), 5 (43), 7 (30), 49 (50), 6 (55), 14 (60), 39 (76), 0 (98), 1 (85)]";2792;"Maquina 5: [38 (67), 4 (45), 44 (84), 41 (30), 28 (58), 11 (21), 48 (54), 25 (93)]";2440;"Maquina 6: [45 (22), 22 (34), 17 (56), 27 (63), 40 (35), 35 (51), 42 (80), 24 (92)]";2316
GRASP;50;6;12800;712.0;250;"Maquina 1: [21 (25), 30 (11), 9 (51), 35 (51), 13 (58), 22 (34), 28 (58), 16 (73), 33 (92)]";2145;"Maquina 2: [31 (19), 41 (30), 36 (62), 47 (65), 14 (60), 32 (24), 4 (45), 44 (84)]";1921;"Maquina 3: [5 (43), 3 (4), 48 (54), 23 (17), 19 (79), 12 (86), 6 (55), 25 (93)]";1856;"Maquina 4: [49 (50), 40 (35), 46 (51), 38 (67), 2 (43), 1 (85), 26 (84), 27 (63), 39 (76)]";2901;"Maquina 5: [10 (39), 11 (21), 29 (55), 17 (56), 45 (22), 18 (77), 24 (92), 42 (80)]";1985;"Maquina 6: [15 (58), 37 (51), 7 (30), 8 (41), 43 (23), 0 (98), 20 (44), 34 (93)]";1992
LNS;50;6;14132;25.0;250;"Maquina 1: [3 (4), 8 (41), 43 (23), 37 (51), 2 (43), 16 (73), 13 (58), 26 (84), 34 (93)]";2402;"Maquina 2: [30 (11), 20 (44), 32 (24), 36 (62), 29 (55), 9 (51), 18 (77), 12 (86)]";2069;"Maquina 3: [21 (25), 46 (51), 47 (65), 23 (17), 19 (79), 15 (58), 10 (39), 33 (92)]";2113;"Maquina 4: [31 (19), 5 (43), 7 (30), 49 (50), 6 (55), 14 (60), 39 (76), 0 (98), 1 (85)]";2792;"Maquina 5: [38 (67), 4 (45), 44 (84), 41 (30), 28 (58), 11 (21), 48 (54), 25 (93)]";2440;"Maquina 6: [45 (22), 22 (34), 17 (56), 27 (63), 40 (35), 35 (51), 42 (80), 24 (92)]";2316
TABÚ;50;6;13254;212.0;250;"Maquina 1: [3 (4), 21 (25), 17 (56), 34 (93), 41 (30), 32 (24), 39 (76), 44 (84), 28 (58)]";2269;"Maquina 2: [10 (39), 11 (21), 29 (55), 23 (17), 37 (51), 14 (60), 38 (67), 5 (43), 35 (51)]";2556;"Maquina 3: [9 (51), 7 (30), 20 (44), 30 (11), 2 (43), 16 (73), 33 (92), 26 (84)]";1872;"Maquina 4: [22 (34), 45 (22), 13 (58), 6 (55), 12 (86), 42 (80), 27 (63), 0 (98)]";2316;"Maquina 5: [8 (41), 43 (23), 19 (79), 1 (85), 4 (45), 40 (35), 18 (77), 24 (92)]";2239;"Maquina 6: [49 (50), 46 (51), 31 (19), 48 (54), 36 (62), 15 (58), 47 (65), 25 (93)]";2002
VNS;50;6;13369;11739.0;250;"Maquina 1: [3 (4), 8 (41), 43 (23), 37 (51), 15 (58), 2 (43), 16 (73), 13 (58), 26 (84)]";2338;"Maquina 2: [41 (30), 30 (11), 20 (44), 32 (24), 0 (98), 29 (55), 9 (51), 18 (77), 1 (85)]";2449;"Maquina 3: [46 (51), 47 (65), 21 (25), 19 (79), 48 (54), 10 (39), 33 (92), 34 (93)]";2276;"Maquina 4: [23 (17), 31 (19), 5 (43), 7 (30), 49 (50), 6 (55), 14 (60), 39 (76), 24 (92)]";2259;"Maquina 5: [17 (56), 4 (45), 44 (84), 28 (58), 11 (21), 36 (62), 25 (93)]";1867;"Maquina 6: [22 (34), 45 (22), 27 (63), 40 (35), 35 (51), 12 (86), 42 (80), 38 (67)]";2180
Multiarranque;50;6;13848;789.0;250;"Maquina 1: [3 (4), 8 (41), 43 (23), 37 (51), 2 (43), 16 (73), 13 (58), 26 (84), 34 (93)]";2402;"Maquina 2: [30 (11), 20 (44), 32 (24), 36 (62), 29 (55), 9 (51), 18 (77), 12 (86)]";2069;"Maquina 3: [21 (25), 46 (51), 47 (65), 23 (17), 19 (79), 48 (54), 10 (39), 33 (92)]";1934;"Maquina 4: [31 (19), 5 (43), 7 (30), 49 (50), 6 (55), 14 (60), 39 (76), 0 (98), 1 (85)]";2792;"Maquina 5: [38 (67), 4 (45), 44 (84), 41 (30), 28 (58), 11 (21), 15 (58), 25 (93)]";2335;"Maquina 6: [45 (22), 22 (34), 17 (56), 27 (63), 40 (35), 35 (51), 42 (80), 24 (92)]";2316
GREEDY;50;6;12849;1.0;1;"Maquina 1: [2 (4), 49 (56), 43 (31), 0 (14), 35 (51), 3 (74), 45 (43), 5 (91)]";2174;"Maquina 2: [18 (48), 7 (14), 11 (10), 8 (23), 42 (69), 10 (53), 9 (79), 26 (37), 28 (94)]";2402;"Maquina 3: [23 (10), 6 (44), 39 (28), 40 (14), 33 (52), 36 (49), 31 (58), 41 (78), 27 (92)]";2219;"Maquina 4: [14 (12), 16 (17), 46 (53), 20 (65), 22 (42), 37 (27), 17 (50), 4 (81)]";1867;"Maquina 5: [24 (12), 34 (34), 12 (42), 1 (53), 38 (18), 47 (86), 25 (64), 48 (45)]";1880;"Maquina 6: [29 (21), 19 (28), 15 (43), 21 (51), 13 (78), 32 (55), 30 (13), 44 (92)]";2307
GRASP;50;6;10814;721.0;250;"Maquina 1: [48 (45), 29 (21), 11 (10), 35 (51), 14 (12), 31 (58), 42 (69), 25 (64)]";1613;"Maquina 2: [2 (4), 39 (28), 46 (53), 1 (53), 30 (13), 26 (37), 10 (53), 4 (81), 44 (92)]";2134;"Maquina 3: [43 (31), 12 (42), 45 (43), 32 (55), 18 (48), 0 (14), 49 (56), 13 (78)]";1860;"Maquina 4: [34 (34), 38 (18), 8 (23), 22 (42), 33 (52), 36 (49), 27 (92), 47 (86), 28 (94)]";2158;"Maquina 5: [37 (27), 6 (44), 24 (12), 16 (17), 9 (79), 41 (78), 15 (43), 21 (51)]";1536;"Maquina 6: [23 (10), 19 (28), 7 (14), 40 (14), 17 (50), 5 (91), 20 (65), 3 (74)]";1513
LNS;50;6;12849;23.0;250;"Maquina 1: [2 (4), 49 (56), 43 (31), 0 (14), 35 (51), 3 (74), 45 (43), 5 (91)]";2174;"Maquina 2: [18 (48), 7 (14), 11 (10), 8 (23), 42 (69), 10 (53), 9 (79), 26 (37), 28 (94)]";2402;"Maquina 3: [23 (10), 6 (44), 39 (28), 40 (14), 33 (52), 36 (49), 31 (58), 41 (78), 27 (92)]";2219;"Maquina 4: [14 (12), 16 (17), 46 (53), 20 (65), 22 (42), 37 (27), 17 (50), 4 (81)]";1867;"Maquina 5: [24 (12), 34 (34), 12 (42), 1 (53), 38 (18), 47 (86), 25 (64), 48 (45)]";1880;"Maquina 6: [29 (21), 19 (28), 15 (43), 21 (51), 13 (78), 32 (55), 30 (13), 44 (92)]";2307
TABÚ;50;6;10493;235.0;250;"Maquina 1: [12 (42), 2 (4), 39 (28), 18 (48), 7 (14), 10 (53), 4 (81), 27 (92)]";1516;"Maquina 2: [11 (10), 15 (43), 16 (17), 33 (52), 36 (49), 6 (44), 13 (78), 28 (94)]";1582;"Maquina 3: [43 (31), 14 (12), 29 (21), 17 (50), 46 (53), 48 (45), 3 (74), 42 (69)]";1798;"Maquina 4: [24 (12), 34 (34), 21 (51), 40 (14), 8 (23), 32 (55), 45 (43), 5 (91)]";1418;"Maquina 5: [38 (18), 37 (27), 0 (14), 35 (51), 22 (42), 25 (64), 26 (37), 20 (65), 9 (79)]";1997;"Maquina 6: [23 (10), 19 (28), 41 (78), 30 (13), 31 (58), 49 (56), 1 (53), 47 (86), 44 (92)]";2182
VNS;50;6;10921;9622.0;250;"Maquina 1: [2 (4), 16 (17), 43 (31), 6 (44), 10 (53), 41 (78), 30 (13), 5 (91)]";1321;"Maquina 2: [7 (14), 11 (10), 8 (23), 42 (69), 35 (51), 26 (37), 13 (78), 15 (43), 18 (48)]";2174;"Maquina 3: [39 (28), 40 (14), 33 (52), 36 (49), 31 (58), 49 (56), 4 (81), 27 (92)]";1968;"Maquina 4: [0 (14), 17 (50), 46 (53), 38 (18), 20 (65), 22 (42), 1 (53), 44 (92)]";1807;"Maquina 5: [45 (43), 24 (12), 34 (34), 12 (42), 37 (27), 21 (51), 25 (64), 9 (79), 47 (86)]";2181;"Maquina 6: [29 (21), 23 (10), 19 (28), 14 (12), 3 (74), 32 (55), 28 (94), 48 (45)]";1470
Multiarranque;50;6;11217;778.0;250;"Maquina 1: [0 (14), 15 (43), 11 (10), 1 (53), 8 (23), 36 (49), 48 (45), 28 (94)]";1802;"Maquina 2: [29 (21), 34 (34), 45 (43), 40 (14), 49 (56), 46 (53), 18 (48), 5 (91)]";1672;"Maquina 3: [30 (13), 26 (37), 20 (65), 3 (74), 39 (28), 19 (28), 33 (52), 6 (44), 4 (81)]";2192;"Maquina 4: [14 (12), 23 (10), 42 (69), 35 (51), 12 (42), 10 (53), 41 (78), 25 (64)]";1786;"Maquina 5: [7 (14), 24 (12), 16 (17), 43 (31), 22 (42), 32 (55), 9 (79), 27 (92), 47 (86)]";1924;"Maquina 6: [37 (27), 38 (18), 17 (50), 2 (4), 31 (58), 21 (51), 44 (92), 13 (78)]";1841
GREEDY;50;6;11570;0.0;1;"Maquina 1: [33 (1), 9 (20), 2 (36), 22 (72), 39 (53), 41 (60), 13 (46), 19 (88)]";1789;"Maquina 2: [30 (22), 31 (7), 12 (44), 48 (32), 29 (51), 14 (66), 23 (57), 0 (97), 6 (81)]";2079;"Maquina 3: [40 (12), 24 (51), 7 (56), 36 (40), 3 (28), 25 (64), 4 (79), 47 (92)]";1882;"Maquina 4: [49 (13), 1 (29), 17 (35), 11 (45), 16 (81), 38 (67), 34 (59), 43 (52), 18 (99)]";2233;"Maquina 5: [8 (14), 15 (29), 5 (56), 37 (49), 26 (37), 44 (60), 20 (91), 27 (76)]";1792;"Maquina 6: [46 (30), 21 (19), 10 (40), 35 (54), 28 (49), 42 (60), 32 (90), 45 (72)]";1795
GRASP;50;6;10609;711.0;250;"Maquina 1: [40 (12), 8 (14), 14 (66), 5 (56), 38 (67), 44 (60), 43 (52), 18 (99)]";1636;"Maquina 2: [10 (40), 49 (13), 9 (20), 28 (49), 24 (51), 7 (56), 4 (79), 45 (72)]";1589;"Maquina 3: [31 (7), 12 (44), 2 (36), 11 (45), 39 (53), 34 (59), 25 (64), 41 (60), 19 (88)]";1958;"Maquina 4: [48 (32), 21 (19), 42 (60), 1 (29), 15 (29), 22 (72), 35 (54), 32 (90), 20 (91)]";2092;"Maquina 5: [30 (22), 33 (1), 36 (40), 26 (37), 27 (76), 13 (46), 47 (92), 16 (81)]";1514;"Maquina 6: [46 (30), 3 (28), 29 (51), 23 (57), 37 (49), 17 (35), 6 (81), 0 (97)]";1820
LNS;50;6;11570;24.0;250;"Maquina 1: [33 (1), 9 (20), 2 (36), 22 (72), 39 (53), 41 (60), 13 (46), 19 (88)]";1789;"Maquina 2: [30 (22), 31 (7), 12 (44), 48 (32), 29 (51), 14 (66), 23 (57), 0 (97), 6 (81)]";2079;"Maquina 3: [40 (12), 24 (51), 7 (56), 36 (40), 3 (28), 25 (64), 4 (79), 47 (92)]";1882;"Maquina 4: [49 (13), 1 (29), 17 (35), 11 (45), 16 (81), 38 (67), 34 (59), 43 (52), 18 (99)]";2233;"Maquina 5: [8 (14), 15 (29), 5 (56), 37 (49), 26 (37), 44 (60), 20 (91), 27 (76)]";1792;"Maquina 6: [46 (30), 21 (19), 10 (40), 35 (54), 28 (49), 42 (60), 32 (90), 45 (72)]";1795
TABÚ;50;6;10317;206.0;250;"Maquina 1: [31 (7), 48 (32), 1 (29), 15 (29), 42 (60), 25 (64), 7 (56), 4 (79), 18 (99)]";1907;"Maquina 2: [49 (13), 9 (20), 2 (36), 11 (45), 35 (54), 27 (76), 13 (46), 38 (67), 6 (81)]";1859;"Maquina 3: [33 (1), 36 (40), 17 (35), 24 (51), 41 (60), 39 (53), 45 (72), 20 (91)]";1509;"Maquina 4: [40 (12), 8 (14), 3 (28), 28 (49), 34 (59), 14 (66), 16 (81), 47 (92)]";1483;"Maquina 5: [26 (37), 46 (30), 21 (19), 43 (52), 44 (60), 22 (72), 23 (57), 19 (88)]";1697;"Maquina 6: [30 (22), 12 (44), 5 (56), 37 (49), 29 (51), 10 (40), 0 (97), 32 (90)]";1862
VNS;50;6;10731;11081.0;250;"Maquina 1: [49 (13), 9 (20), 2 (36), 22 (72), 41 (60), 39 (53), 45 (72), 19 (88)]";1559;"Maquina 2: [31 (7), 12 (44), 48 (32), 11 (45), 14 (66), 4 (79), 43 (52), 18 (99)]";1648;"Maquina 3: [40 (12), 24 (51), 7 (56), 36 (40), 3 (28), 34 (59), 25 (64), 32 (90)]";1767;"Maquina 4: [8 (14), 13 (46), 17 (35), 29 (51), 16 (81), 38 (67), 6 (81), 0 (97)]";1893;"Maquina 5: [33 (1), 1 (29), 15 (29), 5 (56), 37 (49), 26 (37), 44 (60), 20 (91), 27 (76)]";1957;"Maquina 6: [46 (30), 30 (22), 21 (19), 10 (40), 35 (54), 28 (49), 42 (60), 23 (57), 47 (92)]";1907
Multiarranque;50;6;10945;781.0;250;"Maquina 1: [31 (7), 21 (19), 49 (13), 15 (29), 2 (36), 11 (45), 13 (46), 26 (37), 20 (91), 7 (56)]";1970;"Maquina 2: [48 (32), 8 (14), 36 (40), 12 (44), 16 (81), 37 (49), 5 (56), 22 (72), 47 (92)]";2168;"Maquina 3: [40 (12), 24 (51), 28 (49), 41 (60), 23 (57), 19 (88), 14 (66)]";1400;"Maquina 4: [33 (1), 43 (52), 10 (40), 27 (76), 42 (60), 6 (81), 35 (54), 0 (97)]";1880;"Maquina 5: [3 (28), 46 (30), 30 (22), 29 (51), 45 (72), 4 (79), 44 (60), 18 (99)]";1778;"Maquina 6: [9 (20), 1 (29), 17 (35), 39 (53), 34 (59), 25 (64), 38 (67), 32 (90)]";1749
GREEDY;50;6;11873;0.0;1;"Maquina 1: [29 (13), 48 (2), 16 (64), 40 (34), 6 (43), 19 (55), 32 (84), 11 (90)]";1771;"Maquina 2: [13 (3), 2 (19), 38 (56), 15 (36), 22 (68), 3 (87), 37 (49), 35 (92)]";1941;"Maquina 3: [47 (5), 14 (53), 41 (22), 25 (57), 43 (38), 39 (65), 12 (85), 4 (92)]";1847;"Maquina 4: [44 (7), 45 (22), 1 (59), 7 (34), 31 (42), 9 (55), 46 (79), 26 (94), 8 (90)]";2095;"Maquina 5: [36 (8), 33 (37), 5 (49), 42 (24), 49 (55), 17 (61), 27 (82), 10 (90), 0 (97)]";2288;"Maquina 6: [34 (50), 21 (27), 20 (9), 18 (57), 30 (89), 24 (42), 28 (73), 23 (93)]";1931
GRASP;50;6;10411;711.0;250;"Maquina 1: [48 (2), 17 (61), 6 (43), 41 (22), 27 (82), 9 (55), 49 (55), 10 (90)]";1681;"Maquina 2: [42 (24), 40 (34), 34 (50), 36 (8), 14 (53), 28 (73), 12 (85), 0 (97)]";1759;"Maquina 3: [2 (19), 7 (34), 43 (38), 5 (49), 31 (42), 8 (90), 1 (59), 26 (94)]";1617;"Maquina 4: [20 (9), 15 (36), 45 (22), 24 (42), 19 (55), 39 (65), 46 (79), 35 (92), 11 (90)]";1994;"Maquina 5: [21 (27), 47 (5), 29 (13), 38 (56), 25 (57), 22 (68), 23 (93), 3 (87), 30 (89)]";1972;"Maquina 6: [44 (7), 13 (3), 33 (37), 37 (49), 18 (57), 16 (64), 32 (84), 4 (92)]";1388
LNS;50;6;11625;23.0;250;"Maquina 1: [29 (13), 48 (2), 16 (64), 6 (43), 40 (34), 19 (55), 32 (84), 11 (90)]";1748;"Maquina 2: [2 (19), 38 (56), 13 (3), 15 (36), 22 (68), 3 (87), 37 (49), 35 (92)]";1734;"Maquina 3: [47 (5), 14 (53), 41 (22), 25 (57), 43 (38), 39 (65), 12 (85), 4 (92)]";1847;"Maquina 4: [44 (7), 45 (22), 1 (59), 7 (34), 31 (42), 9 (55), 46 (79), 26 (94), 8 (90)]";2095;"Maquina 5: [36 (8), 33 (37), 5 (49), 49 (55), 42 (24), 17 (61), 27 (82), 10 (90), 0 (97)]";2270;"Maquina 6: [34 (50), 21 (27), 20 (9), 18 (57), 30 (89), 24 (42), 28 (73), 23 (93)]";1931
TABÚ;50;6;10438;204.0;250;"Maquina 1: [48 (2), 44 (7), 14 (53), 7 (34), 31 (42), 28 (73), 37 (49), 8 (90), 3 (87)]";1818;"Maquina 2: [47 (5), 40 (34), 2 (19), 49 (55), 33 (37), 35 (92), 11 (90), 30 (89)]";1567;"Maquina 3: [45 (22), 41 (22), 5 (49), 18 (57), 27 (82), 39 (65), 12 (85), 0 (97)]";1875;"Maquina 4: [13 (3), 6 (43), 21 (27), 46 (79), 17 (61), 9 (55), 32 (84), 4 (92)]";1731;"Maquina 5: [29 (13), 24 (42), 19 (55), 42 (24), 43 (38), 22 (68), 23 (93), 10 (90)]";1639;"Maquina 6: [36 (8), 20 (9), 15 (36), 34 (50), 16 (64), 38 (56), 25 (57), 1 (59), 26 (94)]";1808
VNS;50;6;10765;8678.0;250;"Maquina 1: [13 (3), 29 (13), 44 (7), 48 (2), 17 (61), 16 (64), 38 (56), 19 (55), 32 (84), 26 (94)]";1874;"Maquina 2: [5 (49), 31 (42), 49 (55), 22 (68), 3 (87), 35 (92), 11 (90)]";1873;"Maquina 3: [47 (5), 40 (34), 41 (22), 25 (57), 43 (38), 18 (57), 39 (65), 12 (85), 4 (92)]";1949;"Maquina 4: [45 (22), 1 (59), 7 (34), 9 (55), 6 (43), 30 (89), 8 (90)]";1400;"Maquina 5: [36 (8), 33 (37), 37 (49), 42 (24), 46 (79), 27 (82), 10 (90), 0 (97)]";1742;"Maquina 6: [2 (19), 21 (27), 20 (9), 15 (36), 34 (50), 24 (42), 28 (73), 23 (93), 14 (53)]";1927
Multiarranque;50;6;10928;781.0;250;"Maquina 1: [48 (2), 20 (9), 31 (42), 15 (36), 8 (90), 6 (43), 39 (65), 12 (85), 11 (90)]";1993;"Maquina 2: [44 (7), 13 (3), 5 (49), 24 (42), 38 (56), 25 (57), 1 (59), 49 (55), 34 (50)]";1801;"Maquina 3: [29 (13), 47 (5), 22 (68), 27 (82), 10 (90), 26 (94), 0 (97)]";1474;"Maquina 4: [2 (19), 7 (34), 9 (55), 33 (37), 16 (64), 28 (73), 30 (89), 23 (93)]";1833;"Maquina 5: [45 (22), 41 (22), 37 (49), 21 (27), 43 (38), 17 (61), 14 (53), 3 (87), 4 (92)]";2138;"Maquina 6: [36 (8), 40 (34), 42 (24), 19 (55), 18 (57), 32 (84), 35 (92), 46 (79)]";1689
GREEDY;50;6;10791;0.0;1;"Maquina 1: [6 (9), 16 (1), 29 (42), 1 (21), 47 (53), 21 (64), 31 (94), 14 (74), 34 (99)]";2032;"Maquina 2: [22 (9), 26 (2), 18 (32), 3 (48), 36 (70), 12 (84), 5 (59), 46 (97)]";1758;"Maquina 3: [24 (9), 35 (2), 19 (44), 9 (28), 7 (54), 17 (65), 20 (95), 39 (76)]";1606;"Maquina 4: [8 (3), 48 (9), 25 (20), 32 (33), 10 (71), 42 (62), 45 (48), 30 (99), 11 (90)]";1976;"Maquina 5: [15 (11), 27 (32), 38 (6), 33 (61), 37 (96), 23 (47), 44 (68), 40 (79)]";1599;"Maquina 6: [4 (15), 49 (6), 41 (61), 43 (28), 0 (70), 13 (46), 28 (80), 2 (99)]";1820
GRASP;50;6;9503;708.0;250;"Maquina 1: [9 (28), 26 (2), 18 (32), 47 (53), 29 (42), 6 (9), 33 (61), 12 (84), 44 (68)]";1626;"Maquina 2: [4 (15), 25 (20), 16 (1), 42 (62), 14 (74), 10 (71), 28 (80), 37 (96)]";1475;"Maquina 3: [8 (3), 38 (6), 27 (32), 23 (47), 39 (76), 21 (64), 17 (65), 20 (95)]";1445;"Maquina 4: [35 (2), 15 (11), 48 (9), 24 (9), 19 (44), 11 (90), 45 (48), 30 (99), 2 (99)]";1511;"Maquina 5: [1 (21), 22 (9), 43 (28), 7 (54), 40 (79), 46 (97), 41 (61), 31 (94)]";1742;"Maquina 6: [49 (6), 32 (33), 3 (48), 0 (70), 13 (46), 5 (59), 36 (70), 34 (99)]";1704
LNS;50;6;10544;22.0;250;"Maquina 1: [6 (9), 16 (1), 29 (42), 1 (21), 47 (53), 21 (64), 31 (94), 14 (74), 34 (99)]";2032;"Maquina 2: [22 (9), 26 (2), 18 (32), 3 (48), 36 (70), 12 (84), 5 (59), 46 (97)]";1758;"Maquina 3: [35 (2), 19 (44), 24 (9), 9 (28), 7 (54), 17 (65), 20 (95), 39 (76)]";1426;"Maquina 4: [25 (20), 48 (9), 8 (3), 32 (33), 10 (71), 30 (99), 45 (48), 42 (62), 11 (90)]";1909;"Maquina 5: [15 (11), 27 (32), 38 (6), 33 (61), 37 (96), 23 (47), 44 (68), 40 (79)]";1599;"Maquina 6: [4 (15), 49 (6), 41 (61), 43 (28), 0 (70), 13 (46), 28 (80), 2 (99)]";1820
TABÚ;50;6;9429;201.0;250;"Maquina 1: [16 (1), 24 (9), 4 (15), 49 (6), 44 (68), 39 (76), 11 (90), 2 (99), 28 (80)]";1651;"Maquina 2: [7 (54), 15 (11), 48 (9), 43 (28), 36 (70), 14 (74), 10 (71), 30 (99)]";1582;"Maquina 3: [22 (9), 38 (6), 27 (32), 23 (47), 17 (65), 12 (84), 0 (70), 34 (99)]";1510;"Maquina 4: [35 (2), 1 (21), 9 (28), 33 (61), 19 (44), 18 (32), 13 (46), 37 (96), 20 (95)]";1685;"Maquina 5: [26 (2), 25 (20), 32 (33), 3 (48), 42 (62), 5 (59), 46 (97), 40 (79)]";1511;"Maquina 6: [8 (3), 6 (9), 47 (53), 29 (42), 21 (64), 41 (61), 45 (48), 31 (94)]";1490
VNS;50;6;10010;9364.0;250;"Maquina 1: [6 (9), 16 (1), 29 (42), 1 (21), 47 (53), 21 (64), 31 (94), 14 (74)]";1446;"Maquina 2: [41 (61), 26 (2), 18 (32), 43 (28), 36 (70), 34 (99), 5 (59), 46 (97)]";1707;"Maquina 3: [35 (2), 19 (44), 9 (28), 7 (54), 44 (68), 39 (76), 20 (95)]";1338;"Maquina 4: [8 (3), 48 (9), 24 (9), 27 (32), 32 (33), 10 (71), 30 (99), 45 (48), 3 (48), 11 (90)]";2025;"Maquina 5: [15 (11), 25 (20), 38 (6), 33 (61), 37 (96), 23 (47), 17 (65), 42 (62), 12 (84)]";2019;"Maquina 6: [4 (15), 49 (6), 22 (9), 28 (80), 0 (70), 13 (46), 40 (79), 2 (99)]";1475
Multiarranque;50;6;9838;797.0;250;"Maquina 1: [6 (9), 16 (1), 33 (61), 9 (28), 13 (46), 17 (65), 46 (97), 28 (80)]";1515;"Maquina 2: [22 (9), 43 (28), 35 (2), 5 (59), 19 (44), 11 (90), 40 (79), 20 (95)]";1501;"Maquina 3: [24 (9), 26 (2), 25 (20), 32 (33), 23 (47), 47 (53), 39 (76), 30 (99), 36 (70)]";1664;"Maquina 4: [15 (11), 27 (32), 38 (6), 0 (70), 42 (62), 3 (48), 12 (84), 2 (99)]";1566;"Maquina 5: [8 (3), 48 (9), 29 (42), 1 (21), 7 (54), 10 (71), 21 (64), 34 (99), 31 (94)]";1974;"Maquina 6: [4 (15), 49 (6), 44 (68), 18 (32), 45 (48), 14 (74), 37 (96), 41 (61)]";1618
GREEDY;50;6;12626;0.0;1;"Maquina 1: [47 (2), 15 (30), 48 (60), 17 (17), 23 (51), 37 (72), 19 (80), 46 (97), 8 (89)]";2404;"Maquina 2: [25 (4), 16 (41), 43 (17), 9 (53), 40 (90), 27 (81), 34 (61), 26 (94), 2 (73)]";2341;"Maquina 3: [10 (7), 39 (21), 1 (38), 32 (57), 42 (62), 24 (91), 6 (74), 12 (84)]";1896;"Maquina 4: [5 (44), 45 (8), 28 (75), 20 (24), 11 (70), 13 (59), 49 (92), 14 (88)]";2071;"Maquina 5: [29 (24), 7 (15), 41 (49), 4 (68), 44 (76), 31 (59), 3 (92), 18 (87)]";1965;"Maquina 6: [0 (27), 38 (15), 33 (42), 35 (84), 36 (65), 21 (74), 30 (91), 22 (58)]";1949
GRASP;50;6;11548;718.0;250;"Maquina 1: [47 (2), 5 (44), 31 (59), 9 (53), 44 (76), 35 (84), 36 (65), 24 (91)]";1935;"Maquina 2: [10 (7), 39 (21), 29 (24), 13 (59), 40 (90), 2 (73), 4 (68), 21 (74), 14 (88)]";2199;"Maquina 3: [25 (4), 45 (8), 17 (17), 1 (38), 27 (81), 6 (74), 41 (49), 46 (97), 12 (84)]";1842;"Maquina 4: [0 (27), 38 (15), 23 (51), 28 (75), 11 (70), 48 (60), 3 (92), 8 (89)]";1993;"Maquina 5: [15 (30), 7 (15), 16 (41), 42 (62), 34 (61), 19 (80), 49 (92), 30 (91)]";1874;"Maquina 6: [43 (17), 33 (42), 20 (24), 37 (72), 22 (58), 32 (57), 18 (87), 26 (94)]";1705
LNS;50;6;12626;28.0;250;"Maquina 1: [47 (2), 15 (30), 48 (60), 17 (17), 23 (51), 37 (72), 19 (80), 46 (97), 8 (89)]";2404;"Maquina 2: [25 (4), 16 (41), 43 (17), 9 (53), 40 (90), 27 (81), 34 (61), 26 (94), 2 (73)]";2341;"Maquina 3: [10 (7), 39 (21), 1 (38), 32 (57), 42 (62), 24 (91), 6 (74), 12 (84)]";1896;"Maquina 4: [5 (44), 45 (8), 28 (75), 20 (24), 11 (70), 13 (59), 49 (92), 14 (88)]";2071;"Maquina 5: [29 (24), 7 (15), 41 (49), 4 (68), 44 (76), 31 (59), 3 (92), 18 (87)]";1965;"Maquina 6: [0 (27), 38 (15), 33 (42), 35 (84), 36 (65), 21 (74), 30 (91), 22 (58)]";1949
TABÚ;50;6;11570;204.0;250;"Maquina 1: [25 (4), 15 (30), 11 (70), 1 (38), 22 (58), 6 (74), 49 (92), 30 (91)]";1714;"Maquina 2: [45 (8), 39 (21), 20 (24), 19 (80), 36 (65), 34 (61), 3 (92), 8 (89)]";1620;"Maquina 3: [0 (27), 7 (15), 10 (7), 23 (51), 37 (72), 12 (84), 48 (60), 35 (84)]";1593;"Maquina 4: [13 (59), 29 (24), 26 (94), 5 (44), 9 (53), 44 (76), 31 (59), 42 (62)]";2202;"Maquina 5: [38 (15), 43 (17), 33 (42), 21 (74), 41 (49), 40 (90), 28 (75), 14 (88), 24 (91)]";2274;"Maquina 6: [47 (2), 17 (17), 16 (41), 32 (57), 2 (73), 4 (68), 18 (87), 27 (81), 46 (97)]";2167
VNS;50;6;11776;10605.0;250;"Maquina 1: [15 (30), 48 (60), 23 (51), 37 (72), 21 (74), 46 (97), 8 (89)]";1853;"Maquina 2: [25 (4), 16 (41), 29 (24), 9 (53), 13 (59), 2 (73), 26 (94), 3 (92)]";1707;"Maquina 3: [10 (7), 39 (21), 1 (38), 43 (17), 28 (75), 42 (62), 14 (88), 49 (92), 30 (91)]";2189;"Maquina 4: [47 (2), 5 (44), 45 (8), 32 (57), 20 (24), 11 (70), 19 (80), 27 (81), 24 (91)]";1949;"Maquina 5: [0 (27), 7 (15), 41 (49), 4 (68), 44 (76), 31 (59), 40 (90), 6 (74)]";1825;"Maquina 6: [17 (17), 38 (15), 33 (42), 35 (84), 36 (65), 34 (61), 22 (58), 12 (84), 18 (87)]";2253
Multiarranque;50;6;11889;787.0;250;"Maquina 1: [45 (8), 10 (7), 15 (30), 48 (60), 37 (72), 22 (58), 46 (97), 12 (84), 28 (75)]";2145;"Maquina 2: [7 (15), 1 (38), 33 (42), 32 (57), 9 (53), 40 (90), 21 (74), 24 (91)]";1992;"Maquina 3: [25 (4), 23 (51), 0 (27), 31 (59), 4 (68), 44 (76), 35 (84), 18 (87)]";1876;"Maquina 4: [17 (17), 38 (15), 3 (92), 16 (41), 36 (65), 6 (74), 27 (81), 26 (94)]";1955;"Maquina 5: [39 (21), 47 (2), 29 (24), 13 (59), 5 (44), 42 (62), 14 (88), 2 (73), 49 (92)]";1933;"Maquina 6: [20 (24), 43 (17), 41 (49), 11 (70), 34 (61), 19 (80), 30 (91), 8 (89)]";1988
GREEDY;50;6;10074;0.0;1;"Maquina 1: [11 (1), 30 (9), 14 (23), 44 (43), 10 (30), 27 (77), 29 (70), 40 (60), 26 (97)]";1903;"Maquina 2: [48 (9), 6 (2), 31 (17), 32 (58), 20 (29), 46 (69), 15 (77), 41 (39), 17 (97)]";1829;"Maquina 3: [35 (12), 45 (6), 36 (26), 7 (33), 12 (54), 37 (69), 39 (90), 9 (77)]";1641;"Maquina 4: [2 (7), 3 (14), 21 (25), 23 (84), 13 (50), 24 (31), 43 (75), 0 (69)]";1621;"Maquina 5: [28 (16), 42 (8), 5 (48), 16 (24), 49 (30), 25 (72), 19 (62), 22 (79)]";1534;"Maquina 6: [47 (8), 1 (17), 33 (25), 34 (32), 38 (53), 18 (82), 8 (68), 4 (74)]";1546
GRASP;50;6;8478;713.0;250;"Maquina 1: [28 (16), 47 (8), 6 (2), 15 (77), 44 (43), 38 (53), 25 (72), 26 (97)]";1323;"Maquina 2: [11 (1), 31 (17), 30 (9), 49 (30), 33 (25), 41 (39), 4 (74), 12 (54), 27 (77)]";1267;"Maquina 3: [1 (17), 3 (14), 21 (25), 14 (23), 20 (29), 7 (33), 8 (68), 37 (69), 23 (84)]";1408;"Maquina 4: [45 (6), 48 (9), 34 (32), 13 (50), 29 (70), 18 (82), 39 (90), 9 (77)]";1539;"Maquina 5: [42 (8), 36 (26), 24 (31), 32 (58), 43 (75), 46 (69), 40 (60), 17 (97)]";1664;"Maquina 6: [16 (24), 2 (7), 35 (12), 10 (30), 0 (69), 5 (48), 19 (62), 22 (79)]";1277
LNS;50;6;10069;22.0;250;"Maquina 1: [11 (1), 30 (9), 40 (60), 44 (43), 10 (30), 27 (77), 29 (70), 14 (23), 26 (97)]";1900;"Maquina 2: [48 (9), 6 (2), 31 (17), 32 (58), 20 (29), 46 (69), 15 (77), 41 (39), 17 (97)]";1829;"Maquina 3: [35 (12), 36 (26), 45 (6), 7 (33), 12 (54), 37 (69), 39 (90), 9 (77)]";1639;"Maquina 4: [2 (7), 3 (14), 21 (25), 23 (84), 13 (50), 24 (31), 43 (75), 0 (69)]";1621;"Maquina 5: [28 (16), 42 (8), 5 (48), 16 (24), 49 (30), 25 (72), 19 (62), 22 (79)]";1534;"Maquina 6: [47 (8), 1 (17), 33 (25), 34 (32), 38 (53), 18 (82), 8 (68), 4 (74)]";1546
TABÚ;50;6;8615;207.0;250;"Maquina 1: [35 (12), 38 (53), 6 (2), 32 (58), 7 (33), 34 (32), 19 (62), 27 (77)]";1445;"Maquina 2: [45 (6), 31 (17), 49 (30), 11 (1), 1 (17), 8 (68), 37 (69), 23 (84), 26 (97)]";1376;"Maquina 3: [14 (23), 20 (29), 16 (24), 44 (43), 13 (50), 12 (54), 29 (70), 40 (60), 39 (90)]";1891;"Maquina 4: [10 (30), 47 (8), 42 (8), 21 (25), 18 (82), 25 (72), 4 (74), 17 (97)]";1379;"Maquina 5: [3 (14), 30 (9), 22 (79), 36 (26), 5 (48), 43 (75), 46 (69), 15 (77)]";1549;"Maquina 6: [48 (9), 33 (25), 28 (16), 2 (7), 24 (31), 41 (39), 0 (69), 9 (77)]";975
VNS;50;6;8914;7830.0;250;"Maquina 1: [11 (1), 2 (7), 35 (12), 44 (43), 27 (77), 29 (70), 40 (60), 17 (97)]";1234;"Maquina 2: [48 (9), 6 (2), 31 (17), 32 (58), 7 (33), 10 (30), 19 (62), 38 (53), 26 (97)]";1585;"Maquina 3: [14 (23), 45 (6), 36 (26), 20 (29), 23 (84), 37 (69), 39 (90), 9 (77)]";1580;"Maquina 4: [30 (9), 12 (54), 13 (50), 24 (31), 43 (75), 46 (69), 22 (79)]";1404;"Maquina 5: [28 (16), 42 (8), 5 (48), 16 (24), 41 (39), 0 (69), 4 (74), 15 (77)]";1356;"Maquina 6: [47 (8), 3 (14), 1 (17), 49 (30), 33 (25), 34 (32), 21 (25), 18 (82), 8 (68), 25 (72)]";1755
Multiarranque;50;6;8962;794.0;250;"Maquina 1: [35 (12), 10 (30), 48 (9), 33 (25), 34 (32), 25 (72), 37 (69), 39 (90)]";1320;"Maquina 2: [31 (17), 30 (9), 3 (14), 1 (17), 14 (23), 44 (43), 38 (53), 13 (50), 23 (84), 26 (97)]";1720;"Maquina 3: [45 (6), 6 (2), 32 (58), 49 (30), 8 (68), 15 (77), 9 (77), 18 (82)]";1441;"Maquina 4: [28 (16), 11 (1), 20 (29), 16 (24), 0 (69), 12 (54), 21 (25), 43 (75), 4 (74)]";1547;"Maquina 5: [7 (33), 2 (7), 24 (31), 42 (8), 41 (39), 27 (77), 29 (70), 46 (69)]";1481;"Maquina 6: [36 (26), 5 (48), 19 (62), 47 (8), 40 (60), 17 (97), 22 (79)]";1453
GREEDY;50;6;13987;0.0;1;"Maquina 1: [3 (6), 6 (59), 29 (17), 22 (29), 24 (47), 39 (91), 18 (64), 7 (81)]";2022;"Maquina 2: [37 (8), 48 (17), 12 (28), 45 (39), 14 (54), 20 (73), 35 (83), 21 (94), 38 (61)]";2638;"Maquina 3: [44 (10), 23 (46), 28 (36), 40 (21), 32 (57), 31 (70), 5 (82), 0 (92)]";2354;"Maquina 4: [19 (29), 1 (14), 34 (24), 46 (42), 47 (94), 25 (57), 9 (62), 13 (75), 16 (85)]";2605;"Maquina 5: [49 (16), 30 (93), 11 (25), 42 (71), 10 (29), 2 (83), 43 (46), 41 (57)]";2369;"Maquina 6: [26 (25), 15 (39), 33 (59), 8 (17), 17 (67), 4 (80), 36 (47), 27 (87)]";1999
GRASP;50;6;11572;729.0;250;"Maquina 1: [37 (8), 44 (10), 23 (46), 17 (67), 32 (57), 10 (29), 31 (70), 7 (81)]";1570;"Maquina 2: [28 (36), 20 (73), 19 (29), 29 (17), 33 (59), 14 (54), 22 (29), 2 (83), 13 (75)]";2335;"Maquina 3: [3 (6), 15 (39), 40 (21), 25 (57), 36 (47), 18 (64), 38 (61), 16 (85)]";1602;"Maquina 4: [8 (17), 49 (16), 34 (24), 21 (94), 48 (17), 43 (46), 0 (92), 42 (71), 35 (83)]";2197;"Maquina 5: [1 (14), 12 (28), 26 (25), 9 (62), 27 (87), 46 (42), 47 (94), 39 (91)]";1752;"Maquina 6: [11 (25), 45 (39), 6 (59), 24 (47), 41 (57), 4 (80), 30 (93), 5 (82)]";2116
LNS;50;6;13987;23.0;250;"Maquina 1: [3 (6), 6 (59), 29 (17), 22 (29), 24 (47), 39 (91), 18 (64), 7 (81)]";2022;"Maquina 2: [37 (8), 48 (17), 12 (28), 45 (39), 14 (54), 20 (73), 35 (83), 21 (94), 38 (61)]";2638;"Maquina 3: [44 (10), 23 (46), 28 (36), 40 (21), 32 (57), 31 (70), 5 (82), 0 (92)]";2354;"Maquina 4: [19 (29), 1 (14), 34 (24), 46 (42), 47 (94), 25 (57), 9 (62), 13 (75), 16 (85)]";2605;"Maquina 5: [49 (16), 30 (93), 11 (25), 42 (71), 10 (29), 2 (83), 43 (46), 41 (57)]";2369;"Maquina 6: [26 (25), 15 (39), 33 (59), 8 (17), 17 (67), 4 (80), 36 (47), 27 (87)]";1999
TABÚ;50;6;12112;205.0;250;"Maquina 1: [26 (25), 44 (10), 12 (28), 40 (21), 15 (39), 13 (75), 35 (83), 0 (92)]";1467;"Maquina 2: [41 (57), 29 (17), 11 (25), 22 (29), 14 (54), 38 (61), 31 (70), 16 (85)]";1894;"Maquina 3: [37 (8), 19 (29), 1 (14), 46 (42), 23 (46), 17 (67), 39 (91), 9 (62), 27 (87)]";2100;"Maquina 4: [18 (64), 25 (57), 10 (29), 20 (73), 8 (17), 47 (94), 2 (83), 7 (81)]";2483;"Maquina 5: [6 (59), 48 (17), 36 (47), 32 (57), 43 (46), 28 (36), 4 (80), 30 (93)]";2091;"Maquina 6: [49 (16), 34 (24), 3 (6), 42 (71), 45 (39), 33 (59), 24 (47), 5 (82), 21 (94)]";2077
VNS;50;6;12077;8263.0;250;"Maquina 1: [3 (6), 6 (59), 29 (17), 32 (57), 10 (29), 13 (75), 39 (91), 18 (64)]";1771;"Maquina 2: [37 (8), 40 (21), 14 (54), 20 (73), 31 (70), 7 (81), 0 (92)]";1549;"Maquina 3: [22 (29), 23 (46), 34 (24), 12 (28), 38 (61), 16 (85), 24 (47), 35 (83)]";1923;"Maquina 4: [19 (29), 1 (14), 17 (67), 46 (42), 41 (57), 43 (46), 5 (82), 9 (62), 4 (80)]";2384;"Maquina 5: [44 (10), 49 (16), 30 (93), 11 (25), 45 (39), 42 (71), 47 (94), 2 (83)]";1823;"Maquina 6: [26 (25), 15 (39), 33 (59), 8 (17), 28 (36), 48 (17), 36 (47), 25 (57), 27 (87), 21 (94)]";2627
Multiarranque;50;6;12634;796.0;250;"Maquina 1: [29 (17), 6 (59), 14 (54), 35 (83), 49 (16), 47 (94), 31 (70)]";1846;"Maquina 2: [37 (8), 40 (21), 38 (61), 5 (82), 25 (57), 9 (62), 41 (57), 7 (81)]";2133;"Maquina 3: [3 (6), 1 (14), 12 (28), 26 (25), 45 (39), 33 (59), 21 (94), 20 (73), 13 (75), 30 (93)]";2390;"Maquina 4: [11 (25), 2 (83), 44 (10), 17 (67), 46 (42), 10 (29), 43 (46), 16 (85)]";2022;"Maquina 5: [8 (17), 19 (29), 22 (29), 23 (46), 28 (36), 18 (64), 27 (87), 4 (80)]";1893;"Maquina 6: [48 (17), 36 (47), 34 (24), 32 (57), 39 (91), 15 (39), 24 (47), 42 (71), 0 (92)]";2350
GREEDY;50;6;12515;0.0;1;"Maquina 1: [17 (1), 16 (12), 11 (36), 2 (29), 47 (43), 19 (73), 31 (90), 8 (56), 20 (80)]";1884;"Maquina 2: [18 (12), 21 (2), 34 (41), 45 (62), 36 (46), 14 (95), 9 (87), 23 (76)]";2002;"Maquina 3: [5 (3), 29 (12), 46 (34), 7 (42), 6 (56), 24 (71), 35 (89), 27 (79), 1 (97)]";2489;"Maquina 4: [12 (35), 39 (3), 40 (18), 28 (50), 41 (76), 4 (61), 0 (86), 37 (91)]";1916;"Maquina 5: [26 (24), 42 (3), 30 (48), 3 (39), 49 (58), 15 (72), 43 (80), 38 (91)]";2044;"Maquina 6: [48 (41), 13 (5), 32 (53), 10 (25), 25 (70), 22 (79), 44 (96), 33 (88)]";2180
GRASP;50;6;11488;725.0;250;"Maquina 1: [2 (29), 17 (1), 26 (24), 24 (71), 35 (89), 28 (50), 0 (86), 14 (95)]";1799;"Maquina 2: [16 (12), 21 (2), 20 (80), 10 (25), 25 (70), 31 (90), 30 (48), 44 (96), 38 (91)]";2330;"Maquina 3: [18 (12), 29 (12), 42 (3), 49 (58), 47 (43), 33 (88), 36 (46), 15 (72)]";1403;"Maquina 4: [39 (3), 45 (62), 48 (41), 34 (41), 40 (18), 23 (76), 43 (80), 41 (76), 9 (87)]";2171;"Maquina 5: [12 (35), 5 (3), 3 (39), 11 (36), 19 (73), 27 (79), 8 (56), 1 (97)]";1918;"Maquina 6: [13 (5), 32 (53), 4 (61), 46 (34), 6 (56), 7 (42), 22 (79), 37 (91)]";1867
LNS;50;6;12368;21.0;250;"Maquina 1: [17 (1), 16 (12), 11 (36), 2 (29), 47 (43), 19 (73), 31 (90), 8 (56), 20 (80)]";1884;"Maquina 2: [18 (12), 21 (2), 34 (41), 45 (62), 36 (46), 14 (95), 9 (87), 23 (76)]";2002;"Maquina 3: [5 (3), 29 (12), 46 (34), 7 (42), 6 (56), 24 (71), 35 (89), 27 (79), 1 (97)]";2489;"Maquina 4: [12 (35), 40 (18), 39 (3), 28 (50), 41 (76), 4 (61), 0 (86), 37 (91)]";1769;"Maquina 5: [26 (24), 42 (3), 30 (48), 3 (39), 49 (58), 15 (72), 43 (80), 38 (91)]";2044;"Maquina 6: [48 (41), 13 (5), 32 (53), 10 (25), 25 (70), 22 (79), 44 (96), 33 (88)]";2180
TABÚ;50;6;11686;208.0;250;"Maquina 1: [5 (3), 16 (12), 29 (12), 34 (41), 48 (41), 40 (18), 23 (76), 25 (70), 44 (96)]";1636;"Maquina 2: [21 (2), 11 (36), 42 (3), 6 (56), 41 (76), 4 (61), 27 (79), 20 (80), 37 (91)]";2206;"Maquina 3: [18 (12), 17 (1), 26 (24), 2 (29), 8 (56), 38 (91), 19 (73), 31 (90), 15 (72)]";2102;"Maquina 4: [30 (48), 13 (5), 24 (71), 47 (43), 10 (25), 46 (34), 33 (88), 43 (80)]";1922;"Maquina 5: [12 (35), 49 (58), 32 (53), 3 (39), 0 (86), 35 (89), 14 (95)]";1666;"Maquina 6: [36 (46), 39 (3), 28 (50), 45 (62), 9 (87), 7 (42), 22 (79), 1 (97)]";2154
VNS;50;6;11102;10658.0;250;"Maquina 1: [17 (1), 16 (12), 3 (39), 11 (36), 2 (29), 47 (43), 19 (73), 31 (90), 33 (88)]";1782;"Maquina 2: [18 (12), 48 (41), 34 (41), 45 (62), 14 (95), 9 (87), 23 (76)]";1423;"Maquina 3: [42 (3), 46 (34), 7 (42), 6 (56), 24 (71), 44 (96), 8 (56), 1 (97)]";1848;"Maquina 4: [10 (25), 40 (18), 39 (3), 28 (50), 41 (76), 4 (61), 20 (80), 0 (86), 37 (91)]";2270;"Maquina 5: [5 (3), 12 (35), 26 (24), 29 (12), 36 (46), 38 (91), 49 (58), 15 (72), 35 (89)]";1985;"Maquina 6: [21 (2), 13 (5), 32 (53), 30 (48), 25 (70), 22 (79), 43 (80), 27 (79)]";1794
Multiarranque;50;6;11996;785.0;250;"Maquina 1: [17 (1), 16 (12), 11 (36), 2 (29), 47 (43), 19 (73), 31 (90), 8 (56), 20 (80)]";1884;"Maquina 2: [18 (12), 48 (41), 34 (41), 45 (62), 36 (46), 14 (95), 9 (87), 23 (76)]";1928;"Maquina 3: [5 (3), 29 (12), 46 (34), 7 (42), 6 (56), 24 (71), 35 (89), 27 (79), 1 (97)]";2489;"Maquina 4: [12 (35), 40 (18), 39 (3), 28 (50), 41 (76), 4 (61), 0 (86), 37 (91)]";1769;"Maquina 5: [26 (24), 42 (3), 30 (48), 3 (39), 49 (58), 15 (72), 43 (80), 38 (91)]";2044;"Maquina 6: [21 (2), 13 (5), 32 (53), 10 (25), 25 (70), 22 (79), 44 (96), 33 (88)]";1882
