GREEDY;50;2;37205;0.0;1;"Maquina 1: [3 (2), 39 (19), 7 (21), 29 (48), 49 (11), 21 (32), 47 (57), 43 (28), 36 (35), 5 (71), 11 (39), 46 (44), 33 (65), 41 (53), 35 (50), 15 (91), 31 (60), 48 (52), 37 (67), 42 (91), 4 (75), 17 (93), 26 (97), 44 (80), 9 (87)]";17966;"Maquina 2: [8 (26), 6 (21), 32 (14), 34 (9), 40 (36), 24 (64), 16 (66), 2 (32), 12 (41), 30 (54), 19 (52), 1 (35), 25 (50), 28 (75), 22 (47), 18 (60), 23 (53), 38 (69), 20 (99), 10 (85), 13 (71), 45 (91), 0 (96), 27 (91), 14 (89)]";19239
GRASP;50;2;35371;499.0;250;"Maquina 1: [3 (2), 8 (26), 6 (21), 40 (36), 24 (64), 36 (35), 39 (19), 28 (75), 2 (32), 48 (52), 18 (60), 22 (47), 35 (50), 19 (52), 11 (39), 37 (67), 31 (60), 33 (65), 38 (69), 13 (71), 20 (99), 10 (85), 45 (91), 17 (93), 26 (97)]";17468;"Maquina 2: [49 (11), 34 (9), 21 (32), 7 (21), 47 (57), 43 (28), 46 (44), 1 (35), 29 (48), 32 (14), 5 (71), 12 (41), 16 (66), 25 (50), 41 (53), 14 (89), 23 (53), 30 (54), 27 (91), 15 (91), 44 (80), 9 (87), 4 (75), 0 (96), 42 (91)]";17903
LNS;50;2;37205;79.0;250;"Maquina 1: [3 (2), 39 (19), 7 (21), 29 (48), 49 (11), 21 (32), 47 (57), 43 (28), 36 (35), 5 (71), 11 (39), 46 (44), 33 (65), 41 (53), 35 (50), 15 (91), 31 (60), 48 (52), 37 (67), 42 (91), 4 (75), 17 (93), 26 (97), 44 (80), 9 (87)]";17966;"Maquina 2: [8 (26), 6 (21), 32 (14), 34 (9), 40 (36), 24 (64), 16 (66), 2 (32), 12 (41), 30 (54), 19 (52), 1 (35), 25 (50), 28 (75), 22 (47), 18 (60), 23 (53), 38 (69), 20 (99), 10 (85), 13 (71), 45 (91), 0 (96), 27 (91), 14 (89)]";19239
TABÚ;50;2;35377;148.0;250;"Maquina 1: [34 (9), 47 (57), 43 (28), 36 (35), 39 (19), 7 (21), 3 (2), 16 (66), 25 (50), 41 (53), 11 (39), 19 (52), 31 (60), 2 (32), 9 (87), 4 (75), 17 (93), 37 (67), 30 (54), 13 (71), 45 (91), 14 (89), 5 (71), 10 (85), 0 (96), 27 (91)]";18979;"Maquina 2: [8 (26), 6 (21), 40 (36), 49 (11), 21 (32), 1 (35), 29 (48), 32 (14), 42 (91), 22 (47), 18 (60), 35 (50), 12 (41), 24 (64), 48 (52), 23 (53), 46 (44), 33 (65), 38 (69), 20 (99), 28 (75), 44 (80), 26 (97), 15 (91)]";16398
VNS;50;2;35890;9249.0;250;"Maquina 1: [39 (19), 7 (21), 29 (48), 49 (11), 21 (32), 47 (57), 43 (28), 36 (35), 5 (71), 11 (39), 33 (65), 35 (50), 15 (91), 31 (60), 48 (52), 38 (69), 19 (52), 42 (91), 14 (89), 17 (93), 26 (97), 44 (80), 27 (91)]";15417;"Maquina 2: [41 (53), 3 (2), 8 (26), 6 (21), 32 (14), 34 (9), 40 (36), 24 (64), 16 (66), 2 (32), 23 (53), 46 (44), 30 (54), 37 (67), 1 (35), 25 (50), 28 (75), 22 (47), 18 (60), 12 (41), 20 (99), 10 (85), 13 (71), 45 (91), 0 (96), 9 (87), 4 (75)]";20473
Multiarranque;50;2;34455;804.0;250;"Maquina 1: [34 (9), 21 (32), 39 (19), 7 (21), 12 (41), 6 (21), 40 (36), 37 (67), 1 (35), 25 (50), 18 (60), 22 (47), 41 (53), 35 (50), 19 (52), 31 (60), 46 (44), 16 (66), 0 (96), 9 (87), 13 (71), 4 (75), 17 (93), 26 (97), 42 (91)]";17159;"Maquina 2: [32 (14), 3 (2), 29 (48), 49 (11), 8 (26), 23 (53), 36 (35), 2 (32), 48 (52), 38 (69), 5 (71), 11 (39), 33 (65), 10 (85), 47 (57), 43 (28), 28 (75), 30 (54), 27 (91), 15 (91), 44 (80), 45 (91), 14 (89), 24 (64), 20 (99)]";17296
GREEDY;50;2;37108;0.0;1;"Maquina 1: [42 (33), 13 (43), 2 (28), 6 (2), 19 (71), 12 (44), 14 (25), 32 (7), 41 (32), 34 (59), 38 (42), 18 (55), 27 (38), 7 (48), 45 (73), 3 (57), 49 (62), 0 (72), 36 (80), 48 (49), 33 (76), 44 (61), 39 (96), 43 (90), 16 (68), 11 (95)]";18924;"Maquina 2: [30 (33), 22 (2), 5 (58), 28 (16), 31 (36), 15 (43), 4 (41), 21 (45), 37 (56), 35 (48), 8 (43), 10 (31), 9 (24), 20 (51), 24 (80), 23 (67), 47 (88), 17 (96), 26 (76), 1 (72), 46 (61), 29 (60), 25 (93), 40 (70)]";18184
GRASP;50;2;35710;500.0;250;"Maquina 1: [34 (59), 22 (2), 32 (7), 37 (56), 12 (44), 14 (25), 10 (31), 30 (33), 20 (51), 42 (33), 13 (43), 17 (96), 47 (88), 23 (67), 7 (48), 49 (62), 33 (76), 45 (73), 35 (48), 46 (61), 36 (80), 26 (76), 25 (93), 11 (95)]";17728;"Maquina 2: [2 (28), 6 (2), 28 (16), 38 (42), 9 (24), 21 (45), 18 (55), 41 (32), 4 (41), 15 (43), 29 (60), 5 (58), 48 (49), 27 (38), 0 (72), 8 (43), 3 (57), 16 (68), 44 (61), 1 (72), 19 (71), 31 (36), 24 (80), 40 (70), 39 (96), 43 (90)]";17982
LNS;50;2;36784;81.0;250;"Maquina 1: [42 (33), 13 (43), 2 (28), 6 (2), 19 (71), 12 (44), 14 (25), 32 (7), 41 (32), 34 (59), 38 (42), 18 (55), 27 (38), 7 (48), 45 (73), 3 (57), 49 (62), 0 (72), 36 (80), 48 (49), 33 (76), 44 (61), 39 (96), 43 (90), 16 (68), 11 (95)]";18924;"Maquina 2: [30 (33), 22 (2), 5 (58), 28 (16), 31 (36), 15 (43), 4 (41), 21 (45), 37 (56), 35 (48), 8 (43), 10 (31), 9 (24), 20 (51), 23 (67), 24 (80), 47 (88), 17 (96), 29 (60), 1 (72), 46 (61), 25 (93), 26 (76), 40 (70)]";17860
TABÚ;50;2;35797;145.0;250;"Maquina 1: [8 (43), 9 (24), 10 (31), 32 (7), 41 (32), 13 (43), 27 (38), 7 (48), 21 (45), 18 (55), 42 (33), 48 (49), 44 (61), 1 (72), 45 (73), 3 (57), 49 (62), 46 (61), 33 (76), 47 (88), 17 (96), 11 (95), 37 (56), 24 (80)]";17097;"Maquina 2: [14 (25), 2 (28), 6 (2), 28 (16), 4 (41), 30 (33), 20 (51), 22 (2), 15 (43), 34 (59), 38 (42), 19 (71), 35 (48), 31 (36), 5 (58), 36 (80), 29 (60), 12 (44), 40 (70), 23 (67), 0 (72), 43 (90), 26 (76), 16 (68), 25 (93), 39 (96)]";18700
VNS;50;2;35736;8825.0;250;"Maquina 1: [42 (33), 13 (43), 2 (28), 6 (2), 19 (71), 12 (44), 14 (25), 10 (31), 32 (7), 41 (32), 29 (60), 18 (55), 27 (38), 7 (48), 45 (73), 3 (57), 49 (62), 0 (72), 36 (80), 48 (49), 33 (76), 40 (70), 39 (96), 43 (90), 38 (42), 25 (93)]";17852;"Maquina 2: [30 (33), 22 (2), 5 (58), 28 (16), 34 (59), 31 (36), 15 (43), 4 (41), 21 (45), 37 (56), 35 (48), 8 (43), 9 (24), 20 (51), 24 (80), 23 (67), 47 (88), 17 (96), 26 (76), 44 (61), 1 (72), 46 (61), 16 (68), 11 (95)]";17884
Multiarranque;50;2;34663;817.0;250;"Maquina 1: [30 (33), 22 (2), 41 (32), 4 (41), 14 (25), 18 (55), 32 (7), 35 (48), 5 (58), 20 (51), 23 (67), 21 (45), 48 (49), 19 (71), 3 (57), 31 (36), 29 (60), 0 (72), 43 (90), 49 (62), 33 (76), 40 (70), 24 (80), 17 (96), 47 (88)]";17416;"Maquina 2: [12 (44), 9 (24), 13 (43), 10 (31), 2 (28), 6 (2), 27 (38), 7 (48), 28 (16), 34 (59), 16 (68), 15 (43), 38 (42), 42 (33), 8 (43), 37 (56), 44 (61), 1 (72), 46 (61), 36 (80), 26 (76), 45 (73), 11 (95), 25 (93), 39 (96)]";17247
GREEDY;50;2;33939;1.0;1;"Maquina 1: [32 (1), 34 (20), 33 (38), 1 (18), 48 (24), 13 (30), 41 (34), 42 (47), 26 (4), 14 (56), 10 (29), 28 (31), 44 (74), 5 (44), 27 (91), 15 (48), 25 (54), 12 (62), 9 (59), 37 (67), 46 (77), 6 (83), 43 (85), 20 (95), 29 (99)]";17326;"Maquina 2: [31 (37), 18 (4), 24 (22), 7 (5), 21 (29), 36 (13), 35 (24), 4 (28), 23 (30), 11 (48), 49 (32), 17 (43), 40 (64), 45 (75), 19 (85), 2 (47), 8 (55), 3 (60), 39 (58), 22 (79), 16 (70), 38 (52), 30 (91), 47 (96), 0 (89)]";16613
GRASP;50;2;32578;495.0;250;"Maquina 1: [32 (1), 34 (20), 18 (4), 24 (22), 1 (18), 28 (31), 33 (38), 14 (56), 21 (29), 5 (44), 11 (48), 40 (64), 31 (37), 15 (48), 12 (62), 39 (58), 10 (29), 9 (59), 38 (52), 44 (74), 45 (75), 19 (85), 0 (89), 6 (83), 25 (54)]";15745;"Maquina 2: [35 (24), 4 (28), 36 (13), 48 (24), 13 (30), 7 (5), 26 (4), 49 (32), 17 (43), 2 (47), 41 (34), 42 (47), 23 (30), 8 (55), 3 (60), 22 (79), 16 (70), 43 (85), 20 (95), 37 (67), 46 (77), 27 (91), 30 (91), 29 (99), 47 (96)]";16833
LNS;50;2;33939;79.0;250;"Maquina 1: [32 (1), 34 (20), 33 (38), 1 (18), 48 (24), 13 (30), 41 (34), 42 (47), 26 (4), 14 (56), 10 (29), 28 (31), 44 (74), 5 (44), 27 (91), 15 (48), 25 (54), 12 (62), 9 (59), 37 (67), 46 (77), 6 (83), 43 (85), 20 (95), 29 (99)]";17326;"Maquina 2: [31 (37), 18 (4), 24 (22), 7 (5), 21 (29), 36 (13), 35 (24), 4 (28), 23 (30), 11 (48), 49 (32), 17 (43), 40 (64), 45 (75), 19 (85), 2 (47), 8 (55), 3 (60), 39 (58), 22 (79), 16 (70), 38 (52), 30 (91), 47 (96), 0 (89)]";16613
TABÚ;50;2;33499;138.0;250;"Maquina 1: [36 (13), 48 (24), 31 (37), 37 (67), 34 (20), 18 (4), 5 (44), 24 (22), 1 (18), 2 (47), 33 (38), 11 (48), 16 (70), 40 (64), 44 (74), 8 (55), 21 (29), 3 (60), 22 (79), 38 (52), 47 (96), 43 (85), 27 (91), 6 (83), 20 (95)]";17454;"Maquina 2: [7 (5), 26 (4), 49 (32), 10 (29), 28 (31), 32 (1), 35 (24), 4 (28), 46 (77), 23 (30), 13 (30), 41 (34), 17 (43), 39 (58), 42 (47), 12 (62), 9 (59), 15 (48), 25 (54), 29 (99), 14 (56), 0 (89), 45 (75), 19 (85), 30 (91)]";16045
VNS;50;2;33515;9115.0;250;"Maquina 1: [32 (1), 34 (20), 33 (38), 17 (43), 1 (18), 48 (24), 13 (30), 7 (5), 42 (47), 26 (4), 14 (56), 10 (29), 28 (31), 44 (74), 5 (44), 0 (89), 27 (91), 15 (48), 25 (54), 12 (62), 9 (59), 37 (67), 6 (83), 43 (85), 20 (95), 29 (99)]";17454;"Maquina 2: [31 (37), 18 (4), 24 (22), 41 (34), 46 (77), 21 (29), 36 (13), 35 (24), 4 (28), 23 (30), 11 (48), 49 (32), 40 (64), 45 (75), 19 (85), 2 (47), 8 (55), 3 (60), 39 (58), 22 (79), 16 (70), 38 (52), 30 (91), 47 (96)]";16061
Multiarranque;50;2;32510;812.0;250;"Maquina 1: [21 (29), 41 (34), 4 (28), 36 (13), 48 (24), 38 (52), 34 (20), 5 (44), 23 (30), 11 (48), 18 (4), 31 (37), 17 (43), 2 (47), 33 (38), 35 (24), 12 (62), 9 (59), 3 (60), 30 (91), 47 (96), 37 (67), 39 (58), 46 (77), 42 (47), 19 (85)]";17128;"Maquina 2: [24 (22), 1 (18), 7 (5), 26 (4), 49 (32), 28 (31), 6 (83), 15 (48), 13 (30), 25 (54), 32 (1), 8 (55), 44 (74), 29 (99), 14 (56), 10 (29), 22 (79), 16 (70), 43 (85), 20 (95), 27 (91), 0 (89), 45 (75), 40 (64)]";15382
GREEDY;50;2;35047;1.0;1;"Maquina 1: [5 (7), 33 (11), 12 (13), 0 (14), 28 (48), 30 (31), 3 (27), 36 (33), 15 (87), 16 (47), 21 (44), 25 (61), 32 (75), 6 (34), 9 (58), 37 (50), 29 (62), 4 (83), 49 (56), 23 (83), 42 (94), 1 (64), 38 (93), 20 (89), 22 (77)]";17280;"Maquina 2: [45 (12), 43 (13), 10 (9), 47 (45), 31 (20), 39 (33), 17 (57), 48 (60), 35 (38), 44 (13), 27 (34), 34 (47), 19 (77), 8 (31), 7 (81), 24 (71), 2 (56), 13 (83), 14 (49), 26 (96), 41 (63), 46 (87), 40 (92), 18 (85), 11 (94)]";17767
GRASP;50;2;33819;510.0;250;"Maquina 1: [33 (11), 41 (63), 3 (27), 2 (56), 45 (12), 43 (13), 16 (47), 19 (77), 7 (81), 44 (13), 47 (45), 39 (33), 30 (31), 27 (34), 34 (47), 24 (71), 49 (56), 18 (85), 11 (94), 25 (61), 46 (87), 13 (83), 20 (89), 38 (93), 26 (96)]";17260;"Maquina 2: [0 (14), 28 (48), 9 (58), 5 (7), 29 (62), 12 (13), 10 (9), 31 (20), 6 (34), 36 (33), 4 (83), 8 (31), 35 (38), 37 (50), 21 (44), 14 (49), 40 (92), 17 (57), 1 (64), 42 (94), 22 (77), 32 (75), 15 (87), 48 (60), 23 (83)]";16559
LNS;50;2;34605;82.0;250;"Maquina 1: [5 (7), 33 (11), 12 (13), 0 (14), 28 (48), 3 (27), 30 (31), 36 (33), 15 (87), 16 (47), 21 (44), 25 (61), 32 (75), 6 (34), 9 (58), 37 (50), 29 (62), 4 (83), 49 (56), 23 (83), 42 (94), 1 (64), 38 (93), 20 (89), 22 (77)]";16838;"Maquina 2: [45 (12), 43 (13), 10 (9), 47 (45), 31 (20), 39 (33), 17 (57), 48 (60), 35 (38), 44 (13), 27 (34), 34 (47), 19 (77), 8 (31), 7 (81), 24 (71), 2 (56), 13 (83), 14 (49), 26 (96), 41 (63), 46 (87), 40 (92), 18 (85), 11 (94)]";17767
TABÚ;50;2;34201;140.0;250;"Maquina 1: [30 (31), 31 (20), 33 (11), 6 (34), 17 (57), 10 (9), 29 (62), 12 (13), 14 (49), 36 (33), 27 (34), 5 (7), 48 (60), 34 (47), 16 (47), 1 (64), 2 (56), 32 (75), 38 (93), 26 (96), 9 (58), 23 (83), 42 (94), 46 (87), 4 (83)]";16749;"Maquina 2: [21 (44), 45 (12), 43 (13), 7 (81), 44 (13), 3 (27), 39 (33), 28 (48), 24 (71), 35 (38), 0 (14), 49 (56), 8 (31), 15 (87), 37 (50), 41 (63), 47 (45), 22 (77), 18 (85), 11 (94), 25 (61), 19 (77), 40 (92), 13 (83), 20 (89)]";17452
VNS;50;2;33173;8533.0;250;"Maquina 1: [5 (7), 39 (33), 12 (13), 0 (14), 28 (48), 3 (27), 36 (33), 15 (87), 16 (47), 30 (31), 21 (44), 25 (61), 32 (75), 6 (34), 9 (58), 37 (50), 29 (62), 4 (83), 49 (56), 23 (83), 42 (94), 1 (64), 38 (93), 20 (89), 11 (94), 22 (77)]";17951;"Maquina 2: [45 (12), 43 (13), 10 (9), 47 (45), 31 (20), 33 (11), 17 (57), 48 (60), 35 (38), 44 (13), 27 (34), 34 (47), 19 (77), 8 (31), 7 (81), 24 (71), 2 (56), 13 (83), 14 (49), 26 (96), 41 (63), 46 (87), 40 (92), 18 (85)]";15222
Multiarranque;50;2;32220;790.0;250;"Maquina 1: [8 (31), 43 (13), 30 (31), 39 (33), 10 (9), 12 (13), 0 (14), 28 (48), 3 (27), 35 (38), 17 (57), 41 (63), 34 (47), 24 (71), 38 (93), 13 (83), 1 (64), 2 (56), 32 (75), 9 (58), 22 (77), 46 (87), 42 (94), 26 (96), 15 (87)]";16443;"Maquina 2: [5 (7), 6 (34), 31 (20), 33 (11), 27 (34), 21 (44), 45 (12), 36 (33), 44 (13), 47 (45), 14 (49), 25 (61), 49 (56), 37 (50), 29 (62), 19 (77), 7 (81), 16 (47), 23 (83), 48 (60), 18 (85), 11 (94), 20 (89), 4 (83), 40 (92)]";15777
GREEDY;50;2;29987;0.0;1;"Maquina 1: [2 (4), 16 (17), 43 (31), 24 (12), 48 (45), 23 (10), 7 (14), 19 (28), 33 (52), 38 (18), 8 (23), 22 (42), 21 (51), 26 (37), 36 (49), 10 (53), 32 (55), 45 (43), 20 (65), 3 (74), 31 (58), 41 (78), 44 (92), 5 (91), 4 (81)]";14821;"Maquina 2: [30 (13), 14 (12), 34 (34), 0 (14), 29 (21), 11 (10), 40 (14), 12 (42), 1 (53), 15 (43), 39 (28), 37 (27), 6 (44), 17 (50), 46 (53), 18 (48), 35 (51), 25 (64), 49 (56), 13 (78), 47 (86), 27 (92), 28 (94), 42 (69), 9 (79)]";15166
GRASP;50;2;28381;496.0;250;"Maquina 1: [2 (4), 16 (17), 7 (14), 11 (10), 40 (14), 17 (50), 38 (18), 8 (23), 15 (43), 46 (53), 34 (34), 12 (42), 36 (49), 6 (44), 24 (12), 22 (42), 25 (64), 49 (56), 13 (78), 1 (53), 47 (86), 5 (91), 42 (69), 9 (79), 28 (94)]";13958;"Maquina 2: [29 (21), 23 (10), 30 (13), 45 (43), 37 (27), 43 (31), 14 (12), 19 (28), 0 (14), 33 (52), 39 (28), 48 (45), 35 (51), 10 (53), 18 (48), 21 (51), 26 (37), 44 (92), 31 (58), 41 (78), 20 (65), 3 (74), 32 (55), 4 (81), 27 (92)]";14423
LNS;50;2;29987;79.0;250;"Maquina 1: [2 (4), 16 (17), 43 (31), 24 (12), 48 (45), 23 (10), 7 (14), 19 (28), 33 (52), 38 (18), 8 (23), 22 (42), 21 (51), 26 (37), 36 (49), 10 (53), 32 (55), 45 (43), 20 (65), 3 (74), 31 (58), 41 (78), 44 (92), 5 (91), 4 (81)]";14821;"Maquina 2: [30 (13), 14 (12), 34 (34), 0 (14), 29 (21), 11 (10), 40 (14), 12 (42), 1 (53), 15 (43), 39 (28), 37 (27), 6 (44), 17 (50), 46 (53), 18 (48), 35 (51), 25 (64), 49 (56), 13 (78), 47 (86), 27 (92), 28 (94), 42 (69), 9 (79)]";15166
TABÚ;50;2;29670;151.0;250;"Maquina 1: [39 (28), 37 (27), 0 (14), 46 (53), 38 (18), 30 (13), 45 (43), 24 (12), 6 (44), 40 (14), 7 (14), 10 (53), 17 (50), 41 (78), 8 (23), 32 (55), 33 (52), 36 (49), 42 (69), 48 (45), 1 (53), 3 (74), 27 (92), 49 (56), 4 (81)]";14412;"Maquina 2: [43 (31), 14 (12), 34 (34), 2 (4), 16 (17), 31 (58), 12 (42), 15 (43), 23 (10), 29 (21), 19 (28), 22 (42), 25 (64), 26 (37), 20 (65), 11 (10), 18 (48), 21 (51), 35 (51), 47 (86), 44 (92), 13 (78), 28 (94), 9 (79), 5 (91)]";15258
VNS;50;2;29669;15804.0;250;"Maquina 1: [2 (4), 16 (17), 43 (31), 24 (12), 18 (48), 7 (14), 23 (10), 19 (28), 33 (52), 38 (18), 8 (23), 22 (42), 26 (37), 36 (49), 10 (53), 32 (55), 45 (43), 20 (65), 3 (74), 31 (58), 41 (78), 28 (94), 5 (91), 4 (81)]";13521;"Maquina 2: [48 (45), 30 (13), 14 (12), 34 (34), 0 (14), 29 (21), 11 (10), 21 (51), 40 (14), 12 (42), 1 (53), 15 (43), 39 (28), 37 (27), 6 (44), 17 (50), 46 (53), 35 (51), 25 (64), 49 (56), 13 (78), 47 (86), 27 (92), 44 (92), 42 (69), 9 (79)]";16148
Multiarranque;50;2;28232;805.0;250;"Maquina 1: [38 (18), 17 (50), 11 (10), 40 (14), 8 (23), 22 (42), 33 (52), 23 (10), 30 (13), 45 (43), 21 (51), 14 (12), 9 (79), 32 (55), 28 (94), 0 (14), 48 (45), 49 (56), 1 (53), 15 (43), 13 (78), 36 (49), 47 (86), 5 (91), 4 (81)]";14801;"Maquina 2: [2 (4), 39 (28), 37 (27), 43 (31), 24 (12), 6 (44), 16 (17), 7 (14), 19 (28), 10 (53), 41 (78), 34 (34), 12 (42), 18 (48), 29 (21), 35 (51), 26 (37), 31 (58), 42 (69), 25 (64), 46 (53), 20 (65), 3 (74), 27 (92), 44 (92)]";13431
GREEDY;50;2;37881;0.0;1;"Maquina 1: [40 (35), 11 (21), 43 (23), 23 (17), 3 (4), 21 (25), 37 (51), 8 (41), 41 (30), 28 (58), 16 (73), 47 (65), 36 (62), 5 (43), 4 (45), 9 (51), 0 (98), 29 (55), 48 (54), 39 (76), 24 (92), 13 (58), 19 (79), 1 (85), 26 (84), 25 (93)]";19461;"Maquina 2: [30 (11), 2 (43), 31 (19), 45 (22), 18 (77), 22 (34), 10 (39), 32 (24), 49 (50), 46 (51), 7 (30), 20 (44), 17 (56), 15 (58), 27 (63), 42 (80), 44 (84), 35 (51), 14 (60), 38 (67), 6 (55), 12 (86), 33 (92), 34 (93)]";18420
GRASP;50;2;36805;497.0;250;"Maquina 1: [8 (41), 41 (30), 32 (24), 49 (50), 14 (60), 20 (44), 11 (21), 23 (17), 29 (55), 48 (54), 21 (25), 45 (22), 42 (80), 16 (73), 28 (58), 10 (39), 24 (92), 47 (65), 36 (62), 15 (58), 25 (93), 33 (92), 6 (55), 12 (86)]";17352;"Maquina 2: [40 (35), 30 (11), 46 (51), 31 (19), 5 (43), 37 (51), 9 (51), 7 (30), 3 (4), 4 (45), 22 (34), 17 (56), 2 (43), 35 (51), 43 (23), 0 (98), 38 (67), 19 (79), 13 (58), 18 (77), 27 (63), 44 (84), 1 (85), 26 (84), 34 (93), 39 (76)]";19453
LNS;50;2;37608;79.0;250;"Maquina 1: [40 (35), 11 (21), 43 (23), 23 (17), 3 (4), 21 (25), 37 (51), 8 (41), 41 (30), 28 (58), 16 (73), 47 (65), 36 (62), 5 (43), 4 (45), 9 (51), 0 (98), 29 (55), 48 (54), 39 (76), 24 (92), 13 (58), 19 (79), 1 (85), 26 (84), 25 (93)]";19461;"Maquina 2: [30 (11), 2 (43), 31 (19), 45 (22), 18 (77), 22 (34), 10 (39), 32 (24), 49 (50), 46 (51), 7 (30), 20 (44), 17 (56), 15 (58), 27 (63), 42 (80), 38 (67), 35 (51), 14 (60), 33 (92), 6 (55), 12 (86), 44 (84), 34 (93)]";18147
TABÚ;50;2;36347;139.0;250;"Maquina 1: [41 (30), 30 (11), 20 (44), 23 (17), 3 (4), 21 (25), 37 (51), 10 (39), 32 (24), 27 (63), 7 (30), 29 (55), 8 (41), 46 (51), 14 (60), 38 (67), 35 (51), 13 (58), 12 (86), 26 (84), 28 (58), 1 (85), 25 (93), 44 (84), 19 (79)]";17241;"Maquina 2: [4 (45), 9 (51), 31 (19), 45 (22), 22 (34), 11 (21), 43 (23), 48 (54), 5 (43), 16 (73), 39 (76), 15 (58), 2 (43), 17 (56), 49 (50), 40 (35), 6 (55), 47 (65), 36 (62), 33 (92), 34 (93), 0 (98), 18 (77), 24 (92), 42 (80)]";19106
VNS;50;2;35921;10777.0;250;"Maquina 1: [40 (35), 11 (21), 43 (23), 23 (17), 3 (4), 8 (41), 31 (19), 41 (30), 28 (58), 16 (73), 47 (65), 36 (62), 15 (58), 4 (45), 9 (51), 0 (98), 29 (55), 48 (54), 1 (85), 24 (92), 14 (60), 19 (79), 39 (76), 44 (84), 26 (84), 25 (93)]";18826;"Maquina 2: [30 (11), 2 (43), 45 (22), 18 (77), 22 (34), 10 (39), 21 (25), 17 (56), 32 (24), 49 (50), 46 (51), 7 (30), 20 (44), 5 (43), 27 (63), 42 (80), 37 (51), 38 (67), 35 (51), 13 (58), 6 (55), 12 (86), 33 (92), 34 (93)]";17095
Multiarranque;50;2;35516;838.0;250;"Maquina 1: [32 (24), 49 (50), 40 (35), 30 (11), 11 (21), 43 (23), 5 (43), 37 (51), 7 (30), 3 (4), 4 (45), 9 (51), 28 (58), 46 (51), 47 (65), 6 (55), 14 (60), 33 (92), 15 (58), 27 (63), 39 (76), 24 (92), 25 (93), 26 (84), 34 (93)]";17054;"Maquina 2: [23 (17), 31 (19), 8 (41), 41 (30), 2 (43), 21 (25), 45 (22), 18 (77), 22 (34), 48 (54), 10 (39), 29 (55), 17 (56), 44 (84), 35 (51), 13 (58), 20 (44), 36 (62), 12 (86), 42 (80), 16 (73), 38 (67), 19 (79), 1 (85), 0 (98)]";18462
GREEDY;50;2;38773;1.0;1;"Maquina 1: [38 (21), 39 (14), 19 (2), 43 (17), 15 (40), 3 (58), 26 (28), 13 (43), 1 (24), 9 (37), 18 (54), 45 (69), 23 (96), 6 (45), 28 (64), 20 (60), 11 (62), 29 (47), 32 (73), 12 (85), 4 (69), 40 (89), 37 (92), 21 (95), 42 (97)]";19737;"Maquina 2: [5 (15), 7 (10), 47 (27), 25 (43), 34 (17), 48 (19), 2 (30), 36 (44), 31 (70), 44 (33), 8 (52), 49 (60), 16 (47), 33 (63), 22 (59), 46 (75), 27 (68), 14 (97), 0 (40), 35 (88), 10 (56), 24 (94), 17 (69), 30 (95), 41 (89)]";19036
GRASP;50;2;36626;526.0;250;"Maquina 1: [38 (21), 48 (19), 34 (17), 39 (14), 2 (30), 15 (40), 36 (44), 44 (33), 8 (52), 49 (60), 16 (47), 35 (88), 11 (62), 6 (45), 47 (27), 18 (54), 45 (69), 27 (68), 14 (97), 32 (73), 33 (63), 37 (92), 42 (97), 46 (75), 23 (96)]";18473;"Maquina 2: [5 (15), 7 (10), 17 (69), 19 (2), 43 (17), 1 (24), 9 (37), 25 (43), 13 (43), 22 (59), 26 (28), 28 (64), 20 (60), 0 (40), 40 (89), 29 (47), 3 (58), 10 (56), 24 (94), 4 (69), 12 (85), 31 (70), 21 (95), 30 (95), 41 (89)]";18153
LNS;50;2;38161;85.0;250;"Maquina 1: [38 (21), 39 (14), 19 (2), 43 (17), 15 (40), 3 (58), 26 (28), 13 (43), 1 (24), 9 (37), 18 (54), 45 (69), 23 (96), 6 (45), 28 (64), 20 (60), 32 (73), 29 (47), 11 (62), 12 (85), 4 (69), 40 (89), 37 (92), 21 (95), 42 (97)]";19637;"Maquina 2: [5 (15), 7 (10), 47 (27), 25 (43), 34 (17), 48 (19), 2 (30), 36 (44), 31 (70), 44 (33), 8 (52), 49 (60), 16 (47), 35 (88), 22 (59), 46 (75), 27 (68), 33 (63), 0 (40), 14 (97), 10 (56), 24 (94), 17 (69), 30 (95), 41 (89)]";18524
TABÚ;50;2;36947;151.0;250;"Maquina 1: [34 (17), 16 (47), 5 (15), 1 (24), 28 (64), 15 (40), 13 (43), 0 (40), 47 (27), 24 (94), 17 (69), 9 (37), 36 (44), 44 (33), 20 (60), 35 (88), 18 (54), 10 (56), 33 (63), 41 (89), 45 (69), 23 (96), 37 (92), 4 (69), 40 (89)]";20127;"Maquina 2: [19 (2), 38 (21), 7 (10), 39 (14), 8 (52), 43 (17), 22 (59), 26 (28), 3 (58), 48 (19), 2 (30), 6 (45), 25 (43), 49 (60), 11 (62), 27 (68), 29 (47), 32 (73), 31 (70), 21 (95), 30 (95), 14 (97), 12 (85), 42 (97), 46 (75)]";16820
VNS;50;2;35705;7370.0;250;"Maquina 1: [44 (33), 19 (2), 43 (17), 22 (59), 15 (40), 3 (58), 26 (28), 13 (43), 1 (24), 9 (37), 18 (54), 45 (69), 23 (96), 28 (64), 20 (60), 35 (88), 29 (47), 0 (40), 37 (92), 4 (69), 40 (89), 30 (95), 21 (95), 42 (97)]";17889;"Maquina 2: [5 (15), 7 (10), 38 (21), 47 (27), 25 (43), 34 (17), 48 (19), 2 (30), 36 (44), 31 (70), 39 (14), 8 (52), 49 (60), 16 (47), 33 (63), 17 (69), 11 (62), 27 (68), 6 (45), 14 (97), 32 (73), 12 (85), 10 (56), 24 (94), 41 (89), 46 (75)]";17816
Multiarranque;50;2;34745;805.0;250;"Maquina 1: [7 (10), 38 (21), 18 (54), 47 (27), 25 (43), 34 (17), 16 (47), 1 (24), 28 (64), 39 (14), 8 (52), 49 (60), 33 (63), 12 (85), 31 (70), 44 (33), 22 (59), 27 (68), 4 (69), 35 (88), 24 (94), 32 (73), 42 (97), 14 (97), 41 (89)]";17636;"Maquina 2: [48 (19), 2 (30), 15 (40), 17 (69), 19 (2), 9 (37), 26 (28), 5 (15), 13 (43), 0 (40), 20 (60), 43 (17), 10 (56), 3 (58), 11 (62), 6 (45), 36 (44), 46 (75), 29 (47), 40 (89), 45 (69), 23 (96), 37 (92), 30 (95), 21 (95)]";17109
GREEDY;50;2;32236;0.0;1;"Maquina 1: [13 (10), 27 (15), 4 (12), 1 (5), 0 (14), 24 (40), 19 (33), 17 (77), 20 (24), 7 (45), 3 (36), 32 (12), 49 (18), 46 (46), 41 (49), 31 (66), 45 (89), 9 (51), 30 (48), 37 (61), 11 (71), 33 (59), 8 (64), 43 (81), 34 (84)]";15469;"Maquina 2: [39 (10), 42 (60), 23 (10), 38 (13), 12 (7), 18 (19), 16 (15), 40 (44), 22 (36), 14 (49), 44 (28), 2 (66), 28 (33), 48 (77), 36 (82), 35 (51), 29 (45), 6 (88), 47 (66), 15 (48), 5 (73), 26 (82), 21 (50), 10 (62), 25 (98)]";16767
GRASP;50;2;30039;502.0;250;"Maquina 1: [13 (10), 18 (19), 3 (36), 32 (12), 35 (51), 20 (24), 12 (7), 16 (15), 14 (49), 44 (28), 28 (33), 24 (40), 27 (15), 46 (46), 8 (64), 37 (61), 17 (77), 42 (60), 48 (77), 9 (51), 10 (62), 6 (88), 47 (66), 25 (98), 36 (82)]";14846;"Maquina 2: [1 (5), 4 (12), 39 (10), 41 (49), 0 (14), 23 (10), 38 (13), 22 (36), 40 (44), 7 (45), 21 (50), 49 (18), 15 (48), 30 (48), 2 (66), 5 (73), 26 (82), 29 (45), 33 (59), 43 (81), 19 (33), 11 (71), 45 (89), 31 (66), 34 (84)]";15193
LNS;50;2;31556;81.0;250;"Maquina 1: [13 (10), 27 (15), 4 (12), 1 (5), 0 (14), 37 (61), 46 (46), 49 (18), 20 (24), 7 (45), 3 (36), 32 (12), 19 (33), 17 (77), 41 (49), 31 (66), 45 (89), 9 (51), 30 (48), 24 (40), 11 (71), 33 (59), 8 (64), 43 (81), 34 (84)]";14944;"Maquina 2: [16 (15), 42 (60), 23 (10), 38 (13), 12 (7), 18 (19), 39 (10), 40 (44), 22 (36), 14 (49), 44 (28), 2 (66), 28 (33), 48 (77), 36 (82), 35 (51), 29 (45), 6 (88), 47 (66), 15 (48), 5 (73), 26 (82), 21 (50), 10 (62), 25 (98)]";16612
TABÚ;50;2;30773;150.0;250;"Maquina 1: [38 (13), 39 (10), 18 (19), 27 (15), 16 (15), 19 (33), 46 (46), 49 (18), 23 (10), 28 (33), 9 (51), 22 (36), 40 (44), 42 (60), 11 (71), 45 (89), 35 (51), 29 (45), 6 (88), 21 (50), 10 (62), 8 (64), 37 (61), 2 (66), 26 (82)]";15405;"Maquina 2: [1 (5), 0 (14), 12 (7), 17 (77), 20 (24), 14 (49), 44 (28), 4 (12), 3 (36), 32 (12), 47 (66), 13 (10), 30 (48), 7 (45), 36 (82), 15 (48), 5 (73), 33 (59), 41 (49), 24 (40), 25 (98), 31 (66), 34 (84), 48 (77), 43 (81)]";15368
VNS;50;2;30401;6015.0;250;"Maquina 1: [39 (10), 18 (19), 27 (15), 4 (12), 1 (5), 0 (14), 24 (40), 19 (33), 17 (77), 20 (24), 28 (33), 32 (12), 49 (18), 46 (46), 41 (49), 31 (66), 10 (62), 9 (51), 30 (48), 37 (61), 11 (71), 45 (89), 8 (64), 25 (98), 34 (84)]";14208;"Maquina 2: [13 (10), 42 (60), 23 (10), 38 (13), 12 (7), 16 (15), 2 (66), 40 (44), 22 (36), 14 (49), 44 (28), 7 (45), 3 (36), 48 (77), 15 (48), 35 (51), 29 (45), 6 (88), 47 (66), 33 (59), 5 (73), 26 (82), 21 (50), 36 (82), 43 (81)]";16193
Multiarranque;50;2;29016;804.0;250;"Maquina 1: [1 (5), 0 (14), 12 (7), 18 (19), 27 (15), 4 (12), 47 (66), 38 (13), 28 (33), 20 (24), 40 (44), 7 (45), 21 (50), 46 (46), 49 (18), 14 (49), 9 (51), 22 (36), 2 (66), 48 (77), 36 (82), 26 (82), 25 (98), 31 (66), 34 (84), 5 (73)]";14517;"Maquina 2: [23 (10), 16 (15), 42 (60), 39 (10), 13 (10), 44 (28), 24 (40), 19 (33), 32 (12), 15 (48), 30 (48), 41 (49), 35 (51), 29 (45), 3 (36), 45 (89), 10 (62), 8 (64), 43 (81), 33 (59), 17 (77), 6 (88), 37 (61), 11 (71)]";14499
GREEDY;50;2;29777;0.0;1;"Maquina 1: [20 (9), 47 (5), 45 (22), 24 (42), 2 (19), 48 (2), 21 (27), 37 (49), 33 (37), 40 (34), 14 (53), 6 (43), 28 (73), 38 (56), 19 (55), 39 (65), 25 (57), 30 (89), 17 (61), 27 (82), 10 (90), 12 (85), 4 (92), 0 (97), 23 (93)]";15081;"Maquina 2: [13 (3), 44 (7), 29 (13), 36 (8), 7 (34), 41 (22), 42 (24), 43 (38), 49 (55), 5 (49), 31 (42), 1 (59), 15 (36), 34 (50), 18 (57), 22 (68), 9 (55), 16 (64), 32 (84), 35 (92), 11 (90), 8 (90), 26 (94), 46 (79), 3 (87)]";14696
GRASP;50;2;28680;500.0;250;"Maquina 1: [47 (5), 29 (13), 13 (3), 41 (22), 2 (19), 15 (36), 45 (22), 24 (42), 19 (55), 14 (53), 33 (37), 37 (49), 18 (57), 27 (82), 28 (73), 38 (56), 17 (61), 46 (79), 34 (50), 10 (90), 12 (85), 3 (87), 32 (84), 8 (90), 23 (93)]";14710;"Maquina 2: [20 (9), 36 (8), 48 (2), 44 (7), 21 (27), 7 (34), 40 (34), 42 (24), 43 (38), 49 (55), 5 (49), 31 (42), 9 (55), 6 (43), 16 (64), 25 (57), 22 (68), 30 (89), 1 (59), 4 (92), 0 (97), 26 (94), 39 (65), 11 (90), 35 (92)]";13970
LNS;50;2;29322;77.0;250;"Maquina 1: [33 (37), 47 (5), 45 (22), 24 (42), 2 (19), 48 (2), 20 (9), 37 (49), 21 (27), 40 (34), 14 (53), 6 (43), 28 (73), 38 (56), 19 (55), 39 (65), 25 (57), 30 (89), 17 (61), 27 (82), 10 (90), 12 (85), 4 (92), 0 (97), 23 (93)]";14798;"Maquina 2: [13 (3), 44 (7), 29 (13), 36 (8), 7 (34), 41 (22), 42 (24), 43 (38), 49 (55), 5 (49), 22 (68), 1 (59), 15 (36), 34 (50), 32 (84), 31 (42), 9 (55), 16 (64), 18 (57), 35 (92), 11 (90), 8 (90), 26 (94), 46 (79), 3 (87)]";14524
TABÚ;50;2;27951;139.0;250;"Maquina 1: [36 (8), 20 (9), 47 (5), 29 (13), 45 (22), 7 (34), 9 (55), 6 (43), 21 (27), 43 (38), 49 (55), 5 (49), 31 (42), 28 (73), 38 (56), 19 (55), 1 (59), 12 (85), 16 (64), 32 (84), 11 (90), 30 (89), 3 (87), 35 (92), 4 (92)]";13678;"Maquina 2: [48 (2), 13 (3), 44 (7), 15 (36), 41 (22), 24 (42), 2 (19), 42 (24), 17 (61), 33 (37), 37 (49), 40 (34), 14 (53), 39 (65), 46 (79), 34 (50), 18 (57), 27 (82), 25 (57), 22 (68), 23 (93), 8 (90), 10 (90), 0 (97), 26 (94)]";14273
VNS;50;2;28475;8045.0;250;"Maquina 1: [20 (9), 47 (5), 45 (22), 24 (42), 2 (19), 48 (2), 25 (57), 9 (55), 33 (37), 40 (34), 14 (53), 46 (79), 38 (56), 19 (55), 39 (65), 37 (49), 22 (68), 30 (89), 17 (61), 27 (82), 10 (90), 26 (94), 28 (73), 3 (87)]";14014;"Maquina 2: [29 (13), 44 (7), 13 (3), 6 (43), 36 (8), 7 (34), 41 (22), 42 (24), 21 (27), 43 (38), 49 (55), 5 (49), 31 (42), 1 (59), 15 (36), 34 (50), 18 (57), 16 (64), 32 (84), 35 (92), 11 (90), 8 (90), 23 (93), 12 (85), 4 (92), 0 (97)]";14461
Multiarranque;50;2;28415;789.0;250;"Maquina 1: [20 (9), 2 (19), 29 (13), 44 (7), 15 (36), 41 (22), 25 (57), 45 (22), 24 (42), 19 (55), 31 (42), 40 (34), 7 (34), 46 (79), 33 (37), 18 (57), 49 (55), 0 (97), 32 (84), 8 (90), 23 (93), 10 (90), 26 (94), 30 (89), 27 (82)]";14051;"Maquina 2: [48 (2), 13 (3), 43 (38), 36 (8), 34 (50), 6 (43), 21 (27), 47 (5), 42 (24), 1 (59), 37 (49), 5 (49), 16 (64), 38 (56), 17 (61), 14 (53), 39 (65), 28 (73), 9 (55), 3 (87), 22 (68), 12 (85), 4 (92), 11 (90), 35 (92)]";14364
GREEDY;50;2;29641;0.0;1;"Maquina 1: [33 (1), 40 (12), 8 (14), 48 (32), 1 (29), 15 (29), 2 (36), 9 (20), 10 (40), 12 (44), 5 (56), 37 (49), 39 (53), 20 (91), 29 (51), 23 (57), 13 (46), 44 (60), 22 (72), 41 (60), 19 (88), 27 (76), 14 (66), 0 (97), 6 (81)]";14527;"Maquina 2: [31 (7), 21 (19), 30 (22), 49 (13), 3 (28), 46 (30), 43 (52), 17 (35), 26 (37), 36 (40), 28 (49), 11 (45), 35 (54), 42 (60), 25 (64), 34 (59), 24 (51), 45 (72), 16 (81), 38 (67), 7 (56), 4 (79), 32 (90), 18 (99), 47 (92)]";15114
GRASP;50;2;30272;503.0;250;"Maquina 1: [30 (22), 31 (7), 46 (30), 26 (37), 29 (51), 8 (14), 36 (40), 3 (28), 25 (64), 17 (35), 48 (32), 45 (72), 43 (52), 32 (90), 13 (46), 44 (60), 37 (49), 39 (53), 38 (67), 7 (56), 42 (60), 6 (81), 0 (97), 47 (92), 22 (72)]";15795;"Maquina 2: [49 (13), 33 (1), 28 (49), 40 (12), 12 (44), 21 (19), 5 (56), 15 (29), 11 (45), 9 (20), 2 (36), 1 (29), 24 (51), 41 (60), 35 (54), 10 (40), 27 (76), 34 (59), 14 (66), 16 (81), 23 (57), 18 (99), 19 (88), 4 (79), 20 (91)]";14477
LNS;50;2;29485;77.0;250;"Maquina 1: [33 (1), 40 (12), 8 (14), 48 (32), 1 (29), 15 (29), 2 (36), 9 (20), 10 (40), 12 (44), 5 (56), 37 (49), 39 (53), 20 (91), 29 (51), 23 (57), 13 (46), 44 (60), 22 (72), 41 (60), 19 (88), 27 (76), 14 (66), 0 (97), 6 (81)]";14527;"Maquina 2: [31 (7), 46 (30), 30 (22), 49 (13), 3 (28), 21 (19), 43 (52), 17 (35), 26 (37), 36 (40), 28 (49), 38 (67), 7 (56), 42 (60), 25 (64), 34 (59), 24 (51), 45 (72), 16 (81), 11 (45), 35 (54), 32 (90), 4 (79), 18 (99), 47 (92)]";14958
TABÚ;50;2;29872;139.0;250;"Maquina 1: [31 (7), 40 (12), 8 (14), 2 (36), 9 (20), 10 (40), 37 (49), 17 (35), 48 (32), 13 (46), 25 (64), 11 (45), 5 (56), 15 (29), 29 (51), 34 (59), 4 (79), 39 (53), 45 (72), 22 (72), 14 (66), 43 (52), 18 (99), 0 (97), 19 (88)]";14515;"Maquina 2: [49 (13), 3 (28), 46 (30), 30 (22), 21 (19), 12 (44), 33 (1), 1 (29), 7 (56), 36 (40), 28 (49), 26 (37), 44 (60), 6 (81), 35 (54), 38 (67), 24 (51), 41 (60), 42 (60), 32 (90), 16 (81), 23 (57), 47 (92), 27 (76), 20 (91)]";15357
VNS;50;2;29404;6688.0;250;"Maquina 1: [33 (1), 8 (14), 48 (32), 1 (29), 15 (29), 2 (36), 9 (20), 10 (40), 12 (44), 5 (56), 37 (49), 39 (53), 20 (91), 29 (51), 23 (57), 13 (46), 44 (60), 22 (72), 41 (60), 19 (88), 27 (76), 14 (66), 0 (97), 32 (90)]";14008;"Maquina 2: [31 (7), 46 (30), 30 (22), 49 (13), 3 (28), 21 (19), 43 (52), 17 (35), 26 (37), 36 (40), 28 (49), 40 (12), 11 (45), 35 (54), 42 (60), 25 (64), 34 (59), 24 (51), 45 (72), 16 (81), 38 (67), 7 (56), 6 (81), 4 (79), 18 (99), 47 (92)]";15396
Multiarranque;50;2;29075;811.0;250;"Maquina 1: [9 (20), 49 (13), 17 (35), 33 (1), 8 (14), 48 (32), 3 (28), 29 (51), 34 (59), 28 (49), 26 (37), 36 (40), 12 (44), 16 (81), 23 (57), 5 (56), 37 (49), 39 (53), 41 (60), 6 (81), 35 (54), 27 (76), 32 (90), 20 (91), 0 (97)]";14588;"Maquina 2: [31 (7), 40 (12), 24 (51), 21 (19), 30 (22), 1 (29), 15 (29), 2 (36), 11 (45), 46 (30), 44 (60), 43 (52), 10 (40), 47 (92), 13 (46), 25 (64), 38 (67), 7 (56), 42 (60), 4 (79), 45 (72), 19 (88), 22 (72), 14 (66), 18 (99)]";14487
GREEDY;50;2;27730;1.0;1;"Maquina 1: [16 (1), 35 (2), 48 (9), 4 (15), 49 (6), 22 (9), 18 (32), 47 (53), 9 (28), 13 (46), 25 (20), 5 (59), 3 (48), 41 (61), 29 (42), 21 (64), 36 (70), 14 (74), 40 (79), 2 (99), 12 (84), 44 (68), 31 (94), 34 (99), 37 (96)]";14068;"Maquina 2: [24 (9), 26 (2), 8 (3), 6 (9), 27 (32), 38 (6), 1 (21), 15 (11), 43 (28), 7 (54), 19 (44), 32 (33), 23 (47), 45 (48), 39 (76), 42 (62), 17 (65), 33 (61), 10 (71), 28 (80), 0 (70), 30 (99), 20 (95), 46 (97), 11 (90)]";13662
GRASP;50;2;25932;495.0;250;"Maquina 1: [22 (9), 38 (6), 16 (1), 24 (9), 35 (2), 1 (21), 9 (28), 7 (54), 15 (11), 27 (32), 41 (61), 47 (53), 29 (42), 0 (70), 17 (65), 40 (79), 33 (61), 12 (84), 45 (48), 30 (99), 36 (70), 34 (99), 39 (76), 31 (94), 28 (80)]";13176;"Maquina 2: [48 (9), 6 (9), 8 (3), 49 (6), 26 (2), 4 (15), 25 (20), 32 (33), 23 (47), 18 (32), 43 (28), 5 (59), 19 (44), 3 (48), 42 (62), 14 (74), 10 (71), 13 (46), 21 (64), 44 (68), 11 (90), 2 (99), 37 (96), 20 (95), 46 (97)]";12756
LNS;50;2;27621;80.0;250;"Maquina 1: [16 (1), 35 (2), 48 (9), 4 (15), 49 (6), 22 (9), 18 (32), 47 (53), 9 (28), 13 (46), 25 (20), 5 (59), 3 (48), 41 (61), 29 (42), 21 (64), 36 (70), 14 (74), 40 (79), 2 (99), 12 (84), 44 (68), 31 (94), 34 (99), 37 (96)]";14068;"Maquina 2: [24 (9), 26 (2), 8 (3), 6 (9), 27 (32), 38 (6), 1 (21), 15 (11), 43 (28), 7 (54), 19 (44), 32 (33), 23 (47), 45 (48), 39 (76), 17 (65), 42 (62), 33 (61), 10 (71), 28 (80), 0 (70), 30 (99), 20 (95), 46 (97), 11 (90)]";13553
TABÚ;50;2;26226;140.0;250;"Maquina 1: [35 (2), 48 (9), 6 (9), 16 (1), 41 (61), 22 (9), 29 (42), 24 (9), 9 (28), 33 (61), 21 (64), 27 (32), 23 (47), 19 (44), 3 (48), 42 (62), 47 (53), 40 (79), 2 (99), 12 (84), 11 (90), 14 (74), 10 (71), 30 (99), 46 (97)]";13231;"Maquina 2: [15 (11), 8 (3), 49 (6), 26 (2), 4 (15), 25 (20), 38 (6), 13 (46), 32 (33), 44 (68), 18 (32), 43 (28), 1 (21), 7 (54), 45 (48), 36 (70), 0 (70), 17 (65), 34 (99), 5 (59), 28 (80), 39 (76), 37 (96), 20 (95), 31 (94)]";12995
VNS;50;2;26816;8290.0;250;"Maquina 1: [35 (2), 48 (9), 4 (15), 49 (6), 15 (11), 18 (32), 47 (53), 9 (28), 13 (46), 25 (20), 5 (59), 10 (71), 41 (61), 29 (42), 21 (64), 36 (70), 14 (74), 33 (61), 2 (99), 12 (84), 44 (68), 37 (96), 20 (95), 28 (80)]";13249;"Maquina 2: [24 (9), 26 (2), 16 (1), 8 (3), 6 (9), 27 (32), 38 (6), 1 (21), 22 (9), 43 (28), 7 (54), 19 (44), 32 (33), 23 (47), 45 (48), 39 (76), 42 (62), 17 (65), 40 (79), 3 (48), 31 (94), 0 (70), 30 (99), 34 (99), 46 (97), 11 (90)]";13567
Multiarranque;50;2;25664;827.0;250;"Maquina 1: [15 (11), 48 (9), 6 (9), 25 (20), 16 (1), 24 (9), 19 (44), 38 (6), 27 (32), 23 (47), 4 (15), 49 (6), 32 (33), 40 (79), 45 (48), 29 (42), 42 (62), 14 (74), 18 (32), 28 (80), 36 (70), 44 (68), 11 (90), 0 (70), 2 (99), 46 (97), 20 (95)]";13656;"Maquina 2: [22 (9), 43 (28), 35 (2), 1 (21), 9 (28), 26 (2), 7 (54), 8 (3), 3 (48), 12 (84), 33 (61), 21 (64), 13 (46), 5 (59), 10 (71), 47 (53), 17 (65), 37 (96), 41 (61), 34 (99), 39 (76), 30 (99), 31 (94)]";12008
GREEDY;50;2;24390;0.0;1;"Maquina 1: [47 (8), 45 (6), 31 (17), 11 (1), 1 (17), 3 (14), 30 (9), 37 (69), 33 (25), 7 (33), 24 (31), 16 (24), 44 (43), 10 (30), 40 (60), 9 (77), 4 (74), 8 (68), 12 (54), 13 (50), 29 (70), 27 (77), 18 (82), 26 (97), 39 (90)]";12375;"Maquina 2: [28 (16), 2 (7), 6 (2), 48 (9), 42 (8), 35 (12), 36 (26), 21 (25), 14 (23), 20 (29), 34 (32), 41 (39), 5 (48), 19 (62), 0 (69), 32 (58), 49 (30), 43 (75), 38 (53), 25 (72), 46 (69), 15 (77), 23 (84), 17 (97), 22 (79)]";12015
GRASP;50;2;23898;523.0;250;"Maquina 1: [28 (16), 2 (7), 35 (12), 3 (14), 36 (26), 33 (25), 21 (25), 34 (32), 42 (8), 31 (17), 32 (58), 7 (33), 12 (54), 13 (50), 14 (23), 46 (69), 40 (60), 43 (75), 9 (77), 8 (68), 15 (77), 29 (70), 18 (82), 25 (72), 22 (79)]";12492;"Maquina 2: [47 (8), 45 (6), 6 (2), 48 (9), 1 (17), 30 (9), 49 (30), 11 (1), 16 (24), 44 (43), 10 (30), 20 (29), 24 (31), 41 (39), 5 (48), 19 (62), 0 (69), 4 (74), 38 (53), 17 (97), 39 (90), 37 (69), 23 (84), 26 (97), 27 (77)]";11406
LNS;50;2;24116;78.0;250;"Maquina 1: [47 (8), 45 (6), 31 (17), 30 (9), 3 (14), 1 (17), 11 (1), 37 (69), 33 (25), 7 (33), 24 (31), 16 (24), 44 (43), 10 (30), 40 (60), 9 (77), 4 (74), 8 (68), 12 (54), 13 (50), 29 (70), 27 (77), 18 (82), 26 (97), 39 (90)]";12101;"Maquina 2: [28 (16), 2 (7), 6 (2), 48 (9), 42 (8), 35 (12), 36 (26), 21 (25), 14 (23), 20 (29), 34 (32), 41 (39), 5 (48), 19 (62), 0 (69), 32 (58), 49 (30), 43 (75), 38 (53), 25 (72), 46 (69), 15 (77), 23 (84), 17 (97), 22 (79)]";12015
TABÚ;50;2;22794;142.0;250;"Maquina 1: [2 (7), 1 (17), 3 (14), 30 (9), 35 (12), 10 (30), 47 (8), 6 (2), 32 (58), 21 (25), 14 (23), 20 (29), 16 (24), 41 (39), 23 (84), 44 (43), 38 (53), 25 (72), 0 (69), 4 (74), 15 (77), 43 (75), 46 (69), 22 (79), 17 (97)]";11004;"Maquina 2: [28 (16), 42 (8), 45 (6), 24 (31), 48 (9), 11 (1), 49 (30), 36 (26), 33 (25), 34 (32), 31 (17), 27 (77), 5 (48), 19 (62), 7 (33), 12 (54), 13 (50), 29 (70), 40 (60), 9 (77), 8 (68), 37 (69), 39 (90), 18 (82), 26 (97)]";11790
VNS;50;2;23571;8480.0;250;"Maquina 1: [47 (8), 45 (6), 31 (17), 28 (16), 1 (17), 3 (14), 30 (9), 37 (69), 33 (25), 34 (32), 16 (24), 44 (43), 10 (30), 40 (60), 9 (77), 4 (74), 8 (68), 49 (30), 13 (50), 29 (70), 27 (77), 18 (82), 17 (97), 43 (75), 39 (90)]";12115;"Maquina 2: [11 (1), 2 (7), 6 (2), 48 (9), 42 (8), 35 (12), 36 (26), 21 (25), 14 (23), 20 (29), 24 (31), 41 (39), 5 (48), 19 (62), 0 (69), 32 (58), 7 (33), 12 (54), 38 (53), 25 (72), 46 (69), 15 (77), 23 (84), 26 (97), 22 (79)]";11456
Multiarranque;50;2;23171;806.0;250;"Maquina 1: [11 (1), 28 (16), 2 (7), 35 (12), 6 (2), 48 (9), 33 (25), 34 (32), 3 (14), 36 (26), 27 (77), 20 (29), 7 (33), 12 (54), 38 (53), 21 (25), 8 (68), 0 (69), 4 (74), 17 (97), 39 (90), 37 (69), 22 (79), 25 (72), 43 (75)]";11256;"Maquina 2: [47 (8), 45 (6), 42 (8), 31 (17), 30 (9), 1 (17), 14 (23), 44 (43), 10 (30), 24 (31), 16 (24), 41 (39), 5 (48), 19 (62), 18 (82), 15 (77), 49 (30), 13 (50), 29 (70), 32 (58), 46 (69), 40 (60), 9 (77), 23 (84), 26 (97)]";11915
GREEDY;50;2;32835;0.0;1;"Maquina 1: [10 (7), 38 (15), 43 (17), 47 (2), 29 (24), 39 (21), 16 (41), 32 (57), 15 (30), 48 (60), 3 (92), 23 (51), 27 (81), 13 (59), 5 (44), 4 (68), 42 (62), 28 (75), 37 (72), 18 (87), 6 (74), 12 (84), 26 (94), 8 (89), 24 (91)]";16304;"Maquina 2: [25 (4), 45 (8), 17 (17), 7 (15), 1 (38), 20 (24), 11 (70), 0 (27), 34 (61), 36 (65), 33 (42), 41 (49), 31 (59), 9 (53), 44 (76), 22 (58), 19 (80), 2 (73), 35 (84), 49 (92), 21 (74), 14 (88), 40 (90), 30 (91), 46 (97)]";16531
GRASP;50;2;32596;516.0;250;"Maquina 1: [25 (4), 45 (8), 48 (60), 7 (15), 5 (44), 43 (17), 33 (42), 32 (57), 15 (30), 31 (59), 9 (53), 13 (59), 44 (76), 16 (41), 0 (27), 34 (61), 26 (94), 37 (72), 2 (73), 23 (51), 27 (81), 46 (97), 8 (89), 24 (91), 30 (91)]";16285;"Maquina 2: [10 (7), 38 (15), 47 (2), 29 (24), 20 (24), 17 (17), 1 (38), 39 (21), 11 (70), 22 (58), 6 (74), 42 (62), 3 (92), 41 (49), 36 (65), 21 (74), 14 (88), 4 (68), 40 (90), 28 (75), 19 (80), 12 (84), 18 (87), 35 (84), 49 (92)]";16311
LNS;50;2;32389;81.0;250;"Maquina 1: [10 (7), 38 (15), 29 (24), 47 (2), 43 (17), 39 (21), 16 (41), 32 (57), 15 (30), 48 (60), 3 (92), 23 (51), 27 (81), 13 (59), 5 (44), 8 (89), 42 (62), 28 (75), 37 (72), 18 (87), 6 (74), 12 (84), 26 (94), 4 (68), 24 (91)]";16084;"Maquina 2: [25 (4), 45 (8), 7 (15), 17 (17), 1 (38), 20 (24), 11 (70), 0 (27), 34 (61), 36 (65), 33 (42), 41 (49), 31 (59), 9 (53), 44 (76), 22 (58), 19 (80), 2 (73), 35 (84), 49 (92), 21 (74), 14 (88), 40 (90), 30 (91), 46 (97)]";16305
TABÚ;50;2;31359;139.0;250;"Maquina 1: [38 (15), 10 (7), 23 (51), 29 (24), 25 (4), 15 (30), 9 (53), 39 (21), 1 (38), 20 (24), 4 (68), 44 (76), 5 (44), 33 (42), 36 (65), 28 (75), 32 (57), 42 (62), 3 (92), 27 (81), 46 (97), 12 (84), 18 (87), 8 (89), 24 (91)]";15238;"Maquina 2: [45 (8), 47 (2), 43 (17), 17 (17), 7 (15), 41 (49), 31 (59), 11 (70), 16 (41), 0 (27), 34 (61), 13 (59), 48 (60), 40 (90), 37 (72), 22 (58), 6 (74), 19 (80), 14 (88), 2 (73), 26 (94), 21 (74), 30 (91), 35 (84), 49 (92)]";16121
VNS;50;2;32096;7603.0;250;"Maquina 1: [10 (7), 38 (15), 43 (17), 45 (8), 47 (2), 29 (24), 20 (24), 16 (41), 32 (57), 15 (30), 48 (60), 3 (92), 23 (51), 27 (81), 13 (59), 5 (44), 4 (68), 35 (84), 28 (75), 37 (72), 18 (87), 6 (74), 12 (84), 26 (94), 8 (89), 24 (91)]";15978;"Maquina 2: [25 (4), 17 (17), 1 (38), 7 (15), 39 (21), 11 (70), 0 (27), 34 (61), 36 (65), 33 (42), 41 (49), 31 (59), 9 (53), 44 (76), 22 (58), 19 (80), 2 (73), 42 (62), 49 (92), 21 (74), 14 (88), 40 (90), 30 (91), 46 (97)]";16118
Multiarranque;50;2;31131;798.0;250;"Maquina 1: [25 (4), 16 (41), 47 (2), 43 (17), 17 (17), 7 (15), 10 (7), 15 (30), 9 (53), 41 (49), 13 (59), 5 (44), 32 (57), 42 (62), 21 (74), 27 (81), 48 (60), 44 (76), 11 (70), 37 (72), 19 (80), 49 (92), 30 (91), 18 (87), 26 (94), 46 (97)]";15951;"Maquina 2: [45 (8), 39 (21), 29 (24), 38 (15), 1 (38), 33 (42), 20 (24), 31 (59), 4 (68), 0 (27), 34 (61), 22 (58), 6 (74), 12 (84), 23 (51), 28 (75), 36 (65), 14 (88), 2 (73), 35 (84), 3 (92), 8 (89), 24 (91), 40 (90)]";15180
GREEDY;50;2;32517;1.0;1;"Maquina 1: [2 (29), 17 (1), 13 (5), 5 (3), 12 (35), 25 (70), 18 (12), 48 (41), 40 (18), 30 (48), 47 (43), 33 (88), 32 (53), 3 (39), 15 (72), 0 (86), 22 (79), 8 (56), 31 (90), 38 (91), 4 (61), 23 (76), 44 (96), 20 (80)]";15714;"Maquina 2: [29 (12), 42 (3), 39 (3), 16 (12), 21 (2), 34 (41), 45 (62), 10 (25), 26 (24), 11 (36), 19 (73), 46 (34), 49 (58), 6 (56), 7 (42), 36 (46), 28 (50), 41 (76), 9 (87), 24 (71), 35 (89), 14 (95), 43 (80), 1 (97), 37 (91), 27 (79)]";16803
GRASP;50;2;31127;498.0;250;"Maquina 1: [17 (1), 13 (5), 11 (36), 5 (3), 18 (12), 10 (25), 40 (18), 30 (48), 47 (43), 46 (34), 49 (58), 22 (79), 28 (50), 34 (41), 24 (71), 44 (96), 8 (56), 25 (70), 35 (89), 38 (91), 19 (73), 31 (90), 1 (97), 41 (76), 9 (87)]";16311;"Maquina 2: [29 (12), 42 (3), 39 (3), 16 (12), 21 (2), 12 (35), 26 (24), 2 (29), 45 (62), 7 (42), 36 (46), 6 (56), 48 (41), 27 (79), 32 (53), 3 (39), 15 (72), 0 (86), 23 (76), 43 (80), 4 (61), 20 (80), 37 (91), 33 (88), 14 (95)]";14816
LNS;50;2;32400;81.0;250;"Maquina 1: [2 (29), 17 (1), 13 (5), 5 (3), 12 (35), 25 (70), 18 (12), 48 (41), 40 (18), 30 (48), 47 (43), 33 (88), 32 (53), 3 (39), 15 (72), 0 (86), 22 (79), 8 (56), 31 (90), 38 (91), 4 (61), 23 (76), 44 (96), 20 (80)]";15714;"Maquina 2: [11 (36), 42 (3), 39 (3), 16 (12), 21 (2), 34 (41), 45 (62), 10 (25), 26 (24), 29 (12), 19 (73), 46 (34), 49 (58), 6 (56), 7 (42), 36 (46), 28 (50), 41 (76), 9 (87), 24 (71), 35 (89), 14 (95), 43 (80), 1 (97), 37 (91), 27 (79)]";16686
TABÚ;50;2;32447;143.0;250;"Maquina 1: [13 (5), 21 (2), 6 (56), 40 (18), 30 (48), 5 (3), 2 (29), 47 (43), 4 (61), 46 (34), 7 (42), 36 (46), 8 (56), 3 (39), 19 (73), 25 (70), 23 (76), 31 (90), 33 (88), 27 (79), 20 (80), 9 (87), 38 (91), 44 (96)]";16038;"Maquina 2: [17 (1), 39 (3), 42 (3), 16 (12), 18 (12), 49 (58), 29 (12), 10 (25), 11 (36), 41 (76), 12 (35), 48 (41), 34 (41), 22 (79), 26 (24), 28 (50), 35 (89), 45 (62), 24 (71), 15 (72), 0 (86), 32 (53), 43 (80), 1 (97), 37 (91), 14 (95)]";16409
VNS;50;2;31972;8020.0;250;"Maquina 1: [17 (1), 13 (5), 11 (36), 12 (35), 25 (70), 18 (12), 48 (41), 1 (97), 40 (18), 30 (48), 47 (43), 27 (79), 32 (53), 3 (39), 15 (72), 0 (86), 22 (79), 8 (56), 38 (91), 4 (61), 20 (80), 33 (88), 14 (95)]";15012;"Maquina 2: [5 (3), 42 (3), 39 (3), 16 (12), 21 (2), 34 (41), 45 (62), 10 (25), 26 (24), 29 (12), 19 (73), 46 (34), 49 (58), 2 (29), 6 (56), 7 (42), 36 (46), 28 (50), 41 (76), 9 (87), 24 (71), 35 (89), 23 (76), 43 (80), 31 (90), 37 (91), 44 (96)]";16960
Multiarranque;50;2;30873;788.0;250;"Maquina 1: [17 (1), 39 (3), 16 (12), 21 (2), 12 (35), 26 (24), 5 (3), 2 (29), 30 (48), 46 (34), 48 (41), 34 (41), 23 (76), 43 (80), 36 (46), 28 (50), 20 (80), 49 (58), 4 (61), 15 (72), 25 (70), 35 (89), 38 (91), 22 (79), 1 (97), 37 (91)]";15541;"Maquina 2: [7 (42), 6 (56), 11 (36), 42 (3), 18 (12), 29 (12), 10 (25), 40 (18), 32 (53), 3 (39), 45 (62), 13 (5), 24 (71), 47 (43), 41 (76), 8 (56), 33 (88), 19 (73), 9 (87), 31 (90), 27 (79), 0 (86), 14 (95), 44 (96)]";15332
GREEDY;50;2;35014;0.0;1;"Maquina 1: [3 (6), 44 (10), 49 (16), 23 (46), 12 (28), 32 (57), 45 (39), 19 (29), 11 (25), 24 (47), 29 (17), 6 (59), 38 (61), 40 (21), 14 (54), 28 (36), 18 (64), 31 (70), 5 (82), 21 (94), 20 (73), 35 (83), 4 (80), 27 (87), 0 (92)]";17088;"Maquina 2: [37 (8), 1 (14), 17 (67), 41 (57), 48 (17), 36 (47), 34 (24), 22 (29), 26 (25), 43 (46), 8 (17), 33 (59), 10 (29), 39 (91), 15 (39), 46 (42), 47 (94), 2 (83), 25 (57), 9 (62), 30 (93), 16 (85), 13 (75), 7 (81), 42 (71)]";17926
GRASP;50;2;32353;499.0;250;"Maquina 1: [1 (14), 44 (10), 49 (16), 11 (25), 45 (39), 48 (17), 34 (24), 40 (21), 22 (29), 10 (29), 14 (54), 28 (36), 4 (80), 36 (47), 32 (57), 6 (59), 7 (81), 23 (46), 20 (73), 9 (62), 27 (87), 0 (92), 42 (71), 35 (83), 47 (94)]";15897;"Maquina 2: [37 (8), 43 (46), 19 (29), 29 (17), 33 (59), 8 (17), 3 (6), 41 (57), 12 (28), 26 (25), 15 (39), 31 (70), 46 (42), 24 (47), 2 (83), 38 (61), 25 (57), 17 (67), 39 (91), 18 (64), 13 (75), 16 (85), 5 (82), 21 (94), 30 (93)]";16456
LNS;50;2;34688;79.0;250;"Maquina 1: [45 (39), 44 (10), 49 (16), 23 (46), 12 (28), 32 (57), 3 (6), 19 (29), 11 (25), 24 (47), 29 (17), 6 (59), 38 (61), 40 (21), 14 (54), 28 (36), 18 (64), 31 (70), 27 (87), 21 (94), 20 (73), 35 (83), 4 (80), 5 (82), 0 (92)]";16823;"Maquina 2: [37 (8), 1 (14), 17 (67), 41 (57), 48 (17), 36 (47), 34 (24), 22 (29), 26 (25), 43 (46), 8 (17), 33 (59), 10 (29), 39 (91), 15 (39), 46 (42), 47 (94), 13 (75), 25 (57), 9 (62), 30 (93), 16 (85), 2 (83), 7 (81), 42 (71)]";17865
TABÚ;50;2;31913;147.0;250;"Maquina 1: [3 (6), 15 (39), 29 (17), 11 (25), 45 (39), 48 (17), 36 (47), 34 (24), 12 (28), 26 (25), 43 (46), 14 (54), 20 (73), 19 (29), 33 (59), 9 (62), 16 (85), 6 (59), 32 (57), 7 (81), 0 (92), 42 (71), 17 (67), 13 (75), 39 (91)]";15834;"Maquina 2: [37 (8), 1 (14), 44 (10), 24 (47), 49 (16), 8 (17), 28 (36), 4 (80), 40 (21), 25 (57), 22 (29), 10 (29), 31 (70), 46 (42), 41 (57), 18 (64), 27 (87), 2 (83), 38 (61), 47 (94), 5 (82), 21 (94), 30 (93), 35 (83), 23 (46)]";16079
VNS;50;2;33673;8294.0;250;"Maquina 1: [3 (6), 1 (14), 49 (16), 23 (46), 12 (28), 32 (57), 45 (39), 19 (29), 11 (25), 29 (17), 6 (59), 38 (61), 40 (21), 34 (24), 14 (54), 28 (36), 18 (64), 31 (70), 16 (85), 20 (73), 35 (83), 4 (80), 7 (81), 21 (94), 27 (87), 0 (92)]";18063;"Maquina 2: [37 (8), 44 (10), 24 (47), 41 (57), 48 (17), 36 (47), 22 (29), 26 (25), 43 (46), 8 (17), 33 (59), 10 (29), 39 (91), 15 (39), 46 (42), 47 (94), 2 (83), 25 (57), 9 (62), 30 (93), 5 (82), 13 (75), 42 (71), 17 (67)]";15610
Multiarranque;50;2;31774;799.0;250;"Maquina 1: [19 (29), 1 (14), 12 (28), 29 (17), 11 (25), 45 (39), 48 (17), 36 (47), 34 (24), 32 (57), 46 (42), 10 (29), 14 (54), 18 (64), 38 (61), 23 (46), 17 (67), 13 (75), 35 (83), 6 (59), 2 (83), 5 (82), 39 (91), 21 (94), 30 (93)]";15957;"Maquina 2: [37 (8), 44 (10), 49 (16), 8 (17), 3 (6), 15 (39), 24 (47), 42 (71), 22 (29), 26 (25), 28 (36), 27 (87), 41 (57), 33 (59), 43 (46), 4 (80), 40 (21), 25 (57), 31 (70), 7 (81), 20 (73), 9 (62), 16 (85), 0 (92), 47 (94)]";15817
