GREEDY;60;2;33203;1.0;1;"Maquina 1: [57 (4), 24 (4), 33 (6), 46 (31), 32 (10), 18 (8), 48 (19), 56 (13), 40 (34), 45 (6), 13 (13), 49 (33), 15 (30), 8 (24), 34 (52), 21 (41), 47 (73), 31 (36), 23 (45), 17 (42), 59 (58), 54 (54), 53 (59), 11 (63), 41 (64), 37 (84), 30 (76), 51 (87), 39 (96), 20 (89)]";16073;"Maquina 2: [22 (5), 35 (6), 52 (24), 16 (18), 50 (11), 26 (9), 55 (4), 27 (33), 4 (8), 43 (13), 42 (56), 1 (43), 9 (34), 29 (22), 2 (42), 28 (35), 44 (31), 58 (39), 12 (54), 7 (63), 3 (71), 14 (51), 25 (74), 19 (64), 10 (79), 0 (86), 5 (98), 36 (59), 6 (89), 38 (89)]";17130
GRASP;60;2;31927;354.0;100;"Maquina 1: [57 (4), 22 (5), 24 (4), 44 (31), 45 (6), 18 (8), 17 (42), 31 (36), 13 (13), 16 (18), 27 (33), 53 (59), 29 (22), 49 (33), 46 (31), 15 (30), 14 (51), 40 (34), 7 (63), 42 (56), 36 (59), 34 (52), 25 (74), 30 (76), 10 (79), 0 (86), 51 (87), 37 (84), 39 (96), 6 (89)]";17079;"Maquina 2: [26 (9), 55 (4), 50 (11), 33 (6), 58 (39), 35 (6), 56 (13), 43 (13), 48 (19), 4 (8), 32 (10), 8 (24), 21 (41), 1 (43), 9 (34), 28 (35), 2 (42), 59 (58), 12 (54), 54 (54), 52 (24), 23 (45), 20 (89), 11 (63), 41 (64), 47 (73), 38 (89), 3 (71), 19 (64), 5 (98)]";14848
LNS;60;2;33203;56.0;100;"Maquina 1: [57 (4), 24 (4), 33 (6), 46 (31), 32 (10), 18 (8), 48 (19), 56 (13), 40 (34), 45 (6), 13 (13), 49 (33), 15 (30), 8 (24), 34 (52), 21 (41), 47 (73), 31 (36), 23 (45), 17 (42), 59 (58), 54 (54), 53 (59), 11 (63), 41 (64), 37 (84), 30 (76), 51 (87), 39 (96), 20 (89)]";16073;"Maquina 2: [22 (5), 35 (6), 52 (24), 16 (18), 50 (11), 26 (9), 55 (4), 27 (33), 4 (8), 43 (13), 42 (56), 1 (43), 9 (34), 29 (22), 2 (42), 28 (35), 44 (31), 58 (39), 12 (54), 7 (63), 3 (71), 14 (51), 25 (74), 19 (64), 10 (79), 0 (86), 5 (98), 36 (59), 6 (89), 38 (89)]";17130
TABÚ;60;2;32766;106.0;100;"Maquina 1: [57 (4), 55 (4), 24 (4), 33 (6), 29 (22), 18 (8), 49 (33), 56 (13), 43 (13), 8 (24), 40 (34), 48 (19), 42 (56), 15 (30), 47 (73), 27 (33), 13 (13), 54 (54), 17 (42), 14 (51), 34 (52), 41 (64), 59 (58), 53 (59), 11 (63), 51 (87), 39 (96), 25 (74), 30 (76), 0 (86)]";15828;"Maquina 2: [45 (6), 22 (5), 35 (6), 21 (41), 4 (8), 50 (11), 26 (9), 9 (34), 16 (18), 32 (10), 58 (39), 12 (54), 2 (42), 52 (24), 31 (36), 23 (45), 28 (35), 44 (31), 46 (31), 1 (43), 36 (59), 7 (63), 3 (71), 19 (64), 6 (89), 10 (79), 20 (89), 38 (89), 37 (84), 5 (98)]";16938
VNS;60;2;32773;8120.0;100;"Maquina 1: [57 (4), 24 (4), 33 (6), 46 (31), 32 (10), 48 (19), 56 (13), 40 (34), 45 (6), 13 (13), 49 (33), 15 (30), 8 (24), 34 (52), 2 (42), 21 (41), 47 (73), 31 (36), 16 (18), 17 (42), 59 (58), 54 (54), 53 (59), 11 (63), 41 (64), 37 (84), 30 (76), 51 (87), 39 (96), 20 (89)]";16318;"Maquina 2: [22 (5), 35 (6), 52 (24), 23 (45), 50 (11), 26 (9), 55 (4), 27 (33), 4 (8), 29 (22), 18 (8), 42 (56), 1 (43), 9 (34), 43 (13), 28 (35), 44 (31), 58 (39), 12 (54), 7 (63), 3 (71), 14 (51), 25 (74), 19 (64), 10 (79), 0 (86), 5 (98), 36 (59), 6 (89), 38 (89)]";16455
Multiarranque;60;2;31856;574.0;100;"Maquina 1: [22 (5), 24 (4), 35 (6), 33 (6), 52 (24), 43 (13), 18 (8), 16 (18), 32 (10), 8 (24), 29 (22), 2 (42), 46 (31), 9 (34), 28 (35), 44 (31), 58 (39), 36 (59), 34 (52), 7 (63), 11 (63), 42 (56), 30 (76), 25 (74), 3 (71), 20 (89), 0 (86), 6 (89), 10 (79), 5 (98)]";16018;"Maquina 2: [57 (4), 55 (4), 27 (33), 4 (8), 50 (11), 26 (9), 45 (6), 15 (30), 56 (13), 13 (13), 48 (19), 53 (59), 40 (34), 21 (41), 47 (73), 31 (36), 23 (45), 17 (42), 14 (51), 49 (33), 12 (54), 54 (54), 41 (64), 59 (58), 1 (43), 38 (89), 37 (84), 19 (64), 39 (96), 51 (87)]";15838
GREEDY;60;2;39849;1.0;1;"Maquina 1: [36 (7), 27 (19), 4 (17), 39 (19), 16 (30), 25 (40), 43 (11), 17 (27), 42 (42), 21 (48), 23 (33), 34 (26), 5 (27), 54 (32), 58 (45), 30 (44), 32 (35), 18 (52), 14 (56), 50 (64), 12 (68), 52 (49), 41 (57), 13 (71), 29 (75), 6 (80), 0 (73), 20 (93), 9 (95), 11 (99), 55 (88)]";20107;"Maquina 2: [49 (14), 53 (24), 26 (15), 40 (48), 24 (8), 8 (18), 57 (34), 31 (44), 46 (26), 15 (36), 7 (27), 45 (31), 38 (27), 28 (46), 1 (51), 48 (42), 3 (41), 35 (57), 22 (53), 2 (62), 47 (72), 59 (64), 37 (68), 51 (73), 56 (77), 10 (94), 33 (95), 19 (93), 44 (87)]";19742
GRASP;60;2;39408;354.0;100;"Maquina 1: [34 (26), 46 (26), 43 (11), 49 (14), 8 (18), 2 (62), 4 (17), 41 (57), 54 (32), 57 (34), 32 (35), 3 (41), 48 (42), 17 (27), 58 (45), 30 (44), 35 (57), 12 (68), 45 (31), 1 (51), 52 (49), 56 (77), 14 (56), 51 (73), 6 (80), 13 (71), 29 (75), 20 (93), 9 (95), 11 (99)]";20572;"Maquina 2: [36 (7), 39 (19), 24 (8), 26 (15), 38 (27), 53 (24), 5 (27), 27 (19), 7 (27), 31 (44), 15 (36), 28 (46), 23 (33), 25 (40), 18 (52), 40 (48), 42 (42), 59 (64), 21 (48), 16 (30), 22 (53), 47 (72), 0 (73), 44 (87), 37 (68), 50 (64), 19 (93), 55 (88), 10 (94), 33 (95)]";18836
LNS;60;2;39788;57.0;100;"Maquina 1: [36 (7), 27 (19), 4 (17), 39 (19), 16 (30), 25 (40), 43 (11), 17 (27), 42 (42), 21 (48), 23 (33), 34 (26), 5 (27), 54 (32), 58 (45), 30 (44), 32 (35), 18 (52), 14 (56), 50 (64), 12 (68), 52 (49), 41 (57), 13 (71), 29 (75), 6 (80), 0 (73), 20 (93), 9 (95), 11 (99), 55 (88)]";20107;"Maquina 2: [49 (14), 53 (24), 26 (15), 40 (48), 24 (8), 8 (18), 57 (34), 31 (44), 46 (26), 15 (36), 7 (27), 45 (31), 38 (27), 28 (46), 1 (51), 48 (42), 3 (41), 35 (57), 22 (53), 2 (62), 51 (73), 59 (64), 37 (68), 47 (72), 56 (77), 10 (94), 33 (95), 19 (93), 44 (87)]";19681
TABÚ;60;2;39715;98.0;100;"Maquina 1: [46 (26), 43 (11), 53 (24), 26 (15), 3 (41), 4 (17), 7 (27), 45 (31), 38 (27), 54 (32), 25 (40), 18 (52), 40 (48), 17 (27), 58 (45), 30 (44), 21 (48), 41 (57), 52 (49), 22 (53), 47 (72), 50 (64), 0 (73), 13 (71), 12 (68), 56 (77), 55 (88), 19 (93), 11 (99), 9 (95)]";20353;"Maquina 2: [36 (7), 39 (19), 24 (8), 16 (30), 48 (42), 27 (19), 49 (14), 8 (18), 23 (33), 34 (26), 5 (27), 32 (35), 35 (57), 15 (36), 31 (44), 42 (42), 57 (34), 28 (46), 1 (51), 14 (56), 51 (73), 59 (64), 37 (68), 44 (87), 29 (75), 20 (93), 2 (62), 6 (80), 33 (95), 10 (94)]";19362
VNS;60;2;39298;6674.0;100;"Maquina 1: [36 (7), 27 (19), 4 (17), 39 (19), 16 (30), 25 (40), 43 (11), 17 (27), 42 (42), 21 (48), 23 (33), 34 (26), 57 (34), 15 (36), 54 (32), 58 (45), 30 (44), 32 (35), 18 (52), 14 (56), 50 (64), 12 (68), 52 (49), 41 (57), 29 (75), 6 (80), 0 (73), 20 (93), 9 (95), 19 (93), 55 (88)]";19799;"Maquina 2: [49 (14), 53 (24), 26 (15), 40 (48), 24 (8), 8 (18), 31 (44), 46 (26), 5 (27), 7 (27), 45 (31), 38 (27), 28 (46), 1 (51), 48 (42), 3 (41), 35 (57), 22 (53), 2 (62), 47 (72), 13 (71), 59 (64), 37 (68), 51 (73), 56 (77), 10 (94), 33 (95), 11 (99), 44 (87)]";19499
Multiarranque;60;2;39131;619.0;100;"Maquina 1: [36 (7), 15 (36), 57 (34), 39 (19), 53 (24), 17 (27), 7 (27), 38 (27), 45 (31), 25 (40), 1 (51), 3 (41), 22 (53), 2 (62), 4 (17), 24 (8), 18 (52), 14 (56), 47 (72), 50 (64), 19 (93), 58 (45), 13 (71), 35 (57), 44 (87), 29 (75), 33 (95), 55 (88), 10 (94)]";19030;"Maquina 2: [49 (14), 8 (18), 27 (19), 16 (30), 26 (15), 23 (33), 34 (26), 46 (26), 32 (35), 5 (27), 51 (73), 43 (11), 54 (32), 31 (44), 28 (46), 48 (42), 41 (57), 52 (49), 56 (77), 12 (68), 40 (48), 30 (44), 21 (48), 42 (42), 59 (64), 37 (68), 20 (93), 6 (80), 0 (73), 9 (95), 11 (99)]";20101
GREEDY;60;2;47729;1.0;1;"Maquina 1: [42 (25), 32 (3), 28 (9), 57 (16), 49 (23), 30 (14), 4 (20), 14 (25), 23 (27), 40 (36), 9 (29), 7 (64), 58 (38), 56 (82), 6 (46), 36 (43), 18 (57), 41 (52), 54 (76), 3 (48), 31 (55), 47 (57), 37 (66), 52 (75), 29 (78), 2 (71), 34 (74), 59 (84), 22 (79), 5 (97), 26 (97)]";24888;"Maquina 2: [45 (25), 10 (19), 44 (47), 0 (42), 51 (10), 12 (8), 19 (28), 53 (37), 33 (55), 35 (25), 25 (76), 1 (54), 48 (14), 16 (23), 17 (59), 8 (79), 13 (36), 39 (44), 21 (49), 38 (75), 46 (65), 50 (90), 27 (57), 55 (69), 11 (71), 24 (78), 15 (83), 43 (82), 20 (97)]";22841
GRASP;60;2;48820;352.0;100;"Maquina 1: [40 (36), 12 (8), 58 (38), 57 (16), 14 (25), 10 (19), 36 (43), 1 (54), 48 (14), 42 (25), 49 (23), 2 (71), 6 (46), 0 (42), 39 (44), 19 (28), 33 (55), 18 (57), 52 (75), 38 (75), 43 (82), 17 (59), 41 (52), 46 (65), 26 (97), 24 (78), 31 (55), 25 (76), 8 (79), 5 (97)]";23687;"Maquina 2: [16 (23), 45 (25), 51 (10), 9 (29), 59 (84), 32 (3), 28 (9), 54 (76), 7 (64), 13 (36), 50 (90), 30 (14), 56 (82), 4 (20), 53 (37), 47 (57), 11 (71), 3 (48), 23 (27), 44 (47), 27 (57), 55 (69), 34 (74), 21 (49), 22 (79), 35 (25), 20 (97), 29 (78), 15 (83), 37 (66)]";25133
LNS;60;2;47296;55.0;100;"Maquina 1: [42 (25), 32 (3), 28 (9), 41 (52), 49 (23), 30 (14), 4 (20), 14 (25), 23 (27), 40 (36), 9 (29), 7 (64), 58 (38), 56 (82), 36 (43), 6 (46), 18 (57), 57 (16), 54 (76), 3 (48), 31 (55), 47 (57), 37 (66), 52 (75), 29 (78), 2 (71), 34 (74), 59 (84), 22 (79), 5 (97), 26 (97)]";24455;"Maquina 2: [45 (25), 10 (19), 44 (47), 0 (42), 51 (10), 12 (8), 19 (28), 53 (37), 33 (55), 35 (25), 25 (76), 1 (54), 48 (14), 16 (23), 17 (59), 8 (79), 13 (36), 39 (44), 21 (49), 38 (75), 46 (65), 50 (90), 27 (57), 55 (69), 11 (71), 24 (78), 15 (83), 43 (82), 20 (97)]";22841
TABÚ;60;2;47407;100.0;100;"Maquina 1: [4 (20), 32 (3), 57 (16), 51 (10), 49 (23), 30 (14), 35 (25), 19 (28), 14 (25), 23 (27), 31 (55), 0 (42), 39 (44), 21 (49), 2 (71), 33 (55), 55 (69), 29 (78), 36 (43), 38 (75), 18 (57), 41 (52), 26 (97), 24 (78), 59 (84), 43 (82), 52 (75), 25 (76), 8 (79), 5 (97)]";22635;"Maquina 2: [48 (14), 42 (25), 16 (23), 45 (25), 13 (36), 54 (76), 28 (9), 40 (36), 9 (29), 6 (46), 10 (19), 44 (47), 53 (37), 3 (48), 1 (54), 12 (8), 58 (38), 56 (82), 7 (64), 11 (71), 17 (59), 37 (66), 47 (57), 34 (74), 22 (79), 15 (83), 27 (57), 46 (65), 50 (90), 20 (97)]";24772
VNS;60;2;47194;8394.0;100;"Maquina 1: [42 (25), 32 (3), 28 (9), 57 (16), 49 (23), 30 (14), 4 (20), 14 (25), 23 (27), 40 (36), 9 (29), 7 (64), 58 (38), 56 (82), 36 (43), 6 (46), 18 (57), 41 (52), 54 (76), 3 (48), 31 (55), 47 (57), 37 (66), 55 (69), 29 (78), 2 (71), 34 (74), 59 (84), 22 (79), 5 (97), 26 (97)]";24258;"Maquina 2: [45 (25), 10 (19), 44 (47), 0 (42), 51 (10), 12 (8), 19 (28), 53 (37), 33 (55), 35 (25), 25 (76), 1 (54), 48 (14), 16 (23), 17 (59), 8 (79), 13 (36), 39 (44), 21 (49), 38 (75), 46 (65), 50 (90), 27 (57), 52 (75), 11 (71), 24 (78), 15 (83), 43 (82), 20 (97)]";22936
Multiarranque;60;2;45631;719.0;100;"Maquina 1: [30 (14), 35 (25), 23 (27), 40 (36), 12 (8), 42 (25), 32 (3), 48 (14), 31 (55), 9 (29), 36 (43), 6 (46), 27 (57), 55 (69), 37 (66), 47 (57), 13 (36), 7 (64), 17 (59), 41 (52), 46 (65), 50 (90), 54 (76), 59 (84), 24 (78), 15 (83), 25 (76), 29 (78), 5 (97)]";22012;"Maquina 2: [28 (9), 57 (16), 10 (19), 44 (47), 19 (28), 14 (25), 45 (25), 4 (20), 53 (37), 39 (44), 49 (23), 16 (23), 58 (38), 0 (42), 51 (10), 21 (49), 2 (71), 56 (82), 1 (54), 3 (48), 18 (57), 33 (55), 22 (79), 52 (75), 11 (71), 38 (75), 43 (82), 34 (74), 20 (97), 26 (97), 8 (79)]";23619
GREEDY;60;2;48278;0.0;1;"Maquina 1: [16 (41), 9 (14), 8 (62), 31 (1), 52 (49), 18 (18), 49 (21), 47 (29), 57 (29), 46 (33), 20 (5), 48 (28), 43 (42), 21 (43), 32 (86), 50 (57), 11 (57), 33 (78), 54 (23), 53 (64), 42 (46), 4 (64), 5 (74), 28 (66), 19 (85), 24 (81), 51 (74), 23 (88), 14 (93)]";23337;"Maquina 2: [0 (20), 2 (18), 25 (3), 3 (31), 17 (43), 41 (10), 12 (45), 38 (14), 45 (48), 37 (5), 22 (16), 27 (76), 59 (23), 10 (27), 6 (70), 40 (64), 58 (35), 15 (74), 26 (29), 36 (58), 7 (52), 55 (65), 13 (57), 39 (62), 35 (41), 1 (83), 29 (86), 34 (94), 30 (80), 44 (87), 56 (89)]";24941
GRASP;60;2;46764;354.0;100;"Maquina 1: [46 (33), 0 (20), 2 (18), 25 (3), 3 (31), 31 (1), 38 (14), 54 (23), 52 (49), 12 (45), 59 (23), 10 (27), 33 (78), 17 (43), 47 (29), 28 (66), 36 (58), 7 (52), 21 (43), 39 (62), 26 (29), 14 (93), 4 (64), 5 (74), 1 (83), 27 (76), 24 (81), 11 (57), 56 (89), 19 (85)]";22732;"Maquina 2: [57 (29), 37 (5), 41 (10), 20 (5), 8 (62), 22 (16), 35 (41), 18 (18), 49 (21), 48 (28), 29 (86), 9 (14), 43 (42), 45 (48), 42 (46), 55 (65), 40 (64), 58 (35), 15 (74), 50 (57), 32 (86), 53 (64), 30 (80), 23 (88), 16 (41), 6 (70), 13 (57), 51 (74), 34 (94), 44 (87)]";24032
LNS;60;2;47813;54.0;100;"Maquina 1: [16 (41), 9 (14), 8 (62), 31 (1), 52 (49), 18 (18), 49 (21), 47 (29), 57 (29), 46 (33), 20 (5), 48 (28), 43 (42), 21 (43), 32 (86), 23 (88), 11 (57), 33 (78), 54 (23), 53 (64), 50 (57), 4 (64), 5 (74), 28 (66), 19 (85), 24 (81), 51 (74), 42 (46), 14 (93)]";22872;"Maquina 2: [0 (20), 2 (18), 25 (3), 3 (31), 17 (43), 41 (10), 12 (45), 38 (14), 45 (48), 37 (5), 22 (16), 27 (76), 59 (23), 10 (27), 6 (70), 40 (64), 58 (35), 15 (74), 26 (29), 36 (58), 7 (52), 55 (65), 13 (57), 39 (62), 35 (41), 1 (83), 29 (86), 34 (94), 30 (80), 44 (87), 56 (89)]";24941
TABÚ;60;2;46745;108.0;100;"Maquina 1: [0 (20), 2 (18), 25 (3), 41 (10), 26 (29), 31 (1), 8 (62), 22 (16), 17 (43), 5 (74), 57 (29), 54 (23), 37 (5), 53 (64), 35 (41), 39 (62), 43 (42), 15 (74), 12 (45), 42 (46), 55 (65), 40 (64), 11 (57), 58 (35), 19 (85), 7 (52), 33 (78), 51 (74), 4 (64), 34 (94), 29 (86)]";23702;"Maquina 2: [9 (14), 21 (43), 18 (18), 49 (21), 16 (41), 38 (14), 45 (48), 3 (31), 14 (93), 20 (5), 48 (28), 52 (49), 59 (23), 46 (33), 10 (27), 24 (81), 6 (70), 47 (29), 50 (57), 32 (86), 36 (58), 56 (89), 28 (66), 13 (57), 30 (80), 27 (76), 44 (87), 23 (88), 1 (83)]";23043
VNS;60;2;46887;6658.0;100;"Maquina 1: [16 (41), 9 (14), 29 (86), 31 (1), 52 (49), 18 (18), 49 (21), 47 (29), 57 (29), 10 (27), 20 (5), 48 (28), 43 (42), 21 (43), 32 (86), 23 (88), 11 (57), 33 (78), 54 (23), 53 (64), 42 (46), 5 (74), 28 (66), 19 (85), 55 (65), 34 (94), 44 (87), 14 (93)]";21209;"Maquina 2: [0 (20), 2 (18), 25 (3), 3 (31), 17 (43), 41 (10), 12 (45), 38 (14), 45 (48), 37 (5), 22 (16), 27 (76), 59 (23), 51 (74), 4 (64), 46 (33), 6 (70), 40 (64), 58 (35), 15 (74), 26 (29), 36 (58), 7 (52), 24 (81), 13 (57), 39 (62), 35 (41), 1 (83), 8 (62), 30 (80), 50 (57), 56 (89)]";25678
Multiarranque;60;2;44988;636.0;100;"Maquina 1: [59 (23), 51 (74), 25 (3), 3 (31), 31 (1), 10 (27), 20 (5), 48 (28), 0 (20), 58 (35), 9 (14), 12 (45), 53 (64), 54 (23), 19 (85), 35 (41), 8 (62), 21 (43), 39 (62), 36 (58), 55 (65), 42 (46), 13 (57), 56 (89), 28 (66), 32 (86), 1 (83), 27 (76), 24 (81)]";21685;"Maquina 2: [2 (18), 37 (5), 41 (10), 26 (29), 18 (18), 38 (14), 52 (49), 22 (16), 17 (43), 5 (74), 57 (29), 47 (29), 43 (42), 45 (48), 4 (64), 49 (21), 16 (41), 46 (33), 50 (57), 44 (87), 30 (80), 40 (64), 7 (52), 11 (57), 23 (88), 15 (74), 6 (70), 33 (78), 29 (86), 14 (93), 34 (94)]";23303
GREEDY;60;2;54953;1.0;1;"Maquina 1: [30 (21), 9 (6), 50 (16), 35 (33), 8 (44), 18 (20), 55 (52), 3 (48), 34 (30), 42 (56), 40 (9), 51 (38), 7 (76), 20 (50), 25 (61), 37 (54), 14 (53), 13 (67), 52 (66), 28 (64), 36 (63), 57 (70), 27 (78), 4 (90), 45 (68), 2 (93), 1 (87), 22 (64), 29 (81), 41 (91)]";27117;"Maquina 2: [10 (13), 15 (22), 32 (15), 31 (22), 49 (32), 12 (38), 56 (7), 44 (45), 38 (43), 39 (17), 48 (51), 58 (52), 54 (53), 16 (56), 21 (75), 17 (57), 6 (50), 43 (69), 46 (75), 59 (63), 26 (90), 23 (64), 24 (88), 53 (64), 19 (79), 11 (67), 47 (61), 33 (98), 0 (92), 5 (82)]";27836
GRASP;60;2;52322;378.0;100;"Maquina 1: [32 (15), 51 (38), 22 (64), 40 (9), 44 (45), 18 (20), 49 (32), 38 (43), 39 (17), 21 (75), 58 (52), 55 (52), 30 (21), 42 (56), 54 (53), 8 (44), 23 (64), 7 (76), 25 (61), 59 (63), 12 (38), 24 (88), 28 (64), 41 (91), 11 (67), 29 (81), 5 (82), 2 (93), 0 (92), 27 (78)]";27114;"Maquina 2: [9 (6), 50 (16), 56 (7), 10 (13), 13 (67), 15 (22), 31 (22), 37 (54), 16 (56), 6 (50), 35 (33), 14 (53), 36 (63), 34 (30), 47 (61), 3 (48), 48 (51), 20 (50), 52 (66), 17 (57), 45 (68), 53 (64), 57 (70), 46 (75), 4 (90), 1 (87), 19 (79), 33 (98), 43 (69), 26 (90)]";25208
LNS;60;2;53947;61.0;100;"Maquina 1: [30 (21), 9 (6), 50 (16), 35 (33), 8 (44), 18 (20), 55 (52), 37 (54), 34 (30), 42 (56), 40 (9), 51 (38), 7 (76), 20 (50), 25 (61), 3 (48), 14 (53), 13 (67), 52 (66), 28 (64), 36 (63), 57 (70), 27 (78), 4 (90), 45 (68), 2 (93), 1 (87), 22 (64), 29 (81), 41 (91)]";26111;"Maquina 2: [10 (13), 15 (22), 32 (15), 31 (22), 49 (32), 12 (38), 56 (7), 44 (45), 38 (43), 39 (17), 48 (51), 58 (52), 54 (53), 16 (56), 21 (75), 17 (57), 6 (50), 43 (69), 46 (75), 59 (63), 26 (90), 23 (64), 24 (88), 53 (64), 19 (79), 11 (67), 47 (61), 33 (98), 0 (92), 5 (82)]";27836
TABÚ;60;2;51558;105.0;100;"Maquina 1: [34 (30), 39 (17), 48 (51), 9 (6), 16 (56), 3 (48), 56 (7), 14 (53), 15 (22), 57 (70), 44 (45), 32 (15), 51 (38), 59 (63), 12 (38), 17 (57), 52 (66), 23 (64), 7 (76), 42 (56), 13 (67), 36 (63), 29 (81), 4 (90), 0 (92), 22 (64), 33 (98), 19 (79), 46 (75)]";23656;"Maquina 2: [40 (9), 10 (13), 55 (52), 30 (21), 6 (50), 50 (16), 35 (33), 49 (32), 31 (22), 54 (53), 43 (69), 18 (20), 37 (54), 25 (61), 38 (43), 8 (44), 20 (50), 28 (64), 45 (68), 47 (61), 58 (52), 21 (75), 1 (87), 24 (88), 53 (64), 11 (67), 2 (93), 27 (78), 41 (91), 26 (90), 5 (82)]";27902
VNS;60;2;53678;4886.0;100;"Maquina 1: [30 (21), 9 (6), 50 (16), 35 (33), 8 (44), 18 (20), 55 (52), 37 (54), 34 (30), 42 (56), 40 (9), 51 (38), 7 (76), 20 (50), 25 (61), 3 (48), 14 (53), 13 (67), 52 (66), 28 (64), 36 (63), 57 (70), 27 (78), 4 (90), 45 (68), 47 (61), 1 (87), 22 (64), 29 (81), 41 (91)]";25849;"Maquina 2: [10 (13), 15 (22), 32 (15), 31 (22), 49 (32), 12 (38), 56 (7), 44 (45), 38 (43), 39 (17), 48 (51), 58 (52), 54 (53), 16 (56), 21 (75), 17 (57), 6 (50), 43 (69), 46 (75), 59 (63), 26 (90), 23 (64), 24 (88), 53 (64), 19 (79), 11 (67), 2 (93), 33 (98), 0 (92), 5 (82)]";27829
Multiarranque;60;2;52181;607.0;100;"Maquina 1: [55 (52), 30 (21), 10 (13), 56 (7), 14 (53), 44 (45), 34 (30), 42 (56), 40 (9), 6 (50), 50 (16), 3 (48), 35 (33), 11 (67), 45 (68), 8 (44), 47 (61), 43 (69), 49 (32), 28 (64), 53 (64), 23 (64), 57 (70), 27 (78), 21 (75), 59 (63), 1 (87), 33 (98), 0 (92), 2 (93)]";25783;"Maquina 2: [39 (17), 48 (51), 9 (6), 31 (22), 38 (43), 22 (64), 25 (61), 32 (15), 51 (38), 20 (50), 15 (22), 19 (79), 18 (20), 13 (67), 12 (38), 17 (57), 58 (52), 54 (53), 16 (56), 37 (54), 36 (63), 29 (81), 41 (91), 52 (66), 46 (75), 7 (76), 4 (90), 5 (82), 24 (88), 26 (90)]";26398
GREEDY;60;2;45956;1.0;1;"Maquina 1: [10 (6), 48 (2), 40 (13), 30 (28), 9 (16), 4 (40), 56 (36), 43 (44), 34 (50), 31 (39), 15 (51), 41 (35), 28 (49), 5 (52), 33 (69), 7 (38), 55 (59), 46 (58), 35 (77), 27 (56), 50 (64), 52 (80), 36 (61), 47 (83), 29 (86), 59 (81), 26 (96), 42 (94), 44 (93), 32 (98)]";22714;"Maquina 2: [39 (26), 12 (5), 13 (34), 54 (13), 49 (10), 38 (37), 22 (40), 6 (36), 45 (39), 3 (63), 25 (51), 51 (38), 0 (51), 18 (54), 14 (57), 16 (50), 17 (46), 53 (58), 58 (80), 1 (68), 23 (60), 19 (80), 11 (82), 24 (76), 2 (84), 57 (93), 37 (97), 8 (95), 21 (93), 20 (99)]";23242
GRASP;60;2;45432;347.0;100;"Maquina 1: [39 (26), 48 (2), 41 (35), 40 (13), 4 (40), 56 (36), 25 (51), 9 (16), 17 (46), 55 (59), 15 (51), 27 (56), 50 (64), 3 (63), 53 (58), 28 (49), 5 (52), 43 (44), 34 (50), 36 (61), 47 (83), 57 (93), 11 (82), 32 (98), 2 (84), 59 (81), 29 (86), 44 (93), 8 (95)]";22878;"Maquina 2: [12 (5), 10 (6), 54 (13), 49 (10), 30 (28), 7 (38), 13 (34), 46 (58), 45 (39), 31 (39), 38 (37), 22 (40), 6 (36), 23 (60), 16 (50), 51 (38), 0 (51), 18 (54), 14 (57), 58 (80), 1 (68), 33 (69), 37 (97), 52 (80), 19 (80), 24 (76), 35 (77), 20 (99), 42 (94), 21 (93), 26 (96)]";22554
LNS;60;2;45919;57.0;100;"Maquina 1: [10 (6), 48 (2), 40 (13), 30 (28), 9 (16), 4 (40), 56 (36), 43 (44), 34 (50), 31 (39), 15 (51), 41 (35), 28 (49), 5 (52), 33 (69), 7 (38), 55 (59), 46 (58), 35 (77), 27 (56), 50 (64), 52 (80), 36 (61), 47 (83), 29 (86), 59 (81), 26 (96), 42 (94), 44 (93), 32 (98)]";22714;"Maquina 2: [39 (26), 12 (5), 13 (34), 54 (13), 49 (10), 38 (37), 22 (40), 6 (36), 45 (39), 3 (63), 25 (51), 51 (38), 0 (51), 18 (54), 14 (57), 16 (50), 17 (46), 53 (58), 58 (80), 1 (68), 23 (60), 19 (80), 11 (82), 57 (93), 2 (84), 24 (76), 37 (97), 8 (95), 21 (93), 20 (99)]";23205
TABÚ;60;2;45325;102.0;100;"Maquina 1: [22 (40), 48 (2), 54 (13), 10 (6), 9 (16), 56 (36), 40 (13), 51 (38), 41 (35), 28 (49), 13 (34), 16 (50), 31 (39), 58 (80), 17 (46), 15 (51), 1 (68), 23 (60), 36 (61), 33 (69), 35 (77), 59 (81), 46 (58), 19 (80), 11 (82), 32 (98), 37 (97), 18 (54), 20 (99), 42 (94), 21 (93)]";23249;"Maquina 2: [39 (26), 12 (5), 30 (28), 7 (38), 49 (10), 38 (37), 6 (36), 5 (52), 0 (51), 43 (44), 45 (39), 3 (63), 55 (59), 4 (40), 25 (51), 34 (50), 27 (56), 50 (64), 29 (86), 14 (57), 53 (58), 26 (96), 52 (80), 47 (83), 24 (76), 2 (84), 57 (93), 44 (93), 8 (95)]";22076
VNS;60;2;45426;9055.0;100;"Maquina 1: [10 (6), 48 (2), 40 (13), 30 (28), 9 (16), 4 (40), 56 (36), 43 (44), 34 (50), 31 (39), 15 (51), 41 (35), 28 (49), 5 (52), 33 (69), 7 (38), 13 (34), 46 (58), 35 (77), 27 (56), 50 (64), 52 (80), 36 (61), 47 (83), 29 (86), 59 (81), 26 (96), 42 (94), 44 (93), 32 (98)]";22076;"Maquina 2: [39 (26), 12 (5), 55 (59), 54 (13), 49 (10), 38 (37), 22 (40), 6 (36), 45 (39), 3 (63), 25 (51), 51 (38), 0 (51), 18 (54), 14 (57), 16 (50), 17 (46), 53 (58), 58 (80), 1 (68), 23 (60), 19 (80), 11 (82), 24 (76), 2 (84), 57 (93), 37 (97), 8 (95), 21 (93), 20 (99)]";23350
Multiarranque;60;2;44375;578.0;100;"Maquina 1: [39 (26), 12 (5), 41 (35), 54 (13), 49 (10), 4 (40), 13 (34), 16 (50), 31 (39), 38 (37), 34 (50), 11 (82), 22 (40), 46 (58), 5 (52), 0 (51), 18 (54), 57 (93), 27 (56), 26 (96), 36 (61), 25 (51), 59 (81), 33 (69), 52 (80), 24 (76), 2 (84), 32 (98), 37 (97), 20 (99)]";22741;"Maquina 2: [10 (6), 48 (2), 51 (38), 30 (28), 9 (16), 56 (36), 43 (44), 45 (39), 40 (13), 7 (38), 6 (36), 17 (46), 55 (59), 15 (51), 53 (58), 28 (49), 14 (57), 23 (60), 19 (80), 3 (63), 58 (80), 1 (68), 35 (77), 47 (83), 50 (64), 29 (86), 44 (93), 8 (95), 21 (93), 42 (94)]";21634
GREEDY;60;2;38842;1.0;1;"Maquina 1: [50 (19), 34 (15), 38 (12), 17 (3), 39 (29), 10 (10), 40 (1), 7 (27), 47 (17), 23 (29), 9 (33), 3 (40), 4 (41), 27 (39), 14 (66), 21 (53), 11 (73), 2 (51), 58 (74), 29 (70), 25 (58), 15 (72), 13 (82), 57 (67), 42 (77), 44 (98), 16 (94), 36 (85), 54 (87), 0 (98)]";19774;"Maquina 2: [45 (7), 1 (6), 52 (1), 12 (19), 5 (22), 35 (38), 56 (10), 53 (13), 19 (17), 20 (30), 8 (53), 43 (28), 31 (39), 6 (40), 22 (57), 24 (29), 37 (44), 26 (72), 59 (90), 18 (59), 28 (66), 32 (70), 48 (68), 41 (98), 33 (78), 30 (73), 49 (84), 51 (76), 55 (97), 46 (85)]";19068
GRASP;60;2;38636;334.0;100;"Maquina 1: [56 (10), 39 (29), 40 (1), 20 (30), 34 (15), 45 (7), 19 (17), 37 (44), 5 (22), 35 (38), 24 (29), 48 (68), 21 (53), 59 (90), 50 (19), 8 (53), 43 (28), 33 (78), 42 (77), 51 (76), 14 (66), 22 (57), 11 (73), 15 (72), 46 (85), 30 (73), 32 (70), 44 (98), 0 (98)]";19230;"Maquina 2: [17 (3), 1 (6), 52 (1), 47 (17), 53 (13), 7 (27), 10 (10), 3 (40), 38 (12), 12 (19), 27 (39), 31 (39), 6 (40), 23 (29), 9 (33), 4 (41), 2 (51), 28 (66), 25 (58), 18 (59), 49 (84), 29 (70), 58 (74), 54 (87), 36 (85), 57 (67), 13 (82), 55 (97), 26 (72), 16 (94), 41 (98)]";19406
LNS;60;2;38842;55.0;100;"Maquina 1: [50 (19), 34 (15), 38 (12), 17 (3), 39 (29), 10 (10), 40 (1), 7 (27), 47 (17), 23 (29), 9 (33), 3 (40), 4 (41), 27 (39), 14 (66), 21 (53), 11 (73), 2 (51), 58 (74), 29 (70), 25 (58), 15 (72), 13 (82), 57 (67), 42 (77), 44 (98), 16 (94), 36 (85), 54 (87), 0 (98)]";19774;"Maquina 2: [45 (7), 1 (6), 52 (1), 12 (19), 5 (22), 35 (38), 56 (10), 53 (13), 19 (17), 20 (30), 8 (53), 43 (28), 31 (39), 6 (40), 22 (57), 24 (29), 37 (44), 26 (72), 59 (90), 18 (59), 28 (66), 32 (70), 48 (68), 41 (98), 33 (78), 30 (73), 49 (84), 51 (76), 55 (97), 46 (85)]";19068
TABÚ;60;2;37865;94.0;100;"Maquina 1: [40 (1), 20 (30), 34 (15), 24 (29), 1 (6), 5 (22), 53 (13), 19 (17), 4 (41), 50 (19), 8 (53), 43 (28), 48 (68), 21 (53), 37 (44), 27 (39), 3 (40), 33 (78), 22 (57), 18 (59), 26 (72), 16 (94), 32 (70), 49 (84), 14 (66), 36 (85), 55 (97), 0 (98), 44 (98)]";18131;"Maquina 2: [10 (10), 45 (7), 52 (1), 38 (12), 12 (19), 17 (3), 56 (10), 6 (40), 23 (29), 9 (33), 7 (27), 47 (17), 35 (38), 25 (58), 39 (29), 29 (70), 31 (39), 28 (66), 2 (51), 51 (76), 13 (82), 30 (73), 57 (67), 42 (77), 11 (73), 58 (74), 15 (72), 54 (87), 46 (85), 59 (90), 41 (98)]";19734
VNS;60;2;38638;6996.0;100;"Maquina 1: [50 (19), 34 (15), 38 (12), 45 (7), 39 (29), 10 (10), 40 (1), 7 (27), 47 (17), 23 (29), 9 (33), 3 (40), 4 (41), 27 (39), 14 (66), 21 (53), 11 (73), 2 (51), 58 (74), 29 (70), 25 (58), 15 (72), 13 (82), 57 (67), 42 (77), 44 (98), 0 (98), 36 (85), 54 (87), 16 (94)]";19603;"Maquina 2: [17 (3), 1 (6), 52 (1), 12 (19), 5 (22), 35 (38), 56 (10), 53 (13), 19 (17), 20 (30), 8 (53), 43 (28), 31 (39), 6 (40), 22 (57), 24 (29), 37 (44), 26 (72), 59 (90), 18 (59), 28 (66), 32 (70), 48 (68), 41 (98), 33 (78), 30 (73), 49 (84), 51 (76), 55 (97), 46 (85)]";19035
Multiarranque;60;2;38101;563.0;100;"Maquina 1: [34 (15), 45 (7), 1 (6), 17 (3), 43 (28), 23 (29), 7 (27), 10 (10), 24 (29), 4 (41), 39 (29), 27 (39), 26 (72), 13 (82), 37 (44), 6 (40), 22 (57), 18 (59), 11 (73), 15 (72), 28 (66), 58 (74), 54 (87), 36 (85), 57 (67), 33 (78), 42 (77), 44 (98), 49 (84)]";18272;"Maquina 2: [52 (1), 38 (12), 12 (19), 50 (19), 40 (1), 47 (17), 53 (13), 19 (17), 5 (22), 3 (40), 56 (10), 20 (30), 8 (53), 9 (33), 14 (66), 35 (38), 31 (39), 32 (70), 25 (58), 2 (51), 46 (85), 48 (68), 21 (53), 30 (73), 51 (76), 29 (70), 59 (90), 16 (94), 41 (98), 55 (97), 0 (98)]";19829
GREEDY;60;2;51312;0.0;1;"Maquina 1: [17 (35), 57 (15), 3 (15), 50 (1), 30 (69), 47 (51), 5 (5), 26 (40), 18 (27), 29 (32), 51 (49), 16 (18), 21 (50), 20 (21), 13 (39), 34 (70), 44 (50), 56 (53), 46 (61), 14 (94), 28 (81), 24 (78), 10 (72), 27 (83), 42 (80), 40 (55), 33 (89), 7 (92), 23 (88), 22 (99)]";26511;"Maquina 2: [43 (28), 58 (25), 59 (4), 9 (15), 2 (42), 19 (17), 53 (10), 36 (51), 12 (25), 35 (36), 0 (19), 49 (32), 6 (61), 32 (44), 54 (54), 25 (82), 15 (89), 55 (39), 31 (66), 39 (59), 41 (50), 38 (91), 48 (72), 37 (53), 4 (72), 45 (80), 1 (84), 52 (79), 11 (94), 8 (98)]";24801
GRASP;60;2;48063;328.0;100;"Maquina 1: [12 (25), 35 (36), 29 (32), 43 (28), 3 (15), 50 (1), 32 (44), 17 (35), 20 (21), 6 (61), 0 (19), 26 (40), 49 (32), 42 (80), 44 (50), 19 (17), 33 (89), 13 (39), 36 (51), 54 (54), 27 (83), 25 (82), 45 (80), 46 (61), 28 (81), 1 (84), 22 (99), 10 (72), 14 (94), 40 (55), 8 (98)]";26539;"Maquina 2: [5 (5), 58 (25), 18 (27), 59 (4), 34 (70), 16 (18), 21 (50), 53 (10), 9 (15), 57 (15), 55 (39), 51 (49), 47 (51), 37 (53), 15 (89), 2 (42), 41 (50), 56 (53), 39 (59), 48 (72), 38 (91), 31 (66), 4 (72), 24 (78), 52 (79), 23 (88), 7 (92), 30 (69), 11 (94)]";21524
LNS;60;2;50569;55.0;100;"Maquina 1: [17 (35), 57 (15), 3 (15), 50 (1), 30 (69), 47 (51), 5 (5), 26 (40), 18 (27), 29 (32), 51 (49), 16 (18), 21 (50), 10 (72), 13 (39), 20 (21), 44 (50), 56 (53), 46 (61), 14 (94), 28 (81), 24 (78), 34 (70), 27 (83), 42 (80), 40 (55), 33 (89), 7 (92), 23 (88), 22 (99)]";25856;"Maquina 2: [43 (28), 58 (25), 59 (4), 9 (15), 2 (42), 19 (17), 53 (10), 36 (51), 12 (25), 35 (36), 0 (19), 49 (32), 6 (61), 32 (44), 54 (54), 25 (82), 15 (89), 55 (39), 31 (66), 39 (59), 41 (50), 1 (84), 11 (94), 37 (53), 4 (72), 45 (80), 38 (91), 52 (79), 48 (72), 8 (98)]";24713
TABÚ;60;2;48173;100.0;100;"Maquina 1: [5 (5), 18 (27), 36 (51), 12 (25), 59 (4), 9 (15), 17 (35), 57 (15), 0 (19), 55 (39), 35 (36), 52 (79), 19 (17), 32 (44), 44 (50), 2 (42), 40 (55), 25 (82), 6 (61), 24 (78), 4 (72), 56 (53), 15 (89), 23 (88), 45 (80), 48 (72), 8 (98), 7 (92), 31 (66), 33 (89), 11 (94)]";25444;"Maquina 2: [20 (21), 3 (15), 50 (1), 58 (25), 26 (40), 53 (10), 30 (69), 43 (28), 37 (53), 46 (61), 29 (32), 51 (49), 34 (70), 16 (18), 21 (50), 10 (72), 13 (39), 49 (32), 54 (54), 47 (51), 42 (80), 27 (83), 1 (84), 39 (59), 41 (50), 14 (94), 28 (81), 38 (91), 22 (99)]";22729
VNS;60;2;50297;4761.0;100;"Maquina 1: [17 (35), 57 (15), 19 (17), 30 (69), 47 (51), 5 (5), 26 (40), 18 (27), 51 (49), 16 (18), 21 (50), 31 (66), 13 (39), 34 (70), 44 (50), 56 (53), 46 (61), 14 (94), 28 (81), 24 (78), 10 (72), 27 (83), 42 (80), 40 (55), 33 (89), 7 (92), 23 (88), 22 (99)]";24894;"Maquina 2: [43 (28), 29 (32), 50 (1), 58 (25), 59 (4), 9 (15), 2 (42), 3 (15), 53 (10), 36 (51), 12 (25), 35 (36), 0 (19), 49 (32), 6 (61), 32 (44), 54 (54), 25 (82), 15 (89), 55 (39), 20 (21), 39 (59), 41 (50), 38 (91), 11 (94), 37 (53), 4 (72), 45 (80), 1 (84), 52 (79), 48 (72), 8 (98)]";25403
Multiarranque;60;2;48052;636.0;100;"Maquina 1: [20 (21), 19 (17), 3 (15), 50 (1), 17 (35), 10 (72), 32 (44), 21 (50), 29 (32), 45 (80), 55 (39), 5 (5), 18 (27), 36 (51), 23 (88), 56 (53), 39 (59), 2 (42), 48 (72), 27 (83), 6 (61), 54 (54), 33 (89), 7 (92), 15 (89), 8 (98), 31 (66), 30 (69), 38 (91)]";23299;"Maquina 2: [53 (10), 9 (15), 57 (15), 0 (19), 49 (32), 59 (4), 26 (40), 58 (25), 13 (39), 4 (72), 24 (78), 43 (28), 12 (25), 35 (36), 46 (61), 51 (49), 34 (70), 16 (18), 44 (50), 28 (81), 47 (51), 40 (55), 37 (53), 41 (50), 1 (84), 22 (99), 25 (82), 52 (79), 11 (94), 14 (94), 42 (80)]";24753
GREEDY;60;2;36029;1.0;1;"Maquina 1: [55 (14), 29 (3), 23 (8), 4 (1), 21 (12), 1 (23), 19 (10), 54 (38), 5 (22), 16 (28), 48 (29), 2 (36), 13 (41), 58 (21), 26 (42), 33 (37), 12 (47), 35 (43), 28 (55), 30 (64), 22 (73), 47 (66), 49 (78), 17 (65), 41 (68), 10 (98), 20 (70), 27 (81), 43 (87), 14 (93)]";17356;"Maquina 2: [38 (7), 24 (3), 6 (15), 57 (7), 3 (16), 59 (21), 11 (25), 7 (11), 25 (30), 39 (36), 42 (22), 31 (52), 53 (37), 46 (41), 50 (44), 44 (29), 52 (67), 56 (38), 18 (76), 45 (69), 8 (43), 9 (65), 0 (84), 37 (79), 40 (63), 32 (72), 36 (92), 34 (65), 51 (99), 15 (97)]";18673
GRASP;60;2;34568;354.0;100;"Maquina 1: [4 (1), 38 (7), 50 (44), 23 (8), 3 (16), 59 (21), 11 (25), 2 (36), 42 (22), 19 (10), 44 (29), 33 (37), 26 (42), 39 (36), 31 (52), 35 (43), 54 (38), 52 (67), 28 (55), 30 (64), 47 (66), 45 (69), 34 (65), 41 (68), 32 (72), 49 (78), 14 (93), 36 (92), 51 (99)]";16797;"Maquina 2: [57 (7), 55 (14), 24 (3), 16 (28), 21 (12), 6 (15), 1 (23), 29 (3), 13 (41), 58 (21), 56 (38), 5 (22), 48 (29), 7 (11), 25 (30), 8 (43), 53 (37), 46 (41), 12 (47), 22 (73), 0 (84), 40 (63), 18 (76), 17 (65), 9 (65), 20 (70), 27 (81), 43 (87), 37 (79), 10 (98), 15 (97)]";17771
LNS;60;2;35921;56.0;100;"Maquina 1: [55 (14), 29 (3), 23 (8), 4 (1), 48 (29), 1 (23), 19 (10), 2 (36), 5 (22), 16 (28), 21 (12), 54 (38), 13 (41), 58 (21), 26 (42), 33 (37), 12 (47), 35 (43), 28 (55), 30 (64), 22 (73), 47 (66), 49 (78), 17 (65), 41 (68), 10 (98), 20 (70), 27 (81), 43 (87), 14 (93)]";17248;"Maquina 2: [38 (7), 24 (3), 6 (15), 57 (7), 3 (16), 59 (21), 11 (25), 7 (11), 25 (30), 39 (36), 42 (22), 31 (52), 53 (37), 46 (41), 50 (44), 44 (29), 52 (67), 56 (38), 18 (76), 45 (69), 8 (43), 9 (65), 0 (84), 37 (79), 40 (63), 32 (72), 36 (92), 34 (65), 51 (99), 15 (97)]";18673
TABÚ;60;2;34816;91.0;100;"Maquina 1: [55 (14), 38 (7), 8 (43), 24 (3), 1 (23), 29 (3), 46 (41), 11 (25), 7 (11), 56 (38), 5 (22), 16 (28), 9 (65), 33 (37), 39 (36), 12 (47), 35 (43), 32 (72), 28 (55), 30 (64), 47 (66), 45 (69), 0 (84), 37 (79), 40 (63), 18 (76), 36 (92), 51 (99), 10 (98)]";17080;"Maquina 2: [4 (1), 21 (12), 6 (15), 57 (7), 3 (16), 59 (21), 23 (8), 58 (21), 44 (29), 13 (41), 42 (22), 19 (10), 54 (38), 2 (36), 31 (52), 26 (42), 53 (37), 25 (30), 34 (65), 50 (44), 15 (97), 48 (29), 52 (67), 17 (65), 41 (68), 22 (73), 27 (81), 43 (87), 49 (78), 14 (93), 20 (70)]";17736
VNS;60;2;35671;4856.0;100;"Maquina 1: [55 (14), 29 (3), 23 (8), 3 (16), 2 (36), 24 (3), 1 (23), 19 (10), 54 (38), 5 (22), 16 (28), 48 (29), 13 (41), 58 (21), 26 (42), 33 (37), 12 (47), 35 (43), 28 (55), 30 (64), 22 (73), 47 (66), 49 (78), 17 (65), 41 (68), 10 (98), 20 (70), 27 (81), 43 (87), 14 (93)]";17740;"Maquina 2: [38 (7), 21 (12), 6 (15), 57 (7), 4 (1), 59 (21), 11 (25), 7 (11), 25 (30), 39 (36), 42 (22), 31 (52), 53 (37), 46 (41), 50 (44), 44 (29), 52 (67), 56 (38), 18 (76), 45 (69), 8 (43), 9 (65), 0 (84), 37 (79), 40 (63), 32 (72), 36 (92), 34 (65), 51 (99), 15 (97)]";17931
Multiarranque;60;2;34363;566.0;100;"Maquina 1: [4 (1), 38 (7), 21 (12), 6 (15), 57 (7), 55 (14), 1 (23), 29 (3), 59 (21), 11 (25), 46 (41), 2 (36), 53 (37), 42 (22), 33 (37), 26 (42), 20 (70), 34 (65), 50 (44), 40 (63), 54 (38), 9 (65), 31 (52), 52 (67), 14 (93), 0 (84), 22 (73), 32 (72), 36 (92), 37 (79), 15 (97)]";17607;"Maquina 2: [58 (21), 7 (11), 25 (30), 24 (3), 23 (8), 3 (16), 5 (22), 16 (28), 19 (10), 8 (43), 56 (38), 44 (29), 13 (41), 39 (36), 12 (47), 35 (43), 28 (55), 30 (64), 48 (29), 27 (81), 18 (76), 45 (69), 47 (66), 41 (68), 17 (65), 43 (87), 49 (78), 10 (98), 51 (99)]";16756
GREEDY;60;2;49793;1.0;1;"Maquina 1: [40 (2), 35 (24), 29 (10), 55 (23), 39 (19), 34 (7), 20 (62), 58 (30), 14 (22), 12 (48), 0 (42), 4 (34), 50 (24), 56 (39), 47 (40), 9 (50), 27 (52), 11 (67), 57 (68), 52 (63), 23 (94), 54 (54), 6 (65), 16 (69), 48 (89), 21 (90), 59 (76), 15 (85), 24 (91), 8 (74), 31 (98)]";25830;"Maquina 2: [13 (25), 41 (6), 7 (69), 5 (31), 3 (17), 25 (10), 22 (63), 42 (21), 18 (27), 33 (68), 49 (23), 38 (40), 30 (54), 37 (41), 1 (90), 51 (51), 2 (38), 10 (84), 44 (85), 28 (43), 43 (94), 19 (24), 32 (70), 45 (93), 17 (75), 53 (64), 26 (90), 36 (59), 46 (65)]";23963
GRASP;60;2;49711;335.0;100;"Maquina 1: [40 (2), 19 (24), 29 (10), 56 (39), 39 (19), 50 (24), 47 (40), 25 (10), 13 (25), 18 (27), 7 (69), 4 (34), 37 (41), 11 (67), 12 (48), 49 (23), 6 (65), 15 (85), 46 (65), 16 (69), 20 (62), 1 (90), 48 (89), 36 (59), 31 (98), 52 (63), 10 (84), 28 (43), 24 (91), 43 (94)]";25542;"Maquina 2: [34 (7), 41 (6), 5 (31), 3 (17), 22 (63), 42 (21), 14 (22), 9 (50), 2 (38), 55 (23), 54 (54), 35 (24), 38 (40), 27 (52), 58 (30), 51 (51), 0 (42), 17 (75), 8 (74), 59 (76), 30 (54), 26 (90), 32 (70), 45 (93), 53 (64), 33 (68), 57 (68), 23 (94), 44 (85), 21 (90)]";24169
LNS;60;2;49496;55.0;100;"Maquina 1: [40 (2), 35 (24), 29 (10), 55 (23), 39 (19), 34 (7), 20 (62), 58 (30), 14 (22), 12 (48), 0 (42), 4 (34), 50 (24), 56 (39), 47 (40), 9 (50), 27 (52), 11 (67), 57 (68), 52 (63), 23 (94), 54 (54), 6 (65), 16 (69), 48 (89), 21 (90), 59 (76), 15 (85), 24 (91), 8 (74), 31 (98)]";25830;"Maquina 2: [13 (25), 41 (6), 7 (69), 5 (31), 3 (17), 25 (10), 22 (63), 42 (21), 18 (27), 33 (68), 49 (23), 38 (40), 10 (84), 37 (41), 1 (90), 51 (51), 2 (38), 30 (54), 44 (85), 28 (43), 43 (94), 19 (24), 32 (70), 36 (59), 17 (75), 53 (64), 26 (90), 45 (93), 46 (65)]";23666
TABÚ;60;2;46864;93.0;100;"Maquina 1: [40 (2), 35 (24), 38 (40), 13 (25), 33 (68), 55 (23), 39 (19), 34 (7), 18 (27), 22 (63), 14 (22), 9 (50), 51 (51), 2 (38), 58 (30), 37 (41), 27 (52), 46 (65), 16 (69), 48 (89), 29 (10), 43 (94), 6 (65), 15 (85), 11 (67), 32 (70), 45 (93), 53 (64), 23 (94), 44 (85)]";22987;"Maquina 2: [41 (6), 5 (31), 3 (17), 25 (10), 50 (24), 56 (39), 28 (43), 19 (24), 57 (68), 42 (21), 0 (42), 4 (34), 59 (76), 49 (23), 30 (54), 20 (62), 54 (54), 12 (48), 7 (69), 36 (59), 47 (40), 52 (63), 21 (90), 24 (91), 1 (90), 31 (98), 8 (74), 17 (75), 10 (84), 26 (90)]";23877
VNS;60;2;47876;6696.0;100;"Maquina 1: [40 (2), 35 (24), 29 (10), 30 (54), 39 (19), 34 (7), 20 (62), 58 (30), 14 (22), 12 (48), 0 (42), 4 (34), 25 (10), 50 (24), 56 (39), 47 (40), 9 (50), 27 (52), 11 (67), 57 (68), 52 (63), 23 (94), 54 (54), 6 (65), 16 (69), 48 (89), 36 (59), 31 (98), 15 (85), 24 (91), 26 (90)]";24669;"Maquina 2: [55 (23), 41 (6), 7 (69), 5 (31), 3 (17), 22 (63), 42 (21), 18 (27), 33 (68), 49 (23), 38 (40), 13 (25), 37 (41), 1 (90), 51 (51), 2 (38), 10 (84), 44 (85), 28 (43), 43 (94), 19 (24), 32 (70), 45 (93), 46 (65), 53 (64), 59 (76), 21 (90), 17 (75), 8 (74)]";23207
Multiarranque;60;2;46970;563.0;100;"Maquina 1: [25 (10), 39 (19), 55 (23), 38 (40), 13 (25), 3 (17), 20 (62), 56 (39), 40 (2), 27 (52), 58 (30), 14 (22), 51 (51), 54 (54), 28 (43), 19 (24), 0 (42), 4 (34), 33 (68), 8 (74), 32 (70), 21 (90), 6 (65), 16 (69), 59 (76), 15 (85), 57 (68), 23 (94), 31 (98), 24 (91)]";22940;"Maquina 2: [29 (10), 30 (54), 34 (7), 41 (6), 37 (41), 35 (24), 42 (21), 18 (27), 7 (69), 49 (23), 5 (31), 50 (24), 47 (40), 9 (50), 2 (38), 12 (48), 53 (64), 22 (63), 11 (67), 17 (75), 46 (65), 36 (59), 10 (84), 44 (85), 26 (90), 45 (93), 1 (90), 52 (63), 48 (89), 43 (94)]";24030
GREEDY;60;2;48423;1.0;1;"Maquina 1: [48 (15), 13 (1), 24 (20), 14 (15), 1 (37), 16 (34), 53 (14), 15 (30), 23 (9), 59 (39), 7 (18), 29 (29), 27 (81), 40 (55), 36 (44), 20 (41), 30 (68), 17 (46), 52 (71), 32 (57), 51 (75), 5 (52), 44 (89), 6 (59), 9 (80), 49 (86), 3 (77), 43 (92), 37 (98), 28 (95)]";24407;"Maquina 2: [45 (33), 38 (15), 12 (4), 4 (12), 8 (20), 22 (42), 31 (12), 18 (32), 41 (52), 19 (17), 35 (34), 33 (38), 0 (41), 56 (24), 39 (51), 46 (45), 55 (53), 25 (76), 42 (69), 26 (56), 54 (58), 50 (80), 58 (66), 47 (92), 11 (88), 21 (77), 34 (85), 2 (74), 10 (91), 57 (95)]";24016
GRASP;60;2;46279;350.0;100;"Maquina 1: [48 (15), 29 (29), 4 (12), 14 (15), 13 (1), 56 (24), 23 (9), 18 (32), 41 (52), 8 (20), 15 (30), 59 (39), 36 (44), 45 (33), 32 (57), 51 (75), 27 (81), 40 (55), 22 (42), 20 (41), 21 (77), 58 (66), 30 (68), 54 (58), 52 (71), 3 (77), 43 (92), 37 (98), 34 (85), 57 (95)]";22560;"Maquina 2: [0 (41), 38 (15), 12 (4), 31 (12), 24 (20), 53 (14), 39 (51), 7 (18), 1 (37), 16 (34), 2 (74), 6 (59), 26 (56), 19 (17), 46 (45), 33 (38), 17 (46), 11 (88), 35 (34), 47 (92), 50 (80), 55 (53), 25 (76), 42 (69), 5 (52), 10 (91), 44 (89), 9 (80), 49 (86), 28 (95)]";23719
LNS;60;2;46917;54.0;100;"Maquina 1: [48 (15), 13 (1), 24 (20), 5 (52), 1 (37), 16 (34), 53 (14), 23 (9), 15 (30), 59 (39), 7 (18), 29 (29), 27 (81), 40 (55), 36 (44), 20 (41), 30 (68), 17 (46), 52 (71), 32 (57), 51 (75), 14 (15), 44 (89), 6 (59), 9 (80), 49 (86), 3 (77), 43 (92), 37 (98), 28 (95)]";23922;"Maquina 2: [45 (33), 38 (15), 22 (42), 4 (12), 8 (20), 12 (4), 31 (12), 18 (32), 41 (52), 19 (17), 35 (34), 33 (38), 0 (41), 56 (24), 39 (51), 46 (45), 55 (53), 25 (76), 42 (69), 26 (56), 54 (58), 11 (88), 58 (66), 47 (92), 50 (80), 21 (77), 34 (85), 2 (74), 10 (91), 57 (95)]";22995
TABÚ;60;2;44399;100.0;100;"Maquina 1: [19 (17), 13 (1), 52 (71), 33 (38), 48 (15), 56 (24), 12 (4), 31 (12), 18 (32), 5 (52), 26 (56), 40 (55), 36 (44), 24 (20), 46 (45), 55 (53), 7 (18), 29 (29), 6 (59), 54 (58), 17 (46), 2 (74), 49 (86), 25 (76), 42 (69), 28 (95), 10 (91), 21 (77), 34 (85), 9 (80)]";21834;"Maquina 2: [14 (15), 53 (14), 23 (9), 8 (20), 15 (30), 45 (33), 38 (15), 22 (42), 4 (12), 16 (34), 20 (41), 30 (68), 39 (51), 59 (39), 35 (34), 1 (37), 58 (66), 32 (57), 51 (75), 0 (41), 50 (80), 27 (81), 41 (52), 11 (88), 3 (77), 43 (92), 44 (89), 47 (92), 37 (98), 57 (95)]";22565
VNS;60;2;46710;7108.0;100;"Maquina 1: [48 (15), 13 (1), 24 (20), 14 (15), 1 (37), 16 (34), 53 (14), 15 (30), 23 (9), 7 (18), 29 (29), 27 (81), 40 (55), 36 (44), 20 (41), 30 (68), 54 (58), 52 (71), 22 (42), 51 (75), 5 (52), 44 (89), 6 (59), 26 (56), 9 (80), 49 (86), 3 (77), 43 (92), 37 (98), 57 (95)]";23878;"Maquina 2: [45 (33), 38 (15), 12 (4), 4 (12), 8 (20), 32 (57), 59 (39), 31 (12), 18 (32), 41 (52), 19 (17), 35 (34), 33 (38), 0 (41), 56 (24), 39 (51), 46 (45), 55 (53), 25 (76), 42 (69), 17 (46), 11 (88), 58 (66), 47 (92), 50 (80), 21 (77), 34 (85), 2 (74), 10 (91), 28 (95)]";22832
Multiarranque;60;2;43946;561.0;100;"Maquina 1: [56 (24), 20 (41), 13 (1), 36 (44), 22 (42), 53 (14), 39 (51), 31 (12), 18 (32), 19 (17), 24 (20), 46 (45), 1 (37), 32 (57), 55 (53), 5 (52), 6 (59), 26 (56), 3 (77), 58 (66), 30 (68), 49 (86), 50 (80), 27 (81), 40 (55), 28 (95), 10 (91), 11 (88), 43 (92)]";21732;"Maquina 2: [59 (39), 38 (15), 48 (15), 12 (4), 23 (9), 16 (34), 8 (20), 15 (30), 45 (33), 17 (46), 29 (29), 41 (52), 4 (12), 21 (77), 14 (15), 57 (95), 7 (18), 51 (75), 35 (34), 33 (38), 0 (41), 34 (85), 25 (76), 42 (69), 54 (58), 52 (71), 44 (89), 47 (92), 37 (98), 2 (74), 9 (80)]";22214
GREEDY;60;2;42741;0.0;1;"Maquina 1: [42 (11), 57 (7), 28 (15), 22 (32), 37 (6), 55 (3), 10 (36), 36 (9), 2 (17), 51 (58), 6 (39), 56 (21), 18 (42), 27 (37), 0 (34), 46 (64), 34 (77), 26 (44), 19 (49), 25 (62), 3 (48), 49 (66), 47 (94), 43 (62), 33 (69), 48 (82), 52 (91), 41 (97), 9 (90), 5 (79)]";20420;"Maquina 2: [24 (8), 32 (21), 53 (11), 39 (5), 14 (29), 45 (7), 4 (16), 54 (48), 58 (33), 29 (39), 15 (38), 30 (10), 23 (36), 8 (43), 12 (65), 20 (60), 35 (34), 7 (47), 50 (62), 13 (94), 44 (55), 40 (77), 31 (62), 21 (73), 59 (67), 11 (81), 17 (89), 16 (96), 1 (91), 38 (98)]";22321
GRASP;60;2;41044;336.0;100;"Maquina 1: [37 (6), 2 (17), 56 (21), 39 (5), 45 (7), 42 (11), 57 (7), 28 (15), 22 (32), 51 (58), 0 (34), 15 (38), 12 (65), 35 (34), 7 (47), 47 (94), 10 (36), 31 (62), 20 (60), 6 (39), 46 (64), 40 (77), 49 (66), 13 (94), 23 (36), 41 (97), 59 (67), 21 (73), 17 (89), 52 (91)]";20753;"Maquina 2: [30 (10), 4 (16), 55 (3), 24 (8), 32 (21), 36 (9), 18 (42), 27 (37), 14 (29), 58 (33), 3 (48), 53 (11), 29 (39), 25 (62), 8 (43), 26 (44), 19 (49), 44 (55), 50 (62), 5 (79), 38 (98), 54 (48), 43 (62), 33 (69), 48 (82), 34 (77), 11 (81), 9 (90), 16 (96), 1 (91)]";20291
LNS;60;2;42564;56.0;100;"Maquina 1: [42 (11), 57 (7), 28 (15), 22 (32), 37 (6), 55 (3), 10 (36), 36 (9), 2 (17), 51 (58), 6 (39), 56 (21), 18 (42), 27 (37), 0 (34), 46 (64), 34 (77), 26 (44), 19 (49), 25 (62), 3 (48), 49 (66), 47 (94), 43 (62), 33 (69), 48 (82), 52 (91), 41 (97), 9 (90), 5 (79)]";20420;"Maquina 2: [24 (8), 32 (21), 53 (11), 39 (5), 14 (29), 45 (7), 4 (16), 54 (48), 58 (33), 29 (39), 15 (38), 30 (10), 7 (47), 8 (43), 12 (65), 20 (60), 35 (34), 23 (36), 50 (62), 13 (94), 44 (55), 40 (77), 59 (67), 21 (73), 17 (89), 11 (81), 31 (62), 16 (96), 1 (91), 38 (98)]";22144
TABÚ;60;2;41108;93.0;100;"Maquina 1: [30 (10), 4 (16), 57 (7), 32 (21), 55 (3), 15 (38), 22 (32), 53 (11), 35 (34), 7 (47), 2 (17), 28 (15), 51 (58), 0 (34), 25 (62), 46 (64), 44 (55), 18 (42), 8 (43), 12 (65), 47 (94), 3 (48), 48 (82), 17 (89), 43 (62), 33 (69), 34 (77), 1 (91), 38 (98), 59 (67)]";19999;"Maquina 2: [37 (6), 24 (8), 6 (39), 45 (7), 56 (21), 39 (5), 36 (9), 42 (11), 19 (49), 23 (36), 27 (37), 14 (29), 58 (33), 54 (48), 50 (62), 20 (60), 29 (39), 10 (36), 40 (77), 21 (73), 9 (90), 26 (44), 31 (62), 49 (66), 13 (94), 5 (79), 11 (81), 41 (97), 16 (96), 52 (91)]";21109
VNS;60;2;42162;7028.0;100;"Maquina 1: [42 (11), 57 (7), 28 (15), 22 (32), 37 (6), 55 (3), 10 (36), 36 (9), 2 (17), 6 (39), 56 (21), 18 (42), 27 (37), 14 (29), 46 (64), 34 (77), 26 (44), 19 (49), 25 (62), 40 (77), 49 (66), 47 (94), 43 (62), 33 (69), 48 (82), 52 (91), 41 (97), 9 (90), 5 (79), 16 (96)]";20507;"Maquina 2: [24 (8), 32 (21), 53 (11), 39 (5), 0 (34), 45 (7), 4 (16), 54 (48), 58 (33), 29 (39), 15 (38), 30 (10), 23 (36), 8 (43), 12 (65), 20 (60), 35 (34), 7 (47), 51 (58), 50 (62), 13 (94), 44 (55), 3 (48), 31 (62), 21 (73), 59 (67), 11 (81), 17 (89), 1 (91), 38 (98)]";21655
Multiarranque;60;2;40418;565.0;100;"Maquina 1: [42 (11), 53 (11), 29 (39), 39 (5), 14 (29), 45 (7), 7 (47), 2 (17), 26 (44), 20 (60), 3 (48), 8 (43), 0 (34), 40 (77), 35 (34), 23 (36), 25 (62), 1 (91), 12 (65), 49 (66), 43 (62), 33 (69), 46 (64), 34 (77), 11 (81), 41 (97), 9 (90), 52 (91), 16 (96)]";21160;"Maquina 2: [37 (6), 24 (8), 32 (21), 30 (10), 4 (16), 55 (3), 59 (67), 6 (39), 56 (21), 10 (36), 57 (7), 28 (15), 36 (9), 18 (42), 27 (37), 19 (49), 44 (55), 15 (38), 22 (32), 51 (58), 50 (62), 5 (79), 54 (48), 31 (62), 21 (73), 58 (33), 48 (82), 17 (89), 47 (94), 38 (98), 13 (94)]";19258
GREEDY;60;2;47595;1.0;1;"Maquina 1: [0 (3), 20 (23), 59 (15), 41 (46), 14 (37), 31 (22), 36 (33), 32 (51), 18 (28), 7 (35), 5 (40), 3 (31), 34 (7), 2 (43), 17 (64), 25 (42), 8 (60), 29 (65), 9 (50), 23 (69), 33 (66), 4 (65), 44 (77), 38 (70), 21 (56), 58 (93), 52 (67), 28 (83), 26 (72), 11 (96)]";23372;"Maquina 2: [1 (41), 10 (33), 24 (6), 40 (53), 55 (14), 13 (18), 15 (23), 45 (35), 6 (11), 12 (70), 37 (29), 49 (33), 56 (37), 22 (51), 48 (38), 46 (58), 27 (61), 42 (65), 57 (81), 50 (44), 35 (64), 51 (47), 53 (70), 47 (66), 19 (65), 54 (68), 39 (77), 16 (85), 43 (94), 30 (99)]";24223
GRASP;60;2;45458;349.0;100;"Maquina 1: [6 (11), 49 (33), 41 (46), 34 (7), 40 (53), 36 (33), 14 (37), 31 (22), 3 (31), 50 (44), 59 (15), 10 (33), 24 (6), 56 (37), 42 (65), 9 (50), 25 (42), 47 (66), 21 (56), 35 (64), 54 (68), 33 (66), 58 (93), 19 (65), 38 (70), 4 (65), 57 (81), 12 (70), 43 (94), 16 (85)]";22544;"Maquina 2: [13 (18), 0 (3), 20 (23), 15 (23), 8 (60), 45 (35), 32 (51), 18 (28), 7 (35), 1 (41), 55 (14), 37 (29), 22 (51), 48 (38), 46 (58), 2 (43), 51 (47), 53 (70), 5 (40), 11 (96), 27 (61), 17 (64), 23 (69), 39 (77), 44 (77), 29 (65), 30 (99), 52 (67), 28 (83), 26 (72)]";22914
LNS;60;2;46206;56.0;100;"Maquina 1: [0 (3), 20 (23), 59 (15), 41 (46), 14 (37), 31 (22), 36 (33), 32 (51), 18 (28), 7 (35), 5 (40), 3 (31), 34 (7), 2 (43), 17 (64), 25 (42), 8 (60), 29 (65), 9 (50), 23 (69), 33 (66), 4 (65), 44 (77), 38 (70), 21 (56), 58 (93), 52 (67), 28 (83), 26 (72), 11 (96)]";23372;"Maquina 2: [50 (44), 10 (33), 24 (6), 40 (53), 55 (14), 13 (18), 47 (66), 45 (35), 6 (11), 12 (70), 37 (29), 49 (33), 56 (37), 22 (51), 48 (38), 46 (58), 27 (61), 42 (65), 15 (23), 1 (41), 19 (65), 51 (47), 53 (70), 57 (81), 35 (64), 54 (68), 39 (77), 43 (94), 16 (85), 30 (99)]";22834
TABÚ;60;2;46219;93.0;100;"Maquina 1: [0 (3), 20 (23), 6 (11), 15 (23), 8 (60), 7 (35), 10 (33), 34 (7), 41 (46), 14 (37), 55 (14), 9 (50), 51 (47), 25 (42), 37 (29), 22 (51), 5 (40), 36 (33), 12 (70), 43 (94), 19 (65), 54 (68), 23 (69), 35 (64), 58 (93), 29 (65), 42 (65), 44 (77), 30 (99), 52 (67)]";22366;"Maquina 2: [50 (44), 59 (15), 24 (6), 56 (37), 3 (31), 49 (33), 31 (22), 18 (28), 40 (53), 13 (18), 2 (43), 4 (65), 1 (41), 48 (38), 26 (72), 45 (35), 32 (51), 33 (66), 17 (64), 21 (56), 46 (58), 27 (61), 53 (70), 28 (83), 16 (85), 57 (81), 38 (70), 47 (66), 39 (77), 11 (96)]";23853
VNS;60;2;46697;5115.0;100;"Maquina 1: [15 (23), 20 (23), 59 (15), 41 (46), 14 (37), 31 (22), 36 (33), 32 (51), 18 (28), 7 (35), 5 (40), 3 (31), 34 (7), 2 (43), 17 (64), 25 (42), 8 (60), 29 (65), 9 (50), 33 (66), 4 (65), 44 (77), 38 (70), 21 (56), 58 (93), 52 (67), 28 (83), 26 (72), 30 (99)]";22378;"Maquina 2: [1 (41), 10 (33), 24 (6), 40 (53), 55 (14), 13 (18), 0 (3), 45 (35), 6 (11), 12 (70), 37 (29), 49 (33), 56 (37), 22 (51), 48 (38), 46 (58), 27 (61), 42 (65), 57 (81), 50 (44), 35 (64), 51 (47), 53 (70), 47 (66), 19 (65), 54 (68), 39 (77), 23 (69), 43 (94), 16 (85), 11 (96)]";24319
Multiarranque;60;2;46086;558.0;100;"Maquina 1: [20 (23), 37 (29), 18 (28), 7 (35), 48 (38), 0 (3), 3 (31), 50 (44), 59 (15), 47 (66), 45 (35), 32 (51), 33 (66), 46 (58), 15 (23), 1 (41), 19 (65), 38 (70), 27 (61), 42 (65), 44 (77), 31 (22), 2 (43), 40 (53), 17 (64), 23 (69), 57 (81), 30 (99), 58 (93), 11 (96)]";22025;"Maquina 2: [36 (33), 6 (11), 49 (33), 25 (42), 34 (7), 26 (72), 10 (33), 24 (6), 56 (37), 22 (51), 29 (65), 55 (14), 9 (50), 8 (60), 51 (47), 14 (37), 28 (83), 41 (46), 13 (18), 12 (70), 35 (64), 5 (40), 39 (77), 54 (68), 21 (56), 52 (67), 53 (70), 4 (65), 43 (94), 16 (85)]";24061
GREEDY;60;2;44151;1.0;1;"Maquina 1: [30 (3), 15 (27), 4 (2), 24 (5), 20 (17), 49 (33), 52 (23), 25 (12), 56 (19), 11 (38), 27 (8), 57 (56), 26 (27), 3 (66), 35 (10), 55 (43), 22 (42), 12 (79), 38 (44), 39 (73), 33 (49), 51 (68), 58 (64), 8 (67), 32 (86), 14 (74), 16 (87), 45 (98), 34 (76), 31 (91), 44 (94)]";22730;"Maquina 2: [28 (4), 47 (18), 6 (27), 21 (27), 19 (3), 2 (6), 0 (12), 46 (8), 41 (23), 43 (16), 23 (29), 1 (74), 53 (33), 37 (49), 36 (39), 59 (75), 40 (45), 7 (51), 10 (65), 17 (71), 9 (89), 5 (98), 18 (78), 54 (67), 50 (81), 13 (66), 29 (94), 48 (43), 42 (86)]";21421
GRASP;60;2;42221;332.0;100;"Maquina 1: [35 (10), 28 (4), 19 (3), 58 (64), 0 (12), 11 (38), 21 (27), 2 (6), 22 (42), 53 (33), 56 (19), 43 (16), 23 (29), 33 (49), 6 (27), 40 (45), 55 (43), 50 (81), 13 (66), 5 (98), 57 (56), 17 (71), 51 (68), 59 (75), 14 (74), 12 (79), 18 (78), 16 (87), 45 (98)]";20750;"Maquina 2: [15 (27), 4 (2), 24 (5), 30 (3), 47 (18), 25 (12), 20 (17), 46 (8), 48 (43), 26 (27), 52 (23), 41 (23), 36 (39), 27 (8), 9 (89), 7 (51), 38 (44), 54 (67), 39 (73), 49 (33), 1 (74), 32 (86), 37 (49), 10 (65), 31 (91), 44 (94), 42 (86), 3 (66), 34 (76), 29 (94), 8 (67)]";21471
LNS;60;2;43901;54.0;100;"Maquina 1: [30 (3), 15 (27), 4 (2), 24 (5), 20 (17), 49 (33), 52 (23), 25 (12), 56 (19), 11 (38), 27 (8), 57 (56), 26 (27), 3 (66), 35 (10), 55 (43), 22 (42), 12 (79), 38 (44), 39 (73), 33 (49), 51 (68), 58 (64), 8 (67), 32 (86), 14 (74), 16 (87), 45 (98), 34 (76), 31 (91), 44 (94)]";22730;"Maquina 2: [28 (4), 47 (18), 6 (27), 21 (27), 7 (51), 2 (6), 0 (12), 46 (8), 41 (23), 43 (16), 23 (29), 1 (74), 53 (33), 37 (49), 36 (39), 59 (75), 40 (45), 19 (3), 10 (65), 17 (71), 9 (89), 5 (98), 18 (78), 54 (67), 50 (81), 13 (66), 29 (94), 48 (43), 42 (86)]";21171
TABÚ;60;2;41700;92.0;100;"Maquina 1: [19 (3), 15 (27), 49 (33), 24 (5), 47 (18), 23 (29), 21 (27), 27 (8), 40 (45), 0 (12), 46 (8), 35 (10), 41 (23), 25 (12), 53 (33), 10 (65), 16 (87), 7 (51), 38 (44), 54 (67), 32 (86), 51 (68), 48 (43), 17 (71), 58 (64), 14 (74), 12 (79), 29 (94), 9 (89), 50 (81), 5 (98)]";20840;"Maquina 2: [11 (38), 4 (2), 28 (4), 20 (17), 52 (23), 56 (19), 43 (16), 3 (66), 6 (27), 30 (3), 36 (39), 59 (75), 2 (6), 22 (42), 57 (56), 26 (27), 55 (43), 1 (74), 37 (49), 33 (49), 8 (67), 13 (66), 34 (76), 18 (78), 39 (73), 31 (91), 44 (94), 42 (86), 45 (98)]";20860
VNS;60;2;42215;5317.0;100;"Maquina 1: [30 (3), 15 (27), 24 (5), 20 (17), 49 (33), 52 (23), 25 (12), 56 (19), 11 (38), 27 (8), 57 (56), 26 (27), 3 (66), 40 (45), 35 (10), 55 (43), 22 (42), 12 (79), 18 (78), 39 (73), 33 (49), 51 (68), 58 (64), 8 (67), 32 (86), 14 (74), 16 (87), 45 (98), 44 (94)]";20387;"Maquina 2: [28 (4), 47 (18), 6 (27), 21 (27), 19 (3), 4 (2), 2 (6), 0 (12), 46 (8), 41 (23), 43 (16), 23 (29), 1 (74), 53 (33), 37 (49), 36 (39), 59 (75), 7 (51), 10 (65), 17 (71), 9 (89), 5 (98), 38 (44), 54 (67), 50 (81), 13 (66), 29 (94), 34 (76), 31 (91), 48 (43), 42 (86)]";21828
Multiarranque;60;2;41157;563.0;100;"Maquina 1: [19 (3), 30 (3), 36 (39), 22 (42), 24 (5), 47 (18), 25 (12), 56 (19), 43 (16), 7 (51), 46 (8), 52 (23), 23 (29), 33 (49), 0 (12), 9 (89), 38 (44), 54 (67), 59 (75), 37 (49), 10 (65), 55 (43), 44 (94), 12 (79), 8 (67), 13 (66), 29 (94), 39 (73), 16 (87), 50 (81)]";19726;"Maquina 2: [20 (17), 35 (10), 28 (4), 41 (23), 40 (45), 6 (27), 27 (8), 11 (38), 4 (2), 2 (6), 21 (27), 53 (33), 15 (27), 49 (33), 48 (43), 57 (56), 17 (71), 51 (68), 26 (27), 3 (66), 34 (76), 14 (74), 45 (98), 1 (74), 58 (64), 18 (78), 42 (86), 32 (86), 5 (98), 31 (91)]";21431
GREEDY;60;2;51391;1.0;1;"Maquina 1: [51 (11), 9 (51), 18 (43), 13 (7), 52 (22), 6 (35), 41 (42), 26 (44), 11 (50), 33 (2), 21 (29), 58 (48), 2 (52), 47 (52), 17 (61), 53 (45), 39 (62), 32 (40), 14 (70), 10 (65), 8 (90), 3 (83), 19 (56), 46 (78), 44 (90), 55 (83), 56 (75), 42 (74), 12 (92), 37 (98)]";25358;"Maquina 2: [49 (4), 23 (33), 29 (53), 22 (10), 4 (13), 50 (50), 15 (37), 20 (43), 48 (51), 16 (43), 1 (45), 31 (48), 43 (98), 38 (49), 25 (41), 36 (62), 27 (24), 57 (60), 7 (52), 40 (77), 24 (68), 28 (90), 34 (93), 30 (83), 45 (74), 35 (71), 5 (82), 54 (62), 0 (91), 59 (83)]";26033
GRASP;60;2;51174;351.0;100;"Maquina 1: [18 (43), 13 (7), 33 (2), 25 (41), 4 (13), 35 (71), 23 (33), 41 (42), 26 (44), 19 (56), 50 (50), 2 (52), 1 (45), 9 (51), 27 (24), 47 (52), 17 (61), 53 (45), 59 (83), 56 (75), 44 (90), 29 (53), 54 (62), 0 (91), 42 (74), 46 (78), 5 (82), 10 (65), 8 (90), 37 (98)]";25260;"Maquina 2: [52 (22), 51 (11), 38 (49), 21 (29), 58 (48), 6 (35), 22 (10), 15 (37), 20 (43), 16 (43), 31 (48), 32 (40), 45 (74), 49 (4), 48 (51), 11 (50), 57 (60), 7 (52), 24 (68), 39 (62), 40 (77), 36 (62), 55 (83), 30 (83), 14 (70), 28 (90), 34 (93), 43 (98), 12 (92), 3 (83)]";25914
LNS;60;2;51391;57.0;100;"Maquina 1: [51 (11), 9 (51), 18 (43), 13 (7), 52 (22), 6 (35), 41 (42), 26 (44), 11 (50), 33 (2), 21 (29), 58 (48), 2 (52), 47 (52), 17 (61), 53 (45), 39 (62), 32 (40), 14 (70), 10 (65), 8 (90), 3 (83), 19 (56), 46 (78), 44 (90), 55 (83), 56 (75), 42 (74), 12 (92), 37 (98)]";25358;"Maquina 2: [49 (4), 23 (33), 29 (53), 22 (10), 4 (13), 50 (50), 15 (37), 20 (43), 48 (51), 16 (43), 1 (45), 31 (48), 43 (98), 38 (49), 25 (41), 36 (62), 27 (24), 57 (60), 7 (52), 40 (77), 24 (68), 28 (90), 34 (93), 30 (83), 45 (74), 35 (71), 5 (82), 54 (62), 0 (91), 59 (83)]";26033
TABÚ;60;2;51154;92.0;100;"Maquina 1: [6 (35), 22 (10), 13 (7), 33 (2), 53 (45), 4 (13), 35 (71), 24 (68), 23 (33), 21 (29), 26 (44), 48 (51), 16 (43), 0 (91), 29 (53), 54 (62), 18 (43), 47 (52), 1 (45), 58 (48), 55 (83), 56 (75), 44 (90), 30 (83), 45 (74), 17 (61), 37 (98), 9 (51), 28 (90), 43 (98)]";25312;"Maquina 2: [49 (4), 51 (11), 27 (24), 32 (40), 15 (37), 20 (43), 36 (62), 38 (49), 11 (50), 41 (42), 31 (48), 52 (22), 7 (52), 19 (56), 50 (50), 39 (62), 25 (41), 10 (65), 14 (70), 8 (90), 2 (52), 42 (74), 34 (93), 57 (60), 5 (82), 46 (78), 59 (83), 40 (77), 3 (83), 12 (92)]";25842
VNS;60;2;51204;8632.0;100;"Maquina 1: [51 (11), 9 (51), 18 (43), 13 (7), 52 (22), 6 (35), 41 (42), 26 (44), 11 (50), 33 (2), 21 (29), 58 (48), 2 (52), 47 (52), 17 (61), 53 (45), 39 (62), 32 (40), 14 (70), 10 (65), 8 (90), 19 (56), 46 (78), 44 (90), 55 (83), 56 (75), 42 (74), 12 (92), 37 (98), 40 (77)]";25207;"Maquina 2: [49 (4), 23 (33), 29 (53), 22 (10), 4 (13), 50 (50), 15 (37), 20 (43), 48 (51), 16 (43), 1 (45), 31 (48), 57 (60), 43 (98), 38 (49), 25 (41), 36 (62), 27 (24), 3 (83), 7 (52), 24 (68), 28 (90), 34 (93), 30 (83), 45 (74), 35 (71), 5 (82), 54 (62), 0 (91), 59 (83)]";25997
Multiarranque;60;2;50079;572.0;100;"Maquina 1: [4 (13), 41 (42), 13 (7), 52 (22), 54 (62), 33 (2), 2 (52), 1 (45), 48 (51), 38 (49), 51 (11), 9 (51), 53 (45), 39 (62), 31 (48), 32 (40), 14 (70), 50 (50), 59 (83), 10 (65), 24 (68), 27 (24), 47 (52), 8 (90), 46 (78), 0 (91), 56 (75), 44 (90), 42 (74), 3 (83), 45 (74)]";25588;"Maquina 2: [18 (43), 49 (4), 58 (48), 6 (35), 22 (10), 15 (37), 20 (43), 7 (52), 26 (44), 19 (56), 25 (41), 36 (62), 21 (29), 29 (53), 16 (43), 23 (33), 17 (61), 37 (98), 40 (77), 35 (71), 11 (50), 12 (92), 57 (60), 55 (83), 30 (83), 34 (93), 43 (98), 5 (82), 28 (90)]";24491
