GREEDY;50;4;15051;1.0;1;"Maquina 1: [38 (6), 16 (1), 24 (9), 19 (44), 18 (32), 45 (48), 25 (20), 5 (59), 36 (70), 21 (64), 31 (94), 40 (79), 2 (99)]";3622;"Maquina 2: [49 (6), 26 (2), 28 (80), 48 (9), 29 (42), 9 (28), 33 (61), 10 (71), 3 (48), 17 (65), 20 (95), 30 (99)]";3858;"Maquina 3: [35 (2), 1 (21), 15 (11), 6 (9), 27 (32), 14 (74), 41 (61), 13 (46), 44 (68), 34 (99), 47 (53), 37 (96), 12 (84)]";4155;"Maquina 4: [8 (3), 43 (28), 22 (9), 7 (54), 4 (15), 0 (70), 32 (33), 42 (62), 23 (47), 39 (76), 11 (90), 46 (97)]";3416
GRASP;50;4;13504;266.0;100;"Maquina 1: [15 (11), 43 (28), 8 (3), 49 (6), 29 (42), 42 (62), 3 (48), 19 (44), 2 (99), 28 (80), 39 (76), 11 (90)]";2942;"Maquina 2: [35 (2), 1 (21), 6 (9), 21 (64), 48 (9), 27 (32), 13 (46), 40 (79), 36 (70), 14 (74), 37 (96), 20 (95), 46 (97)]";3946;"Maquina 3: [26 (2), 24 (9), 23 (47), 4 (15), 44 (68), 33 (61), 18 (32), 47 (53), 17 (65), 12 (84), 45 (48), 30 (99)]";3231;"Maquina 4: [22 (9), 38 (6), 16 (1), 32 (33), 9 (28), 25 (20), 5 (59), 41 (61), 0 (70), 10 (71), 7 (54), 31 (94), 34 (99)]";3385
LNS;50;4;14957;14.0;100;"Maquina 1: [38 (6), 16 (1), 24 (9), 19 (44), 18 (32), 45 (48), 25 (20), 5 (59), 36 (70), 21 (64), 31 (94), 40 (79), 2 (99)]";3622;"Maquina 2: [49 (6), 26 (2), 28 (80), 48 (9), 29 (42), 9 (28), 33 (61), 10 (71), 3 (48), 17 (65), 20 (95), 30 (99)]";3858;"Maquina 3: [35 (2), 1 (21), 15 (11), 6 (9), 27 (32), 14 (74), 41 (61), 13 (46), 44 (68), 34 (99), 47 (53), 37 (96), 12 (84)]";4155;"Maquina 4: [22 (9), 43 (28), 8 (3), 7 (54), 4 (15), 0 (70), 32 (33), 42 (62), 23 (47), 39 (76), 11 (90), 46 (97)]";3322
TABÚ;50;4;13745;75.0;100;"Maquina 1: [15 (11), 48 (9), 6 (9), 16 (1), 42 (62), 29 (42), 43 (28), 36 (70), 14 (74), 10 (71), 41 (61), 34 (99), 44 (68), 30 (99)]";3970;"Maquina 2: [35 (2), 17 (65), 4 (15), 49 (6), 27 (32), 23 (47), 5 (59), 19 (44), 2 (99), 25 (20), 39 (76), 20 (95)]";3200;"Maquina 3: [22 (9), 38 (6), 1 (21), 18 (32), 47 (53), 3 (48), 0 (70), 12 (84), 33 (61), 21 (64), 28 (80), 37 (96)]";3451;"Maquina 4: [24 (9), 26 (2), 8 (3), 32 (33), 9 (28), 7 (54), 46 (97), 13 (46), 40 (79), 11 (90), 45 (48), 31 (94)]";3124
VNS;50;4;14324;5464.0;100;"Maquina 1: [38 (6), 16 (1), 24 (9), 19 (44), 18 (32), 45 (48), 28 (80), 5 (59), 36 (70), 21 (64), 31 (94), 40 (79), 2 (99)]";4159;"Maquina 2: [49 (6), 26 (2), 25 (20), 48 (9), 29 (42), 1 (21), 9 (28), 33 (61), 32 (33), 3 (48), 42 (62), 47 (53), 20 (95), 30 (99)]";3639;"Maquina 3: [35 (2), 15 (11), 6 (9), 27 (32), 14 (74), 41 (61), 13 (46), 44 (68), 34 (99), 17 (65), 37 (96), 12 (84)]";3774;"Maquina 4: [22 (9), 43 (28), 8 (3), 7 (54), 4 (15), 0 (70), 10 (71), 23 (47), 39 (76), 11 (90), 46 (97)]";2752
Multiarranque;50;4;13976;314.0;100;"Maquina 1: [49 (6), 22 (9), 38 (6), 32 (33), 23 (47), 5 (59), 43 (28), 29 (42), 21 (64), 28 (80), 19 (44), 31 (94), 46 (97)]";3682;"Maquina 2: [4 (15), 25 (20), 8 (3), 7 (54), 15 (11), 12 (84), 44 (68), 39 (76), 13 (46), 34 (99), 11 (90), 30 (99)]";3788;"Maquina 3: [48 (9), 6 (9), 16 (1), 24 (9), 27 (32), 18 (32), 47 (53), 3 (48), 41 (61), 42 (62), 33 (61), 37 (96), 10 (71)]";3146;"Maquina 4: [26 (2), 35 (2), 1 (21), 9 (28), 45 (48), 36 (70), 14 (74), 0 (70), 17 (65), 40 (79), 2 (99), 20 (95)]";3360
GREEDY;50;4;22287;0.0;1;"Maquina 1: [48 (54), 10 (39), 3 (4), 35 (51), 41 (30), 20 (44), 11 (21), 13 (58), 39 (76), 24 (92), 26 (84), 27 (63), 0 (98)]";5977;"Maquina 2: [8 (41), 7 (30), 45 (22), 4 (45), 30 (11), 29 (55), 18 (77), 44 (84), 37 (51), 15 (58), 47 (65), 25 (93)]";5334;"Maquina 3: [28 (58), 43 (23), 23 (17), 5 (43), 38 (67), 40 (35), 6 (55), 21 (25), 19 (79), 1 (85), 9 (51), 33 (92)]";5292;"Maquina 4: [2 (43), 31 (19), 14 (60), 32 (24), 49 (50), 46 (51), 36 (62), 22 (34), 17 (56), 16 (73), 42 (80), 34 (93), 12 (86)]";5684
GRASP;50;4;18807;273.0;100;"Maquina 1: [3 (4), 48 (54), 8 (41), 7 (30), 20 (44), 18 (77), 22 (34), 11 (21), 16 (73), 38 (67), 10 (39), 24 (92), 33 (92)]";4650;"Maquina 2: [21 (25), 30 (11), 9 (51), 31 (19), 41 (30), 14 (60), 2 (43), 17 (56), 28 (58), 37 (51), 19 (79), 1 (85), 0 (98)]";4407;"Maquina 3: [23 (17), 29 (55), 35 (51), 5 (43), 42 (80), 27 (63), 40 (35), 46 (51), 36 (62), 12 (86), 26 (84), 34 (93)]";4810;"Maquina 4: [43 (23), 45 (22), 32 (24), 49 (50), 4 (45), 13 (58), 6 (55), 47 (65), 39 (76), 15 (58), 25 (93), 44 (84)]";4940
LNS;50;4;21841;14.0;100;"Maquina 1: [48 (54), 10 (39), 3 (4), 35 (51), 13 (58), 20 (44), 11 (21), 41 (30), 39 (76), 24 (92), 26 (84), 27 (63), 0 (98)]";5930;"Maquina 2: [8 (41), 7 (30), 45 (22), 37 (51), 30 (11), 29 (55), 18 (77), 15 (58), 4 (45), 44 (84), 47 (65), 25 (93)]";4935;"Maquina 3: [28 (58), 43 (23), 23 (17), 5 (43), 38 (67), 40 (35), 6 (55), 21 (25), 19 (79), 1 (85), 9 (51), 33 (92)]";5292;"Maquina 4: [2 (43), 31 (19), 14 (60), 32 (24), 49 (50), 46 (51), 36 (62), 22 (34), 17 (56), 16 (73), 42 (80), 34 (93), 12 (86)]";5684
TABÚ;50;4;18928;75.0;100;"Maquina 1: [7 (30), 20 (44), 30 (11), 11 (21), 16 (73), 5 (43), 35 (51), 29 (55), 18 (77), 27 (63), 39 (76), 33 (92), 19 (79)]";4975;"Maquina 2: [37 (51), 9 (51), 31 (19), 45 (22), 3 (4), 42 (80), 36 (62), 22 (34), 24 (92), 13 (58), 2 (43), 1 (85)]";4546;"Maquina 3: [49 (50), 40 (35), 21 (25), 15 (58), 47 (65), 10 (39), 32 (24), 0 (98), 48 (54), 6 (55), 12 (86), 38 (67)]";4453;"Maquina 4: [8 (41), 41 (30), 14 (60), 43 (23), 23 (17), 17 (56), 28 (58), 46 (51), 44 (84), 4 (45), 26 (84), 34 (93), 25 (93)]";4954
VNS;50;4;19720;3810.0;100;"Maquina 1: [10 (39), 35 (51), 13 (58), 20 (44), 11 (21), 14 (60), 39 (76), 24 (92), 26 (84), 27 (63), 33 (92)]";4608;"Maquina 2: [8 (41), 7 (30), 3 (4), 4 (45), 30 (11), 48 (54), 23 (17), 29 (55), 18 (77), 44 (84), 34 (93), 37 (51), 15 (58), 25 (93)]";5287;"Maquina 3: [2 (43), 21 (25), 45 (22), 19 (79), 43 (23), 5 (43), 38 (67), 40 (35), 6 (55), 28 (58), 1 (85), 0 (98)]";4672;"Maquina 4: [31 (19), 41 (30), 32 (24), 49 (50), 46 (51), 36 (62), 22 (34), 17 (56), 16 (73), 42 (80), 47 (65), 9 (51), 12 (86)]";5153
Multiarranque;50;4;19358;329.0;100;"Maquina 1: [31 (19), 41 (30), 2 (43), 21 (25), 45 (22), 32 (24), 38 (67), 28 (58), 37 (51), 15 (58), 39 (76), 33 (92), 12 (86)]";4950;"Maquina 2: [46 (51), 4 (45), 22 (34), 17 (56), 6 (55), 14 (60), 34 (93), 0 (98), 18 (77), 24 (92), 25 (93)]";4744;"Maquina 3: [48 (54), 11 (21), 30 (11), 9 (51), 35 (51), 43 (23), 5 (43), 27 (63), 49 (50), 16 (73), 42 (80), 47 (65), 26 (84)]";5107;"Maquina 4: [7 (30), 20 (44), 23 (17), 3 (4), 8 (41), 40 (35), 10 (39), 29 (55), 36 (62), 19 (79), 1 (85), 44 (84), 13 (58)]";4557
GREEDY;50;4;16984;0.0;1;"Maquina 1: [15 (43), 2 (4), 16 (17), 24 (12), 46 (53), 39 (28), 18 (48), 29 (21), 35 (51), 25 (64), 13 (78), 28 (94), 47 (86)]";4486;"Maquina 2: [40 (14), 17 (50), 11 (10), 30 (13), 37 (27), 6 (44), 43 (31), 12 (42), 1 (53), 41 (78), 32 (55), 20 (65), 5 (91)]";4036;"Maquina 3: [23 (10), 19 (28), 10 (53), 38 (18), 34 (34), 0 (14), 48 (45), 3 (74), 22 (42), 21 (51), 44 (92), 31 (58), 4 (81)]";4347;"Maquina 4: [14 (12), 26 (37), 36 (49), 7 (14), 27 (92), 8 (23), 49 (56), 33 (52), 42 (69), 45 (43), 9 (79)]";4115
GRASP;50;4;15018;285.0;100;"Maquina 1: [38 (18), 30 (13), 45 (43), 24 (12), 8 (23), 32 (55), 36 (49), 10 (53), 41 (78), 49 (56), 39 (28), 18 (48), 4 (81)]";3737;"Maquina 2: [23 (10), 1 (53), 7 (14), 37 (27), 0 (14), 29 (21), 6 (44), 34 (34), 12 (42), 17 (50), 28 (94), 5 (91), 44 (92)]";4125;"Maquina 3: [2 (4), 16 (17), 43 (31), 21 (51), 40 (14), 27 (92), 33 (52), 9 (79), 46 (53), 20 (65), 22 (42), 47 (86)]";3588;"Maquina 4: [35 (51), 14 (12), 19 (28), 11 (10), 15 (43), 25 (64), 26 (37), 31 (58), 42 (69), 48 (45), 3 (74), 13 (78)]";3568
LNS;50;4;16960;16.0;100;"Maquina 1: [15 (43), 2 (4), 24 (12), 16 (17), 46 (53), 39 (28), 18 (48), 29 (21), 35 (51), 25 (64), 13 (78), 28 (94), 47 (86)]";4483;"Maquina 2: [40 (14), 17 (50), 11 (10), 30 (13), 37 (27), 6 (44), 43 (31), 12 (42), 1 (53), 41 (78), 20 (65), 32 (55), 5 (91)]";4015;"Maquina 3: [23 (10), 19 (28), 10 (53), 38 (18), 34 (34), 0 (14), 48 (45), 3 (74), 22 (42), 21 (51), 44 (92), 31 (58), 4 (81)]";4347;"Maquina 4: [14 (12), 26 (37), 36 (49), 7 (14), 27 (92), 8 (23), 49 (56), 33 (52), 42 (69), 45 (43), 9 (79)]";4115
TABÚ;50;4;15548;74.0;100;"Maquina 1: [12 (42), 2 (4), 40 (14), 8 (23), 22 (42), 32 (55), 45 (43), 37 (27), 6 (44), 13 (78), 3 (74), 27 (92), 44 (92)]";4485;"Maquina 2: [23 (10), 16 (17), 43 (31), 21 (51), 29 (21), 34 (34), 24 (12), 4 (81), 39 (28), 18 (48), 35 (51), 47 (86), 28 (94)]";4060;"Maquina 3: [14 (12), 1 (53), 7 (14), 19 (28), 33 (52), 15 (43), 25 (64), 26 (37), 31 (58), 42 (69), 9 (79), 5 (91)]";3502;"Maquina 4: [11 (10), 17 (50), 0 (14), 46 (53), 38 (18), 30 (13), 48 (45), 49 (56), 36 (49), 10 (53), 41 (78), 20 (65)]";3501
VNS;50;4;15855;5071.0;100;"Maquina 1: [15 (43), 2 (4), 16 (17), 24 (12), 6 (44), 33 (52), 39 (28), 18 (48), 29 (21), 35 (51), 25 (64), 36 (49), 47 (86), 3 (74)]";4491;"Maquina 2: [40 (14), 17 (50), 11 (10), 30 (13), 37 (27), 43 (31), 12 (42), 1 (53), 26 (37), 41 (78), 20 (65), 28 (94), 5 (91)]";3826;"Maquina 3: [23 (10), 19 (28), 10 (53), 38 (18), 42 (69), 0 (14), 48 (45), 32 (55), 22 (42), 21 (51), 44 (92), 31 (58), 4 (81)]";4493;"Maquina 4: [14 (12), 13 (78), 7 (14), 27 (92), 8 (23), 49 (56), 46 (53), 34 (34), 45 (43), 9 (79)]";3045
Multiarranque;50;4;15929;325.0;100;"Maquina 1: [38 (18), 15 (43), 2 (4), 39 (28), 19 (28), 9 (79), 46 (53), 20 (65), 48 (45), 1 (53), 44 (92), 25 (64)]";3986;"Maquina 2: [11 (10), 21 (51), 37 (27), 0 (14), 35 (51), 14 (12), 32 (55), 18 (48), 36 (49), 7 (14), 27 (92), 17 (50), 4 (81)]";4203;"Maquina 3: [40 (14), 49 (56), 6 (44), 34 (34), 12 (42), 45 (43), 30 (13), 33 (52), 26 (37), 13 (78), 28 (94), 3 (74)]";3760;"Maquina 4: [16 (17), 43 (31), 24 (12), 8 (23), 29 (21), 10 (53), 23 (10), 41 (78), 22 (42), 47 (86), 5 (91), 42 (69), 31 (58)]";3980
GREEDY;50;4;18145;0.0;1;"Maquina 1: [39 (10), 18 (19), 1 (5), 0 (14), 24 (40), 19 (33), 37 (61), 14 (49), 35 (51), 29 (45), 31 (66), 17 (77), 36 (82), 25 (98)]";4905;"Maquina 2: [12 (7), 49 (18), 15 (48), 4 (12), 33 (59), 41 (49), 28 (33), 8 (64), 40 (44), 6 (88), 11 (71), 43 (81)]";4500;"Maquina 3: [9 (51), 27 (15), 13 (10), 30 (48), 3 (36), 32 (12), 47 (66), 20 (24), 7 (45), 48 (77), 34 (84), 10 (62)]";4179;"Maquina 4: [42 (60), 23 (10), 38 (13), 16 (15), 2 (66), 22 (36), 44 (28), 46 (46), 5 (73), 26 (82), 21 (50), 45 (89)]";4561
GRASP;50;4;15160;276.0;100;"Maquina 1: [38 (13), 12 (7), 41 (49), 21 (50), 27 (15), 9 (51), 19 (33), 46 (46), 47 (66), 2 (66), 34 (84), 11 (71), 17 (77)]";4321;"Maquina 2: [13 (10), 18 (19), 1 (5), 0 (14), 24 (40), 22 (36), 31 (66), 14 (49), 37 (61), 45 (89), 20 (24), 36 (82), 43 (81)]";3880;"Maquina 3: [49 (18), 23 (10), 3 (36), 28 (33), 32 (12), 48 (77), 15 (48), 30 (48), 35 (51), 29 (45), 8 (64), 25 (98)]";3432;"Maquina 4: [4 (12), 39 (10), 44 (28), 7 (45), 16 (15), 40 (44), 42 (60), 10 (62), 33 (59), 5 (73), 26 (82), 6 (88)]";3527
LNS;50;4;17919;13.0;100;"Maquina 1: [39 (10), 18 (19), 1 (5), 0 (14), 24 (40), 19 (33), 37 (61), 14 (49), 35 (51), 29 (45), 31 (66), 17 (77), 36 (82), 25 (98)]";4905;"Maquina 2: [49 (18), 12 (7), 15 (48), 4 (12), 33 (59), 41 (49), 28 (33), 8 (64), 40 (44), 6 (88), 11 (71), 43 (81)]";4481;"Maquina 3: [13 (10), 27 (15), 9 (51), 30 (48), 7 (45), 32 (12), 47 (66), 20 (24), 3 (36), 48 (77), 34 (84), 10 (62)]";3972;"Maquina 4: [42 (60), 23 (10), 38 (13), 16 (15), 2 (66), 22 (36), 44 (28), 46 (46), 5 (73), 26 (82), 21 (50), 45 (89)]";4561
TABÚ;50;4;16223;73.0;100;"Maquina 1: [0 (14), 21 (50), 4 (12), 22 (36), 31 (66), 10 (62), 8 (64), 42 (60), 48 (77), 15 (48), 9 (51), 45 (89)]";3968;"Maquina 2: [39 (10), 27 (15), 29 (45), 13 (10), 30 (48), 2 (66), 1 (5), 19 (33), 46 (46), 6 (88), 26 (82), 34 (84)]";3963;"Maquina 3: [49 (18), 23 (10), 38 (13), 12 (7), 28 (33), 20 (24), 40 (44), 37 (61), 41 (49), 25 (98), 35 (51), 11 (71), 17 (77), 36 (82)]";4744;"Maquina 4: [44 (28), 24 (40), 18 (19), 3 (36), 7 (45), 16 (15), 14 (49), 32 (12), 47 (66), 33 (59), 5 (73), 43 (81)]";3548
VNS;50;4;16707;4939.0;100;"Maquina 1: [39 (10), 18 (19), 12 (7), 1 (5), 0 (14), 24 (40), 19 (33), 37 (61), 46 (46), 35 (51), 29 (45), 31 (66), 17 (77), 36 (82), 25 (98)]";4894;"Maquina 2: [49 (18), 15 (48), 4 (12), 33 (59), 41 (49), 28 (33), 8 (64), 40 (44), 6 (88), 11 (71), 5 (73)]";4023;"Maquina 3: [9 (51), 27 (15), 38 (13), 13 (10), 30 (48), 7 (45), 21 (50), 10 (62), 2 (66), 3 (36), 48 (77), 34 (84), 47 (66)]";4395;"Maquina 4: [42 (60), 23 (10), 16 (15), 20 (24), 22 (36), 44 (28), 14 (49), 45 (89), 26 (82), 32 (12), 43 (81)]";3395
Multiarranque;50;4;16199;317.0;100;"Maquina 1: [0 (14), 12 (7), 28 (33), 32 (12), 35 (51), 21 (50), 2 (66), 22 (36), 37 (61), 45 (89), 43 (81), 47 (66), 34 (84)]";4542;"Maquina 2: [38 (13), 13 (10), 18 (19), 27 (15), 24 (40), 40 (44), 42 (60), 19 (33), 31 (66), 36 (82), 14 (49), 5 (73), 25 (98)]";4308;"Maquina 3: [4 (12), 39 (10), 10 (62), 15 (48), 16 (15), 20 (24), 9 (51), 30 (48), 7 (45), 29 (45), 6 (88), 17 (77)]";3545;"Maquina 4: [1 (5), 49 (18), 23 (10), 3 (36), 44 (28), 41 (49), 46 (46), 8 (64), 26 (82), 48 (77), 33 (59), 11 (71)]";3804
GREEDY;50;4;15947;1.0;1;"Maquina 1: [36 (8), 48 (2), 45 (22), 7 (34), 43 (38), 5 (49), 18 (57), 27 (82), 9 (55), 16 (64), 0 (97), 30 (89), 4 (92)]";4229;"Maquina 2: [20 (9), 13 (3), 15 (36), 34 (50), 42 (24), 1 (59), 49 (55), 22 (68), 24 (42), 32 (84), 8 (90), 35 (92)]";3707;"Maquina 3: [47 (5), 29 (13), 25 (57), 31 (42), 40 (34), 41 (22), 37 (49), 19 (55), 39 (65), 46 (79), 26 (94), 11 (90), 3 (87)]";4151;"Maquina 4: [44 (7), 6 (43), 21 (27), 2 (19), 14 (53), 33 (37), 10 (90), 38 (56), 17 (61), 28 (73), 23 (93), 12 (85)]";3860
GRASP;50;4;14954;271.0;100;"Maquina 1: [48 (2), 13 (3), 6 (43), 21 (27), 5 (49), 31 (42), 1 (59), 2 (19), 12 (85), 4 (92), 8 (90), 0 (97), 30 (89)]";3956;"Maquina 2: [15 (36), 45 (22), 24 (42), 40 (34), 34 (50), 19 (55), 39 (65), 25 (57), 22 (68), 3 (87), 32 (84), 11 (90)]";4106;"Maquina 3: [20 (9), 36 (8), 33 (37), 7 (34), 41 (22), 37 (49), 18 (57), 27 (82), 28 (73), 23 (93), 14 (53), 10 (90)]";3363;"Maquina 4: [47 (5), 29 (13), 44 (7), 9 (55), 49 (55), 42 (24), 43 (38), 16 (64), 38 (56), 17 (61), 46 (79), 26 (94), 35 (92)]";3529
LNS;50;4;15947;14.0;100;"Maquina 1: [36 (8), 48 (2), 45 (22), 7 (34), 43 (38), 5 (49), 18 (57), 27 (82), 9 (55), 16 (64), 0 (97), 30 (89), 4 (92)]";4229;"Maquina 2: [20 (9), 13 (3), 15 (36), 34 (50), 42 (24), 1 (59), 49 (55), 22 (68), 24 (42), 32 (84), 8 (90), 35 (92)]";3707;"Maquina 3: [47 (5), 29 (13), 25 (57), 31 (42), 40 (34), 41 (22), 37 (49), 19 (55), 39 (65), 46 (79), 26 (94), 11 (90), 3 (87)]";4151;"Maquina 4: [44 (7), 6 (43), 21 (27), 2 (19), 14 (53), 33 (37), 10 (90), 38 (56), 17 (61), 28 (73), 23 (93), 12 (85)]";3860
TABÚ;50;4;15136;72.0;100;"Maquina 1: [2 (19), 49 (55), 13 (3), 43 (38), 45 (22), 24 (42), 46 (79), 39 (65), 32 (84), 28 (73), 12 (85), 11 (90)]";3824;"Maquina 2: [47 (5), 31 (42), 7 (34), 41 (22), 5 (49), 33 (37), 16 (64), 38 (56), 25 (57), 22 (68), 30 (89), 23 (93), 4 (92)]";4126;"Maquina 3: [20 (9), 36 (8), 48 (2), 44 (7), 14 (53), 15 (36), 34 (50), 10 (90), 19 (55), 1 (59), 8 (90), 18 (57), 35 (92)]";3422;"Maquina 4: [29 (13), 37 (49), 42 (24), 21 (27), 40 (34), 17 (61), 6 (43), 27 (82), 9 (55), 3 (87), 0 (97), 26 (94)]";3764
VNS;50;4;15786;5814.0;100;"Maquina 1: [36 (8), 48 (2), 45 (22), 7 (34), 43 (38), 5 (49), 18 (57), 27 (82), 9 (55), 16 (64), 35 (92), 30 (89), 4 (92)]";4182;"Maquina 2: [20 (9), 13 (3), 15 (36), 34 (50), 42 (24), 1 (59), 49 (55), 22 (68), 24 (42), 32 (84), 8 (90), 0 (97)]";3699;"Maquina 3: [2 (19), 29 (13), 25 (57), 31 (42), 40 (34), 41 (22), 37 (49), 19 (55), 39 (65), 46 (79), 26 (94), 11 (90), 3 (87)]";4345;"Maquina 4: [44 (7), 6 (43), 21 (27), 47 (5), 14 (53), 33 (37), 10 (90), 38 (56), 17 (61), 28 (73), 23 (93), 12 (85)]";3560
Multiarranque;50;4;15165;338.0;100;"Maquina 1: [48 (2), 44 (7), 15 (36), 41 (22), 5 (49), 22 (68), 43 (38), 18 (57), 14 (53), 16 (64), 12 (85), 26 (94), 11 (90)]";3812;"Maquina 2: [13 (3), 29 (13), 45 (22), 24 (42), 19 (55), 42 (24), 1 (59), 37 (49), 30 (89), 39 (65), 46 (79), 3 (87), 4 (92)]";4045;"Maquina 3: [20 (9), 47 (5), 40 (34), 34 (50), 21 (27), 38 (56), 31 (42), 28 (73), 23 (93), 10 (90), 49 (55), 27 (82)]";3336;"Maquina 4: [2 (19), 36 (8), 7 (34), 25 (57), 9 (55), 6 (43), 8 (90), 33 (37), 35 (92), 17 (61), 32 (84), 0 (97)]";3972
GREEDY;50;4;20401;0.0;1;"Maquina 1: [34 (17), 16 (47), 19 (2), 1 (24), 31 (70), 44 (33), 13 (43), 37 (92), 27 (68), 10 (56), 46 (75), 49 (60), 23 (96)]";4921;"Maquina 2: [43 (17), 15 (40), 36 (44), 14 (97), 26 (28), 7 (10), 20 (60), 35 (88), 18 (54), 24 (94), 28 (64), 45 (69)]";5033;"Maquina 3: [48 (19), 2 (30), 6 (45), 33 (63), 0 (40), 12 (85), 39 (14), 41 (89), 8 (52), 17 (69), 30 (95), 22 (59)]";4809;"Maquina 4: [9 (37), 5 (15), 38 (21), 47 (27), 25 (43), 11 (62), 29 (47), 3 (58), 32 (73), 40 (89), 4 (69), 21 (95), 42 (97)]";5638
GRASP;50;4;20110;281.0;100;"Maquina 1: [34 (17), 15 (40), 3 (58), 26 (28), 1 (24), 36 (44), 44 (33), 19 (2), 41 (89), 29 (47), 40 (89), 31 (70), 4 (69)]";4739;"Maquina 2: [39 (14), 2 (30), 17 (69), 5 (15), 38 (21), 46 (75), 20 (60), 0 (40), 6 (45), 30 (95), 33 (63), 37 (92), 42 (97)]";5185;"Maquina 3: [48 (19), 12 (85), 32 (73), 7 (10), 47 (27), 25 (43), 9 (37), 18 (54), 23 (96), 28 (64), 10 (56), 24 (94)]";4828;"Maquina 4: [8 (52), 49 (60), 16 (47), 35 (88), 13 (43), 43 (17), 11 (62), 27 (68), 14 (97), 21 (95), 22 (59), 45 (69)]";5358
LNS;50;4;20401;16.0;100;"Maquina 1: [34 (17), 16 (47), 19 (2), 1 (24), 31 (70), 44 (33), 13 (43), 37 (92), 27 (68), 10 (56), 46 (75), 49 (60), 23 (96)]";4921;"Maquina 2: [43 (17), 15 (40), 36 (44), 14 (97), 26 (28), 7 (10), 20 (60), 35 (88), 18 (54), 24 (94), 28 (64), 45 (69)]";5033;"Maquina 3: [48 (19), 2 (30), 6 (45), 33 (63), 0 (40), 12 (85), 39 (14), 41 (89), 8 (52), 17 (69), 30 (95), 22 (59)]";4809;"Maquina 4: [9 (37), 5 (15), 38 (21), 47 (27), 25 (43), 11 (62), 29 (47), 3 (58), 32 (73), 40 (89), 4 (69), 21 (95), 42 (97)]";5638
TABÚ;50;4;19566;75.0;100;"Maquina 1: [26 (28), 7 (10), 39 (14), 2 (30), 6 (45), 13 (43), 4 (69), 32 (73), 20 (60), 9 (37), 35 (88), 49 (60), 14 (97)]";4822;"Maquina 2: [19 (2), 38 (21), 43 (17), 8 (52), 18 (54), 0 (40), 40 (89), 29 (47), 41 (89), 28 (64), 44 (33), 31 (70), 12 (85)]";4922;"Maquina 3: [25 (43), 16 (47), 17 (69), 5 (15), 33 (63), 3 (58), 11 (62), 42 (97), 46 (75), 21 (95), 22 (59), 23 (96)]";5408;"Maquina 4: [47 (27), 27 (68), 34 (17), 48 (19), 1 (24), 15 (40), 45 (69), 10 (56), 36 (44), 24 (94), 37 (92), 30 (95)]";4414
VNS;50;4;19546;4356.0;100;"Maquina 1: [34 (17), 16 (47), 19 (2), 1 (24), 31 (70), 44 (33), 13 (43), 37 (92), 27 (68), 15 (40), 46 (75), 49 (60), 23 (96)]";4738;"Maquina 2: [43 (17), 10 (56), 36 (44), 14 (97), 26 (28), 7 (10), 20 (60), 22 (59), 35 (88), 24 (94), 28 (64), 45 (69)]";4812;"Maquina 3: [48 (19), 2 (30), 6 (45), 33 (63), 0 (40), 12 (85), 39 (14), 41 (89), 8 (52), 17 (69), 30 (95), 21 (95)]";4775;"Maquina 4: [9 (37), 5 (15), 38 (21), 47 (27), 25 (43), 11 (62), 29 (47), 3 (58), 18 (54), 32 (73), 4 (69), 40 (89), 42 (97)]";5221
Multiarranque;50;4;19313;325.0;100;"Maquina 1: [48 (19), 2 (30), 5 (15), 33 (63), 0 (40), 35 (88), 22 (59), 26 (28), 28 (64), 41 (89), 40 (89), 37 (92)]";4708;"Maquina 2: [47 (27), 7 (10), 38 (21), 18 (54), 20 (60), 14 (97), 9 (37), 46 (75), 21 (95), 24 (94), 4 (69), 11 (62)]";4831;"Maquina 3: [34 (17), 39 (14), 15 (40), 8 (52), 49 (60), 16 (47), 1 (24), 31 (70), 44 (33), 17 (69), 10 (56), 32 (73), 42 (97)]";4695;"Maquina 4: [19 (2), 6 (45), 25 (43), 13 (43), 43 (17), 36 (44), 27 (68), 29 (47), 3 (58), 12 (85), 45 (69), 23 (96), 30 (95)]";5079
GREEDY;50;4;16135;0.0;1;"Maquina 1: [33 (1), 3 (28), 8 (14), 48 (32), 11 (45), 10 (40), 35 (54), 24 (51), 45 (72), 34 (59), 25 (64), 16 (81), 47 (92)]";3911;"Maquina 2: [31 (7), 21 (19), 36 (40), 43 (52), 17 (35), 38 (67), 1 (29), 28 (49), 42 (60), 32 (90), 7 (56), 4 (79), 18 (99)]";4246;"Maquina 3: [40 (12), 9 (20), 13 (46), 26 (37), 27 (76), 15 (29), 29 (51), 14 (66), 5 (56), 41 (60), 19 (88), 0 (97)]";4067;"Maquina 4: [46 (30), 30 (22), 49 (13), 2 (36), 12 (44), 37 (49), 39 (53), 44 (60), 22 (72), 23 (57), 6 (81), 20 (91)]";3911
GRASP;50;4;15692;277.0;100;"Maquina 1: [40 (12), 46 (30), 22 (72), 9 (20), 36 (40), 43 (52), 32 (90), 13 (46), 24 (51), 45 (72), 23 (57), 19 (88)]";4035;"Maquina 2: [31 (7), 48 (32), 2 (36), 1 (29), 49 (13), 3 (28), 28 (49), 26 (37), 44 (60), 20 (91), 27 (76), 0 (97)]";3113;"Maquina 3: [33 (1), 8 (14), 41 (60), 15 (29), 10 (40), 12 (44), 37 (49), 39 (53), 7 (56), 42 (60), 14 (66), 16 (81), 6 (81)]";4003;"Maquina 4: [21 (19), 30 (22), 29 (51), 34 (59), 25 (64), 17 (35), 11 (45), 35 (54), 4 (79), 5 (56), 38 (67), 47 (92), 18 (99)]";4541
LNS;50;4;16050;14.0;100;"Maquina 1: [33 (1), 3 (28), 8 (14), 48 (32), 11 (45), 10 (40), 35 (54), 24 (51), 45 (72), 34 (59), 25 (64), 16 (81), 47 (92)]";3911;"Maquina 2: [31 (7), 21 (19), 36 (40), 43 (52), 17 (35), 38 (67), 1 (29), 28 (49), 42 (60), 32 (90), 4 (79), 7 (56), 18 (99)]";4244;"Maquina 3: [40 (12), 9 (20), 13 (46), 26 (37), 27 (76), 15 (29), 29 (51), 14 (66), 5 (56), 41 (60), 19 (88), 0 (97)]";4067;"Maquina 4: [2 (36), 30 (22), 49 (13), 46 (30), 12 (44), 37 (49), 39 (53), 44 (60), 22 (72), 23 (57), 6 (81), 20 (91)]";3828
TABÚ;50;4;15396;74.0;100;"Maquina 1: [30 (22), 31 (7), 48 (32), 39 (53), 8 (14), 13 (46), 35 (54), 29 (51), 23 (57), 25 (64), 38 (67), 45 (72), 0 (97)]";4094;"Maquina 2: [40 (12), 11 (45), 46 (30), 26 (37), 37 (49), 9 (20), 34 (59), 24 (51), 41 (60), 19 (88), 4 (79), 18 (99)]";3541;"Maquina 3: [49 (13), 17 (35), 33 (1), 1 (29), 7 (56), 36 (40), 43 (52), 12 (44), 27 (76), 22 (72), 14 (66), 16 (81), 47 (92)]";3965;"Maquina 4: [21 (19), 5 (56), 15 (29), 10 (40), 3 (28), 28 (49), 2 (36), 42 (60), 6 (81), 44 (60), 20 (91), 32 (90)]";3796
VNS;50;4;15607;6322.0;100;"Maquina 1: [33 (1), 3 (28), 8 (14), 48 (32), 11 (45), 10 (40), 35 (54), 38 (67), 45 (72), 34 (59), 25 (64), 16 (81), 47 (92)]";4051;"Maquina 2: [31 (7), 21 (19), 36 (40), 43 (52), 17 (35), 24 (51), 28 (49), 42 (60), 32 (90), 7 (56), 4 (79), 18 (99)]";3532;"Maquina 3: [40 (12), 9 (20), 1 (29), 13 (46), 26 (37), 27 (76), 15 (29), 29 (51), 23 (57), 5 (56), 41 (60), 19 (88), 20 (91)]";4209;"Maquina 4: [2 (36), 30 (22), 49 (13), 46 (30), 12 (44), 37 (49), 39 (53), 44 (60), 22 (72), 14 (66), 0 (97), 6 (81)]";3815
Multiarranque;50;4;15704;352.0;100;"Maquina 1: [49 (13), 33 (1), 36 (40), 46 (30), 12 (44), 23 (57), 38 (67), 35 (54), 48 (32), 19 (88), 4 (79), 20 (91)]";3458;"Maquina 2: [3 (28), 30 (22), 21 (19), 13 (46), 26 (37), 29 (51), 7 (56), 42 (60), 16 (81), 39 (53), 27 (76), 0 (97)]";3904;"Maquina 3: [9 (20), 2 (36), 1 (29), 15 (29), 10 (40), 37 (49), 5 (56), 41 (60), 24 (51), 45 (72), 14 (66), 18 (99), 32 (90)]";4355;"Maquina 4: [31 (7), 40 (12), 8 (14), 28 (49), 44 (60), 43 (52), 17 (35), 11 (45), 22 (72), 34 (59), 25 (64), 6 (81), 47 (92)]";3987
GREEDY;50;4;18125;1.0;1;"Maquina 1: [17 (1), 42 (3), 7 (42), 46 (34), 29 (12), 11 (36), 32 (53), 19 (73), 45 (62), 9 (87), 37 (91), 27 (79), 1 (97)]";4989;"Maquina 2: [13 (5), 21 (2), 48 (41), 8 (56), 2 (29), 40 (18), 30 (48), 49 (58), 15 (72), 0 (86), 22 (79), 44 (96), 31 (90)]";4661;"Maquina 3: [34 (41), 5 (3), 16 (12), 26 (24), 12 (35), 36 (46), 6 (56), 23 (76), 25 (70), 20 (80), 33 (88), 38 (91)]";4117;"Maquina 4: [39 (3), 3 (39), 18 (12), 4 (61), 10 (25), 28 (50), 47 (43), 41 (76), 24 (71), 35 (89), 14 (95), 43 (80)]";4358
GRASP;50;4;16631;312.0;100;"Maquina 1: [13 (5), 16 (12), 2 (29), 17 (1), 46 (34), 30 (48), 47 (43), 10 (25), 40 (18), 26 (24), 19 (73), 31 (90), 33 (88)]";3253;"Maquina 2: [5 (3), 12 (35), 49 (58), 39 (3), 21 (2), 8 (56), 15 (72), 45 (62), 24 (71), 35 (89), 23 (76), 14 (95)]";3879;"Maquina 3: [29 (12), 36 (46), 28 (50), 18 (12), 48 (41), 34 (41), 43 (80), 6 (56), 41 (76), 9 (87), 38 (91), 25 (70), 1 (97)]";4868;"Maquina 4: [11 (36), 42 (3), 7 (42), 22 (79), 3 (39), 0 (86), 32 (53), 4 (61), 27 (79), 20 (80), 37 (91), 44 (96)]";4631
LNS;50;4;18023;15.0;100;"Maquina 1: [29 (12), 42 (3), 7 (42), 46 (34), 17 (1), 11 (36), 32 (53), 19 (73), 45 (62), 9 (87), 37 (91), 27 (79), 1 (97)]";4895;"Maquina 2: [13 (5), 21 (2), 48 (41), 8 (56), 2 (29), 40 (18), 30 (48), 49 (58), 15 (72), 22 (79), 0 (86), 44 (96), 31 (90)]";4653;"Maquina 3: [34 (41), 5 (3), 16 (12), 26 (24), 12 (35), 36 (46), 6 (56), 23 (76), 25 (70), 20 (80), 33 (88), 38 (91)]";4117;"Maquina 4: [39 (3), 3 (39), 18 (12), 4 (61), 10 (25), 28 (50), 47 (43), 41 (76), 24 (71), 35 (89), 14 (95), 43 (80)]";4358
TABÚ;50;4;16389;80.0;100;"Maquina 1: [17 (1), 39 (3), 47 (43), 10 (25), 40 (18), 24 (71), 4 (61), 0 (86), 14 (95), 30 (48), 23 (76), 41 (76)]";3528;"Maquina 2: [13 (5), 16 (12), 11 (36), 2 (29), 29 (12), 36 (46), 6 (56), 31 (90), 32 (53), 3 (39), 19 (73), 25 (70), 44 (96)]";4068;"Maquina 3: [21 (2), 12 (35), 42 (3), 46 (34), 48 (41), 9 (87), 7 (42), 22 (79), 28 (50), 20 (80), 49 (58), 27 (79), 1 (97)]";4314;"Maquina 4: [26 (24), 5 (3), 18 (12), 8 (56), 15 (72), 34 (41), 45 (62), 38 (91), 37 (91), 33 (88), 43 (80), 35 (89)]";4479
VNS;50;4;17232;6084.0;100;"Maquina 1: [17 (1), 42 (3), 7 (42), 46 (34), 11 (36), 32 (53), 19 (73), 45 (62), 48 (41), 24 (71), 38 (91), 37 (91)]";3781;"Maquina 2: [13 (5), 21 (2), 8 (56), 2 (29), 40 (18), 30 (48), 28 (50), 49 (58), 15 (72), 0 (86), 22 (79), 44 (96), 20 (80)]";4511;"Maquina 3: [29 (12), 34 (41), 5 (3), 16 (12), 26 (24), 12 (35), 36 (46), 6 (56), 23 (76), 43 (80), 31 (90), 33 (88), 27 (79)]";4185;"Maquina 4: [39 (3), 3 (39), 18 (12), 4 (61), 10 (25), 47 (43), 41 (76), 9 (87), 35 (89), 14 (95), 25 (70), 1 (97)]";4755
Multiarranque;50;4;16664;320.0;100;"Maquina 1: [21 (2), 34 (41), 5 (3), 49 (58), 27 (79), 32 (53), 37 (91), 36 (46), 14 (95), 43 (80), 1 (97), 4 (61)]";4552;"Maquina 2: [17 (1), 39 (3), 16 (12), 13 (5), 11 (36), 2 (29), 47 (43), 12 (35), 15 (72), 19 (73), 9 (87), 38 (91), 25 (70), 20 (80)]";4355;"Maquina 3: [40 (18), 18 (12), 42 (3), 46 (34), 48 (41), 45 (62), 7 (42), 6 (56), 44 (96), 8 (56), 22 (79), 0 (86), 35 (89)]";4084;"Maquina 4: [26 (24), 29 (12), 10 (25), 28 (50), 3 (39), 30 (48), 23 (76), 41 (76), 31 (90), 33 (88), 24 (71)]";3673
GREEDY;50;4;19859;0.0;1;"Maquina 1: [3 (6), 6 (59), 40 (21), 22 (29), 46 (42), 49 (16), 23 (46), 20 (73), 27 (87), 14 (54), 18 (64), 5 (82), 21 (94)]";5146;"Maquina 2: [26 (25), 8 (17), 19 (29), 15 (39), 41 (57), 9 (62), 37 (8), 0 (92), 42 (71), 36 (47), 35 (83), 47 (94), 4 (80)]";5472;"Maquina 3: [29 (17), 44 (10), 24 (47), 28 (36), 34 (24), 12 (28), 33 (59), 25 (57), 17 (67), 13 (75), 2 (83), 39 (91)]";4479;"Maquina 4: [11 (25), 48 (17), 10 (29), 45 (39), 1 (14), 38 (61), 30 (93), 32 (57), 7 (81), 43 (46), 31 (70), 16 (85)]";4762
GRASP;50;4;16860;273.0;100;"Maquina 1: [19 (29), 29 (17), 8 (17), 4 (80), 25 (57), 36 (47), 11 (25), 31 (70), 7 (81), 37 (8), 32 (57), 43 (46), 5 (82)]";4549;"Maquina 2: [3 (6), 1 (14), 12 (28), 26 (25), 15 (39), 22 (29), 6 (59), 20 (73), 13 (75), 2 (83), 38 (61), 16 (85), 42 (71)]";4317;"Maquina 3: [40 (21), 48 (17), 10 (29), 45 (39), 46 (42), 35 (83), 24 (47), 41 (57), 9 (62), 27 (87), 47 (94), 0 (92)]";4147;"Maquina 4: [44 (10), 49 (16), 23 (46), 17 (67), 28 (36), 34 (24), 14 (54), 18 (64), 33 (59), 21 (94), 30 (93), 39 (91)]";3847
LNS;50;4;19795;14.0;100;"Maquina 1: [3 (6), 6 (59), 40 (21), 22 (29), 46 (42), 49 (16), 23 (46), 20 (73), 27 (87), 14 (54), 18 (64), 5 (82), 21 (94)]";5146;"Maquina 2: [26 (25), 8 (17), 19 (29), 15 (39), 41 (57), 9 (62), 37 (8), 0 (92), 42 (71), 36 (47), 35 (83), 47 (94), 4 (80)]";5472;"Maquina 3: [29 (17), 33 (59), 24 (47), 28 (36), 34 (24), 12 (28), 44 (10), 25 (57), 17 (67), 13 (75), 2 (83), 39 (91)]";4415;"Maquina 4: [11 (25), 48 (17), 10 (29), 45 (39), 1 (14), 38 (61), 30 (93), 32 (57), 7 (81), 43 (46), 31 (70), 16 (85)]";4762
TABÚ;50;4;17078;76.0;100;"Maquina 1: [10 (29), 45 (39), 46 (42), 23 (46), 17 (67), 18 (64), 33 (59), 25 (57), 49 (16), 7 (81), 0 (92), 27 (87)]";4398;"Maquina 2: [37 (8), 44 (10), 28 (36), 40 (21), 14 (54), 20 (73), 13 (75), 11 (25), 15 (39), 24 (47), 2 (83), 38 (61), 47 (94)]";4508;"Maquina 3: [19 (29), 1 (14), 12 (28), 36 (47), 34 (24), 41 (57), 29 (17), 32 (57), 42 (71), 31 (70), 35 (83), 21 (94)]";3691;"Maquina 4: [3 (6), 8 (17), 4 (80), 22 (29), 26 (25), 48 (17), 43 (46), 16 (85), 6 (59), 39 (91), 9 (62), 30 (93), 5 (82)]";4481
VNS;50;4;18593;5344.0;100;"Maquina 1: [3 (6), 40 (21), 22 (29), 1 (14), 49 (16), 23 (46), 31 (70), 27 (87), 14 (54), 18 (64), 5 (82), 21 (94)]";4450;"Maquina 2: [8 (17), 19 (29), 15 (39), 46 (42), 41 (57), 43 (46), 9 (62), 37 (8), 0 (92), 42 (71), 36 (47), 35 (83), 47 (94), 4 (80)]";5951;"Maquina 3: [26 (25), 44 (10), 24 (47), 28 (36), 34 (24), 12 (28), 33 (59), 25 (57), 17 (67), 13 (75), 2 (83), 39 (91)]";4091;"Maquina 4: [29 (17), 11 (25), 48 (17), 10 (29), 45 (39), 6 (59), 38 (61), 30 (93), 32 (57), 7 (81), 20 (73), 16 (85)]";4101
Multiarranque;50;4;17444;321.0;100;"Maquina 1: [22 (29), 10 (29), 19 (29), 41 (57), 49 (16), 28 (36), 4 (80), 25 (57), 27 (87), 21 (94), 20 (73), 35 (83), 7 (81)]";5147;"Maquina 2: [3 (6), 44 (10), 24 (47), 6 (59), 46 (42), 36 (47), 11 (25), 2 (83), 47 (94), 0 (92), 31 (70), 14 (54)]";4027;"Maquina 3: [37 (8), 1 (14), 15 (39), 29 (17), 33 (59), 48 (17), 43 (46), 18 (64), 38 (61), 13 (75), 17 (67), 16 (85)]";3767;"Maquina 4: [8 (17), 23 (46), 12 (28), 40 (21), 34 (24), 26 (25), 42 (71), 45 (39), 5 (82), 9 (62), 30 (93), 32 (57), 39 (91)]";4503
GREEDY;50;4;18855;0.0;1;"Maquina 1: [4 (28), 36 (13), 25 (54), 32 (1), 20 (95), 33 (38), 14 (56), 42 (47), 23 (30), 46 (77), 37 (67), 43 (85)]";4459;"Maquina 2: [15 (48), 31 (37), 18 (4), 21 (29), 2 (47), 35 (24), 1 (18), 39 (58), 40 (64), 45 (75), 19 (85), 30 (91)]";4378;"Maquina 3: [34 (20), 28 (31), 26 (4), 49 (32), 10 (29), 6 (83), 17 (43), 8 (55), 3 (60), 44 (74), 29 (99), 11 (48), 27 (91)]";5168;"Maquina 4: [5 (44), 24 (22), 7 (5), 12 (62), 48 (24), 13 (30), 16 (70), 41 (34), 9 (59), 38 (52), 22 (79), 47 (96), 0 (89)]";4850
GRASP;50;4;17081;272.0;100;"Maquina 1: [26 (4), 18 (4), 24 (22), 10 (29), 28 (31), 12 (62), 9 (59), 15 (48), 44 (74), 45 (75), 31 (37), 37 (67), 46 (77)]";4261;"Maquina 2: [32 (1), 34 (20), 33 (38), 36 (13), 40 (64), 42 (47), 49 (32), 3 (60), 30 (91), 29 (99), 19 (85), 0 (89)]";3932;"Maquina 3: [5 (44), 13 (30), 7 (5), 21 (29), 14 (56), 4 (28), 23 (30), 8 (55), 27 (91), 25 (54), 20 (95), 6 (83), 41 (34)]";4493;"Maquina 4: [2 (47), 35 (24), 1 (18), 48 (24), 38 (52), 22 (79), 16 (70), 17 (43), 39 (58), 11 (48), 47 (96), 43 (85)]";4395
LNS;50;4;18607;14.0;100;"Maquina 1: [4 (28), 36 (13), 25 (54), 32 (1), 20 (95), 33 (38), 14 (56), 42 (47), 23 (30), 46 (77), 37 (67), 43 (85)]";4459;"Maquina 2: [15 (48), 31 (37), 18 (4), 1 (18), 2 (47), 35 (24), 21 (29), 45 (75), 40 (64), 39 (58), 19 (85), 30 (91)]";4130;"Maquina 3: [34 (20), 28 (31), 26 (4), 49 (32), 10 (29), 6 (83), 17 (43), 8 (55), 3 (60), 44 (74), 29 (99), 11 (48), 27 (91)]";5168;"Maquina 4: [5 (44), 24 (22), 7 (5), 12 (62), 48 (24), 13 (30), 16 (70), 41 (34), 9 (59), 38 (52), 22 (79), 47 (96), 0 (89)]";4850
TABÚ;50;4;16877;74.0;100;"Maquina 1: [32 (1), 1 (18), 28 (31), 24 (22), 12 (62), 13 (30), 16 (70), 39 (58), 22 (79), 38 (52), 44 (74), 19 (85), 3 (60)]";4465;"Maquina 2: [7 (5), 36 (13), 48 (24), 33 (38), 41 (34), 4 (28), 49 (32), 26 (4), 18 (4), 8 (55), 27 (91), 30 (91), 47 (96)]";3474;"Maquina 3: [34 (20), 9 (59), 45 (75), 17 (43), 40 (64), 14 (56), 23 (30), 6 (83), 15 (48), 25 (54), 0 (89)]";4101;"Maquina 4: [10 (29), 2 (47), 35 (24), 31 (37), 37 (67), 21 (29), 5 (44), 11 (48), 43 (85), 20 (95), 46 (77), 42 (47), 29 (99)]";4837
VNS;50;4;18106;3989.0;100;"Maquina 1: [4 (28), 36 (13), 25 (54), 21 (29), 20 (95), 33 (38), 14 (56), 42 (47), 11 (48), 23 (30), 46 (77), 27 (91), 19 (85)]";5373;"Maquina 2: [15 (48), 31 (37), 18 (4), 32 (1), 2 (47), 35 (24), 44 (74), 40 (64), 45 (75), 47 (96), 29 (99)]";3232;"Maquina 3: [34 (20), 28 (31), 26 (4), 49 (32), 10 (29), 6 (83), 17 (43), 8 (55), 3 (60), 30 (91), 37 (67)]";3521;"Maquina 4: [5 (44), 24 (22), 1 (18), 7 (5), 12 (62), 39 (58), 48 (24), 13 (30), 16 (70), 41 (34), 9 (59), 38 (52), 22 (79), 43 (85), 0 (89)]";5980
Multiarranque;50;4;17868;321.0;100;"Maquina 1: [48 (24), 13 (30), 7 (5), 34 (20), 31 (37), 41 (34), 9 (59), 15 (48), 44 (74), 39 (58), 46 (77), 27 (91), 25 (54)]";4614;"Maquina 2: [33 (38), 36 (13), 6 (83), 1 (18), 42 (47), 28 (31), 16 (70), 12 (62), 23 (30), 8 (55), 20 (95), 30 (91)]";4680;"Maquina 3: [18 (4), 32 (1), 35 (24), 4 (28), 10 (29), 5 (44), 11 (48), 40 (64), 14 (56), 45 (75), 19 (85), 22 (79), 43 (85)]";4339;"Maquina 4: [26 (4), 49 (32), 24 (22), 38 (52), 47 (96), 37 (67), 21 (29), 17 (43), 2 (47), 3 (60), 0 (89), 29 (99)]";4235
GREEDY;50;4;13432;0.0;1;"Maquina 1: [11 (1), 28 (16), 42 (8), 31 (17), 32 (58), 20 (29), 7 (33), 21 (25), 15 (77), 25 (72), 0 (69), 5 (48), 23 (84)]";3199;"Maquina 2: [47 (8), 6 (2), 35 (12), 36 (26), 14 (23), 24 (31), 44 (43), 12 (54), 29 (70), 18 (82), 8 (68), 26 (97), 9 (77)]";3502;"Maquina 3: [30 (9), 45 (6), 1 (17), 33 (25), 41 (39), 19 (62), 10 (30), 46 (69), 38 (53), 17 (97), 43 (75), 22 (79)]";3371;"Maquina 4: [48 (9), 2 (7), 3 (14), 49 (30), 16 (24), 34 (32), 13 (50), 4 (74), 40 (60), 27 (77), 39 (90), 37 (69)]";3360
GRASP;50;4;12197;277.0;100;"Maquina 1: [48 (9), 33 (25), 34 (32), 42 (8), 35 (12), 6 (2), 32 (58), 7 (33), 25 (72), 4 (74), 38 (53), 23 (84), 26 (97)]";3100;"Maquina 2: [16 (24), 2 (7), 11 (1), 36 (26), 20 (29), 12 (54), 49 (30), 40 (60), 43 (75), 46 (69), 22 (79), 17 (97)]";2850;"Maquina 3: [45 (6), 3 (14), 1 (17), 44 (43), 10 (30), 30 (9), 19 (62), 41 (39), 27 (77), 29 (70), 15 (77), 18 (82)]";2789;"Maquina 4: [21 (25), 14 (23), 28 (16), 47 (8), 31 (17), 13 (50), 24 (31), 8 (68), 0 (69), 5 (48), 37 (69), 39 (90), 9 (77)]";3458
LNS;50;4;13155;17.0;100;"Maquina 1: [11 (1), 28 (16), 42 (8), 31 (17), 32 (58), 20 (29), 7 (33), 21 (25), 15 (77), 25 (72), 5 (48), 0 (69), 23 (84)]";3180;"Maquina 2: [47 (8), 6 (2), 35 (12), 36 (26), 14 (23), 24 (31), 44 (43), 12 (54), 29 (70), 18 (82), 8 (68), 26 (97), 9 (77)]";3502;"Maquina 3: [10 (30), 45 (6), 41 (39), 1 (17), 30 (9), 19 (62), 33 (25), 46 (69), 38 (53), 17 (97), 43 (75), 22 (79)]";3256;"Maquina 4: [16 (24), 2 (7), 48 (9), 34 (32), 3 (14), 49 (30), 13 (50), 4 (74), 40 (60), 27 (77), 39 (90), 37 (69)]";3217
TABÚ;50;4;12363;76.0;100;"Maquina 1: [1 (17), 11 (1), 31 (17), 49 (30), 16 (24), 44 (43), 10 (30), 3 (14), 46 (69), 22 (79), 40 (60), 43 (75), 27 (77)]";3038;"Maquina 2: [28 (16), 2 (7), 35 (12), 38 (53), 29 (70), 34 (32), 13 (50), 25 (72), 5 (48), 8 (68), 0 (69), 18 (82)]";3238;"Maquina 3: [30 (9), 42 (8), 12 (54), 21 (25), 14 (23), 24 (31), 41 (39), 23 (84), 37 (69), 32 (58), 39 (90), 26 (97)]";3324;"Maquina 4: [47 (8), 45 (6), 6 (2), 48 (9), 33 (25), 7 (33), 20 (29), 36 (26), 19 (62), 9 (77), 4 (74), 17 (97), 15 (77)]";2763
VNS;50;4;12695;5385.0;100;"Maquina 1: [11 (1), 28 (16), 42 (8), 31 (17), 32 (58), 14 (23), 20 (29), 7 (33), 15 (77), 25 (72), 0 (69), 23 (84)]";2490;"Maquina 2: [47 (8), 45 (6), 6 (2), 35 (12), 36 (26), 24 (31), 44 (43), 12 (54), 29 (70), 18 (82), 8 (68), 26 (97), 9 (77)]";3230;"Maquina 3: [3 (14), 30 (9), 1 (17), 33 (25), 41 (39), 5 (48), 19 (62), 10 (30), 46 (69), 38 (53), 17 (97), 43 (75), 22 (79)]";3645;"Maquina 4: [48 (9), 2 (7), 49 (30), 16 (24), 21 (25), 34 (32), 13 (50), 4 (74), 40 (60), 27 (77), 39 (90), 37 (69)]";3330
Multiarranque;50;4;12390;321.0;100;"Maquina 1: [28 (16), 47 (8), 6 (2), 29 (70), 21 (25), 14 (23), 44 (43), 40 (60), 0 (69), 4 (74), 17 (97), 25 (72)]";2952;"Maquina 2: [11 (1), 2 (7), 1 (17), 3 (14), 20 (29), 16 (24), 7 (33), 32 (58), 8 (68), 37 (69), 39 (90), 15 (77), 22 (79)]";3033;"Maquina 3: [42 (8), 45 (6), 24 (31), 48 (9), 33 (25), 41 (39), 5 (48), 9 (77), 38 (53), 23 (84), 18 (82), 46 (69)]";2952;"Maquina 4: [31 (17), 30 (9), 35 (12), 10 (30), 36 (26), 49 (30), 13 (50), 34 (32), 19 (62), 12 (54), 43 (75), 27 (77), 26 (97)]";3453
GREEDY;50;4;20048;0.0;1;"Maquina 1: [6 (2), 15 (43), 38 (42), 9 (24), 21 (45), 44 (61), 30 (33), 1 (72), 35 (48), 25 (93), 3 (57), 16 (68), 24 (80)]";4658;"Maquina 2: [41 (32), 22 (2), 33 (76), 14 (25), 20 (51), 13 (43), 27 (38), 37 (56), 0 (72), 29 (60), 23 (67), 47 (88), 17 (96)]";5247;"Maquina 3: [32 (7), 4 (41), 46 (61), 36 (80), 42 (33), 48 (49), 2 (28), 12 (44), 40 (70), 5 (58), 45 (73), 11 (95)]";4736;"Maquina 4: [8 (43), 10 (31), 7 (48), 28 (16), 34 (59), 31 (36), 19 (71), 39 (96), 43 (90), 49 (62), 18 (55), 26 (76)]";5407
GRASP;50;4;19617;281.0;100;"Maquina 1: [42 (33), 13 (43), 2 (28), 6 (2), 18 (55), 35 (48), 31 (36), 34 (59), 16 (68), 5 (58), 29 (60), 25 (93), 26 (76)]";5092;"Maquina 2: [10 (31), 17 (96), 15 (43), 28 (16), 4 (41), 9 (24), 21 (45), 44 (61), 1 (72), 19 (71), 23 (67), 0 (72)]";4291;"Maquina 3: [48 (49), 38 (42), 7 (48), 30 (33), 46 (61), 41 (32), 36 (80), 27 (38), 37 (56), 3 (57), 39 (96), 43 (90)]";4874;"Maquina 4: [20 (51), 22 (2), 12 (44), 32 (7), 33 (76), 40 (70), 45 (73), 8 (43), 14 (25), 24 (80), 11 (95), 49 (62), 47 (88)]";5360
LNS;50;4;20027;14.0;100;"Maquina 1: [6 (2), 15 (43), 38 (42), 9 (24), 21 (45), 44 (61), 30 (33), 1 (72), 35 (48), 25 (93), 3 (57), 16 (68), 24 (80)]";4658;"Maquina 2: [41 (32), 22 (2), 33 (76), 14 (25), 20 (51), 13 (43), 27 (38), 37 (56), 0 (72), 29 (60), 23 (67), 47 (88), 17 (96)]";5247;"Maquina 3: [32 (7), 4 (41), 46 (61), 36 (80), 42 (33), 48 (49), 2 (28), 12 (44), 40 (70), 5 (58), 45 (73), 11 (95)]";4736;"Maquina 4: [8 (43), 10 (31), 7 (48), 28 (16), 34 (59), 31 (36), 19 (71), 39 (96), 18 (55), 49 (62), 43 (90), 26 (76)]";5386
TABÚ;50;4;19287;75.0;100;"Maquina 1: [22 (2), 5 (58), 7 (48), 28 (16), 34 (59), 21 (45), 37 (56), 13 (43), 2 (28), 16 (68), 23 (67), 20 (51), 47 (88)]";4577;"Maquina 2: [8 (43), 10 (31), 35 (48), 42 (33), 6 (2), 27 (38), 46 (61), 36 (80), 33 (76), 40 (70), 45 (73), 11 (95)]";4806;"Maquina 3: [14 (25), 12 (44), 32 (7), 41 (32), 4 (41), 15 (43), 48 (49), 38 (42), 18 (55), 44 (61), 1 (72), 26 (76), 0 (72)]";4417;"Maquina 4: [30 (33), 31 (36), 19 (71), 9 (24), 3 (57), 25 (93), 39 (96), 43 (90), 24 (80), 17 (96), 29 (60), 49 (62)]";5487
VNS;50;4;18947;6738.0;100;"Maquina 1: [6 (2), 15 (43), 10 (31), 9 (24), 21 (45), 44 (61), 1 (72), 35 (48), 25 (93), 3 (57), 49 (62), 16 (68), 24 (80)]";4842;"Maquina 2: [22 (2), 12 (44), 30 (33), 14 (25), 20 (51), 13 (43), 27 (38), 37 (56), 0 (72), 29 (60), 23 (67), 47 (88), 17 (96)]";5017;"Maquina 3: [32 (7), 41 (32), 4 (41), 36 (80), 42 (33), 48 (49), 19 (71), 33 (76), 18 (55), 5 (58), 45 (73), 11 (95)]";4394;"Maquina 4: [8 (43), 38 (42), 7 (48), 28 (16), 34 (59), 31 (36), 2 (28), 39 (96), 43 (90), 40 (70), 26 (76), 46 (61)]";4694
Multiarranque;50;4;19000;321.0;100;"Maquina 1: [5 (58), 48 (49), 38 (42), 9 (24), 21 (45), 32 (7), 37 (56), 33 (76), 19 (71), 34 (59), 16 (68), 11 (95), 36 (80)]";5089;"Maquina 2: [8 (43), 14 (25), 18 (55), 44 (61), 42 (33), 6 (2), 26 (76), 24 (80), 35 (48), 1 (72), 46 (61), 17 (96)]";4931;"Maquina 3: [28 (16), 4 (41), 15 (43), 10 (31), 27 (38), 31 (36), 2 (28), 29 (60), 45 (73), 3 (57), 40 (70), 20 (51), 43 (90)]";4533;"Maquina 4: [30 (33), 22 (2), 12 (44), 41 (32), 13 (43), 23 (67), 7 (48), 49 (62), 0 (72), 25 (93), 39 (96), 47 (88)]";4447
GREEDY;50;4;17968;0.0;1;"Maquina 1: [47 (2), 7 (15), 1 (38), 20 (24), 11 (70), 41 (49), 27 (81), 34 (61), 22 (58), 21 (74), 14 (88), 30 (91), 46 (97)]";4876;"Maquina 2: [25 (4), 38 (15), 23 (51), 28 (75), 39 (21), 13 (59), 42 (62), 37 (72), 16 (41), 3 (92), 12 (84), 8 (89)]";4249;"Maquina 3: [17 (17), 10 (7), 15 (30), 48 (60), 29 (24), 26 (94), 5 (44), 32 (57), 2 (73), 4 (68), 18 (87), 19 (80), 24 (91)]";4438;"Maquina 4: [45 (8), 43 (17), 33 (42), 9 (53), 6 (74), 44 (76), 0 (27), 31 (59), 35 (84), 36 (65), 49 (92), 40 (90)]";4405
GRASP;50;4;16690;277.0;100;"Maquina 1: [29 (24), 47 (2), 48 (60), 15 (30), 36 (65), 28 (75), 20 (24), 11 (70), 41 (49), 40 (90), 35 (84), 49 (92), 30 (91)]";4576;"Maquina 2: [25 (4), 16 (41), 0 (27), 7 (15), 39 (21), 13 (59), 17 (17), 23 (51), 27 (81), 42 (62), 3 (92), 8 (89), 46 (97)]";3836;"Maquina 3: [45 (8), 10 (7), 33 (42), 32 (57), 9 (53), 37 (72), 2 (73), 44 (76), 31 (59), 12 (84), 26 (94), 21 (74)]";4242;"Maquina 4: [38 (15), 1 (38), 43 (17), 22 (58), 5 (44), 4 (68), 34 (61), 18 (87), 6 (74), 19 (80), 24 (91), 14 (88)]";4036
LNS;50;4;17968;14.0;100;"Maquina 1: [47 (2), 7 (15), 1 (38), 20 (24), 11 (70), 41 (49), 27 (81), 34 (61), 22 (58), 21 (74), 14 (88), 30 (91), 46 (97)]";4876;"Maquina 2: [25 (4), 38 (15), 23 (51), 28 (75), 39 (21), 13 (59), 42 (62), 37 (72), 16 (41), 3 (92), 12 (84), 8 (89)]";4249;"Maquina 3: [17 (17), 10 (7), 15 (30), 48 (60), 29 (24), 26 (94), 5 (44), 32 (57), 2 (73), 4 (68), 18 (87), 19 (80), 24 (91)]";4438;"Maquina 4: [45 (8), 43 (17), 33 (42), 9 (53), 6 (74), 44 (76), 0 (27), 31 (59), 35 (84), 36 (65), 49 (92), 40 (90)]";4405
TABÚ;50;4;16454;75.0;100;"Maquina 1: [29 (24), 25 (4), 45 (8), 47 (2), 48 (60), 44 (76), 5 (44), 8 (89), 9 (53), 40 (90), 35 (84), 49 (92), 24 (91)]";4020;"Maquina 2: [0 (27), 17 (17), 7 (15), 39 (21), 20 (24), 2 (73), 23 (51), 27 (81), 31 (59), 46 (97), 6 (74), 19 (80), 14 (88)]";4184;"Maquina 3: [10 (7), 13 (59), 1 (38), 22 (58), 32 (57), 42 (62), 36 (65), 16 (41), 18 (87), 28 (75), 26 (94), 12 (84)]";4375;"Maquina 4: [38 (15), 43 (17), 33 (42), 37 (72), 15 (30), 41 (49), 4 (68), 34 (61), 3 (92), 21 (74), 11 (70), 30 (91)]";3875
VNS;50;4;17508;5866.0;100;"Maquina 1: [7 (15), 45 (8), 1 (38), 20 (24), 11 (70), 41 (49), 27 (81), 34 (61), 3 (92), 21 (74), 14 (88), 30 (91)]";4062;"Maquina 2: [25 (4), 38 (15), 23 (51), 28 (75), 39 (21), 13 (59), 42 (62), 37 (72), 22 (58), 12 (84), 8 (89)]";3483;"Maquina 3: [17 (17), 10 (7), 15 (30), 48 (60), 29 (24), 16 (41), 26 (94), 5 (44), 32 (57), 2 (73), 4 (68), 18 (87), 19 (80), 24 (91)]";5016;"Maquina 4: [47 (2), 43 (17), 33 (42), 9 (53), 6 (74), 44 (76), 0 (27), 31 (59), 46 (97), 35 (84), 36 (65), 49 (92), 40 (90)]";4947
Multiarranque;50;4;16855;325.0;100;"Maquina 1: [45 (8), 39 (21), 47 (2), 15 (30), 31 (59), 9 (53), 6 (74), 23 (51), 35 (84), 36 (65), 8 (89), 42 (62), 3 (92)]";4330;"Maquina 2: [7 (15), 10 (7), 20 (24), 16 (41), 0 (27), 11 (70), 34 (61), 32 (57), 27 (81), 46 (97), 44 (76), 21 (74), 14 (88)]";4419;"Maquina 3: [25 (4), 17 (17), 38 (15), 1 (38), 37 (72), 22 (58), 12 (84), 48 (60), 49 (92), 30 (91), 40 (90), 18 (87)]";3822;"Maquina 4: [43 (17), 29 (24), 13 (59), 5 (44), 33 (42), 41 (49), 4 (68), 2 (73), 26 (94), 28 (75), 19 (80), 24 (91)]";4284
GREEDY;50;4;20734;1.0;1;"Maquina 1: [3 (2), 29 (48), 47 (57), 43 (28), 39 (19), 11 (39), 33 (65), 5 (71), 48 (52), 15 (91), 44 (80), 17 (93)]";4802;"Maquina 2: [34 (9), 6 (21), 36 (35), 2 (32), 9 (87), 46 (44), 30 (54), 19 (52), 38 (69), 24 (64), 4 (75), 26 (97), 42 (91)]";5397;"Maquina 3: [40 (36), 7 (21), 49 (11), 21 (32), 45 (91), 22 (47), 35 (50), 41 (53), 14 (89), 20 (99), 31 (60), 37 (67), 28 (75)]";5413;"Maquina 4: [8 (26), 1 (35), 32 (14), 0 (96), 25 (50), 18 (60), 12 (41), 16 (66), 23 (53), 13 (71), 10 (85), 27 (91)]";5122
GRASP;50;4;18028;279.0;100;"Maquina 1: [3 (2), 22 (47), 21 (32), 36 (35), 46 (44), 30 (54), 18 (60), 23 (53), 4 (75), 45 (91), 27 (91), 15 (91)]";4284;"Maquina 2: [7 (21), 49 (11), 8 (26), 1 (35), 38 (69), 19 (52), 12 (41), 9 (87), 43 (28), 47 (57), 14 (89), 17 (93), 26 (97)]";4423;"Maquina 3: [34 (9), 25 (50), 39 (19), 41 (53), 11 (39), 33 (65), 37 (67), 31 (60), 48 (52), 16 (66), 20 (99), 28 (75), 42 (91)]";5041;"Maquina 4: [6 (21), 32 (14), 2 (32), 40 (36), 24 (64), 35 (50), 5 (71), 13 (71), 44 (80), 29 (48), 0 (96), 10 (85)]";4280
LNS;50;4;20584;14.0;100;"Maquina 1: [3 (2), 29 (48), 47 (57), 43 (28), 39 (19), 11 (39), 33 (65), 44 (80), 48 (52), 15 (91), 5 (71), 17 (93)]";4756;"Maquina 2: [34 (9), 6 (21), 36 (35), 2 (32), 9 (87), 46 (44), 30 (54), 19 (52), 38 (69), 24 (64), 4 (75), 26 (97), 42 (91)]";5397;"Maquina 3: [40 (36), 7 (21), 49 (11), 21 (32), 45 (91), 22 (47), 35 (50), 41 (53), 14 (89), 37 (67), 31 (60), 20 (99), 28 (75)]";5309;"Maquina 4: [8 (26), 1 (35), 32 (14), 0 (96), 25 (50), 18 (60), 12 (41), 16 (66), 23 (53), 13 (71), 10 (85), 27 (91)]";5122
TABÚ;50;4;18945;74.0;100;"Maquina 1: [34 (9), 21 (32), 36 (35), 12 (41), 24 (64), 48 (52), 38 (69), 31 (60), 11 (39), 33 (65), 20 (99), 14 (89)]";4064;"Maquina 2: [32 (14), 3 (2), 39 (19), 7 (21), 5 (71), 41 (53), 29 (48), 44 (80), 19 (52), 23 (53), 0 (96), 9 (87), 28 (75)]";4788;"Maquina 3: [49 (11), 8 (26), 37 (67), 22 (47), 47 (57), 43 (28), 46 (44), 16 (66), 45 (91), 13 (71), 26 (97), 30 (54), 10 (85)]";5355;"Maquina 4: [6 (21), 2 (32), 40 (36), 42 (91), 1 (35), 4 (75), 25 (50), 18 (60), 35 (50), 17 (93), 15 (91), 27 (91)]";4738
VNS;50;4;19252;5421.0;100;"Maquina 1: [7 (21), 47 (57), 43 (28), 39 (19), 11 (39), 33 (65), 44 (80), 9 (87), 37 (67), 5 (71), 16 (66), 28 (75)]";4697;"Maquina 2: [6 (21), 36 (35), 2 (32), 48 (52), 46 (44), 30 (54), 19 (52), 38 (69), 24 (64), 4 (75), 26 (97), 42 (91)]";4651;"Maquina 3: [34 (9), 40 (36), 3 (2), 29 (48), 49 (11), 21 (32), 45 (91), 22 (47), 35 (50), 41 (53), 14 (89), 13 (71), 15 (91), 31 (60)]";4769;"Maquina 4: [8 (26), 1 (35), 32 (14), 0 (96), 25 (50), 18 (60), 12 (41), 17 (93), 23 (53), 20 (99), 10 (85), 27 (91)]";5135
Multiarranque;50;4;18876;320.0;100;"Maquina 1: [8 (26), 6 (21), 32 (14), 47 (57), 11 (39), 29 (48), 16 (66), 30 (54), 37 (67), 5 (71), 1 (35), 17 (93), 27 (91)]";4927;"Maquina 2: [49 (11), 34 (9), 22 (47), 18 (60), 35 (50), 19 (52), 40 (36), 42 (91), 33 (65), 9 (87), 13 (71), 45 (91), 15 (91)]";4679;"Maquina 3: [3 (2), 39 (19), 28 (75), 2 (32), 12 (41), 24 (64), 23 (53), 38 (69), 44 (80), 14 (89), 26 (97), 10 (85)]";5010;"Maquina 4: [21 (32), 36 (35), 7 (21), 48 (52), 25 (50), 41 (53), 43 (28), 31 (60), 46 (44), 20 (99), 4 (75), 0 (96)]";4260
GREEDY;50;4;20339;0.0;1;"Maquina 1: [5 (7), 12 (13), 47 (45), 31 (20), 14 (49), 17 (57), 36 (33), 4 (83), 25 (61), 24 (71), 15 (87), 38 (93)]";4633;"Maquina 2: [43 (13), 10 (9), 29 (62), 39 (33), 3 (27), 35 (38), 1 (64), 20 (89), 2 (56), 34 (47), 23 (83), 42 (94), 22 (77)]";5300;"Maquina 3: [44 (13), 21 (44), 33 (11), 27 (34), 8 (31), 28 (48), 46 (87), 13 (83), 41 (63), 49 (56), 19 (77), 11 (94)]";4874;"Maquina 4: [16 (47), 30 (31), 45 (12), 9 (58), 0 (14), 7 (81), 6 (34), 37 (50), 32 (75), 48 (60), 40 (92), 26 (96), 18 (85)]";5532
GRASP;50;4;17943;273.0;100;"Maquina 1: [33 (11), 6 (34), 36 (33), 16 (47), 8 (31), 37 (50), 29 (62), 3 (27), 2 (56), 19 (77), 24 (71), 15 (87), 42 (94)]";4664;"Maquina 2: [44 (13), 45 (12), 4 (83), 5 (7), 39 (33), 9 (58), 47 (45), 14 (49), 23 (83), 34 (47), 40 (92), 38 (93), 26 (96)]";4988;"Maquina 3: [28 (48), 12 (13), 10 (9), 31 (20), 25 (61), 49 (56), 13 (83), 21 (44), 22 (77), 46 (87), 18 (85), 41 (63)]";4111;"Maquina 4: [0 (14), 35 (38), 43 (13), 30 (31), 27 (34), 17 (57), 1 (64), 7 (81), 48 (60), 20 (89), 11 (94), 32 (75)]";4180
LNS;50;4;20000;14.0;100;"Maquina 1: [5 (7), 12 (13), 47 (45), 31 (20), 14 (49), 17 (57), 36 (33), 4 (83), 25 (61), 24 (71), 15 (87), 38 (93)]";4633;"Maquina 2: [34 (47), 10 (9), 29 (62), 39 (33), 3 (27), 35 (38), 1 (64), 20 (89), 2 (56), 43 (13), 23 (83), 42 (94), 22 (77)]";5126;"Maquina 3: [13 (83), 21 (44), 44 (13), 27 (34), 8 (31), 28 (48), 46 (87), 33 (11), 41 (63), 49 (56), 19 (77), 11 (94)]";4739;"Maquina 4: [16 (47), 30 (31), 45 (12), 9 (58), 0 (14), 7 (81), 6 (34), 37 (50), 40 (92), 48 (60), 32 (75), 26 (96), 18 (85)]";5502
TABÚ;50;4;18301;74.0;100;"Maquina 1: [31 (20), 33 (11), 34 (47), 8 (31), 35 (38), 17 (57), 41 (63), 14 (49), 25 (61), 28 (48), 24 (71), 18 (85), 32 (75)]";4631;"Maquina 2: [43 (13), 30 (31), 27 (34), 5 (7), 6 (34), 7 (81), 47 (45), 29 (62), 11 (94), 13 (83), 20 (89), 26 (96), 22 (77)]";4789;"Maquina 3: [3 (27), 39 (33), 12 (13), 16 (47), 36 (33), 37 (50), 42 (94), 40 (92), 2 (56), 15 (87), 4 (83)]";3906;"Maquina 4: [44 (13), 45 (12), 9 (58), 0 (14), 1 (64), 49 (56), 19 (77), 10 (9), 21 (44), 23 (83), 48 (60), 46 (87), 38 (93)]";4975
VNS;50;4;18802;4701.0;100;"Maquina 1: [5 (7), 12 (13), 0 (14), 31 (20), 14 (49), 17 (57), 36 (33), 4 (83), 25 (61), 13 (83), 18 (85), 21 (44), 38 (93)]";4889;"Maquina 2: [10 (9), 29 (62), 39 (33), 3 (27), 24 (71), 35 (38), 1 (64), 20 (89), 11 (94), 23 (83), 42 (94)]";3891;"Maquina 3: [44 (13), 45 (12), 27 (34), 34 (47), 8 (31), 43 (13), 41 (63), 46 (87), 49 (56), 19 (77), 28 (48), 26 (96)]";3843;"Maquina 4: [16 (47), 30 (31), 33 (11), 9 (58), 22 (77), 47 (45), 7 (81), 6 (34), 37 (50), 32 (75), 48 (60), 40 (92), 2 (56), 15 (87)]";6179
Multiarranque;50;4;17929;322.0;100;"Maquina 1: [3 (27), 27 (34), 17 (57), 47 (45), 31 (20), 41 (63), 46 (87), 49 (56), 23 (83), 19 (77), 15 (87), 9 (58)]";4328;"Maquina 2: [5 (7), 39 (33), 21 (44), 45 (12), 43 (13), 48 (60), 40 (92), 28 (48), 32 (75), 29 (62), 42 (94), 1 (64), 20 (89)]";5122;"Maquina 3: [10 (9), 12 (13), 0 (14), 35 (38), 36 (33), 37 (50), 38 (93), 26 (96), 2 (56), 6 (34), 4 (83), 13 (83)]";3933;"Maquina 4: [44 (13), 14 (49), 25 (61), 33 (11), 34 (47), 16 (47), 30 (31), 8 (31), 7 (81), 24 (71), 18 (85), 11 (94), 22 (77)]";4546
