GREEDY;40;2;16721;1.0;1;"Maquina 1: [37 (15), 36 (6), 26 (2), 9 (12), 25 (19), 23 (32), 1 (58), 38 (34), 5 (29), 22 (33), 16 (23), 21 (63), 13 (44), 27 (74), 24 (89), 15 (43), 12 (83), 20 (92), 33 (98), 7 (94)]";8022;"Maquina 2: [28 (25), 11 (7), 35 (6), 2 (34), 4 (19), 32 (21), 18 (30), 17 (13), 10 (36), 34 (32), 19 (43), 3 (61), 8 (51), 31 (86), 14 (79), 39 (91), 29 (66), 6 (94), 0 (97), 30 (99)]";8699
GRASP;40;2;16386;101.0;100;"Maquina 1: [4 (19), 32 (21), 26 (2), 38 (34), 22 (33), 16 (23), 5 (29), 28 (25), 2 (34), 13 (44), 10 (36), 25 (19), 21 (63), 18 (30), 14 (79), 39 (91), 27 (74), 0 (97), 30 (99), 20 (92)]";8240;"Maquina 2: [37 (15), 9 (12), 35 (6), 17 (13), 8 (51), 36 (6), 34 (32), 23 (32), 19 (43), 3 (61), 15 (43), 11 (7), 29 (66), 1 (58), 6 (94), 31 (86), 24 (89), 7 (94), 12 (83), 33 (98)]";8146
LNS;40;2;16687;16.0;100;"Maquina 1: [37 (15), 36 (6), 26 (2), 9 (12), 25 (19), 23 (32), 1 (58), 38 (34), 5 (29), 22 (33), 16 (23), 21 (63), 13 (44), 27 (74), 33 (98), 15 (43), 12 (83), 20 (92), 24 (89), 7 (94)]";7988;"Maquina 2: [28 (25), 11 (7), 35 (6), 2 (34), 4 (19), 32 (21), 18 (30), 17 (13), 10 (36), 34 (32), 19 (43), 3 (61), 8 (51), 31 (86), 14 (79), 39 (91), 29 (66), 6 (94), 0 (97), 30 (99)]";8699
TABÚ;40;2;16268;28.0;100;"Maquina 1: [37 (15), 36 (6), 26 (2), 9 (12), 25 (19), 28 (25), 2 (34), 38 (34), 17 (13), 1 (58), 18 (30), 19 (43), 3 (61), 12 (83), 10 (36), 14 (79), 39 (91), 20 (92), 30 (99), 29 (66), 6 (94)]";8610;"Maquina 2: [11 (7), 35 (6), 16 (23), 4 (19), 32 (21), 5 (29), 22 (33), 15 (43), 34 (32), 23 (32), 21 (63), 13 (44), 27 (74), 33 (98), 8 (51), 31 (86), 24 (89), 7 (94), 0 (97)]";7658
VNS;40;2;16322;2159.0;100;"Maquina 1: [37 (15), 36 (6), 26 (2), 9 (12), 25 (19), 34 (32), 1 (58), 38 (34), 5 (29), 22 (33), 16 (23), 21 (63), 13 (44), 20 (92), 24 (89), 12 (83), 30 (99), 27 (74), 33 (98), 7 (94)]";8310;"Maquina 2: [28 (25), 11 (7), 35 (6), 2 (34), 4 (19), 32 (21), 18 (30), 17 (13), 10 (36), 23 (32), 19 (43), 15 (43), 3 (61), 8 (51), 31 (86), 14 (79), 39 (91), 29 (66), 6 (94), 0 (97)]";8012
Multiarranque;40;2;16140;161.0;100;"Maquina 1: [37 (15), 36 (6), 26 (2), 9 (12), 34 (32), 25 (19), 1 (58), 38 (34), 5 (29), 22 (33), 16 (23), 21 (63), 13 (44), 27 (74), 33 (98), 15 (43), 12 (83), 20 (92), 24 (89), 7 (94)]";7786;"Maquina 2: [28 (25), 11 (7), 35 (6), 2 (34), 4 (19), 32 (21), 18 (30), 17 (13), 10 (36), 23 (32), 19 (43), 3 (61), 8 (51), 31 (86), 14 (79), 39 (91), 29 (66), 6 (94), 0 (97), 30 (99)]";8354
GREEDY;40;2;19956;0.0;1;"Maquina 1: [2 (14), 31 (5), 20 (20), 39 (24), 25 (74), 4 (29), 10 (27), 22 (39), 8 (59), 15 (49), 19 (31), 37 (51), 17 (62), 24 (69), 18 (50), 9 (64), 13 (71), 3 (75), 36 (98), 14 (88)]";9767;"Maquina 2: [7 (17), 0 (10), 38 (16), 16 (29), 6 (28), 35 (25), 5 (61), 33 (46), 27 (50), 29 (38), 34 (63), 11 (53), 12 (50), 32 (65), 1 (74), 26 (77), 30 (74), 23 (70), 28 (99), 21 (95)]";10189
GRASP;40;2;19062;100.0;100;"Maquina 1: [2 (14), 31 (5), 19 (31), 7 (17), 10 (27), 35 (25), 5 (61), 18 (50), 34 (63), 22 (39), 33 (46), 13 (71), 16 (29), 1 (74), 11 (53), 14 (88), 25 (74), 17 (62), 26 (77), 28 (99)]";9409;"Maquina 2: [0 (10), 4 (29), 38 (16), 20 (20), 15 (49), 39 (24), 6 (28), 12 (50), 27 (50), 29 (38), 8 (59), 3 (75), 32 (65), 37 (51), 9 (64), 23 (70), 24 (69), 21 (95), 30 (74), 36 (98)]";9653
LNS;40;2;19792;16.0;100;"Maquina 1: [4 (29), 31 (5), 20 (20), 39 (24), 25 (74), 2 (14), 10 (27), 22 (39), 8 (59), 15 (49), 19 (31), 37 (51), 17 (62), 24 (69), 18 (50), 9 (64), 13 (71), 3 (75), 36 (98), 14 (88)]";9668;"Maquina 2: [7 (17), 0 (10), 38 (16), 16 (29), 6 (28), 35 (25), 5 (61), 33 (46), 27 (50), 29 (38), 1 (74), 11 (53), 12 (50), 32 (65), 26 (77), 34 (63), 30 (74), 23 (70), 28 (99), 21 (95)]";10124
TABÚ;40;2;18451;37.0;100;"Maquina 1: [39 (24), 38 (16), 16 (29), 7 (17), 4 (29), 29 (38), 22 (39), 8 (59), 15 (49), 12 (50), 27 (50), 18 (50), 5 (61), 32 (65), 1 (74), 24 (69), 21 (95), 28 (99), 25 (74), 14 (88)]";9926;"Maquina 2: [31 (5), 20 (20), 0 (10), 2 (14), 10 (27), 35 (25), 26 (77), 19 (31), 37 (51), 34 (63), 6 (28), 33 (46), 9 (64), 11 (53), 17 (62), 3 (75), 30 (74), 36 (98), 13 (71), 23 (70)]";8525
VNS;40;2;19524;1639.0;100;"Maquina 1: [2 (14), 31 (5), 20 (20), 39 (24), 25 (74), 4 (29), 6 (28), 34 (63), 22 (39), 15 (49), 19 (31), 37 (51), 17 (62), 24 (69), 18 (50), 9 (64), 13 (71), 3 (75), 36 (98), 14 (88)]";9679;"Maquina 2: [7 (17), 0 (10), 38 (16), 16 (29), 8 (59), 10 (27), 35 (25), 5 (61), 33 (46), 27 (50), 29 (38), 11 (53), 12 (50), 32 (65), 1 (74), 26 (77), 30 (74), 23 (70), 28 (99), 21 (95)]";9845
Multiarranque;40;2;18699;158.0;100;"Maquina 1: [31 (5), 20 (20), 38 (16), 2 (14), 18 (50), 6 (28), 33 (46), 22 (39), 7 (17), 10 (27), 12 (50), 27 (50), 15 (49), 34 (63), 11 (53), 14 (88), 25 (74), 36 (98), 1 (74), 23 (70), 28 (99)]";9415;"Maquina 2: [39 (24), 0 (10), 16 (29), 19 (31), 4 (29), 29 (38), 35 (25), 8 (59), 26 (77), 5 (61), 37 (51), 17 (62), 24 (69), 30 (74), 9 (64), 13 (71), 3 (75), 32 (65), 21 (95)]";9284
GREEDY;40;2;21937;1.0;1;"Maquina 1: [25 (25), 19 (10), 7 (2), 13 (29), 35 (96), 30 (8), 10 (39), 39 (32), 4 (41), 29 (16), 31 (49), 2 (74), 20 (59), 6 (91), 18 (55), 15 (69), 37 (79), 27 (74), 1 (94), 14 (87)]";11222;"Maquina 2: [22 (8), 32 (18), 26 (45), 12 (27), 16 (19), 28 (16), 33 (91), 23 (39), 34 (33), 17 (10), 11 (74), 3 (31), 0 (79), 5 (88), 9 (54), 36 (94), 38 (69), 21 (56), 8 (85), 24 (63)]";10715
GRASP;40;2;22524;100.0;100;"Maquina 1: [17 (10), 18 (55), 19 (10), 7 (2), 38 (69), 12 (27), 23 (39), 11 (74), 28 (16), 31 (49), 34 (33), 14 (87), 9 (54), 26 (45), 2 (74), 0 (79), 24 (63), 6 (91), 36 (94), 8 (85)]";11106;"Maquina 2: [16 (19), 22 (8), 13 (29), 10 (39), 37 (79), 3 (31), 29 (16), 32 (18), 30 (8), 39 (32), 4 (41), 20 (59), 25 (25), 27 (74), 33 (91), 15 (69), 21 (56), 35 (96), 5 (88), 1 (94)]";11418
LNS;40;2;21937;18.0;100;"Maquina 1: [25 (25), 19 (10), 7 (2), 13 (29), 35 (96), 30 (8), 10 (39), 39 (32), 4 (41), 29 (16), 31 (49), 2 (74), 20 (59), 6 (91), 18 (55), 15 (69), 37 (79), 27 (74), 1 (94), 14 (87)]";11222;"Maquina 2: [22 (8), 32 (18), 26 (45), 12 (27), 16 (19), 28 (16), 33 (91), 23 (39), 34 (33), 17 (10), 11 (74), 3 (31), 0 (79), 5 (88), 9 (54), 36 (94), 38 (69), 21 (56), 8 (85), 24 (63)]";10715
TABÚ;40;2;22358;29.0;100;"Maquina 1: [29 (16), 12 (27), 22 (8), 32 (18), 33 (91), 13 (29), 24 (63), 36 (94), 11 (74), 28 (16), 23 (39), 18 (55), 0 (79), 30 (8), 34 (33), 5 (88), 15 (69), 1 (94), 8 (85), 6 (91)]";11173;"Maquina 2: [16 (19), 25 (25), 19 (10), 7 (2), 17 (10), 10 (39), 39 (32), 4 (41), 26 (45), 31 (49), 3 (31), 27 (74), 38 (69), 20 (59), 14 (87), 9 (54), 2 (74), 21 (56), 35 (96), 37 (79)]";11185
VNS;40;2;21589;2361.0;100;"Maquina 1: [25 (25), 19 (10), 7 (2), 13 (29), 24 (63), 30 (8), 10 (39), 39 (32), 4 (41), 29 (16), 31 (49), 2 (74), 20 (59), 6 (91), 18 (55), 15 (69), 37 (79), 27 (74), 21 (56), 14 (87)]";10748;"Maquina 2: [22 (8), 32 (18), 26 (45), 12 (27), 16 (19), 28 (16), 33 (91), 23 (39), 34 (33), 17 (10), 11 (74), 3 (31), 0 (79), 5 (88), 9 (54), 36 (94), 38 (69), 1 (94), 8 (85), 35 (96)]";10841
Multiarranque;40;2;20682;158.0;100;"Maquina 1: [13 (29), 7 (2), 38 (69), 12 (27), 30 (8), 23 (39), 31 (49), 3 (31), 33 (91), 16 (19), 28 (16), 2 (74), 21 (56), 6 (91), 5 (88), 37 (79), 27 (74), 1 (94), 36 (94)]";9855;"Maquina 2: [22 (8), 32 (18), 29 (16), 17 (10), 25 (25), 19 (10), 10 (39), 39 (32), 4 (41), 26 (45), 14 (87), 24 (63), 34 (33), 20 (59), 18 (55), 15 (69), 0 (79), 9 (54), 11 (74), 35 (96), 8 (85)]";10827
GREEDY;40;2;14179;1.0;1;"Maquina 1: [13 (5), 12 (3), 30 (15), 26 (18), 35 (6), 27 (16), 0 (3), 22 (60), 1 (22), 16 (40), 10 (65), 33 (45), 24 (29), 20 (55), 21 (51), 9 (29), 36 (54), 11 (90), 34 (95), 2 (71)]";6957;"Maquina 2: [37 (4), 7 (5), 25 (10), 39 (27), 38 (16), 8 (3), 19 (14), 6 (31), 23 (29), 29 (19), 3 (52), 18 (61), 14 (55), 5 (49), 31 (69), 28 (55), 4 (42), 17 (90), 15 (81), 32 (99)]";7222
GRASP;40;2;13533;100.0;100;"Maquina 1: [26 (18), 35 (6), 12 (3), 30 (15), 27 (16), 0 (3), 19 (14), 23 (29), 9 (29), 29 (19), 33 (45), 28 (55), 4 (42), 21 (51), 22 (60), 11 (90), 36 (54), 10 (65), 17 (90), 2 (71)]";6597;"Maquina 2: [8 (3), 38 (16), 13 (5), 25 (10), 16 (40), 37 (4), 1 (22), 7 (5), 6 (31), 5 (49), 39 (27), 24 (29), 3 (52), 31 (69), 20 (55), 18 (61), 14 (55), 15 (81), 34 (95), 32 (99)]";6936
LNS;40;2;13896;17.0;100;"Maquina 1: [13 (5), 12 (3), 30 (15), 26 (18), 35 (6), 27 (16), 0 (3), 22 (60), 1 (22), 16 (40), 10 (65), 33 (45), 24 (29), 20 (55), 21 (51), 9 (29), 36 (54), 11 (90), 34 (95), 2 (71)]";6957;"Maquina 2: [37 (4), 7 (5), 25 (10), 39 (27), 19 (14), 8 (3), 38 (16), 6 (31), 23 (29), 29 (19), 3 (52), 18 (61), 14 (55), 5 (49), 31 (69), 28 (55), 4 (42), 17 (90), 15 (81), 32 (99)]";6939
TABÚ;40;2;13402;30.0;100;"Maquina 1: [8 (3), 0 (3), 19 (14), 13 (5), 23 (29), 30 (15), 26 (18), 12 (3), 1 (22), 38 (16), 35 (6), 14 (55), 5 (49), 22 (60), 28 (55), 4 (42), 2 (71), 36 (54), 31 (69), 34 (95)]";5672;"Maquina 2: [37 (4), 7 (5), 27 (16), 39 (27), 9 (29), 29 (19), 3 (52), 25 (10), 16 (40), 6 (31), 24 (29), 20 (55), 18 (61), 21 (51), 10 (65), 33 (45), 17 (90), 15 (81), 32 (99), 11 (90)]";7730
VNS;40;2;13594;2151.0;100;"Maquina 1: [13 (5), 12 (3), 30 (15), 26 (18), 27 (16), 39 (27), 24 (29), 22 (60), 1 (22), 16 (40), 28 (55), 33 (45), 20 (55), 21 (51), 9 (29), 36 (54), 11 (90), 34 (95), 32 (99)]";6770;"Maquina 2: [37 (4), 7 (5), 25 (10), 0 (3), 38 (16), 35 (6), 8 (3), 19 (14), 6 (31), 23 (29), 29 (19), 3 (52), 18 (61), 14 (55), 5 (49), 31 (69), 10 (65), 4 (42), 2 (71), 15 (81), 17 (90)]";6824
Multiarranque;40;2;13123;172.0;100;"Maquina 1: [35 (6), 8 (3), 0 (3), 19 (14), 13 (5), 30 (15), 3 (52), 29 (19), 6 (31), 5 (49), 39 (27), 21 (51), 26 (18), 14 (55), 36 (54), 10 (65), 33 (45), 31 (69), 17 (90), 32 (99)]";6513;"Maquina 2: [24 (29), 37 (4), 7 (5), 27 (16), 12 (3), 1 (22), 38 (16), 23 (29), 9 (29), 25 (10), 16 (40), 28 (55), 4 (42), 20 (55), 18 (61), 22 (60), 11 (90), 15 (81), 2 (71), 34 (95)]";6610
GREEDY;40;2;22661;0.0;1;"Maquina 1: [26 (31), 9 (22), 11 (41), 38 (5), 17 (25), 22 (17), 3 (44), 13 (50), 28 (34), 6 (55), 34 (46), 12 (46), 0 (70), 1 (82), 24 (55), 30 (70), 23 (62), 35 (86), 7 (93), 19 (96)]";11082;"Maquina 2: [5 (33), 21 (48), 29 (25), 25 (17), 37 (13), 15 (47), 18 (18), 4 (23), 32 (34), 8 (51), 33 (59), 2 (68), 36 (43), 10 (76), 31 (94), 27 (70), 20 (44), 16 (82), 39 (90), 14 (98)]";11579
GRASP;40;2;20605;108.0;100;"Maquina 1: [22 (17), 28 (34), 37 (13), 26 (31), 9 (22), 29 (25), 24 (55), 38 (5), 10 (76), 18 (18), 13 (50), 20 (44), 2 (68), 15 (47), 3 (44), 30 (70), 27 (70), 7 (93), 39 (90), 35 (86), 31 (94)]";10473;"Maquina 2: [4 (23), 17 (25), 11 (41), 25 (17), 33 (59), 1 (82), 32 (34), 23 (62), 5 (33), 21 (48), 12 (46), 8 (51), 36 (43), 6 (55), 34 (46), 16 (82), 0 (70), 19 (96), 14 (98)]";10132
LNS;40;2;21419;18.0;100;"Maquina 1: [26 (31), 9 (22), 11 (41), 38 (5), 17 (25), 22 (17), 24 (55), 13 (50), 28 (34), 6 (55), 34 (46), 12 (46), 0 (70), 1 (82), 3 (44), 30 (70), 23 (62), 35 (86), 7 (93), 19 (96)]";10688;"Maquina 2: [5 (33), 21 (48), 29 (25), 25 (17), 37 (13), 15 (47), 4 (23), 18 (18), 27 (70), 8 (51), 33 (59), 2 (68), 36 (43), 10 (76), 31 (94), 32 (34), 20 (44), 16 (82), 39 (90), 14 (98)]";10731
TABÚ;40;2;21519;32.0;100;"Maquina 1: [38 (5), 13 (50), 25 (17), 9 (22), 12 (46), 24 (55), 29 (25), 28 (34), 33 (59), 21 (48), 11 (41), 20 (44), 3 (44), 2 (68), 1 (82), 0 (70), 6 (55), 19 (96), 14 (98), 39 (90)]";10834;"Maquina 2: [15 (47), 4 (23), 17 (25), 18 (18), 37 (13), 26 (31), 23 (62), 27 (70), 22 (17), 32 (34), 36 (43), 10 (76), 5 (33), 34 (46), 16 (82), 30 (70), 31 (94), 7 (93), 35 (86), 8 (51)]";10685
VNS;40;2;21816;1625.0;100;"Maquina 1: [26 (31), 9 (22), 11 (41), 38 (5), 17 (25), 24 (55), 18 (18), 13 (50), 28 (34), 6 (55), 34 (46), 12 (46), 0 (70), 1 (82), 35 (86), 30 (70), 23 (62), 32 (34), 7 (93), 14 (98)]";11227;"Maquina 2: [5 (33), 21 (48), 29 (25), 25 (17), 37 (13), 15 (47), 4 (23), 22 (17), 3 (44), 8 (51), 33 (59), 2 (68), 36 (43), 10 (76), 31 (94), 27 (70), 20 (44), 16 (82), 39 (90), 19 (96)]";10589
Multiarranque;40;2;21223;167.0;100;"Maquina 1: [4 (23), 22 (17), 26 (31), 37 (13), 23 (62), 36 (43), 24 (55), 18 (18), 6 (55), 17 (25), 11 (41), 30 (70), 31 (94), 20 (44), 2 (68), 13 (50), 14 (98), 39 (90), 10 (76)]";9692;"Maquina 2: [5 (33), 29 (25), 25 (17), 9 (22), 34 (46), 12 (46), 21 (48), 28 (34), 27 (70), 8 (51), 38 (5), 0 (70), 32 (34), 7 (93), 15 (47), 3 (44), 33 (59), 1 (82), 35 (86), 19 (96), 16 (82)]";11531
GREEDY;40;2;22507;1.0;1;"Maquina 1: [18 (1), 10 (10), 34 (40), 24 (17), 16 (37), 30 (16), 8 (36), 35 (38), 3 (24), 7 (18), 4 (66), 17 (63), 37 (72), 29 (84), 12 (56), 23 (70), 20 (78), 13 (88), 11 (97), 2 (86)]";11502;"Maquina 2: [38 (23), 9 (9), 15 (13), 6 (16), 32 (17), 14 (64), 33 (31), 0 (59), 26 (36), 21 (17), 31 (39), 22 (34), 25 (67), 28 (76), 1 (86), 19 (45), 39 (93), 36 (83), 27 (70), 5 (87)]";11005
GRASP;40;2;20753;107.0;100;"Maquina 1: [18 (1), 6 (16), 24 (17), 21 (17), 35 (38), 16 (37), 9 (9), 3 (24), 26 (36), 0 (59), 7 (18), 34 (40), 13 (88), 14 (64), 37 (72), 5 (87), 20 (78), 29 (84), 36 (83), 11 (97), 28 (76)]";10688;"Maquina 2: [30 (16), 32 (17), 33 (31), 10 (10), 17 (63), 15 (13), 31 (39), 22 (34), 25 (67), 38 (23), 8 (36), 19 (45), 39 (93), 4 (66), 12 (56), 27 (70), 2 (86), 1 (86), 23 (70)]";10065
LNS;40;2;21847;20.0;100;"Maquina 1: [18 (1), 10 (10), 34 (40), 24 (17), 16 (37), 30 (16), 8 (36), 35 (38), 3 (24), 4 (66), 7 (18), 17 (63), 37 (72), 29 (84), 12 (56), 23 (70), 20 (78), 13 (88), 11 (97), 2 (86)]";11441;"Maquina 2: [31 (39), 9 (9), 15 (13), 6 (16), 32 (17), 14 (64), 33 (31), 0 (59), 36 (83), 21 (17), 38 (23), 22 (34), 25 (67), 28 (76), 1 (86), 19 (45), 26 (36), 39 (93), 27 (70), 5 (87)]";10406
TABÚ;40;2;20263;33.0;100;"Maquina 1: [8 (36), 21 (17), 10 (10), 37 (72), 32 (17), 16 (37), 9 (9), 3 (24), 1 (86), 12 (56), 22 (34), 25 (67), 4 (66), 30 (16), 29 (84), 36 (83), 11 (97), 39 (93), 27 (70)]";10070;"Maquina 2: [15 (13), 18 (1), 26 (36), 38 (23), 6 (16), 24 (17), 35 (38), 33 (31), 0 (59), 31 (39), 17 (63), 19 (45), 7 (18), 23 (70), 5 (87), 34 (40), 14 (64), 20 (78), 28 (76), 2 (86), 13 (88)]";10193
VNS;40;2;20756;1666.0;100;"Maquina 1: [18 (1), 10 (10), 34 (40), 24 (17), 16 (37), 21 (17), 35 (38), 3 (24), 39 (93), 4 (66), 7 (18), 17 (63), 29 (84), 12 (56), 23 (70), 20 (78), 13 (88), 27 (70), 2 (86), 5 (87)]";11164;"Maquina 2: [38 (23), 9 (9), 15 (13), 6 (16), 30 (16), 32 (17), 14 (64), 33 (31), 0 (59), 26 (36), 8 (36), 19 (45), 22 (34), 25 (67), 28 (76), 1 (86), 37 (72), 31 (39), 36 (83), 11 (97)]";9592
Multiarranque;40;2;19974;160.0;100;"Maquina 1: [34 (40), 24 (17), 21 (17), 10 (10), 38 (23), 0 (59), 7 (18), 22 (34), 23 (70), 18 (1), 4 (66), 35 (38), 33 (31), 29 (84), 2 (86), 12 (56), 39 (93), 36 (83), 13 (88), 5 (87)]";10294;"Maquina 2: [16 (37), 31 (39), 9 (9), 15 (13), 6 (16), 30 (16), 8 (36), 19 (45), 26 (36), 32 (17), 3 (24), 25 (67), 28 (76), 37 (72), 14 (64), 17 (63), 11 (97), 20 (78), 27 (70), 1 (86)]";9680
GREEDY;40;2;22377;1.0;1;"Maquina 1: [24 (3), 35 (25), 21 (21), 17 (19), 18 (22), 16 (11), 13 (26), 36 (43), 28 (58), 37 (66), 12 (34), 29 (26), 25 (63), 39 (73), 20 (67), 10 (71), 2 (72), 26 (92), 1 (48)]";10607;"Maquina 2: [3 (5), 0 (27), 22 (26), 5 (22), 7 (24), 30 (27), 32 (11), 8 (50), 34 (89), 38 (31), 14 (71), 6 (20), 19 (37), 27 (59), 9 (80), 4 (56), 11 (44), 31 (64), 33 (69), 15 (94), 23 (72)]";11770
GRASP;40;2;20860;100.0;100;"Maquina 1: [13 (26), 21 (21), 38 (31), 35 (25), 5 (22), 7 (24), 39 (73), 16 (11), 33 (69), 29 (26), 2 (72), 3 (5), 23 (72), 12 (34), 11 (44), 9 (80), 28 (58), 14 (71), 15 (94)]";9915;"Maquina 2: [17 (19), 18 (22), 22 (26), 24 (3), 0 (27), 30 (27), 32 (11), 8 (50), 31 (64), 6 (20), 19 (37), 37 (66), 27 (59), 1 (48), 20 (67), 10 (71), 36 (43), 4 (56), 34 (89), 25 (63), 26 (92)]";10945
LNS;40;2;20670;16.0;100;"Maquina 1: [24 (3), 13 (26), 21 (21), 17 (19), 18 (22), 16 (11), 12 (34), 36 (43), 28 (58), 37 (66), 35 (25), 29 (26), 20 (67), 39 (73), 25 (63), 10 (71), 2 (72), 26 (92), 1 (48)]";9388;"Maquina 2: [3 (5), 0 (27), 22 (26), 5 (22), 7 (24), 30 (27), 32 (11), 8 (50), 34 (89), 27 (59), 14 (71), 6 (20), 38 (31), 19 (37), 9 (80), 4 (56), 11 (44), 31 (64), 33 (69), 15 (94), 23 (72)]";11282
TABÚ;40;2;20483;32.0;100;"Maquina 1: [22 (26), 24 (3), 17 (19), 18 (22), 2 (72), 38 (31), 29 (26), 20 (67), 5 (22), 19 (37), 37 (66), 21 (21), 36 (43), 4 (56), 14 (71), 23 (72), 25 (63), 26 (92), 28 (58), 39 (73)]";10576;"Maquina 2: [30 (27), 3 (5), 0 (27), 16 (11), 12 (34), 35 (25), 32 (11), 8 (50), 31 (64), 6 (20), 15 (94), 9 (80), 7 (24), 13 (26), 11 (44), 27 (59), 1 (48), 10 (71), 33 (69), 34 (89)]";9907
VNS;40;2;20351;1622.0;100;"Maquina 1: [24 (3), 35 (25), 21 (21), 17 (19), 18 (22), 16 (11), 12 (34), 36 (43), 28 (58), 37 (66), 29 (26), 19 (37), 39 (73), 10 (71), 38 (31), 4 (56), 1 (48), 20 (67), 26 (92)]";9160;"Maquina 2: [3 (5), 0 (27), 22 (26), 5 (22), 7 (24), 30 (27), 32 (11), 8 (50), 34 (89), 27 (59), 14 (71), 6 (20), 25 (63), 9 (80), 13 (26), 11 (44), 31 (64), 2 (72), 15 (94), 33 (69), 23 (72)]";11191
Multiarranque;40;2;20408;155.0;100;"Maquina 1: [38 (31), 35 (25), 5 (22), 36 (43), 7 (24), 39 (73), 24 (3), 17 (19), 14 (71), 29 (26), 32 (11), 8 (50), 6 (20), 4 (56), 30 (27), 23 (72), 10 (71), 37 (66), 9 (80), 33 (69), 15 (94)]";11386;"Maquina 2: [18 (22), 13 (26), 21 (21), 3 (5), 0 (27), 22 (26), 27 (59), 16 (11), 12 (34), 11 (44), 31 (64), 19 (37), 25 (63), 34 (89), 28 (58), 2 (72), 1 (48), 20 (67), 26 (92)]";9022
GREEDY;40;2;17120;1.0;1;"Maquina 1: [7 (10), 19 (2), 18 (25), 1 (4), 6 (29), 23 (25), 17 (36), 3 (35), 28 (29), 25 (48), 33 (44), 26 (45), 22 (55), 34 (41), 13 (72), 0 (64), 29 (73), 30 (84), 12 (97), 39 (90)]";8119;"Maquina 2: [8 (3), 15 (4), 21 (28), 14 (46), 10 (25), 35 (9), 31 (35), 16 (44), 27 (28), 4 (30), 38 (67), 24 (41), 37 (44), 5 (54), 36 (72), 11 (58), 32 (85), 2 (80), 20 (92), 9 (98)]";9001
GRASP;40;2;16892;101.0;100;"Maquina 1: [8 (3), 1 (4), 4 (30), 35 (9), 6 (29), 21 (28), 23 (25), 17 (36), 3 (35), 37 (44), 33 (44), 22 (55), 25 (48), 38 (67), 0 (64), 29 (73), 36 (72), 34 (41), 11 (58), 12 (97), 32 (85)]";9318;"Maquina 2: [15 (4), 19 (2), 18 (25), 28 (29), 7 (10), 27 (28), 31 (35), 16 (44), 26 (45), 14 (46), 10 (25), 39 (90), 5 (54), 24 (41), 13 (72), 2 (80), 30 (84), 9 (98), 20 (92)]";7574
LNS;40;2;17119;17.0;100;"Maquina 1: [7 (10), 19 (2), 18 (25), 1 (4), 6 (29), 23 (25), 17 (36), 3 (35), 28 (29), 25 (48), 33 (44), 26 (45), 22 (55), 34 (41), 13 (72), 0 (64), 29 (73), 30 (84), 12 (97), 39 (90)]";8119;"Maquina 2: [8 (3), 15 (4), 21 (28), 14 (46), 10 (25), 35 (9), 31 (35), 16 (44), 27 (28), 38 (67), 4 (30), 24 (41), 37 (44), 5 (54), 36 (72), 11 (58), 32 (85), 2 (80), 20 (92), 9 (98)]";9000
TABÚ;40;2;16214;30.0;100;"Maquina 1: [15 (4), 19 (2), 18 (25), 1 (4), 6 (29), 21 (28), 4 (30), 3 (35), 37 (44), 33 (44), 36 (72), 34 (41), 24 (41), 22 (55), 11 (58), 25 (48), 5 (54), 30 (84), 12 (97), 9 (98)]";7831;"Maquina 2: [7 (10), 8 (3), 27 (28), 10 (25), 35 (9), 28 (29), 23 (25), 17 (36), 31 (35), 26 (45), 14 (46), 16 (44), 38 (67), 0 (64), 29 (73), 13 (72), 2 (80), 20 (92), 39 (90), 32 (85)]";8383
VNS;40;2;16682;2056.0;100;"Maquina 1: [7 (10), 27 (28), 18 (25), 1 (4), 6 (29), 23 (25), 4 (30), 3 (35), 25 (48), 37 (44), 33 (44), 26 (45), 16 (44), 38 (67), 34 (41), 13 (72), 0 (64), 29 (73), 30 (84), 12 (97), 9 (98)]";9205;"Maquina 2: [8 (3), 15 (4), 21 (28), 14 (46), 10 (25), 17 (36), 28 (29), 35 (9), 31 (35), 19 (2), 24 (41), 22 (55), 5 (54), 36 (72), 11 (58), 32 (85), 2 (80), 20 (92), 39 (90)]";7477
Multiarranque;40;2;16590;163.0;100;"Maquina 1: [15 (4), 19 (2), 24 (41), 14 (46), 10 (25), 22 (55), 21 (28), 25 (48), 27 (28), 31 (35), 33 (44), 5 (54), 36 (72), 38 (67), 39 (90), 32 (85), 12 (97), 9 (98), 30 (84)]";8719;"Maquina 2: [7 (10), 8 (3), 1 (4), 18 (25), 28 (29), 35 (9), 6 (29), 23 (25), 4 (30), 17 (36), 16 (44), 34 (41), 11 (58), 26 (45), 29 (73), 3 (35), 0 (64), 37 (44), 13 (72), 2 (80), 20 (92)]";7871
GREEDY;40;2;19956;0.0;1;"Maquina 1: [2 (14), 31 (5), 20 (20), 39 (24), 25 (74), 4 (29), 10 (27), 22 (39), 8 (59), 15 (49), 19 (31), 37 (51), 17 (62), 24 (69), 18 (50), 9 (64), 13 (71), 3 (75), 36 (98), 14 (88)]";9767;"Maquina 2: [7 (17), 0 (10), 38 (16), 16 (29), 6 (28), 35 (25), 5 (61), 33 (46), 27 (50), 29 (38), 34 (63), 11 (53), 12 (50), 32 (65), 1 (74), 26 (77), 30 (74), 23 (70), 28 (99), 21 (95)]";10189
GRASP;40;2;19224;102.0;100;"Maquina 1: [7 (17), 20 (20), 0 (10), 4 (29), 6 (28), 2 (14), 10 (27), 33 (46), 22 (39), 12 (50), 27 (50), 30 (74), 9 (64), 8 (59), 26 (77), 34 (63), 3 (75), 25 (74), 32 (65), 14 (88), 21 (95)]";10312;"Maquina 2: [29 (38), 35 (25), 31 (5), 15 (49), 19 (31), 37 (51), 39 (24), 38 (16), 16 (29), 1 (74), 24 (69), 5 (61), 18 (50), 11 (53), 17 (62), 36 (98), 13 (71), 23 (70), 28 (99)]";8912
LNS;40;2;19792;16.0;100;"Maquina 1: [4 (29), 31 (5), 20 (20), 39 (24), 25 (74), 2 (14), 10 (27), 22 (39), 8 (59), 15 (49), 19 (31), 37 (51), 17 (62), 24 (69), 18 (50), 9 (64), 13 (71), 3 (75), 36 (98), 14 (88)]";9668;"Maquina 2: [7 (17), 0 (10), 38 (16), 16 (29), 6 (28), 35 (25), 5 (61), 33 (46), 27 (50), 29 (38), 1 (74), 11 (53), 12 (50), 32 (65), 26 (77), 34 (63), 30 (74), 23 (70), 28 (99), 21 (95)]";10124
TABÚ;40;2;19254;28.0;100;"Maquina 1: [0 (10), 38 (16), 20 (20), 7 (17), 16 (29), 10 (27), 39 (24), 37 (51), 29 (38), 8 (59), 33 (46), 9 (64), 13 (71), 23 (70), 17 (62), 3 (75), 25 (74), 32 (65), 1 (74), 21 (95)]";9473;"Maquina 2: [2 (14), 31 (5), 19 (31), 4 (29), 6 (28), 35 (25), 22 (39), 18 (50), 12 (50), 11 (53), 27 (50), 15 (49), 34 (63), 5 (61), 26 (77), 24 (69), 30 (74), 36 (98), 14 (88), 28 (99)]";9781
VNS;40;2;19415;1605.0;100;"Maquina 1: [2 (14), 31 (5), 20 (20), 39 (24), 25 (74), 4 (29), 6 (28), 11 (53), 15 (49), 19 (31), 37 (51), 17 (62), 24 (69), 12 (50), 9 (64), 13 (71), 3 (75), 30 (74), 36 (98), 26 (77)]";9639;"Maquina 2: [7 (17), 0 (10), 38 (16), 16 (29), 10 (27), 35 (25), 5 (61), 33 (46), 27 (50), 29 (38), 34 (63), 22 (39), 18 (50), 32 (65), 1 (74), 14 (88), 23 (70), 8 (59), 28 (99), 21 (95)]";9776
Multiarranque;40;2;18827;163.0;100;"Maquina 1: [35 (25), 39 (24), 6 (28), 33 (46), 22 (39), 7 (17), 1 (74), 12 (50), 9 (64), 11 (53), 34 (63), 37 (51), 18 (50), 5 (61), 13 (71), 14 (88), 23 (70), 36 (98), 24 (69)]";10009;"Maquina 2: [31 (5), 20 (20), 0 (10), 38 (16), 16 (29), 19 (31), 4 (29), 2 (14), 10 (27), 15 (49), 27 (50), 32 (65), 25 (74), 17 (62), 3 (75), 29 (38), 8 (59), 26 (77), 30 (74), 21 (95), 28 (99)]";8818
GREEDY;40;2;27223;0.0;1;"Maquina 1: [10 (4), 29 (17), 35 (8), 33 (20), 32 (68), 34 (37), 8 (44), 30 (59), 14 (70), 19 (72), 7 (77), 11 (54), 21 (97), 5 (88), 28 (30), 15 (25), 20 (83), 25 (95), 26 (91), 4 (90)]";13118;"Maquina 2: [0 (38), 38 (12), 39 (30), 6 (75), 1 (30), 17 (5), 9 (81), 2 (49), 22 (20), 31 (71), 13 (35), 16 (61), 23 (55), 36 (83), 27 (61), 3 (90), 37 (99), 12 (90), 18 (97), 24 (92)]";14105
GRASP;40;2;24695;100.0;100;"Maquina 1: [0 (38), 38 (12), 17 (5), 35 (8), 1 (30), 34 (37), 8 (44), 32 (68), 2 (49), 37 (99), 15 (25), 30 (59), 9 (81), 7 (77), 26 (91), 4 (90), 6 (75), 25 (95), 19 (72), 18 (97)]";12226;"Maquina 2: [10 (4), 29 (17), 22 (20), 39 (30), 13 (35), 16 (61), 28 (30), 24 (92), 23 (55), 14 (70), 36 (83), 33 (20), 11 (54), 12 (90), 27 (61), 3 (90), 31 (71), 20 (83), 21 (97), 5 (88)]";12469
LNS;40;2;26877;16.0;100;"Maquina 1: [10 (4), 29 (17), 35 (8), 33 (20), 32 (68), 34 (37), 8 (44), 30 (59), 14 (70), 19 (72), 7 (77), 11 (54), 21 (97), 5 (88), 28 (30), 15 (25), 20 (83), 25 (95), 26 (91), 4 (90)]";13118;"Maquina 2: [0 (38), 38 (12), 39 (30), 6 (75), 1 (30), 17 (5), 18 (97), 2 (49), 22 (20), 31 (71), 13 (35), 16 (61), 23 (55), 36 (83), 27 (61), 3 (90), 37 (99), 12 (90), 9 (81), 24 (92)]";13759
TABÚ;40;2;23938;29.0;100;"Maquina 1: [10 (4), 29 (17), 14 (70), 39 (30), 13 (35), 11 (54), 1 (30), 34 (37), 8 (44), 2 (49), 22 (20), 6 (75), 12 (90), 27 (61), 3 (90), 20 (83), 21 (97), 24 (92), 32 (68), 5 (88), 37 (99)]";13193;"Maquina 2: [33 (20), 0 (38), 38 (12), 28 (30), 31 (71), 17 (5), 35 (8), 23 (55), 19 (72), 7 (77), 15 (25), 30 (59), 4 (90), 9 (81), 26 (91), 25 (95), 16 (61), 36 (83), 18 (97)]";10745
VNS;40;2;25350;2036.0;100;"Maquina 1: [10 (4), 29 (17), 35 (8), 33 (20), 32 (68), 34 (37), 8 (44), 30 (59), 14 (70), 19 (72), 7 (77), 11 (54), 2 (49), 5 (88), 26 (91), 25 (95), 20 (83), 31 (71), 4 (90)]";11142;"Maquina 2: [28 (30), 0 (38), 38 (12), 39 (30), 6 (75), 1 (30), 17 (5), 9 (81), 22 (20), 13 (35), 16 (61), 15 (25), 36 (83), 27 (61), 3 (90), 12 (90), 18 (97), 24 (92), 23 (55), 37 (99), 21 (97)]";14208
Multiarranque;40;2;22985;162.0;100;"Maquina 1: [15 (25), 22 (20), 35 (8), 33 (20), 38 (12), 28 (30), 0 (38), 36 (83), 20 (83), 17 (5), 18 (97), 25 (95), 23 (55), 3 (90), 30 (59), 6 (75), 21 (97), 27 (61), 26 (91)]";10105;"Maquina 2: [29 (17), 39 (30), 13 (35), 16 (61), 10 (4), 1 (30), 34 (37), 8 (44), 32 (68), 2 (49), 5 (88), 14 (70), 19 (72), 31 (71), 7 (77), 12 (90), 9 (81), 11 (54), 24 (92), 4 (90), 37 (99)]";12880
GREEDY;40;2;17957;0.0;1;"Maquina 1: [35 (20), 28 (5), 36 (46), 15 (25), 2 (2), 24 (3), 32 (22), 39 (13), 10 (35), 9 (31), 0 (58), 6 (27), 22 (38), 3 (63), 16 (55), 1 (67), 27 (73), 12 (94), 29 (75), 26 (86)]";8491;"Maquina 2: [38 (3), 4 (6), 21 (40), 25 (14), 23 (3), 30 (25), 34 (49), 19 (29), 14 (19), 31 (31), 7 (58), 18 (35), 11 (80), 13 (48), 17 (91), 8 (63), 33 (56), 20 (84), 37 (69), 5 (97)]";9466
GRASP;40;2;18073;114.0;100;"Maquina 1: [25 (14), 4 (6), 31 (31), 28 (5), 35 (20), 18 (35), 15 (25), 23 (3), 30 (25), 10 (35), 11 (80), 13 (48), 16 (55), 27 (73), 8 (63), 6 (27), 3 (63), 20 (84), 26 (86), 12 (94)]";8835;"Maquina 2: [2 (2), 24 (3), 38 (3), 9 (31), 0 (58), 32 (22), 39 (13), 22 (38), 19 (29), 14 (19), 7 (58), 34 (49), 36 (46), 21 (40), 1 (67), 33 (56), 37 (69), 17 (91), 29 (75), 5 (97)]";9238
LNS;40;2;17878;28.0;100;"Maquina 1: [35 (20), 28 (5), 36 (46), 15 (25), 2 (2), 24 (3), 32 (22), 39 (13), 10 (35), 9 (31), 0 (58), 6 (27), 22 (38), 3 (63), 16 (55), 1 (67), 27 (73), 12 (94), 29 (75), 26 (86)]";8491;"Maquina 2: [19 (29), 4 (6), 21 (40), 25 (14), 23 (3), 30 (25), 34 (49), 38 (3), 14 (19), 31 (31), 7 (58), 18 (35), 11 (80), 13 (48), 17 (91), 8 (63), 33 (56), 20 (84), 37 (69), 5 (97)]";9387
TABÚ;40;2;17905;34.0;100;"Maquina 1: [4 (6), 24 (3), 32 (22), 6 (27), 14 (19), 15 (25), 2 (2), 9 (31), 37 (69), 21 (40), 16 (55), 30 (25), 1 (67), 0 (58), 7 (58), 26 (86), 13 (48), 5 (97), 27 (73)]";7436;"Maquina 2: [10 (35), 18 (35), 28 (5), 25 (14), 39 (13), 38 (3), 35 (20), 29 (75), 23 (3), 33 (56), 36 (46), 31 (31), 8 (63), 3 (63), 34 (49), 11 (80), 19 (29), 12 (94), 22 (38), 20 (84), 17 (91)]";10469
VNS;40;2;17014;2556.0;100;"Maquina 1: [35 (20), 28 (5), 36 (46), 15 (25), 2 (2), 24 (3), 32 (22), 39 (13), 9 (31), 0 (58), 4 (6), 22 (38), 3 (63), 16 (55), 1 (67), 27 (73), 8 (63), 12 (94), 29 (75), 5 (97)]";8193;"Maquina 2: [38 (3), 6 (27), 21 (40), 25 (14), 23 (3), 34 (49), 19 (29), 14 (19), 31 (31), 7 (58), 30 (25), 10 (35), 18 (35), 11 (80), 13 (48), 17 (91), 33 (56), 20 (84), 37 (69), 26 (86)]";8821
Multiarranque;40;2;16563;151.0;100;"Maquina 1: [2 (2), 19 (29), 25 (14), 4 (6), 21 (40), 22 (38), 18 (35), 9 (31), 0 (58), 14 (19), 20 (84), 24 (3), 16 (55), 23 (3), 1 (67), 3 (63), 37 (69), 5 (97), 11 (80), 26 (86)]";8137;"Maquina 2: [10 (35), 34 (49), 38 (3), 35 (20), 28 (5), 36 (46), 30 (25), 15 (25), 39 (13), 31 (31), 13 (48), 32 (22), 6 (27), 7 (58), 8 (63), 29 (75), 33 (56), 27 (73), 12 (94), 17 (91)]";8426
GREEDY;40;2;22994;0.0;1;"Maquina 1: [12 (16), 1 (2), 5 (11), 3 (29), 4 (23), 39 (57), 2 (50), 29 (32), 22 (29), 13 (57), 0 (61), 15 (53), 18 (68), 19 (52), 31 (78), 30 (71), 23 (91), 24 (83), 7 (99), 33 (89), 9 (83)]";12041;"Maquina 2: [21 (18), 34 (34), 25 (2), 26 (32), 27 (15), 28 (25), 38 (50), 6 (81), 36 (68), 10 (53), 8 (44), 16 (68), 35 (53), 32 (57), 37 (84), 14 (77), 17 (83), 11 (91), 20 (92)]";10953
GRASP;40;2;22229;103.0;100;"Maquina 1: [25 (2), 12 (16), 1 (2), 29 (32), 22 (29), 4 (23), 39 (57), 10 (53), 35 (53), 21 (18), 2 (50), 30 (71), 13 (57), 16 (68), 7 (99), 32 (57), 18 (68), 14 (77), 6 (81), 23 (91)]";10800;"Maquina 2: [34 (34), 26 (32), 27 (15), 28 (25), 5 (11), 3 (29), 15 (53), 24 (83), 19 (52), 20 (92), 8 (44), 9 (83), 0 (61), 11 (91), 38 (50), 31 (78), 37 (84), 36 (68), 33 (89), 17 (83)]";11429
LNS;40;2;22914;16.0;100;"Maquina 1: [12 (16), 1 (2), 5 (11), 3 (29), 4 (23), 39 (57), 2 (50), 29 (32), 22 (29), 13 (57), 0 (61), 15 (53), 24 (83), 19 (52), 31 (78), 30 (71), 23 (91), 18 (68), 7 (99), 33 (89), 9 (83)]";12015;"Maquina 2: [21 (18), 34 (34), 25 (2), 26 (32), 27 (15), 28 (25), 38 (50), 6 (81), 36 (68), 10 (53), 8 (44), 16 (68), 32 (57), 35 (53), 37 (84), 11 (91), 17 (83), 14 (77), 20 (92)]";10899
TABÚ;40;2;21926;34.0;100;"Maquina 1: [13 (57), 28 (25), 5 (11), 16 (68), 25 (2), 19 (52), 37 (84), 4 (23), 10 (53), 38 (50), 34 (34), 22 (29), 3 (29), 9 (83), 32 (57), 18 (68), 11 (91), 17 (83), 23 (91), 7 (99)]";11033;"Maquina 2: [21 (18), 29 (32), 1 (2), 27 (15), 12 (16), 8 (44), 2 (50), 0 (61), 15 (53), 35 (53), 30 (71), 31 (78), 26 (32), 39 (57), 36 (68), 33 (89), 14 (77), 24 (83), 20 (92), 6 (81)]";10893
VNS;40;2;22378;2256.0;100;"Maquina 1: [12 (16), 1 (2), 5 (11), 3 (29), 10 (53), 39 (57), 2 (50), 29 (32), 22 (29), 13 (57), 0 (61), 15 (53), 18 (68), 19 (52), 31 (78), 30 (71), 23 (91), 24 (83), 33 (89), 6 (81)]";10895;"Maquina 2: [21 (18), 34 (34), 25 (2), 26 (32), 27 (15), 28 (25), 38 (50), 9 (83), 36 (68), 4 (23), 8 (44), 16 (68), 7 (99), 35 (53), 32 (57), 37 (84), 14 (77), 20 (92), 11 (91), 17 (83)]";11483
Multiarranque;40;2;21210;161.0;100;"Maquina 1: [26 (32), 27 (15), 28 (25), 38 (50), 34 (34), 22 (29), 29 (32), 35 (53), 30 (71), 32 (57), 18 (68), 19 (52), 9 (83), 36 (68), 33 (89), 2 (50), 20 (92), 6 (81), 7 (99)]";10428;"Maquina 2: [1 (2), 25 (2), 39 (57), 12 (16), 4 (23), 8 (44), 21 (18), 5 (11), 3 (29), 15 (53), 10 (53), 13 (57), 31 (78), 37 (84), 14 (77), 17 (83), 16 (68), 0 (61), 11 (91), 23 (91), 24 (83)]";10782
GREEDY;40;2;14873;0.0;1;"Maquina 1: [10 (13), 3 (4), 9 (2), 31 (10), 18 (29), 12 (5), 23 (7), 33 (20), 2 (27), 26 (33), 6 (43), 16 (67), 15 (56), 11 (48), 1 (66), 27 (74), 36 (82), 37 (77), 39 (96), 29 (89)]";7357;"Maquina 2: [8 (8), 30 (2), 38 (18), 17 (6), 4 (23), 7 (4), 13 (52), 19 (9), 35 (31), 20 (20), 22 (98), 25 (56), 0 (34), 34 (67), 21 (76), 28 (46), 14 (67), 32 (80), 24 (90), 5 (85)]";7516
GRASP;40;2;14238;103.0;100;"Maquina 1: [8 (8), 30 (2), 38 (18), 17 (6), 12 (5), 10 (13), 28 (46), 20 (20), 6 (43), 18 (29), 14 (67), 26 (33), 16 (67), 1 (66), 32 (80), 24 (90), 29 (89), 37 (77), 39 (96)]";6510;"Maquina 2: [19 (9), 9 (2), 7 (4), 3 (4), 23 (7), 33 (20), 2 (27), 31 (10), 11 (48), 0 (34), 4 (23), 35 (31), 13 (52), 25 (56), 34 (67), 15 (56), 5 (85), 27 (74), 36 (82), 21 (76), 22 (98)]";7728
LNS;40;2;14721;16.0;100;"Maquina 1: [10 (13), 3 (4), 9 (2), 31 (10), 18 (29), 12 (5), 23 (7), 33 (20), 2 (27), 26 (33), 6 (43), 16 (67), 1 (66), 11 (48), 15 (56), 27 (74), 36 (82), 37 (77), 39 (96), 29 (89)]";7205;"Maquina 2: [8 (8), 30 (2), 38 (18), 17 (6), 4 (23), 7 (4), 13 (52), 19 (9), 35 (31), 20 (20), 22 (98), 25 (56), 0 (34), 34 (67), 21 (76), 28 (46), 14 (67), 32 (80), 24 (90), 5 (85)]";7516
TABÚ;40;2;14516;29.0;100;"Maquina 1: [12 (5), 17 (6), 9 (2), 7 (4), 2 (27), 38 (18), 4 (23), 6 (43), 31 (10), 11 (48), 0 (34), 30 (2), 34 (67), 26 (33), 16 (67), 15 (56), 5 (85), 24 (90), 29 (89), 21 (76)]";6453;"Maquina 2: [23 (7), 10 (13), 3 (4), 20 (20), 19 (9), 35 (31), 18 (29), 8 (8), 14 (67), 33 (20), 37 (77), 28 (46), 13 (52), 27 (74), 25 (56), 39 (96), 36 (82), 1 (66), 32 (80), 22 (98)]";8063
VNS;40;2;14474;2017.0;100;"Maquina 1: [10 (13), 3 (4), 9 (2), 7 (4), 31 (10), 18 (29), 12 (5), 23 (7), 33 (20), 2 (27), 26 (33), 6 (43), 16 (67), 1 (66), 11 (48), 15 (56), 27 (74), 36 (82), 37 (77), 39 (96), 29 (89)]";7251;"Maquina 2: [8 (8), 30 (2), 38 (18), 17 (6), 4 (23), 13 (52), 19 (9), 35 (31), 20 (20), 22 (98), 25 (56), 0 (34), 34 (67), 21 (76), 28 (46), 14 (67), 32 (80), 24 (90), 5 (85)]";7223
Multiarranque;40;2;14281;158.0;100;"Maquina 1: [20 (20), 19 (9), 10 (13), 33 (20), 17 (6), 31 (10), 18 (29), 3 (4), 28 (46), 26 (33), 25 (56), 0 (34), 27 (74), 15 (56), 39 (96), 34 (67), 21 (76), 22 (98), 5 (85), 24 (90)]";7470;"Maquina 2: [12 (5), 8 (8), 30 (2), 7 (4), 9 (2), 38 (18), 14 (67), 23 (7), 6 (43), 2 (27), 13 (52), 4 (23), 35 (31), 11 (48), 16 (67), 32 (80), 29 (89), 37 (77), 1 (66), 36 (82)]";6811
GREEDY;40;2;22319;1.0;1;"Maquina 1: [22 (5), 26 (3), 33 (54), 25 (12), 39 (10), 2 (37), 31 (24), 10 (23), 28 (40), 13 (41), 18 (43), 24 (89), 5 (71), 36 (80), 0 (85), 12 (75), 15 (91), 35 (58), 23 (68), 3 (99)]";11149;"Maquina 2: [6 (7), 8 (5), 4 (32), 9 (17), 30 (49), 20 (12), 21 (23), 37 (40), 7 (34), 1 (58), 17 (42), 32 (98), 29 (70), 27 (99), 19 (76), 34 (63), 38 (79), 16 (71), 14 (84), 11 (90)]";11170
GRASP;40;2;21990;100.0;100;"Maquina 1: [25 (12), 6 (7), 26 (3), 33 (54), 39 (10), 37 (40), 35 (58), 31 (24), 12 (75), 9 (17), 7 (34), 21 (23), 16 (71), 0 (85), 17 (42), 36 (80), 14 (84), 27 (99), 30 (49), 19 (76), 24 (89)]";11156;"Maquina 2: [22 (5), 34 (63), 8 (5), 13 (41), 10 (23), 20 (12), 4 (32), 28 (40), 2 (37), 1 (58), 18 (43), 5 (71), 38 (79), 29 (70), 23 (68), 11 (90), 3 (99), 15 (91), 32 (98)]";10834
LNS;40;2;22319;16.0;100;"Maquina 1: [22 (5), 26 (3), 33 (54), 25 (12), 39 (10), 2 (37), 31 (24), 10 (23), 28 (40), 13 (41), 18 (43), 24 (89), 5 (71), 36 (80), 0 (85), 12 (75), 15 (91), 35 (58), 23 (68), 3 (99)]";11149;"Maquina 2: [6 (7), 8 (5), 4 (32), 9 (17), 30 (49), 20 (12), 21 (23), 37 (40), 7 (34), 1 (58), 17 (42), 32 (98), 29 (70), 27 (99), 19 (76), 34 (63), 38 (79), 16 (71), 14 (84), 11 (90)]";11170
TABÚ;40;2;23059;30.0;100;"Maquina 1: [25 (12), 22 (5), 37 (40), 39 (10), 17 (42), 8 (5), 31 (24), 29 (70), 9 (17), 15 (91), 34 (63), 7 (34), 12 (75), 38 (79), 32 (98), 36 (80), 2 (37), 16 (71), 5 (71), 3 (99)]";11647;"Maquina 2: [6 (7), 21 (23), 20 (12), 13 (41), 10 (23), 14 (84), 26 (3), 4 (32), 28 (40), 1 (58), 30 (49), 35 (58), 18 (43), 24 (89), 11 (90), 33 (54), 23 (68), 19 (76), 0 (85), 27 (99)]";11412
VNS;40;2;22087;2858.0;100;"Maquina 1: [22 (5), 26 (3), 33 (54), 25 (12), 39 (10), 2 (37), 10 (23), 28 (40), 13 (41), 18 (43), 24 (89), 5 (71), 36 (80), 3 (99), 12 (75), 15 (91), 35 (58), 27 (99), 0 (85)]";10071;"Maquina 2: [6 (7), 31 (24), 8 (5), 4 (32), 9 (17), 30 (49), 20 (12), 21 (23), 37 (40), 7 (34), 1 (58), 17 (42), 32 (98), 29 (70), 23 (68), 19 (76), 34 (63), 38 (79), 16 (71), 14 (84), 11 (90)]";12016
Multiarranque;40;2;21356;154.0;100;"Maquina 1: [31 (24), 22 (5), 6 (7), 8 (5), 26 (3), 33 (54), 39 (10), 2 (37), 1 (58), 13 (41), 28 (40), 29 (70), 23 (68), 12 (75), 19 (76), 38 (79), 16 (71), 4 (32), 36 (80), 14 (84), 15 (91)]";10552;"Maquina 2: [21 (23), 9 (17), 30 (49), 20 (12), 25 (12), 17 (42), 0 (85), 11 (90), 10 (23), 7 (34), 37 (40), 35 (58), 18 (43), 34 (63), 3 (99), 24 (89), 5 (71), 32 (98), 27 (99)]";10804
GREEDY;40;2;20515;1.0;1;"Maquina 1: [25 (28), 28 (2), 9 (1), 2 (7), 27 (32), 26 (46), 4 (34), 38 (59), 24 (11), 22 (59), 0 (61), 37 (34), 19 (23), 30 (85), 10 (38), 6 (71), 15 (63), 5 (91), 33 (74), 13 (98), 39 (79)]";10447;"Maquina 2: [18 (37), 20 (28), 23 (2), 3 (20), 11 (33), 36 (59), 14 (81), 31 (4), 34 (42), 29 (53), 21 (34), 17 (30), 35 (79), 8 (68), 12 (63), 7 (60), 32 (88), 16 (73), 1 (98)]";10068
GRASP;40;2;19342;101.0;100;"Maquina 1: [28 (2), 9 (1), 2 (7), 23 (2), 26 (46), 20 (28), 25 (28), 11 (33), 36 (59), 6 (71), 3 (20), 8 (68), 10 (38), 7 (60), 12 (63), 33 (74), 22 (59), 38 (59), 32 (88), 5 (91), 39 (79)]";9251;"Maquina 2: [37 (34), 31 (4), 4 (34), 24 (11), 35 (79), 18 (37), 19 (23), 34 (42), 17 (30), 0 (61), 15 (63), 27 (32), 16 (73), 29 (53), 21 (34), 1 (98), 13 (98), 14 (81), 30 (85)]";10091
LNS;40;2;20470;17.0;100;"Maquina 1: [25 (28), 28 (2), 9 (1), 2 (7), 27 (32), 26 (46), 4 (34), 38 (59), 24 (11), 22 (59), 0 (61), 37 (34), 19 (23), 30 (85), 10 (38), 6 (71), 15 (63), 5 (91), 33 (74), 13 (98), 39 (79)]";10447;"Maquina 2: [18 (37), 20 (28), 23 (2), 3 (20), 11 (33), 36 (59), 14 (81), 31 (4), 34 (42), 29 (53), 21 (34), 17 (30), 35 (79), 8 (68), 7 (60), 12 (63), 16 (73), 32 (88), 1 (98)]";10023
TABÚ;40;2;19396;34.0;100;"Maquina 1: [9 (1), 34 (42), 23 (2), 26 (46), 20 (28), 4 (34), 38 (59), 18 (37), 21 (34), 32 (88), 3 (20), 8 (68), 14 (81), 22 (59), 17 (30), 33 (74), 30 (85), 1 (98), 13 (98)]";9347;"Maquina 2: [19 (23), 28 (2), 25 (28), 37 (34), 31 (4), 24 (11), 2 (7), 27 (32), 29 (53), 10 (38), 6 (71), 11 (33), 0 (61), 15 (63), 7 (60), 12 (63), 5 (91), 35 (79), 16 (73), 39 (79), 36 (59)]";10049
VNS;40;2;20103;3165.0;100;"Maquina 1: [25 (28), 28 (2), 9 (1), 2 (7), 27 (32), 26 (46), 4 (34), 38 (59), 24 (11), 16 (73), 37 (34), 19 (23), 30 (85), 10 (38), 6 (71), 8 (68), 5 (91), 32 (88), 13 (98), 22 (59)]";9105;"Maquina 2: [18 (37), 20 (28), 23 (2), 3 (20), 11 (33), 36 (59), 14 (81), 31 (4), 34 (42), 29 (53), 21 (34), 17 (30), 35 (79), 0 (61), 15 (63), 7 (60), 12 (63), 33 (74), 39 (79), 1 (98)]";10998
Multiarranque;40;2;19164;165.0;100;"Maquina 1: [27 (32), 19 (23), 28 (2), 25 (28), 37 (34), 31 (4), 20 (28), 34 (42), 17 (30), 0 (61), 15 (63), 6 (71), 8 (68), 14 (81), 22 (59), 16 (73), 39 (79), 1 (98), 5 (91)]";9256;"Maquina 2: [9 (1), 2 (7), 23 (2), 3 (20), 7 (60), 18 (37), 4 (34), 38 (59), 24 (11), 35 (79), 36 (59), 11 (33), 29 (53), 10 (38), 26 (46), 21 (34), 32 (88), 13 (98), 12 (63), 33 (74), 30 (85)]";9908
GREEDY;40;2;21444;0.0;1;"Maquina 1: [28 (19), 0 (3), 9 (60), 6 (10), 3 (6), 30 (91), 32 (28), 18 (21), 8 (40), 12 (48), 22 (46), 5 (61), 11 (78), 21 (68), 14 (79), 33 (80), 39 (82), 7 (86), 38 (89)]";10384;"Maquina 2: [26 (15), 35 (5), 20 (7), 1 (50), 4 (6), 27 (31), 31 (26), 19 (82), 15 (20), 10 (17), 24 (41), 2 (76), 36 (61), 13 (78), 29 (46), 23 (60), 25 (80), 37 (87), 34 (93), 17 (83), 16 (91)]";11060
GRASP;40;2;20852;100.0;100;"Maquina 1: [35 (5), 20 (7), 26 (15), 17 (83), 4 (6), 8 (40), 12 (48), 22 (46), 5 (61), 32 (28), 31 (26), 9 (60), 15 (20), 2 (76), 13 (78), 19 (82), 39 (82), 11 (78), 16 (91), 25 (80)]";9750;"Maquina 2: [27 (31), 0 (3), 33 (80), 6 (10), 3 (6), 10 (17), 24 (41), 18 (21), 23 (60), 1 (50), 29 (46), 36 (61), 28 (19), 21 (68), 14 (79), 7 (86), 37 (87), 34 (93), 38 (89), 30 (91)]";11102
LNS;40;2;21444;17.0;100;"Maquina 1: [28 (19), 0 (3), 9 (60), 6 (10), 3 (6), 30 (91), 32 (28), 18 (21), 8 (40), 12 (48), 22 (46), 5 (61), 11 (78), 21 (68), 14 (79), 33 (80), 39 (82), 7 (86), 38 (89)]";10384;"Maquina 2: [26 (15), 35 (5), 20 (7), 1 (50), 4 (6), 27 (31), 31 (26), 19 (82), 15 (20), 10 (17), 24 (41), 2 (76), 36 (61), 13 (78), 29 (46), 23 (60), 25 (80), 37 (87), 34 (93), 17 (83), 16 (91)]";11060
TABÚ;40;2;21079;38.0;100;"Maquina 1: [26 (15), 35 (5), 20 (7), 5 (61), 3 (6), 32 (28), 17 (83), 10 (17), 27 (31), 23 (60), 1 (50), 22 (46), 8 (40), 12 (48), 38 (89), 39 (82), 13 (78), 30 (91), 7 (86), 33 (80), 34 (93)]";11428;"Maquina 2: [24 (41), 4 (6), 0 (3), 9 (60), 15 (20), 21 (68), 18 (21), 29 (46), 28 (19), 11 (78), 31 (26), 25 (80), 6 (10), 2 (76), 14 (79), 16 (91), 37 (87), 19 (82), 36 (61)]";9651
VNS;40;2;21272;2662.0;100;"Maquina 1: [28 (19), 0 (3), 9 (60), 6 (10), 3 (6), 30 (91), 32 (28), 18 (21), 8 (40), 2 (76), 22 (46), 5 (61), 11 (78), 21 (68), 14 (79), 16 (91), 39 (82), 7 (86), 38 (89)]";10631;"Maquina 2: [26 (15), 35 (5), 20 (7), 1 (50), 4 (6), 27 (31), 31 (26), 19 (82), 15 (20), 10 (17), 24 (41), 12 (48), 36 (61), 13 (78), 29 (46), 23 (60), 25 (80), 37 (87), 34 (93), 17 (83), 33 (80)]";10641
Multiarranque;40;2;20115;163.0;100;"Maquina 1: [0 (3), 20 (7), 15 (20), 8 (40), 2 (76), 3 (6), 10 (17), 26 (15), 24 (41), 31 (26), 27 (31), 17 (83), 12 (48), 36 (61), 13 (78), 29 (46), 19 (82), 14 (79), 30 (91), 7 (86), 33 (80)]";10564;"Maquina 2: [35 (5), 28 (19), 21 (68), 4 (6), 32 (28), 18 (21), 23 (60), 5 (61), 6 (10), 34 (93), 38 (89), 9 (60), 22 (46), 1 (50), 25 (80), 37 (87), 11 (78), 16 (91), 39 (82)]";9551
