GREEDY;50;2;37205;1.0;1;"Maquina 1: [3 (2), 39 (19), 7 (21), 29 (48), 49 (11), 21 (32), 47 (57), 43 (28), 36 (35), 5 (71), 11 (39), 46 (44), 33 (65), 41 (53), 35 (50), 15 (91), 31 (60), 48 (52), 37 (67), 42 (91), 4 (75), 17 (93), 26 (97), 44 (80), 9 (87)]";17966;"Maquina 2: [8 (26), 6 (21), 32 (14), 34 (9), 40 (36), 24 (64), 16 (66), 2 (32), 12 (41), 30 (54), 19 (52), 1 (35), 25 (50), 28 (75), 22 (47), 18 (60), 23 (53), 38 (69), 20 (99), 10 (85), 13 (71), 45 (91), 0 (96), 27 (91), 14 (89)]";19239
GRASP;50;2;36065;230.0;100;"Maquina 1: [3 (2), 1 (35), 25 (50), 39 (19), 6 (21), 43 (28), 36 (35), 2 (32), 23 (53), 31 (60), 46 (44), 22 (47), 18 (60), 35 (50), 38 (69), 10 (85), 47 (57), 45 (91), 14 (89), 13 (71), 16 (66), 28 (75), 17 (93), 27 (91), 0 (96)]";18321;"Maquina 2: [49 (11), 34 (9), 21 (32), 7 (21), 29 (48), 11 (39), 8 (26), 19 (52), 32 (14), 15 (91), 5 (71), 48 (52), 41 (53), 30 (54), 37 (67), 12 (41), 40 (36), 24 (64), 9 (87), 4 (75), 26 (97), 33 (65), 44 (80), 42 (91), 20 (99)]";17744
LNS;50;2;37205;32.0;100;"Maquina 1: [3 (2), 39 (19), 7 (21), 29 (48), 49 (11), 21 (32), 47 (57), 43 (28), 36 (35), 5 (71), 11 (39), 46 (44), 33 (65), 41 (53), 35 (50), 15 (91), 31 (60), 48 (52), 37 (67), 42 (91), 4 (75), 17 (93), 26 (97), 44 (80), 9 (87)]";17966;"Maquina 2: [8 (26), 6 (21), 32 (14), 34 (9), 40 (36), 24 (64), 16 (66), 2 (32), 12 (41), 30 (54), 19 (52), 1 (35), 25 (50), 28 (75), 22 (47), 18 (60), 23 (53), 38 (69), 20 (99), 10 (85), 13 (71), 45 (91), 0 (96), 27 (91), 14 (89)]";19239
TABÚ;50;2;35250;56.0;100;"Maquina 1: [34 (9), 21 (32), 36 (35), 2 (32), 40 (36), 3 (2), 47 (57), 11 (39), 46 (44), 16 (66), 25 (50), 18 (60), 12 (41), 30 (54), 10 (85), 19 (52), 31 (60), 15 (91), 13 (71), 45 (91), 14 (89), 17 (93), 4 (75), 0 (96), 42 (91)]";17755;"Maquina 2: [49 (11), 32 (14), 6 (21), 43 (28), 39 (19), 7 (21), 48 (52), 8 (26), 1 (35), 22 (47), 35 (50), 38 (69), 41 (53), 29 (48), 33 (65), 26 (97), 44 (80), 23 (53), 24 (64), 9 (87), 37 (67), 5 (71), 28 (75), 27 (91), 20 (99)]";17495
VNS;50;2;36344;3842.0;100;"Maquina 1: [34 (9), 39 (19), 7 (21), 29 (48), 49 (11), 21 (32), 47 (57), 43 (28), 36 (35), 5 (71), 11 (39), 46 (44), 33 (65), 41 (53), 35 (50), 31 (60), 24 (64), 48 (52), 38 (69), 19 (52), 44 (80), 4 (75), 17 (93), 26 (97), 42 (91), 14 (89)]";18648;"Maquina 2: [8 (26), 6 (21), 32 (14), 3 (2), 40 (36), 16 (66), 2 (32), 12 (41), 30 (54), 37 (67), 1 (35), 25 (50), 28 (75), 22 (47), 18 (60), 23 (53), 20 (99), 10 (85), 13 (71), 45 (91), 15 (91), 0 (96), 27 (91), 9 (87)]";17696
Multiarranque;50;2;34392;334.0;100;"Maquina 1: [21 (32), 49 (11), 2 (32), 40 (36), 3 (2), 16 (66), 25 (50), 41 (53), 11 (39), 46 (44), 29 (48), 32 (14), 15 (91), 22 (47), 8 (26), 37 (67), 5 (71), 13 (71), 20 (99), 33 (65), 14 (89), 38 (69), 28 (75), 44 (80), 26 (97)]";16539;"Maquina 2: [34 (9), 47 (57), 43 (28), 36 (35), 39 (19), 7 (21), 12 (41), 30 (54), 6 (21), 9 (87), 1 (35), 10 (85), 35 (50), 19 (52), 23 (53), 31 (60), 27 (91), 24 (64), 48 (52), 18 (60), 42 (91), 0 (96), 4 (75), 45 (91), 17 (93)]";17853
GREEDY;50;2;37108;0.0;1;"Maquina 1: [42 (33), 13 (43), 2 (28), 6 (2), 19 (71), 12 (44), 14 (25), 32 (7), 41 (32), 34 (59), 38 (42), 18 (55), 27 (38), 7 (48), 45 (73), 3 (57), 49 (62), 0 (72), 36 (80), 48 (49), 33 (76), 44 (61), 39 (96), 43 (90), 16 (68), 11 (95)]";18924;"Maquina 2: [30 (33), 22 (2), 5 (58), 28 (16), 31 (36), 15 (43), 4 (41), 21 (45), 37 (56), 35 (48), 8 (43), 10 (31), 9 (24), 20 (51), 24 (80), 23 (67), 47 (88), 17 (96), 26 (76), 1 (72), 46 (61), 29 (60), 25 (93), 40 (70)]";18184
GRASP;50;2;35988;215.0;100;"Maquina 1: [8 (43), 6 (2), 47 (88), 38 (42), 9 (24), 21 (45), 32 (7), 41 (32), 1 (72), 26 (76), 35 (48), 31 (36), 19 (71), 34 (59), 30 (33), 5 (58), 48 (49), 18 (55), 37 (56), 0 (72), 25 (93), 39 (96), 17 (96), 44 (61)]";17054;"Maquina 2: [22 (2), 15 (43), 28 (16), 4 (41), 14 (25), 10 (31), 2 (28), 29 (60), 12 (44), 40 (70), 20 (51), 42 (33), 13 (43), 27 (38), 7 (48), 49 (62), 46 (61), 36 (80), 33 (76), 16 (68), 23 (67), 24 (80), 11 (95), 45 (73), 3 (57), 43 (90)]";18934
LNS;50;2;36784;32.0;100;"Maquina 1: [42 (33), 13 (43), 2 (28), 6 (2), 19 (71), 12 (44), 14 (25), 32 (7), 41 (32), 34 (59), 38 (42), 18 (55), 27 (38), 7 (48), 45 (73), 3 (57), 49 (62), 0 (72), 36 (80), 48 (49), 33 (76), 44 (61), 39 (96), 43 (90), 16 (68), 11 (95)]";18924;"Maquina 2: [30 (33), 22 (2), 5 (58), 28 (16), 31 (36), 15 (43), 4 (41), 21 (45), 37 (56), 35 (48), 8 (43), 10 (31), 9 (24), 20 (51), 23 (67), 24 (80), 47 (88), 17 (96), 29 (60), 1 (72), 46 (61), 25 (93), 26 (76), 40 (70)]";17860
TABÚ;50;2;35870;56.0;100;"Maquina 1: [30 (33), 14 (25), 12 (44), 9 (24), 15 (43), 10 (31), 32 (7), 41 (32), 20 (51), 27 (38), 7 (48), 45 (73), 3 (57), 49 (62), 0 (72), 43 (90), 21 (45), 37 (56), 35 (48), 47 (88), 38 (42), 11 (95), 24 (80), 17 (96), 39 (96)]";17855;"Maquina 2: [22 (2), 42 (33), 13 (43), 2 (28), 6 (2), 28 (16), 34 (59), 48 (49), 44 (61), 40 (70), 31 (36), 19 (71), 4 (41), 16 (68), 46 (61), 18 (55), 29 (60), 8 (43), 23 (67), 36 (80), 26 (76), 25 (93), 5 (58), 1 (72), 33 (76)]";18015
VNS;50;2;36693;3633.0;100;"Maquina 1: [42 (33), 13 (43), 2 (28), 6 (2), 19 (71), 12 (44), 10 (31), 32 (7), 41 (32), 34 (59), 38 (42), 18 (55), 27 (38), 7 (48), 45 (73), 3 (57), 49 (62), 0 (72), 36 (80), 48 (49), 33 (76), 44 (61), 39 (96), 43 (90), 40 (70), 11 (95)]";18696;"Maquina 2: [30 (33), 22 (2), 5 (58), 28 (16), 31 (36), 15 (43), 4 (41), 21 (45), 37 (56), 35 (48), 8 (43), 14 (25), 9 (24), 20 (51), 24 (80), 23 (67), 47 (88), 17 (96), 26 (76), 1 (72), 46 (61), 29 (60), 25 (93), 16 (68)]";17997
Multiarranque;50;2;35345;332.0;100;"Maquina 1: [2 (28), 6 (2), 28 (16), 20 (51), 42 (33), 13 (43), 12 (44), 9 (24), 21 (45), 4 (41), 30 (33), 24 (80), 35 (48), 8 (43), 3 (57), 49 (62), 36 (80), 33 (76), 44 (61), 26 (76), 25 (93), 5 (58), 45 (73), 17 (96), 39 (96)]";17779;"Maquina 2: [22 (2), 41 (32), 15 (43), 48 (49), 10 (31), 32 (7), 37 (56), 1 (72), 14 (25), 31 (36), 19 (71), 34 (59), 38 (42), 18 (55), 27 (38), 16 (68), 46 (61), 7 (48), 29 (60), 23 (67), 0 (72), 43 (90), 40 (70), 11 (95), 47 (88)]";17566
GREEDY;50;2;33939;0.0;1;"Maquina 1: [32 (1), 34 (20), 33 (38), 1 (18), 48 (24), 13 (30), 41 (34), 42 (47), 26 (4), 14 (56), 10 (29), 28 (31), 44 (74), 5 (44), 27 (91), 15 (48), 25 (54), 12 (62), 9 (59), 37 (67), 46 (77), 6 (83), 43 (85), 20 (95), 29 (99)]";17326;"Maquina 2: [31 (37), 18 (4), 24 (22), 7 (5), 21 (29), 36 (13), 35 (24), 4 (28), 23 (30), 11 (48), 49 (32), 17 (43), 40 (64), 45 (75), 19 (85), 2 (47), 8 (55), 3 (60), 39 (58), 22 (79), 16 (70), 38 (52), 30 (91), 47 (96), 0 (89)]";16613
GRASP;50;2;32849;213.0;100;"Maquina 1: [35 (24), 36 (13), 25 (54), 32 (1), 18 (4), 14 (56), 21 (29), 4 (28), 49 (32), 7 (5), 45 (75), 5 (44), 23 (30), 11 (48), 26 (4), 3 (60), 44 (74), 19 (85), 30 (91), 15 (48), 2 (47), 47 (96), 29 (99), 20 (95), 0 (89)]";15755;"Maquina 2: [33 (38), 10 (29), 28 (31), 24 (22), 1 (18), 48 (24), 13 (30), 41 (34), 8 (55), 31 (37), 17 (43), 39 (58), 34 (20), 9 (59), 37 (67), 6 (83), 12 (62), 16 (70), 43 (85), 40 (64), 42 (47), 27 (91), 22 (79), 38 (52), 46 (77)]";17094
LNS;50;2;33939;33.0;100;"Maquina 1: [32 (1), 34 (20), 33 (38), 1 (18), 48 (24), 13 (30), 41 (34), 42 (47), 26 (4), 14 (56), 10 (29), 28 (31), 44 (74), 5 (44), 27 (91), 15 (48), 25 (54), 12 (62), 9 (59), 37 (67), 46 (77), 6 (83), 43 (85), 20 (95), 29 (99)]";17326;"Maquina 2: [31 (37), 18 (4), 24 (22), 7 (5), 21 (29), 36 (13), 35 (24), 4 (28), 23 (30), 11 (48), 49 (32), 17 (43), 40 (64), 45 (75), 19 (85), 2 (47), 8 (55), 3 (60), 39 (58), 22 (79), 16 (70), 38 (52), 30 (91), 47 (96), 0 (89)]";16613
TABÚ;50;2;33833;56.0;100;"Maquina 1: [49 (32), 24 (22), 7 (5), 21 (29), 4 (28), 38 (52), 33 (38), 10 (29), 48 (24), 13 (30), 25 (54), 32 (1), 41 (34), 9 (59), 30 (91), 47 (96), 5 (44), 22 (79), 16 (70), 42 (47), 12 (62), 37 (67), 0 (89), 45 (75), 19 (85)]";16689;"Maquina 2: [8 (55), 36 (13), 26 (4), 18 (4), 31 (37), 17 (43), 2 (47), 35 (24), 3 (60), 1 (18), 39 (58), 34 (20), 28 (31), 6 (83), 23 (30), 11 (48), 15 (48), 44 (74), 43 (85), 20 (95), 46 (77), 40 (64), 14 (56), 27 (91), 29 (99)]";17144
VNS;50;2;33337;3595.0;100;"Maquina 1: [34 (20), 33 (38), 1 (18), 48 (24), 13 (30), 7 (5), 42 (47), 49 (32), 26 (4), 14 (56), 10 (29), 28 (31), 44 (74), 5 (44), 27 (91), 15 (48), 25 (54), 12 (62), 9 (59), 37 (67), 46 (77), 6 (83), 43 (85), 20 (95), 29 (99)]";16730;"Maquina 2: [32 (1), 31 (37), 18 (4), 24 (22), 41 (34), 21 (29), 36 (13), 35 (24), 4 (28), 23 (30), 11 (48), 40 (64), 45 (75), 19 (85), 2 (47), 8 (55), 3 (60), 39 (58), 22 (79), 16 (70), 17 (43), 38 (52), 30 (91), 47 (96), 0 (89)]";16607
Multiarranque;50;2;32599;328.0;100;"Maquina 1: [24 (22), 18 (4), 32 (1), 1 (18), 7 (5), 26 (4), 6 (83), 15 (48), 25 (54), 23 (30), 13 (30), 41 (34), 14 (56), 21 (29), 5 (44), 3 (60), 22 (79), 40 (64), 45 (75), 19 (85), 2 (47), 8 (55), 29 (99), 39 (58), 43 (85), 0 (89)]";16727;"Maquina 2: [33 (38), 10 (29), 35 (24), 4 (28), 36 (13), 48 (24), 38 (52), 34 (20), 28 (31), 31 (37), 42 (47), 11 (48), 49 (32), 44 (74), 17 (43), 9 (59), 37 (67), 46 (77), 27 (91), 12 (62), 16 (70), 47 (96), 20 (95), 30 (91)]";15872
GREEDY;50;2;35047;1.0;1;"Maquina 1: [5 (7), 33 (11), 12 (13), 0 (14), 28 (48), 30 (31), 3 (27), 36 (33), 15 (87), 16 (47), 21 (44), 25 (61), 32 (75), 6 (34), 9 (58), 37 (50), 29 (62), 4 (83), 49 (56), 23 (83), 42 (94), 1 (64), 38 (93), 20 (89), 22 (77)]";17280;"Maquina 2: [45 (12), 43 (13), 10 (9), 47 (45), 31 (20), 39 (33), 17 (57), 48 (60), 35 (38), 44 (13), 27 (34), 34 (47), 19 (77), 8 (31), 7 (81), 24 (71), 2 (56), 13 (83), 14 (49), 26 (96), 41 (63), 46 (87), 40 (92), 18 (85), 11 (94)]";17767
GRASP;50;2;33024;221.0;100;"Maquina 1: [45 (12), 43 (13), 16 (47), 21 (44), 5 (7), 39 (33), 9 (58), 22 (77), 3 (27), 14 (49), 37 (50), 0 (14), 31 (20), 25 (61), 32 (75), 29 (62), 4 (83), 49 (56), 23 (83), 34 (47), 24 (71), 42 (94), 40 (92), 13 (83), 20 (89)]";16869;"Maquina 2: [12 (13), 10 (9), 30 (31), 8 (31), 36 (33), 44 (13), 27 (34), 47 (45), 33 (11), 6 (34), 17 (57), 2 (56), 28 (48), 48 (60), 35 (38), 41 (63), 1 (64), 19 (77), 7 (81), 46 (87), 18 (85), 11 (94), 15 (87), 38 (93), 26 (96)]";16155
LNS;50;2;34605;32.0;100;"Maquina 1: [5 (7), 33 (11), 12 (13), 0 (14), 28 (48), 3 (27), 30 (31), 36 (33), 15 (87), 16 (47), 21 (44), 25 (61), 32 (75), 6 (34), 9 (58), 37 (50), 29 (62), 4 (83), 49 (56), 23 (83), 42 (94), 1 (64), 38 (93), 20 (89), 22 (77)]";16838;"Maquina 2: [45 (12), 43 (13), 10 (9), 47 (45), 31 (20), 39 (33), 17 (57), 48 (60), 35 (38), 44 (13), 27 (34), 34 (47), 19 (77), 8 (31), 7 (81), 24 (71), 2 (56), 13 (83), 14 (49), 26 (96), 41 (63), 46 (87), 40 (92), 18 (85), 11 (94)]";17767
TABÚ;50;2;33977;55.0;100;"Maquina 1: [0 (14), 35 (38), 36 (33), 44 (13), 37 (50), 5 (7), 39 (33), 10 (9), 47 (45), 31 (20), 6 (34), 9 (58), 2 (56), 28 (48), 46 (87), 48 (60), 25 (61), 23 (83), 22 (77), 18 (85), 19 (77), 24 (71), 38 (93), 26 (96), 4 (83), 32 (75)]";17403;"Maquina 2: [33 (11), 41 (63), 3 (27), 30 (31), 21 (44), 45 (12), 43 (13), 14 (49), 29 (62), 12 (13), 8 (31), 17 (57), 16 (47), 1 (64), 13 (83), 27 (34), 34 (47), 49 (56), 15 (87), 42 (94), 40 (92), 20 (89), 11 (94), 7 (81)]";16574
VNS;50;2;33269;3368.0;100;"Maquina 1: [5 (7), 39 (33), 12 (13), 0 (14), 28 (48), 3 (27), 36 (33), 15 (87), 16 (47), 21 (44), 25 (61), 32 (75), 6 (34), 9 (58), 37 (50), 29 (62), 4 (83), 49 (56), 23 (83), 42 (94), 1 (64), 38 (93), 20 (89), 11 (94), 22 (77)]";17032;"Maquina 2: [30 (31), 45 (12), 43 (13), 10 (9), 47 (45), 31 (20), 33 (11), 17 (57), 48 (60), 35 (38), 44 (13), 27 (34), 34 (47), 19 (77), 8 (31), 7 (81), 24 (71), 2 (56), 13 (83), 14 (49), 26 (96), 41 (63), 46 (87), 40 (92), 18 (85)]";16237
Multiarranque;50;2;32854;327.0;100;"Maquina 1: [44 (13), 3 (27), 27 (34), 34 (47), 0 (14), 31 (20), 25 (61), 43 (13), 16 (47), 19 (77), 24 (71), 35 (38), 49 (56), 37 (50), 42 (94), 22 (77), 41 (63), 46 (87), 40 (92), 2 (56), 7 (81), 26 (96), 18 (85), 48 (60)]";16078;"Maquina 2: [12 (13), 10 (9), 30 (31), 21 (44), 45 (12), 36 (33), 4 (83), 8 (31), 5 (7), 39 (33), 33 (11), 6 (34), 17 (57), 28 (48), 47 (45), 9 (58), 23 (83), 14 (49), 15 (87), 29 (62), 13 (83), 1 (64), 38 (93), 20 (89), 11 (94), 32 (75)]";16776
GREEDY;50;2;29987;1.0;1;"Maquina 1: [2 (4), 16 (17), 43 (31), 24 (12), 48 (45), 23 (10), 7 (14), 19 (28), 33 (52), 38 (18), 8 (23), 22 (42), 21 (51), 26 (37), 36 (49), 10 (53), 32 (55), 45 (43), 20 (65), 3 (74), 31 (58), 41 (78), 44 (92), 5 (91), 4 (81)]";14821;"Maquina 2: [30 (13), 14 (12), 34 (34), 0 (14), 29 (21), 11 (10), 40 (14), 12 (42), 1 (53), 15 (43), 39 (28), 37 (27), 6 (44), 17 (50), 46 (53), 18 (48), 35 (51), 25 (64), 49 (56), 13 (78), 47 (86), 27 (92), 28 (94), 42 (69), 9 (79)]";15166
GRASP;50;2;29157;209.0;100;"Maquina 1: [2 (4), 39 (28), 40 (14), 11 (10), 30 (13), 45 (43), 24 (12), 8 (23), 49 (56), 7 (14), 10 (53), 46 (53), 1 (53), 15 (43), 12 (42), 37 (27), 21 (51), 28 (94), 48 (45), 22 (42), 25 (64), 5 (91), 3 (74), 27 (92), 44 (92), 13 (78)]";15800;"Maquina 2: [14 (12), 23 (10), 16 (17), 43 (31), 19 (28), 0 (14), 29 (21), 6 (44), 34 (34), 38 (18), 17 (50), 35 (51), 26 (37), 31 (58), 42 (69), 32 (55), 18 (48), 4 (81), 20 (65), 33 (52), 36 (49), 9 (79), 41 (78), 47 (86)]";13357
LNS;50;2;29987;31.0;100;"Maquina 1: [2 (4), 16 (17), 43 (31), 24 (12), 48 (45), 23 (10), 7 (14), 19 (28), 33 (52), 38 (18), 8 (23), 22 (42), 21 (51), 26 (37), 36 (49), 10 (53), 32 (55), 45 (43), 20 (65), 3 (74), 31 (58), 41 (78), 44 (92), 5 (91), 4 (81)]";14821;"Maquina 2: [30 (13), 14 (12), 34 (34), 0 (14), 29 (21), 11 (10), 40 (14), 12 (42), 1 (53), 15 (43), 39 (28), 37 (27), 6 (44), 17 (50), 46 (53), 18 (48), 35 (51), 25 (64), 49 (56), 13 (78), 47 (86), 27 (92), 28 (94), 42 (69), 9 (79)]";15166
TABÚ;50;2;28939;55.0;100;"Maquina 1: [38 (18), 7 (14), 11 (10), 40 (14), 8 (23), 29 (21), 34 (34), 45 (43), 24 (12), 16 (17), 49 (56), 48 (45), 3 (74), 22 (42), 33 (52), 9 (79), 32 (55), 18 (48), 36 (49), 42 (69), 47 (86), 31 (58), 28 (94), 5 (91), 13 (78)]";15087;"Maquina 2: [43 (31), 14 (12), 19 (28), 10 (53), 23 (10), 30 (13), 37 (27), 0 (14), 15 (43), 39 (28), 35 (51), 25 (64), 26 (37), 46 (53), 21 (51), 2 (4), 6 (44), 17 (50), 12 (42), 1 (53), 41 (78), 44 (92), 20 (65), 4 (81), 27 (92)]";13852
VNS;50;2;29694;6312.0;100;"Maquina 1: [2 (4), 16 (17), 43 (31), 24 (12), 48 (45), 23 (10), 7 (14), 19 (28), 33 (52), 42 (69), 38 (18), 8 (23), 22 (42), 21 (51), 26 (37), 36 (49), 10 (53), 32 (55), 45 (43), 20 (65), 3 (74), 31 (58), 41 (78), 28 (94), 5 (91), 4 (81)]";16047;"Maquina 2: [30 (13), 14 (12), 34 (34), 0 (14), 29 (21), 11 (10), 40 (14), 12 (42), 1 (53), 15 (43), 39 (28), 37 (27), 6 (44), 17 (50), 46 (53), 18 (48), 35 (51), 25 (64), 49 (56), 13 (78), 47 (86), 27 (92), 44 (92), 9 (79)]";13647
Multiarranque;50;2;29093;334.0;100;"Maquina 1: [34 (34), 12 (42), 45 (43), 37 (27), 16 (17), 24 (12), 6 (44), 15 (43), 23 (10), 29 (21), 17 (50), 0 (14), 20 (65), 22 (42), 25 (64), 7 (14), 10 (53), 36 (49), 31 (58), 42 (69), 41 (78), 35 (51), 9 (79), 5 (91), 47 (86)]";15269;"Maquina 2: [2 (4), 39 (28), 40 (14), 11 (10), 21 (51), 43 (31), 14 (12), 19 (28), 38 (18), 30 (13), 33 (52), 26 (37), 46 (53), 1 (53), 8 (23), 49 (56), 48 (45), 3 (74), 32 (55), 18 (48), 4 (81), 27 (92), 44 (92), 13 (78), 28 (94)]";13824
GREEDY;50;2;37881;0.0;1;"Maquina 1: [40 (35), 11 (21), 43 (23), 23 (17), 3 (4), 21 (25), 37 (51), 8 (41), 41 (30), 28 (58), 16 (73), 47 (65), 36 (62), 5 (43), 4 (45), 9 (51), 0 (98), 29 (55), 48 (54), 39 (76), 24 (92), 13 (58), 19 (79), 1 (85), 26 (84), 25 (93)]";19461;"Maquina 2: [30 (11), 2 (43), 31 (19), 45 (22), 18 (77), 22 (34), 10 (39), 32 (24), 49 (50), 46 (51), 7 (30), 20 (44), 17 (56), 15 (58), 27 (63), 42 (80), 44 (84), 35 (51), 14 (60), 38 (67), 6 (55), 12 (86), 33 (92), 34 (93)]";18420
GRASP;50;2;36336;211.0;100;"Maquina 1: [43 (23), 10 (39), 21 (25), 45 (22), 32 (24), 2 (43), 41 (30), 47 (65), 36 (62), 37 (51), 49 (50), 9 (51), 44 (84), 4 (45), 20 (44), 18 (77), 24 (92), 14 (60), 34 (93), 13 (58), 6 (55), 29 (55), 0 (98), 33 (92)]";19295;"Maquina 2: [40 (35), 11 (21), 30 (11), 46 (51), 31 (19), 8 (41), 7 (30), 3 (4), 48 (54), 23 (17), 35 (51), 22 (34), 17 (56), 28 (58), 16 (73), 5 (43), 42 (80), 27 (63), 39 (76), 25 (93), 15 (58), 38 (67), 19 (79), 12 (86), 26 (84), 1 (85)]";17041
LNS;50;2;37608;34.0;100;"Maquina 1: [40 (35), 11 (21), 43 (23), 23 (17), 3 (4), 21 (25), 37 (51), 8 (41), 41 (30), 28 (58), 16 (73), 47 (65), 36 (62), 5 (43), 4 (45), 9 (51), 0 (98), 29 (55), 48 (54), 39 (76), 24 (92), 13 (58), 19 (79), 1 (85), 26 (84), 25 (93)]";19461;"Maquina 2: [30 (11), 2 (43), 31 (19), 45 (22), 18 (77), 22 (34), 10 (39), 32 (24), 49 (50), 46 (51), 7 (30), 20 (44), 17 (56), 15 (58), 27 (63), 42 (80), 38 (67), 35 (51), 14 (60), 33 (92), 6 (55), 12 (86), 44 (84), 34 (93)]";18147
TABÚ;50;2;35773;63.0;100;"Maquina 1: [22 (34), 17 (56), 3 (4), 21 (25), 45 (22), 32 (24), 49 (50), 7 (30), 8 (41), 46 (51), 38 (67), 4 (45), 48 (54), 36 (62), 5 (43), 42 (80), 37 (51), 10 (39), 24 (92), 39 (76), 25 (93), 15 (58), 13 (58), 18 (77), 19 (79), 1 (85)]";19587;"Maquina 2: [23 (17), 29 (55), 41 (30), 30 (11), 11 (21), 43 (23), 27 (63), 40 (35), 20 (44), 9 (51), 31 (19), 14 (60), 2 (43), 35 (51), 28 (58), 16 (73), 47 (65), 6 (55), 12 (86), 44 (84), 26 (84), 34 (93), 0 (98), 33 (92)]";16186
VNS;50;2;36667;4306.0;100;"Maquina 1: [40 (35), 11 (21), 43 (23), 23 (17), 3 (4), 21 (25), 37 (51), 7 (30), 8 (41), 41 (30), 28 (58), 16 (73), 47 (65), 36 (62), 15 (58), 4 (45), 9 (51), 0 (98), 29 (55), 48 (54), 39 (76), 24 (92), 42 (80), 17 (56), 1 (85), 25 (93)]";18244;"Maquina 2: [30 (11), 2 (43), 31 (19), 45 (22), 18 (77), 22 (34), 10 (39), 32 (24), 49 (50), 46 (51), 20 (44), 5 (43), 27 (63), 44 (84), 35 (51), 19 (79), 13 (58), 14 (60), 38 (67), 6 (55), 12 (86), 33 (92), 26 (84), 34 (93)]";18423
Multiarranque;50;2;35320;328.0;100;"Maquina 1: [8 (41), 41 (30), 30 (11), 46 (51), 4 (45), 40 (35), 21 (25), 45 (22), 19 (79), 13 (58), 2 (43), 17 (56), 48 (54), 10 (39), 35 (51), 14 (60), 44 (84), 15 (58), 25 (93), 27 (63), 16 (73), 38 (67), 24 (92), 1 (85), 34 (93)]";18473;"Maquina 2: [9 (51), 7 (30), 3 (4), 32 (24), 36 (62), 22 (34), 28 (58), 11 (21), 43 (23), 23 (17), 29 (55), 31 (19), 5 (43), 20 (44), 37 (51), 49 (50), 12 (86), 6 (55), 47 (65), 39 (76), 42 (80), 18 (77), 0 (98), 33 (92), 26 (84)]";16847
GREEDY;50;2;38773;0.0;1;"Maquina 1: [38 (21), 39 (14), 19 (2), 43 (17), 15 (40), 3 (58), 26 (28), 13 (43), 1 (24), 9 (37), 18 (54), 45 (69), 23 (96), 6 (45), 28 (64), 20 (60), 11 (62), 29 (47), 32 (73), 12 (85), 4 (69), 40 (89), 37 (92), 21 (95), 42 (97)]";19737;"Maquina 2: [5 (15), 7 (10), 47 (27), 25 (43), 34 (17), 48 (19), 2 (30), 36 (44), 31 (70), 44 (33), 8 (52), 49 (60), 16 (47), 33 (63), 22 (59), 46 (75), 27 (68), 14 (97), 0 (40), 35 (88), 10 (56), 24 (94), 17 (69), 30 (95), 41 (89)]";19036
GRASP;50;2;36395;203.0;100;"Maquina 1: [25 (43), 43 (17), 34 (17), 16 (47), 7 (10), 39 (14), 8 (52), 9 (37), 18 (54), 0 (40), 1 (24), 6 (45), 28 (64), 44 (33), 17 (69), 11 (62), 27 (68), 40 (89), 45 (69), 23 (96), 24 (94), 32 (73), 30 (95), 21 (95), 46 (75)]";18181;"Maquina 2: [19 (2), 22 (59), 26 (28), 5 (15), 38 (21), 47 (27), 48 (19), 2 (30), 15 (40), 36 (44), 4 (69), 20 (60), 13 (43), 37 (92), 41 (89), 29 (47), 49 (60), 33 (63), 31 (70), 3 (58), 10 (56), 14 (97), 35 (88), 12 (85), 42 (97)]";18214
LNS;50;2;38161;31.0;100;"Maquina 1: [38 (21), 39 (14), 19 (2), 43 (17), 15 (40), 3 (58), 26 (28), 13 (43), 1 (24), 9 (37), 18 (54), 45 (69), 23 (96), 6 (45), 28 (64), 20 (60), 32 (73), 29 (47), 11 (62), 12 (85), 4 (69), 40 (89), 37 (92), 21 (95), 42 (97)]";19637;"Maquina 2: [5 (15), 7 (10), 47 (27), 25 (43), 34 (17), 48 (19), 2 (30), 36 (44), 31 (70), 44 (33), 8 (52), 49 (60), 16 (47), 35 (88), 22 (59), 46 (75), 27 (68), 33 (63), 0 (40), 14 (97), 10 (56), 24 (94), 17 (69), 30 (95), 41 (89)]";18524
TABÚ;50;2;35860;57.0;100;"Maquina 1: [48 (19), 12 (85), 34 (17), 39 (14), 2 (30), 17 (69), 5 (15), 13 (43), 0 (40), 6 (45), 25 (43), 43 (17), 45 (69), 29 (47), 3 (58), 26 (28), 28 (64), 10 (56), 49 (60), 33 (63), 4 (69), 40 (89), 46 (75), 23 (96), 24 (94)]";17794;"Maquina 2: [47 (27), 38 (21), 7 (10), 37 (92), 19 (2), 1 (24), 36 (44), 9 (37), 18 (54), 32 (73), 31 (70), 44 (33), 22 (59), 15 (40), 8 (52), 16 (47), 35 (88), 11 (62), 42 (97), 27 (68), 14 (97), 20 (60), 21 (95), 30 (95), 41 (89)]";18066
VNS;50;2;37724;3737.0;100;"Maquina 1: [38 (21), 39 (14), 19 (2), 43 (17), 10 (56), 3 (58), 26 (28), 13 (43), 1 (24), 9 (37), 18 (54), 45 (69), 23 (96), 6 (45), 28 (64), 20 (60), 46 (75), 29 (47), 32 (73), 4 (69), 40 (89), 30 (95), 21 (95), 42 (97)]";17288;"Maquina 2: [5 (15), 7 (10), 47 (27), 25 (43), 34 (17), 48 (19), 2 (30), 36 (44), 31 (70), 44 (33), 8 (52), 49 (60), 16 (47), 33 (63), 22 (59), 11 (62), 27 (68), 14 (97), 0 (40), 35 (88), 12 (85), 15 (40), 24 (94), 17 (69), 37 (92), 41 (89)]";20436
Multiarranque;50;2;35207;343.0;100;"Maquina 1: [47 (27), 7 (10), 38 (21), 43 (17), 23 (96), 34 (17), 39 (14), 22 (59), 45 (69), 44 (33), 25 (43), 16 (47), 35 (88), 11 (62), 27 (68), 8 (52), 18 (54), 32 (73), 29 (47), 40 (89), 30 (95), 14 (97), 24 (94), 31 (70), 21 (95)]";17957;"Maquina 2: [48 (19), 1 (24), 19 (2), 9 (37), 26 (28), 5 (15), 28 (64), 15 (40), 3 (58), 2 (30), 6 (45), 13 (43), 0 (40), 12 (85), 10 (56), 36 (44), 4 (69), 20 (60), 46 (75), 49 (60), 33 (63), 17 (69), 37 (92), 41 (89), 42 (97)]";17250
GREEDY;50;2;32236;0.0;1;"Maquina 1: [13 (10), 27 (15), 4 (12), 1 (5), 0 (14), 24 (40), 19 (33), 17 (77), 20 (24), 7 (45), 3 (36), 32 (12), 49 (18), 46 (46), 41 (49), 31 (66), 45 (89), 9 (51), 30 (48), 37 (61), 11 (71), 33 (59), 8 (64), 43 (81), 34 (84)]";15469;"Maquina 2: [39 (10), 42 (60), 23 (10), 38 (13), 12 (7), 18 (19), 16 (15), 40 (44), 22 (36), 14 (49), 44 (28), 2 (66), 28 (33), 48 (77), 36 (82), 35 (51), 29 (45), 6 (88), 47 (66), 15 (48), 5 (73), 26 (82), 21 (50), 10 (62), 25 (98)]";16767
GRASP;50;2;30559;207.0;100;"Maquina 1: [0 (14), 23 (10), 3 (36), 38 (13), 13 (10), 18 (19), 35 (51), 29 (45), 27 (15), 9 (51), 22 (36), 44 (28), 7 (45), 28 (33), 32 (12), 15 (48), 40 (44), 34 (84), 30 (48), 2 (66), 11 (71), 5 (73), 31 (66), 36 (82), 10 (62), 45 (89)]";15714;"Maquina 2: [20 (24), 12 (7), 16 (15), 1 (5), 4 (12), 39 (10), 41 (49), 21 (50), 14 (49), 24 (40), 25 (98), 8 (64), 37 (61), 19 (33), 46 (46), 49 (18), 48 (77), 43 (81), 33 (59), 42 (60), 26 (82), 17 (77), 6 (88), 47 (66)]";14845
LNS;50;2;31556;30.0;100;"Maquina 1: [13 (10), 27 (15), 4 (12), 1 (5), 0 (14), 37 (61), 46 (46), 49 (18), 20 (24), 7 (45), 3 (36), 32 (12), 19 (33), 17 (77), 41 (49), 31 (66), 45 (89), 9 (51), 30 (48), 24 (40), 11 (71), 33 (59), 8 (64), 43 (81), 34 (84)]";14944;"Maquina 2: [16 (15), 42 (60), 23 (10), 38 (13), 12 (7), 18 (19), 39 (10), 40 (44), 22 (36), 14 (49), 44 (28), 2 (66), 28 (33), 48 (77), 36 (82), 35 (51), 29 (45), 6 (88), 47 (66), 15 (48), 5 (73), 26 (82), 21 (50), 10 (62), 25 (98)]";16612
TABÚ;50;2;29861;56.0;100;"Maquina 1: [4 (12), 39 (10), 18 (19), 16 (15), 20 (24), 19 (33), 35 (51), 29 (45), 32 (12), 15 (48), 14 (49), 30 (48), 2 (66), 47 (66), 22 (36), 3 (36), 37 (61), 48 (77), 43 (81), 33 (59), 10 (62), 8 (64), 26 (82), 25 (98), 6 (88)]";15396;"Maquina 2: [49 (18), 23 (10), 38 (13), 13 (10), 27 (15), 0 (14), 12 (7), 1 (5), 28 (33), 24 (40), 5 (73), 44 (28), 9 (51), 41 (49), 7 (45), 21 (50), 46 (46), 40 (44), 42 (60), 11 (71), 45 (89), 31 (66), 17 (77), 36 (82), 34 (84)]";14465
VNS;50;2;30536;2569.0;100;"Maquina 1: [39 (10), 13 (10), 27 (15), 4 (12), 1 (5), 0 (14), 24 (40), 19 (33), 17 (77), 20 (24), 14 (49), 7 (45), 28 (33), 32 (12), 49 (18), 46 (46), 41 (49), 25 (98), 9 (51), 30 (48), 42 (60), 11 (71), 45 (89), 8 (64), 43 (81)]";13508;"Maquina 2: [23 (10), 38 (13), 12 (7), 18 (19), 16 (15), 40 (44), 22 (36), 37 (61), 44 (28), 2 (66), 3 (36), 48 (77), 36 (82), 35 (51), 29 (45), 6 (88), 47 (66), 15 (48), 5 (73), 26 (82), 21 (50), 10 (62), 33 (59), 31 (66), 34 (84)]";17028
Multiarranque;50;2;29777;321.0;100;"Maquina 1: [4 (12), 1 (5), 0 (14), 23 (10), 13 (10), 44 (28), 7 (45), 28 (33), 24 (40), 22 (36), 20 (24), 49 (18), 14 (49), 15 (48), 30 (48), 42 (60), 5 (73), 26 (82), 31 (66), 10 (62), 33 (59), 47 (66), 25 (98), 36 (82), 6 (88)]";15033;"Maquina 2: [38 (13), 12 (7), 18 (19), 35 (51), 29 (45), 27 (15), 16 (15), 39 (10), 40 (44), 19 (33), 46 (46), 32 (12), 48 (77), 9 (51), 41 (49), 21 (50), 2 (66), 3 (36), 37 (61), 11 (71), 45 (89), 17 (77), 8 (64), 43 (81), 34 (84)]";14744
GREEDY;50;2;29777;0.0;1;"Maquina 1: [20 (9), 47 (5), 45 (22), 24 (42), 2 (19), 48 (2), 21 (27), 37 (49), 33 (37), 40 (34), 14 (53), 6 (43), 28 (73), 38 (56), 19 (55), 39 (65), 25 (57), 30 (89), 17 (61), 27 (82), 10 (90), 12 (85), 4 (92), 0 (97), 23 (93)]";15081;"Maquina 2: [13 (3), 44 (7), 29 (13), 36 (8), 7 (34), 41 (22), 42 (24), 43 (38), 49 (55), 5 (49), 31 (42), 1 (59), 15 (36), 34 (50), 18 (57), 22 (68), 9 (55), 16 (64), 32 (84), 35 (92), 11 (90), 8 (90), 26 (94), 46 (79), 3 (87)]";14696
GRASP;50;2;28885;210.0;100;"Maquina 1: [20 (9), 36 (8), 48 (2), 13 (3), 15 (36), 41 (22), 2 (19), 29 (13), 37 (49), 7 (34), 25 (57), 9 (55), 24 (42), 6 (43), 28 (73), 19 (55), 14 (53), 1 (59), 11 (90), 22 (68), 23 (93), 3 (87), 32 (84), 0 (97), 30 (89), 26 (94)]";14741;"Maquina 2: [47 (5), 40 (34), 42 (24), 44 (7), 21 (27), 43 (38), 5 (49), 31 (42), 34 (50), 45 (22), 18 (57), 49 (55), 33 (37), 16 (64), 38 (56), 17 (61), 39 (65), 46 (79), 27 (82), 12 (85), 4 (92), 8 (90), 10 (90), 35 (92)]";14144
LNS;50;2;29322;32.0;100;"Maquina 1: [33 (37), 47 (5), 45 (22), 24 (42), 2 (19), 48 (2), 20 (9), 37 (49), 21 (27), 40 (34), 14 (53), 6 (43), 28 (73), 38 (56), 19 (55), 39 (65), 25 (57), 30 (89), 17 (61), 27 (82), 10 (90), 12 (85), 4 (92), 0 (97), 23 (93)]";14798;"Maquina 2: [13 (3), 44 (7), 29 (13), 36 (8), 7 (34), 41 (22), 42 (24), 43 (38), 49 (55), 5 (49), 22 (68), 1 (59), 15 (36), 34 (50), 32 (84), 31 (42), 9 (55), 16 (64), 18 (57), 35 (92), 11 (90), 8 (90), 26 (94), 46 (79), 3 (87)]";14524
TABÚ;50;2;28960;55.0;100;"Maquina 1: [13 (3), 6 (43), 36 (8), 48 (2), 25 (57), 45 (22), 41 (22), 5 (49), 24 (42), 40 (34), 22 (68), 43 (38), 28 (73), 38 (56), 17 (61), 46 (79), 14 (53), 16 (64), 12 (85), 3 (87), 35 (92), 30 (89), 8 (90), 23 (93)]";13691;"Maquina 2: [20 (9), 47 (5), 29 (13), 44 (7), 15 (36), 34 (50), 42 (24), 21 (27), 7 (34), 31 (42), 1 (59), 2 (19), 49 (55), 33 (37), 37 (49), 19 (55), 39 (65), 27 (82), 9 (55), 0 (97), 18 (57), 32 (84), 4 (92), 11 (90), 10 (90), 26 (94)]";15269
VNS;50;2;28665;3313.0;100;"Maquina 1: [20 (9), 47 (5), 29 (13), 24 (42), 2 (19), 48 (2), 28 (73), 37 (49), 9 (55), 40 (34), 14 (53), 6 (43), 21 (27), 38 (56), 19 (55), 39 (65), 25 (57), 30 (89), 17 (61), 27 (82), 10 (90), 12 (85), 3 (87), 0 (97), 26 (94)]";14530;"Maquina 2: [13 (3), 44 (7), 45 (22), 36 (8), 7 (34), 41 (22), 42 (24), 43 (38), 49 (55), 5 (49), 31 (42), 1 (59), 15 (36), 34 (50), 18 (57), 22 (68), 33 (37), 16 (64), 32 (84), 35 (92), 11 (90), 8 (90), 23 (93), 46 (79), 4 (92)]";14135
Multiarranque;50;2;28557;331.0;100;"Maquina 1: [20 (9), 47 (5), 31 (42), 48 (2), 17 (61), 15 (36), 41 (22), 5 (49), 22 (68), 33 (37), 37 (49), 19 (55), 18 (57), 25 (57), 1 (59), 2 (19), 30 (89), 27 (82), 10 (90), 46 (79), 28 (73), 23 (93), 8 (90), 12 (85)]";14063;"Maquina 2: [29 (13), 13 (3), 44 (7), 45 (22), 36 (8), 34 (50), 21 (27), 7 (34), 40 (34), 42 (24), 43 (38), 16 (64), 38 (56), 24 (42), 6 (43), 9 (55), 49 (55), 14 (53), 39 (65), 3 (87), 32 (84), 4 (92), 0 (97), 26 (94), 35 (92), 11 (90)]";14494
GREEDY;50;2;29641;1.0;1;"Maquina 1: [33 (1), 40 (12), 8 (14), 48 (32), 1 (29), 15 (29), 2 (36), 9 (20), 10 (40), 12 (44), 5 (56), 37 (49), 39 (53), 20 (91), 29 (51), 23 (57), 13 (46), 44 (60), 22 (72), 41 (60), 19 (88), 27 (76), 14 (66), 0 (97), 6 (81)]";14527;"Maquina 2: [31 (7), 21 (19), 30 (22), 49 (13), 3 (28), 46 (30), 43 (52), 17 (35), 26 (37), 36 (40), 28 (49), 11 (45), 35 (54), 42 (60), 25 (64), 34 (59), 24 (51), 45 (72), 16 (81), 38 (67), 7 (56), 4 (79), 32 (90), 18 (99), 47 (92)]";15114
GRASP;50;2;29970;200.0;100;"Maquina 1: [33 (1), 8 (14), 48 (32), 3 (28), 49 (13), 1 (29), 36 (40), 46 (30), 43 (52), 2 (36), 11 (45), 14 (66), 10 (40), 37 (49), 9 (20), 41 (60), 23 (57), 18 (99), 7 (56), 42 (60), 6 (81), 4 (79), 5 (56), 16 (81), 47 (92)]";14502;"Maquina 2: [31 (7), 40 (12), 21 (19), 30 (22), 12 (44), 15 (29), 29 (51), 35 (54), 17 (35), 26 (37), 24 (51), 28 (49), 34 (59), 25 (64), 13 (46), 38 (67), 44 (60), 39 (53), 45 (72), 19 (88), 32 (90), 27 (76), 22 (72), 20 (91), 0 (97)]";15468
LNS;50;2;29485;36.0;100;"Maquina 1: [33 (1), 40 (12), 8 (14), 48 (32), 1 (29), 15 (29), 2 (36), 9 (20), 10 (40), 12 (44), 5 (56), 37 (49), 39 (53), 20 (91), 29 (51), 23 (57), 13 (46), 44 (60), 22 (72), 41 (60), 19 (88), 27 (76), 14 (66), 0 (97), 6 (81)]";14527;"Maquina 2: [31 (7), 46 (30), 30 (22), 49 (13), 3 (28), 21 (19), 43 (52), 17 (35), 26 (37), 36 (40), 28 (49), 38 (67), 7 (56), 42 (60), 25 (64), 34 (59), 24 (51), 45 (72), 16 (81), 11 (45), 35 (54), 32 (90), 4 (79), 18 (99), 47 (92)]";14958
TABÚ;50;2;29657;57.0;100;"Maquina 1: [17 (35), 33 (1), 8 (14), 39 (53), 15 (29), 31 (7), 40 (12), 44 (60), 12 (44), 48 (32), 2 (36), 11 (45), 13 (46), 25 (64), 24 (51), 41 (60), 23 (57), 29 (51), 45 (72), 22 (72), 14 (66), 16 (81), 6 (81), 18 (99), 20 (91)]";14549;"Maquina 2: [26 (37), 46 (30), 30 (22), 21 (19), 43 (52), 49 (13), 9 (20), 10 (40), 3 (28), 28 (49), 42 (60), 1 (29), 36 (40), 5 (56), 34 (59), 4 (79), 37 (49), 35 (54), 38 (67), 7 (56), 19 (88), 47 (92), 27 (76), 0 (97), 32 (90)]";15108
VNS;50;2;29284;2628.0;100;"Maquina 1: [40 (12), 8 (14), 48 (32), 1 (29), 15 (29), 2 (36), 9 (20), 10 (40), 12 (44), 5 (56), 37 (49), 39 (53), 20 (91), 29 (51), 23 (57), 13 (46), 44 (60), 22 (72), 41 (60), 19 (88), 27 (76), 14 (66), 0 (97), 6 (81)]";14070;"Maquina 2: [31 (7), 46 (30), 30 (22), 49 (13), 33 (1), 3 (28), 21 (19), 43 (52), 17 (35), 26 (37), 36 (40), 28 (49), 38 (67), 7 (56), 42 (60), 25 (64), 34 (59), 24 (51), 45 (72), 16 (81), 11 (45), 35 (54), 32 (90), 4 (79), 18 (99), 47 (92)]";15214
Multiarranque;50;2;29247;331.0;100;"Maquina 1: [33 (1), 21 (19), 30 (22), 49 (13), 9 (20), 42 (60), 1 (29), 15 (29), 29 (51), 12 (44), 2 (36), 45 (72), 43 (52), 11 (45), 35 (54), 10 (40), 23 (57), 25 (64), 34 (59), 14 (66), 16 (81), 6 (81), 4 (79), 47 (92), 32 (90)]";14551;"Maquina 2: [31 (7), 40 (12), 8 (14), 48 (32), 3 (28), 46 (30), 5 (56), 37 (49), 17 (35), 26 (37), 7 (56), 36 (40), 28 (49), 13 (46), 38 (67), 44 (60), 39 (53), 41 (60), 19 (88), 27 (76), 22 (72), 24 (51), 0 (97), 20 (91), 18 (99)]";14696
GREEDY;50;2;27730;0.0;1;"Maquina 1: [16 (1), 35 (2), 48 (9), 4 (15), 49 (6), 22 (9), 18 (32), 47 (53), 9 (28), 13 (46), 25 (20), 5 (59), 3 (48), 41 (61), 29 (42), 21 (64), 36 (70), 14 (74), 40 (79), 2 (99), 12 (84), 44 (68), 31 (94), 34 (99), 37 (96)]";14068;"Maquina 2: [24 (9), 26 (2), 8 (3), 6 (9), 27 (32), 38 (6), 1 (21), 15 (11), 43 (28), 7 (54), 19 (44), 32 (33), 23 (47), 45 (48), 39 (76), 42 (62), 17 (65), 33 (61), 10 (71), 28 (80), 0 (70), 30 (99), 20 (95), 46 (97), 11 (90)]";13662
GRASP;50;2;26265;211.0;100;"Maquina 1: [8 (3), 49 (6), 25 (20), 16 (1), 48 (9), 44 (68), 22 (9), 43 (28), 7 (54), 15 (11), 27 (32), 13 (46), 23 (47), 5 (59), 32 (33), 3 (48), 41 (61), 0 (70), 12 (84), 33 (61), 2 (99), 34 (99), 39 (76), 31 (94), 11 (90), 30 (99)]";14329;"Maquina 2: [26 (2), 35 (2), 1 (21), 6 (9), 18 (32), 19 (44), 38 (6), 4 (15), 29 (42), 24 (9), 9 (28), 47 (53), 21 (64), 17 (65), 40 (79), 45 (48), 36 (70), 42 (62), 14 (74), 10 (71), 28 (80), 37 (96), 20 (95), 46 (97)]";11936
LNS;50;2;27621;32.0;100;"Maquina 1: [16 (1), 35 (2), 48 (9), 4 (15), 49 (6), 22 (9), 18 (32), 47 (53), 9 (28), 13 (46), 25 (20), 5 (59), 3 (48), 41 (61), 29 (42), 21 (64), 36 (70), 14 (74), 40 (79), 2 (99), 12 (84), 44 (68), 31 (94), 34 (99), 37 (96)]";14068;"Maquina 2: [24 (9), 26 (2), 8 (3), 6 (9), 27 (32), 38 (6), 1 (21), 15 (11), 43 (28), 7 (54), 19 (44), 32 (33), 23 (47), 45 (48), 39 (76), 17 (65), 42 (62), 33 (61), 10 (71), 28 (80), 0 (70), 30 (99), 20 (95), 46 (97), 11 (90)]";13553
TABÚ;50;2;26605;56.0;100;"Maquina 1: [26 (2), 16 (1), 27 (32), 38 (6), 1 (21), 22 (9), 43 (28), 15 (11), 25 (20), 6 (9), 18 (32), 45 (48), 7 (54), 40 (79), 5 (59), 10 (71), 41 (61), 34 (99), 33 (61), 12 (84), 44 (68), 11 (90), 20 (95), 46 (97), 30 (99)]";12893;"Maquina 2: [35 (2), 48 (9), 8 (3), 49 (6), 32 (33), 3 (48), 19 (44), 24 (9), 4 (15), 29 (42), 42 (62), 47 (53), 9 (28), 13 (46), 14 (74), 0 (70), 23 (47), 39 (76), 17 (65), 36 (70), 21 (64), 31 (94), 28 (80), 37 (96), 2 (99)]";13712
VNS;50;2;27159;3833.0;100;"Maquina 1: [6 (9), 35 (2), 48 (9), 4 (15), 49 (6), 15 (11), 18 (32), 47 (53), 9 (28), 13 (46), 25 (20), 5 (59), 3 (48), 41 (61), 29 (42), 21 (64), 36 (70), 14 (74), 37 (96), 2 (99), 12 (84), 44 (68), 31 (94), 42 (62), 34 (99)]";13990;"Maquina 2: [24 (9), 26 (2), 8 (3), 16 (1), 27 (32), 38 (6), 1 (21), 22 (9), 43 (28), 7 (54), 19 (44), 32 (33), 23 (47), 45 (48), 39 (76), 17 (65), 40 (79), 33 (61), 10 (71), 28 (80), 0 (70), 30 (99), 20 (95), 46 (97), 11 (90)]";13169
Multiarranque;50;2;26135;329.0;100;"Maquina 1: [8 (3), 6 (9), 26 (2), 16 (1), 23 (47), 4 (15), 49 (6), 29 (42), 43 (28), 7 (54), 32 (33), 9 (28), 33 (61), 18 (32), 47 (53), 21 (64), 36 (70), 44 (68), 39 (76), 31 (94), 28 (80), 10 (71), 2 (99), 20 (95), 46 (97)]";12575;"Maquina 2: [35 (2), 48 (9), 24 (9), 22 (9), 38 (6), 1 (21), 40 (79), 15 (11), 25 (20), 27 (32), 3 (48), 19 (44), 45 (48), 42 (62), 5 (59), 41 (61), 0 (70), 13 (46), 14 (74), 37 (96), 17 (65), 12 (84), 11 (90), 30 (99), 34 (99)]";13560
GREEDY;50;2;24390;1.0;1;"Maquina 1: [47 (8), 45 (6), 31 (17), 11 (1), 1 (17), 3 (14), 30 (9), 37 (69), 33 (25), 7 (33), 24 (31), 16 (24), 44 (43), 10 (30), 40 (60), 9 (77), 4 (74), 8 (68), 12 (54), 13 (50), 29 (70), 27 (77), 18 (82), 26 (97), 39 (90)]";12375;"Maquina 2: [28 (16), 2 (7), 6 (2), 48 (9), 42 (8), 35 (12), 36 (26), 21 (25), 14 (23), 20 (29), 34 (32), 41 (39), 5 (48), 19 (62), 0 (69), 32 (58), 49 (30), 43 (75), 38 (53), 25 (72), 46 (69), 15 (77), 23 (84), 17 (97), 22 (79)]";12015
GRASP;50;2;24024;213.0;100;"Maquina 1: [11 (1), 28 (16), 14 (23), 30 (9), 35 (12), 6 (2), 3 (14), 21 (25), 20 (29), 24 (31), 32 (58), 7 (33), 49 (30), 33 (25), 15 (77), 27 (77), 5 (48), 19 (62), 0 (69), 4 (74), 38 (53), 23 (84), 37 (69), 17 (97), 22 (79)]";11976;"Maquina 2: [16 (24), 2 (7), 10 (30), 47 (8), 45 (6), 48 (9), 42 (8), 36 (26), 41 (39), 34 (32), 31 (17), 40 (60), 44 (43), 1 (17), 12 (54), 13 (50), 29 (70), 18 (82), 25 (72), 43 (75), 46 (69), 8 (68), 39 (90), 9 (77), 26 (97)]";12048
LNS;50;2;24116;32.0;100;"Maquina 1: [47 (8), 45 (6), 31 (17), 30 (9), 3 (14), 1 (17), 11 (1), 37 (69), 33 (25), 7 (33), 24 (31), 16 (24), 44 (43), 10 (30), 40 (60), 9 (77), 4 (74), 8 (68), 12 (54), 13 (50), 29 (70), 27 (77), 18 (82), 26 (97), 39 (90)]";12101;"Maquina 2: [28 (16), 2 (7), 6 (2), 48 (9), 42 (8), 35 (12), 36 (26), 21 (25), 14 (23), 20 (29), 34 (32), 41 (39), 5 (48), 19 (62), 0 (69), 32 (58), 49 (30), 43 (75), 38 (53), 25 (72), 46 (69), 15 (77), 23 (84), 17 (97), 22 (79)]";12015
TABÚ;50;2;23747;54.0;100;"Maquina 1: [30 (9), 35 (12), 47 (8), 45 (6), 24 (31), 48 (9), 6 (2), 3 (14), 36 (26), 21 (25), 34 (32), 28 (16), 13 (50), 22 (79), 40 (60), 9 (77), 4 (74), 8 (68), 37 (69), 39 (90), 46 (69), 38 (53), 23 (84), 26 (97)]";10651;"Maquina 2: [11 (1), 2 (7), 1 (17), 14 (23), 20 (29), 42 (8), 31 (17), 49 (30), 16 (24), 44 (43), 10 (30), 33 (25), 7 (33), 12 (54), 29 (70), 32 (58), 19 (62), 41 (39), 25 (72), 5 (48), 27 (77), 18 (82), 15 (77), 0 (69), 17 (97), 43 (75)]";13096
VNS;50;2;23555;3395.0;100;"Maquina 1: [47 (8), 45 (6), 48 (9), 6 (2), 1 (17), 3 (14), 30 (9), 37 (69), 7 (33), 34 (32), 16 (24), 44 (43), 10 (30), 40 (60), 9 (77), 4 (74), 8 (68), 12 (54), 13 (50), 29 (70), 27 (77), 18 (82), 17 (97), 39 (90)]";11206;"Maquina 2: [28 (16), 2 (7), 11 (1), 31 (17), 42 (8), 35 (12), 36 (26), 33 (25), 21 (25), 14 (23), 20 (29), 24 (31), 41 (39), 5 (48), 19 (62), 0 (69), 32 (58), 49 (30), 43 (75), 38 (53), 25 (72), 46 (69), 15 (77), 23 (84), 26 (97), 22 (79)]";12349
Multiarranque;50;2;23329;335.0;100;"Maquina 1: [11 (1), 31 (17), 28 (16), 42 (8), 35 (12), 6 (2), 3 (14), 36 (26), 14 (23), 20 (29), 34 (32), 13 (50), 12 (54), 7 (33), 10 (30), 0 (69), 38 (53), 29 (70), 40 (60), 9 (77), 4 (74), 17 (97), 15 (77), 27 (77), 39 (90)]";11122;"Maquina 2: [2 (7), 1 (17), 30 (9), 47 (8), 45 (6), 24 (31), 48 (9), 33 (25), 41 (39), 5 (48), 21 (25), 49 (30), 16 (24), 44 (43), 37 (69), 32 (58), 19 (62), 18 (82), 25 (72), 46 (69), 8 (68), 26 (97), 43 (75), 22 (79), 23 (84)]";12207
GREEDY;50;2;32835;0.0;1;"Maquina 1: [10 (7), 38 (15), 43 (17), 47 (2), 29 (24), 39 (21), 16 (41), 32 (57), 15 (30), 48 (60), 3 (92), 23 (51), 27 (81), 13 (59), 5 (44), 4 (68), 42 (62), 28 (75), 37 (72), 18 (87), 6 (74), 12 (84), 26 (94), 8 (89), 24 (91)]";16304;"Maquina 2: [25 (4), 45 (8), 17 (17), 7 (15), 1 (38), 20 (24), 11 (70), 0 (27), 34 (61), 36 (65), 33 (42), 41 (49), 31 (59), 9 (53), 44 (76), 22 (58), 19 (80), 2 (73), 35 (84), 49 (92), 21 (74), 14 (88), 40 (90), 30 (91), 46 (97)]";16531
GRASP;50;2;31584;207.0;100;"Maquina 1: [7 (15), 17 (17), 10 (7), 34 (61), 47 (2), 43 (17), 31 (59), 42 (62), 5 (44), 4 (68), 0 (27), 38 (15), 23 (51), 28 (75), 11 (70), 19 (80), 9 (53), 37 (72), 21 (74), 6 (74), 12 (84), 18 (87), 40 (90), 26 (94), 46 (97)]";15564;"Maquina 2: [25 (4), 45 (8), 39 (21), 29 (24), 20 (24), 15 (30), 41 (49), 36 (65), 16 (41), 22 (58), 32 (57), 27 (81), 13 (59), 1 (38), 33 (42), 48 (60), 3 (92), 2 (73), 44 (76), 35 (84), 49 (92), 30 (91), 14 (88), 24 (91), 8 (89)]";16020
LNS;50;2;32389;30.0;100;"Maquina 1: [10 (7), 38 (15), 29 (24), 47 (2), 43 (17), 39 (21), 16 (41), 32 (57), 15 (30), 48 (60), 3 (92), 23 (51), 27 (81), 13 (59), 5 (44), 8 (89), 42 (62), 28 (75), 37 (72), 18 (87), 6 (74), 12 (84), 26 (94), 4 (68), 24 (91)]";16084;"Maquina 2: [25 (4), 45 (8), 7 (15), 17 (17), 1 (38), 20 (24), 11 (70), 0 (27), 34 (61), 36 (65), 33 (42), 41 (49), 31 (59), 9 (53), 44 (76), 22 (58), 19 (80), 2 (73), 35 (84), 49 (92), 21 (74), 14 (88), 40 (90), 30 (91), 46 (97)]";16305
TABÚ;50;2;31478;56.0;100;"Maquina 1: [45 (8), 47 (2), 43 (17), 9 (53), 16 (41), 0 (27), 38 (15), 21 (74), 15 (30), 41 (49), 36 (65), 32 (57), 23 (51), 28 (75), 11 (70), 34 (61), 44 (76), 31 (59), 3 (92), 18 (87), 6 (74), 19 (80), 24 (91), 40 (90), 26 (94)]";15769;"Maquina 2: [7 (15), 17 (17), 10 (7), 29 (24), 25 (4), 33 (42), 20 (24), 48 (60), 1 (38), 37 (72), 22 (58), 12 (84), 39 (21), 13 (59), 5 (44), 4 (68), 14 (88), 2 (73), 27 (81), 42 (62), 30 (91), 46 (97), 35 (84), 49 (92), 8 (89)]";15709
VNS;50;2;31945;3127.0;100;"Maquina 1: [7 (15), 10 (7), 38 (15), 43 (17), 47 (2), 29 (24), 20 (24), 16 (41), 32 (57), 15 (30), 48 (60), 3 (92), 23 (51), 27 (81), 13 (59), 5 (44), 8 (89), 42 (62), 28 (75), 37 (72), 18 (87), 19 (80), 12 (84), 26 (94), 4 (68), 24 (91)]";16092;"Maquina 2: [25 (4), 45 (8), 17 (17), 1 (38), 39 (21), 11 (70), 0 (27), 34 (61), 36 (65), 33 (42), 41 (49), 31 (59), 9 (53), 44 (76), 22 (58), 6 (74), 2 (73), 35 (84), 49 (92), 21 (74), 14 (88), 40 (90), 30 (91), 46 (97)]";15853
Multiarranque;50;2;31633;325.0;100;"Maquina 1: [5 (44), 45 (8), 47 (2), 43 (17), 17 (17), 16 (41), 10 (7), 15 (30), 9 (53), 41 (49), 31 (59), 11 (70), 33 (42), 35 (84), 34 (61), 44 (76), 22 (58), 32 (57), 2 (73), 27 (81), 6 (74), 30 (91), 46 (97), 24 (91), 8 (89)]";15081;"Maquina 2: [39 (21), 29 (24), 25 (4), 23 (51), 0 (27), 7 (15), 21 (74), 38 (15), 1 (38), 20 (24), 48 (60), 42 (62), 13 (59), 36 (65), 28 (75), 14 (88), 4 (68), 40 (90), 37 (72), 12 (84), 18 (87), 3 (92), 19 (80), 49 (92), 26 (94)]";16552
GREEDY;50;2;32517;0.0;1;"Maquina 1: [2 (29), 17 (1), 13 (5), 5 (3), 12 (35), 25 (70), 18 (12), 48 (41), 40 (18), 30 (48), 47 (43), 33 (88), 32 (53), 3 (39), 15 (72), 0 (86), 22 (79), 8 (56), 31 (90), 38 (91), 4 (61), 23 (76), 44 (96), 20 (80)]";15714;"Maquina 2: [29 (12), 42 (3), 39 (3), 16 (12), 21 (2), 34 (41), 45 (62), 10 (25), 26 (24), 11 (36), 19 (73), 46 (34), 49 (58), 6 (56), 7 (42), 36 (46), 28 (50), 41 (76), 9 (87), 24 (71), 35 (89), 14 (95), 43 (80), 1 (97), 37 (91), 27 (79)]";16803
GRASP;50;2;31560;205.0;100;"Maquina 1: [13 (5), 16 (12), 21 (2), 6 (56), 40 (18), 18 (12), 36 (46), 5 (3), 3 (39), 2 (29), 8 (56), 48 (41), 7 (42), 24 (71), 15 (72), 32 (53), 43 (80), 19 (73), 9 (87), 41 (76), 22 (79), 23 (76), 25 (70), 1 (97), 38 (91)]";16550;"Maquina 2: [17 (1), 39 (3), 42 (3), 46 (34), 10 (25), 26 (24), 29 (12), 34 (41), 47 (43), 31 (90), 30 (48), 28 (50), 20 (80), 37 (91), 33 (88), 11 (36), 12 (35), 49 (58), 27 (79), 4 (61), 0 (86), 35 (89), 45 (62), 14 (95), 44 (96)]";15010
LNS;50;2;32400;36.0;100;"Maquina 1: [2 (29), 17 (1), 13 (5), 5 (3), 12 (35), 25 (70), 18 (12), 48 (41), 40 (18), 30 (48), 47 (43), 33 (88), 32 (53), 3 (39), 15 (72), 0 (86), 22 (79), 8 (56), 31 (90), 38 (91), 4 (61), 23 (76), 44 (96), 20 (80)]";15714;"Maquina 2: [11 (36), 42 (3), 39 (3), 16 (12), 21 (2), 34 (41), 45 (62), 10 (25), 26 (24), 29 (12), 19 (73), 46 (34), 49 (58), 6 (56), 7 (42), 36 (46), 28 (50), 41 (76), 9 (87), 24 (71), 35 (89), 14 (95), 43 (80), 1 (97), 37 (91), 27 (79)]";16686
TABÚ;50;2;32730;57.0;100;"Maquina 1: [29 (12), 42 (3), 12 (35), 16 (12), 2 (29), 46 (34), 30 (48), 5 (3), 34 (41), 40 (18), 32 (53), 26 (24), 24 (71), 36 (46), 6 (56), 35 (89), 49 (58), 15 (72), 0 (86), 22 (79), 23 (76), 43 (80), 33 (88), 1 (97), 44 (96)]";16062;"Maquina 2: [17 (1), 39 (3), 21 (2), 7 (42), 48 (41), 13 (5), 11 (36), 41 (76), 8 (56), 3 (39), 18 (12), 4 (61), 10 (25), 28 (50), 47 (43), 19 (73), 31 (90), 38 (91), 37 (91), 27 (79), 20 (80), 25 (70), 45 (62), 9 (87), 14 (95)]";16668
VNS;50;2;32400;3230.0;100;"Maquina 1: [2 (29), 17 (1), 13 (5), 5 (3), 12 (35), 25 (70), 18 (12), 48 (41), 40 (18), 30 (48), 47 (43), 33 (88), 32 (53), 3 (39), 15 (72), 0 (86), 22 (79), 8 (56), 31 (90), 38 (91), 4 (61), 23 (76), 44 (96), 20 (80)]";15714;"Maquina 2: [11 (36), 42 (3), 39 (3), 16 (12), 21 (2), 34 (41), 45 (62), 10 (25), 26 (24), 29 (12), 19 (73), 46 (34), 49 (58), 6 (56), 7 (42), 36 (46), 28 (50), 41 (76), 9 (87), 24 (71), 35 (89), 14 (95), 43 (80), 1 (97), 37 (91), 27 (79)]";16686
Multiarranque;50;2;31020;326.0;100;"Maquina 1: [40 (18), 8 (56), 39 (3), 16 (12), 21 (2), 48 (41), 34 (41), 5 (3), 3 (39), 11 (36), 41 (76), 17 (1), 36 (46), 28 (50), 20 (80), 49 (58), 2 (29), 30 (48), 25 (70), 22 (79), 43 (80), 0 (86), 38 (91), 37 (91), 33 (88), 15 (72)]";15808;"Maquina 2: [29 (12), 42 (3), 46 (34), 10 (25), 18 (12), 4 (61), 13 (5), 32 (53), 26 (24), 24 (71), 12 (35), 7 (42), 45 (62), 14 (95), 9 (87), 6 (56), 23 (76), 47 (43), 35 (89), 27 (79), 1 (97), 19 (73), 44 (96), 31 (90)]";15212
GREEDY;50;2;35014;0.0;1;"Maquina 1: [3 (6), 44 (10), 49 (16), 23 (46), 12 (28), 32 (57), 45 (39), 19 (29), 11 (25), 24 (47), 29 (17), 6 (59), 38 (61), 40 (21), 14 (54), 28 (36), 18 (64), 31 (70), 5 (82), 21 (94), 20 (73), 35 (83), 4 (80), 27 (87), 0 (92)]";17088;"Maquina 2: [37 (8), 1 (14), 17 (67), 41 (57), 48 (17), 36 (47), 34 (24), 22 (29), 26 (25), 43 (46), 8 (17), 33 (59), 10 (29), 39 (91), 15 (39), 46 (42), 47 (94), 2 (83), 25 (57), 9 (62), 30 (93), 16 (85), 13 (75), 7 (81), 42 (71)]";17926
GRASP;50;2;33786;210.0;100;"Maquina 1: [8 (17), 3 (6), 1 (14), 17 (67), 10 (29), 19 (29), 29 (17), 15 (39), 49 (16), 16 (85), 28 (36), 4 (80), 14 (54), 32 (57), 45 (39), 6 (59), 7 (81), 46 (42), 41 (57), 18 (64), 0 (92), 42 (71), 35 (83), 47 (94), 30 (93)]";16824;"Maquina 2: [37 (8), 44 (10), 12 (28), 36 (47), 11 (25), 31 (70), 40 (21), 48 (17), 34 (24), 22 (29), 26 (25), 43 (46), 23 (46), 38 (61), 33 (59), 24 (47), 5 (82), 25 (57), 9 (62), 27 (87), 2 (83), 13 (75), 39 (91), 21 (94), 20 (73)]";16962
LNS;50;2;34688;31.0;100;"Maquina 1: [45 (39), 44 (10), 49 (16), 23 (46), 12 (28), 32 (57), 3 (6), 19 (29), 11 (25), 24 (47), 29 (17), 6 (59), 38 (61), 40 (21), 14 (54), 28 (36), 18 (64), 31 (70), 27 (87), 21 (94), 20 (73), 35 (83), 4 (80), 5 (82), 0 (92)]";16823;"Maquina 2: [37 (8), 1 (14), 17 (67), 41 (57), 48 (17), 36 (47), 34 (24), 22 (29), 26 (25), 43 (46), 8 (17), 33 (59), 10 (29), 39 (91), 15 (39), 46 (42), 47 (94), 13 (75), 25 (57), 9 (62), 30 (93), 16 (85), 2 (83), 7 (81), 42 (71)]";17865
TABÚ;50;2;33384;56.0;100;"Maquina 1: [37 (8), 40 (21), 1 (14), 49 (16), 12 (28), 0 (92), 45 (39), 19 (29), 29 (17), 15 (39), 46 (42), 41 (57), 43 (46), 9 (62), 28 (36), 18 (64), 38 (61), 13 (75), 2 (83), 5 (82), 25 (57), 30 (93), 35 (83), 31 (70), 7 (81)]";16940;"Maquina 2: [34 (24), 32 (57), 3 (6), 44 (10), 8 (17), 4 (80), 22 (29), 26 (25), 11 (25), 33 (59), 24 (47), 6 (59), 48 (17), 36 (47), 10 (29), 14 (54), 20 (73), 27 (87), 23 (46), 17 (67), 16 (85), 42 (71), 47 (94), 39 (91), 21 (94)]";16444
VNS;50;2;34361;3320.0;100;"Maquina 1: [45 (39), 44 (10), 49 (16), 23 (46), 12 (28), 32 (57), 3 (6), 19 (29), 11 (25), 24 (47), 6 (59), 38 (61), 40 (21), 14 (54), 28 (36), 18 (64), 31 (70), 16 (85), 20 (73), 4 (80), 35 (83), 21 (94), 0 (92), 47 (94)]";15898;"Maquina 2: [37 (8), 1 (14), 17 (67), 41 (57), 48 (17), 36 (47), 34 (24), 22 (29), 26 (25), 43 (46), 29 (17), 8 (17), 33 (59), 10 (29), 39 (91), 15 (39), 46 (42), 27 (87), 2 (83), 25 (57), 9 (62), 30 (93), 5 (82), 13 (75), 7 (81), 42 (71)]";18463
Multiarranque;50;2;31792;331.0;100;"Maquina 1: [37 (8), 1 (14), 44 (10), 49 (16), 23 (46), 17 (67), 28 (36), 14 (54), 22 (29), 26 (25), 15 (39), 32 (57), 3 (6), 35 (83), 6 (59), 24 (47), 36 (47), 39 (91), 9 (62), 27 (87), 47 (94), 0 (92), 21 (94), 30 (93), 4 (80)]";16079;"Maquina 2: [40 (21), 48 (17), 34 (24), 12 (28), 29 (17), 33 (59), 8 (17), 19 (29), 11 (25), 10 (29), 45 (39), 46 (42), 41 (57), 43 (46), 18 (64), 38 (61), 25 (57), 31 (70), 16 (85), 20 (73), 13 (75), 7 (81), 42 (71), 5 (82), 2 (83)]";15713
