GREEDY;40;6;8797;0.0;1;"Maquina 1: [1 (2), 30 (71), 13 (57), 19 (52), 4 (23), 7 (99), 24 (83)]";1620;"Maquina 2: [25 (2), 28 (25), 34 (34), 15 (53), 17 (83), 16 (68), 11 (91)]";1503;"Maquina 3: [5 (11), 3 (29), 32 (57), 18 (68), 8 (44), 20 (92), 6 (81)]";1470;"Maquina 4: [38 (50), 27 (15), 0 (61), 22 (29), 31 (78), 33 (89)]";1424;"Maquina 5: [12 (16), 39 (57), 26 (32), 10 (53), 37 (84), 14 (77)]";1268;"Maquina 6: [21 (18), 2 (50), 29 (32), 35 (53), 9 (83), 36 (68), 23 (91)]";1512
GRASP;40;6;8082;154.0;100;"Maquina 1: [21 (18), 13 (57), 0 (61), 34 (34), 22 (29), 31 (78), 37 (84), 14 (77)]";1961;"Maquina 2: [25 (2), 39 (57), 1 (2), 10 (53), 35 (53), 17 (83)]";752;"Maquina 3: [3 (29), 27 (15), 26 (32), 19 (52), 38 (50), 30 (71), 23 (91)]";1345;"Maquina 4: [28 (25), 5 (11), 2 (50), 29 (32), 6 (81), 16 (68), 7 (99)]";1349;"Maquina 5: [36 (68), 4 (23), 8 (44), 20 (92), 18 (68), 11 (91)]";1340;"Maquina 6: [12 (16), 9 (83), 32 (57), 33 (89), 15 (53), 24 (83)]";1335
LNS;40;6;8747;4.0;100;"Maquina 1: [1 (2), 30 (71), 13 (57), 19 (52), 4 (23), 7 (99), 24 (83)]";1620;"Maquina 2: [25 (2), 28 (25), 34 (34), 15 (53), 17 (83), 16 (68), 11 (91)]";1503;"Maquina 3: [5 (11), 3 (29), 32 (57), 18 (68), 8 (44), 20 (92), 6 (81)]";1470;"Maquina 4: [38 (50), 27 (15), 0 (61), 22 (29), 31 (78), 33 (89)]";1424;"Maquina 5: [26 (32), 39 (57), 12 (16), 10 (53), 37 (84), 14 (77)]";1218;"Maquina 6: [21 (18), 2 (50), 29 (32), 35 (53), 9 (83), 36 (68), 23 (91)]";1512
TABÚ;40;6;8208;49.0;100;"Maquina 1: [25 (2), 26 (32), 22 (29), 3 (29), 31 (78), 37 (84), 11 (91)]";1161;"Maquina 2: [29 (32), 27 (15), 14 (77), 24 (83), 19 (52), 39 (57), 23 (91)]";1597;"Maquina 3: [12 (16), 1 (2), 13 (57), 2 (50), 16 (68), 7 (99), 35 (53)]";1335;"Maquina 4: [21 (18), 18 (68), 8 (44), 0 (61), 15 (53), 6 (81)]";1239;"Maquina 5: [5 (11), 10 (53), 36 (68), 4 (23), 32 (57), 33 (89), 17 (83)]";1667;"Maquina 6: [34 (34), 30 (71), 28 (25), 38 (50), 9 (83), 20 (92)]";1209
VNS;40;6;8223;3272.0;100;"Maquina 1: [30 (71), 13 (57), 19 (52), 16 (68), 7 (99), 23 (91)]";1577;"Maquina 2: [1 (2), 25 (2), 28 (25), 0 (61), 15 (53), 31 (78), 39 (57), 11 (91)]";1553;"Maquina 3: [5 (11), 3 (29), 32 (57), 18 (68), 8 (44), 20 (92), 6 (81)]";1470;"Maquina 4: [27 (15), 34 (34), 29 (32), 22 (29), 37 (84), 33 (89)]";918;"Maquina 5: [12 (16), 4 (23), 26 (32), 10 (53), 38 (50), 17 (83), 14 (77)]";1470;"Maquina 6: [21 (18), 2 (50), 35 (53), 9 (83), 36 (68), 24 (83)]";1235
Multiarranque;40;6;8382;178.0;100;"Maquina 1: [25 (2), 12 (16), 9 (83), 22 (29), 4 (23), 10 (53), 8 (44), 24 (83)]";1666;"Maquina 2: [26 (32), 18 (68), 29 (32), 35 (53), 17 (83), 11 (91)]";1231;"Maquina 3: [21 (18), 13 (57), 0 (61), 15 (53), 19 (52), 39 (57), 20 (92)]";1516;"Maquina 4: [1 (2), 3 (29), 2 (50), 31 (78), 7 (99), 33 (89)]";1289;"Maquina 5: [27 (15), 34 (34), 30 (71), 23 (91), 14 (77), 36 (68)]";1170;"Maquina 6: [5 (11), 28 (25), 38 (50), 6 (81), 16 (68), 32 (57), 37 (84)]";1510
GREEDY;40;6;9347;1.0;1;"Maquina 1: [3 (20), 9 (1), 29 (53), 37 (34), 15 (63), 1 (98), 35 (79)]";1757;"Maquina 2: [23 (2), 38 (59), 10 (38), 19 (23), 12 (63), 13 (98), 39 (79)]";1797;"Maquina 3: [28 (2), 20 (28), 4 (34), 7 (60), 34 (42), 32 (88), 16 (73)]";1486;"Maquina 4: [25 (28), 11 (33), 31 (4), 0 (61), 33 (74), 5 (91), 26 (46)]";1641;"Maquina 5: [2 (7), 21 (34), 17 (30), 8 (68), 14 (81), 22 (59)]";1325;"Maquina 6: [27 (32), 24 (11), 36 (59), 6 (71), 18 (37), 30 (85)]";1341
GRASP;40;6;7517;163.0;100;"Maquina 1: [28 (2), 10 (38), 25 (28), 11 (33), 0 (61), 15 (63), 33 (74), 6 (71)]";1484;"Maquina 2: [2 (7), 13 (98), 12 (63), 18 (37), 39 (79), 1 (98)]";1344;"Maquina 3: [9 (1), 26 (46), 20 (28), 22 (59), 27 (32), 35 (79)]";943;"Maquina 4: [23 (2), 29 (53), 37 (34), 19 (23), 16 (73), 8 (68), 30 (85)]";1343;"Maquina 5: [31 (4), 4 (34), 38 (59), 24 (11), 36 (59), 21 (34), 32 (88)]";1159;"Maquina 6: [34 (42), 17 (30), 3 (20), 7 (60), 14 (81), 5 (91)]";1244
LNS;40;6;9283;4.0;100;"Maquina 1: [3 (20), 9 (1), 29 (53), 37 (34), 15 (63), 1 (98), 35 (79)]";1757;"Maquina 2: [23 (2), 38 (59), 10 (38), 19 (23), 12 (63), 13 (98), 39 (79)]";1797;"Maquina 3: [28 (2), 20 (28), 4 (34), 32 (88), 34 (42), 7 (60), 16 (73)]";1422;"Maquina 4: [25 (28), 11 (33), 31 (4), 0 (61), 33 (74), 5 (91), 26 (46)]";1641;"Maquina 5: [2 (7), 21 (34), 17 (30), 8 (68), 14 (81), 22 (59)]";1325;"Maquina 6: [27 (32), 24 (11), 36 (59), 6 (71), 18 (37), 30 (85)]";1341
TABÚ;40;6;6957;47.0;100;"Maquina 1: [20 (28), 4 (34), 24 (11), 16 (73), 1 (98), 35 (79), 30 (85)]";1458;"Maquina 2: [28 (2), 9 (1), 2 (7), 10 (38), 6 (71), 8 (68), 33 (74)]";781;"Maquina 3: [37 (34), 19 (23), 34 (42), 17 (30), 26 (46), 12 (63), 5 (91)]";1395;"Maquina 4: [31 (4), 27 (32), 29 (53), 11 (33), 0 (61), 15 (63), 32 (88)]";1328;"Maquina 5: [23 (2), 3 (20), 7 (60), 18 (37), 39 (79), 36 (59)]";792;"Maquina 6: [25 (28), 21 (34), 14 (81), 22 (59), 38 (59), 13 (98)]";1203
VNS;40;6;7946;1907.0;100;"Maquina 1: [3 (20), 9 (1), 29 (53), 37 (34), 15 (63), 1 (98)]";1207;"Maquina 2: [20 (28), 23 (2), 38 (59), 34 (42), 17 (30), 13 (98), 12 (63)]";1249;"Maquina 3: [28 (2), 18 (37), 10 (38), 7 (60), 4 (34), 32 (88), 5 (91)]";1303;"Maquina 4: [25 (28), 11 (33), 31 (4), 0 (61), 33 (74), 39 (79)]";1100;"Maquina 5: [2 (7), 26 (46), 19 (23), 21 (34), 6 (71), 8 (68), 14 (81), 22 (59)]";1789;"Maquina 6: [27 (32), 24 (11), 16 (73), 36 (59), 35 (79), 30 (85)]";1298
Multiarranque;40;6;7799;173.0;100;"Maquina 1: [2 (7), 27 (32), 19 (23), 28 (2), 32 (88), 8 (68), 30 (85)]";1184;"Maquina 2: [11 (33), 7 (60), 18 (37), 9 (1), 34 (42), 15 (63), 33 (74)]";1494;"Maquina 3: [37 (34), 17 (30), 26 (46), 4 (34), 13 (98), 35 (79)]";1047;"Maquina 4: [21 (34), 22 (59), 31 (4), 12 (63), 5 (91), 1 (98)]";1258;"Maquina 5: [20 (28), 23 (2), 3 (20), 25 (28), 10 (38), 6 (71), 36 (59), 0 (61)]";1443;"Maquina 6: [38 (59), 24 (11), 16 (73), 29 (53), 14 (81), 39 (79)]";1373
GREEDY;40;6;7905;0.0;1;"Maquina 1: [2 (2), 19 (29), 39 (13), 18 (35), 17 (91), 33 (56), 37 (69)]";1375;"Maquina 2: [25 (14), 23 (3), 30 (25), 3 (63), 10 (35), 12 (94), 34 (49), 11 (80)]";1510;"Maquina 3: [14 (19), 31 (31), 24 (3), 36 (46), 7 (58), 27 (73)]";1048;"Maquina 4: [6 (27), 38 (3), 35 (20), 21 (40), 20 (84), 0 (58)]";1057;"Maquina 5: [28 (5), 16 (55), 1 (67), 26 (86), 32 (22), 9 (31)]";1355;"Maquina 6: [4 (6), 22 (38), 8 (63), 15 (25), 13 (48), 29 (75), 5 (97)]";1560
GRASP;40;6;5964;170.0;100;"Maquina 1: [24 (3), 33 (56), 35 (20), 36 (46), 34 (49), 7 (58), 26 (86)]";1287;"Maquina 2: [2 (2), 19 (29), 25 (14), 4 (6), 31 (31), 13 (48), 5 (97)]";719;"Maquina 3: [38 (3), 6 (27), 14 (19), 27 (73), 8 (63), 29 (75), 11 (80)]";1176;"Maquina 4: [23 (3), 28 (5), 30 (25), 15 (25), 21 (40), 16 (55), 12 (94)]";811;"Maquina 5: [18 (35), 22 (38), 32 (22), 3 (63), 10 (35), 17 (91)]";959;"Maquina 6: [39 (13), 9 (31), 37 (69), 1 (67), 0 (58), 20 (84)]";1012
LNS;40;6;7631;5.0;100;"Maquina 1: [39 (13), 19 (29), 2 (2), 18 (35), 17 (91), 33 (56), 37 (69)]";1287;"Maquina 2: [25 (14), 23 (3), 30 (25), 3 (63), 10 (35), 12 (94), 34 (49), 11 (80)]";1510;"Maquina 3: [24 (3), 36 (46), 14 (19), 31 (31), 7 (58), 27 (73)]";862;"Maquina 4: [6 (27), 38 (3), 35 (20), 21 (40), 20 (84), 0 (58)]";1057;"Maquina 5: [28 (5), 16 (55), 1 (67), 26 (86), 32 (22), 9 (31)]";1355;"Maquina 6: [4 (6), 22 (38), 8 (63), 15 (25), 13 (48), 29 (75), 5 (97)]";1560
TABÚ;40;6;6099;52.0;100;"Maquina 1: [39 (13), 25 (14), 23 (3), 34 (49), 7 (58), 8 (63)]";628;"Maquina 2: [2 (2), 16 (55), 30 (25), 37 (69), 1 (67), 27 (73)]";1035;"Maquina 3: [35 (20), 28 (5), 36 (46), 15 (25), 21 (40), 17 (91), 33 (56)]";975;"Maquina 4: [24 (3), 32 (22), 20 (84), 0 (58), 5 (97), 11 (80), 26 (86)]";1458;"Maquina 5: [4 (6), 31 (31), 22 (38), 19 (29), 14 (19), 18 (35), 29 (75)]";911;"Maquina 6: [38 (3), 6 (27), 3 (63), 10 (35), 9 (31), 13 (48), 12 (94)]";1092
VNS;40;6;6534;1852.0;100;"Maquina 1: [39 (13), 19 (29), 35 (20), 18 (35), 17 (91), 33 (56)]";993;"Maquina 2: [25 (14), 23 (3), 30 (25), 3 (63), 10 (35), 11 (80)]";726;"Maquina 3: [14 (19), 31 (31), 28 (5), 36 (46), 34 (49), 7 (58), 26 (86)]";996;"Maquina 4: [32 (22), 6 (27), 38 (3), 2 (2), 37 (69), 20 (84), 0 (58)]";1113;"Maquina 5: [24 (3), 16 (55), 1 (67), 15 (25), 27 (73), 12 (94)]";1036;"Maquina 6: [4 (6), 21 (40), 22 (38), 8 (63), 9 (31), 13 (48), 29 (75), 5 (97)]";1670
Multiarranque;40;6;6728;170.0;100;"Maquina 1: [14 (19), 39 (13), 31 (31), 22 (38), 35 (20), 36 (46), 11 (80)]";957;"Maquina 2: [4 (6), 18 (35), 9 (31), 13 (48), 16 (55), 12 (94), 34 (49)]";1291;"Maquina 3: [24 (3), 32 (22), 20 (84), 37 (69), 27 (73), 8 (63)]";1150;"Maquina 4: [28 (5), 38 (3), 6 (27), 19 (29), 25 (14), 0 (58), 17 (91)]";829;"Maquina 5: [23 (3), 10 (35), 33 (56), 3 (63), 29 (75), 5 (97)]";1221;"Maquina 6: [30 (25), 15 (25), 21 (40), 2 (2), 1 (67), 7 (58), 26 (86)]";1280
GREEDY;40;6;9632;1.0;1;"Maquina 1: [15 (47), 4 (23), 38 (5), 30 (70), 24 (55), 32 (34), 39 (90)]";1482;"Maquina 2: [37 (13), 17 (25), 11 (41), 31 (94), 10 (76), 33 (59), 34 (46)]";1629;"Maquina 3: [22 (17), 29 (25), 0 (70), 36 (43), 13 (50), 35 (86)]";1326;"Maquina 4: [26 (31), 25 (17), 3 (44), 2 (68), 16 (82), 21 (48), 14 (98)]";1879;"Maquina 5: [12 (46), 5 (33), 18 (18), 6 (55), 27 (70), 7 (93)]";1480;"Maquina 6: [9 (22), 8 (51), 28 (34), 23 (62), 1 (82), 20 (44), 19 (96)]";1836
GRASP;40;6;7660;167.0;100;"Maquina 1: [8 (51), 9 (22), 11 (41), 0 (70), 33 (59), 1 (82)]";1057;"Maquina 2: [37 (13), 27 (70), 38 (5), 13 (50), 25 (17), 20 (44), 21 (48)]";1162;"Maquina 3: [28 (34), 18 (18), 3 (44), 2 (68), 7 (93), 32 (34), 31 (94)]";1488;"Maquina 4: [17 (25), 29 (25), 24 (55), 36 (43), 6 (55), 16 (82), 39 (90)]";1377;"Maquina 5: [4 (23), 15 (47), 23 (62), 5 (33), 34 (46), 19 (96), 14 (98)]";1481;"Maquina 6: [22 (17), 26 (31), 12 (46), 30 (70), 35 (86), 10 (76)]";1095
LNS;40;6;9534;4.0;100;"Maquina 1: [15 (47), 4 (23), 38 (5), 30 (70), 24 (55), 32 (34), 39 (90)]";1482;"Maquina 2: [37 (13), 17 (25), 11 (41), 31 (94), 10 (76), 33 (59), 34 (46)]";1629;"Maquina 3: [22 (17), 29 (25), 0 (70), 36 (43), 13 (50), 35 (86)]";1326;"Maquina 4: [26 (31), 25 (17), 3 (44), 2 (68), 16 (82), 21 (48), 14 (98)]";1879;"Maquina 5: [12 (46), 18 (18), 6 (55), 5 (33), 27 (70), 7 (93)]";1382;"Maquina 6: [9 (22), 8 (51), 28 (34), 23 (62), 1 (82), 20 (44), 19 (96)]";1836
TABÚ;40;6;7454;45.0;100;"Maquina 1: [4 (23), 17 (25), 29 (25), 15 (47), 33 (59), 32 (34), 31 (94)]";1186;"Maquina 2: [22 (17), 26 (31), 21 (48), 11 (41), 0 (70), 36 (43), 39 (90)]";1329;"Maquina 3: [18 (18), 37 (13), 12 (46), 8 (51), 24 (55), 1 (82), 35 (86)]";1309;"Maquina 4: [5 (33), 25 (17), 20 (44), 3 (44), 2 (68), 34 (46), 19 (96)]";1322;"Maquina 5: [38 (5), 13 (50), 28 (34), 6 (55), 16 (82), 14 (98)]";974;"Maquina 6: [9 (22), 30 (70), 23 (62), 27 (70), 7 (93), 10 (76)]";1334
VNS;40;6;8270;2142.0;100;"Maquina 1: [15 (47), 4 (23), 38 (5), 30 (70), 5 (33), 21 (48), 32 (34), 7 (93)]";1556;"Maquina 2: [26 (31), 37 (13), 17 (25), 11 (41), 13 (50), 10 (76), 31 (94), 27 (70)]";1911;"Maquina 3: [22 (17), 3 (44), 29 (25), 0 (70), 36 (43), 14 (98)]";1204;"Maquina 4: [25 (17), 33 (59), 2 (68), 34 (46), 16 (82), 39 (90)]";1162;"Maquina 5: [12 (46), 24 (55), 18 (18), 6 (55), 1 (82), 20 (44)]";1173;"Maquina 6: [9 (22), 8 (51), 28 (34), 23 (62), 35 (86), 19 (96)]";1264
Multiarranque;40;6;8119;189.0;100;"Maquina 1: [4 (23), 11 (41), 1 (82), 3 (44), 39 (90), 35 (86)]";1391;"Maquina 2: [5 (33), 38 (5), 23 (62), 32 (34), 7 (93), 14 (98)]";1167;"Maquina 3: [22 (17), 26 (31), 28 (34), 6 (55), 17 (25), 29 (25), 0 (70), 19 (96)]";1483;"Maquina 4: [21 (48), 37 (13), 9 (22), 27 (70), 8 (51), 10 (76), 31 (94)]";1515;"Maquina 5: [15 (47), 34 (46), 12 (46), 25 (17), 33 (59), 36 (43), 2 (68)]";1534;"Maquina 6: [18 (18), 24 (55), 13 (50), 20 (44), 16 (82), 30 (70)]";1029
GREEDY;40;6;7350;0.0;1;"Maquina 1: [31 (35), 19 (2), 11 (58), 10 (25), 37 (44), 2 (80), 9 (98)]";1449;"Maquina 2: [33 (44), 18 (25), 8 (3), 36 (72), 3 (35), 22 (55), 20 (92)]";1236;"Maquina 3: [1 (4), 23 (25), 4 (30), 34 (41), 25 (48), 13 (72), 39 (90)]";1143;"Maquina 4: [15 (4), 21 (28), 28 (29), 16 (44), 5 (54), 29 (73), 12 (97)]";1406;"Maquina 5: [35 (9), 24 (41), 0 (64), 27 (28), 26 (45), 30 (84)]";1020;"Maquina 6: [7 (10), 14 (46), 6 (29), 17 (36), 32 (85), 38 (67)]";1096
GRASP;40;6;6200;167.0;100;"Maquina 1: [19 (2), 33 (44), 25 (48), 29 (73), 3 (35), 0 (64), 30 (84)]";1223;"Maquina 2: [15 (4), 23 (25), 4 (30), 17 (36), 37 (44), 13 (72), 2 (80)]";1029;"Maquina 3: [1 (4), 10 (25), 22 (55), 26 (45), 5 (54), 9 (98)]";795;"Maquina 4: [8 (3), 24 (41), 14 (46), 21 (28), 12 (97), 16 (44), 32 (85)]";1233;"Maquina 5: [35 (9), 31 (35), 7 (10), 27 (28), 6 (29), 11 (58), 39 (90)]";872;"Maquina 6: [18 (25), 34 (41), 28 (29), 20 (92), 36 (72), 38 (67)]";1048
LNS;40;6;7278;7.0;100;"Maquina 1: [31 (35), 19 (2), 11 (58), 10 (25), 37 (44), 2 (80), 9 (98)]";1449;"Maquina 2: [33 (44), 18 (25), 8 (3), 36 (72), 3 (35), 22 (55), 20 (92)]";1236;"Maquina 3: [1 (4), 4 (30), 23 (25), 34 (41), 13 (72), 25 (48), 39 (90)]";1115;"Maquina 4: [15 (4), 29 (73), 16 (44), 21 (28), 28 (29), 5 (54), 12 (97)]";1362;"Maquina 5: [35 (9), 24 (41), 0 (64), 27 (28), 26 (45), 30 (84)]";1020;"Maquina 6: [7 (10), 14 (46), 6 (29), 17 (36), 32 (85), 38 (67)]";1096
TABÚ;40;6;6212;102.0;100;"Maquina 1: [4 (30), 19 (2), 3 (35), 17 (36), 33 (44), 12 (97), 9 (98)]";1142;"Maquina 2: [1 (4), 10 (25), 22 (55), 14 (46), 2 (80), 30 (84)]";894;"Maquina 3: [8 (3), 34 (41), 23 (25), 31 (35), 29 (73), 16 (44), 38 (67)]";1068;"Maquina 4: [15 (4), 18 (25), 37 (44), 0 (64), 27 (28), 36 (72), 11 (58)]";1134;"Maquina 5: [35 (9), 6 (29), 5 (54), 24 (41), 26 (45), 20 (92), 39 (90)]";1158;"Maquina 6: [7 (10), 28 (29), 25 (48), 21 (28), 13 (72), 32 (85)]";816
VNS;40;6;6685;2382.0;100;"Maquina 1: [31 (35), 19 (2), 34 (41), 3 (35), 2 (80), 9 (98)]";966;"Maquina 2: [33 (44), 18 (25), 8 (3), 36 (72), 27 (28), 5 (54), 20 (92)]";1191;"Maquina 3: [4 (30), 23 (25), 1 (4), 10 (25), 25 (48), 13 (72), 39 (90)]";1085;"Maquina 4: [15 (4), 21 (28), 6 (29), 29 (73), 16 (44), 32 (85), 12 (97)]";1216;"Maquina 5: [35 (9), 37 (44), 0 (64), 30 (84), 24 (41), 38 (67)]";1020;"Maquina 6: [7 (10), 14 (46), 28 (29), 17 (36), 11 (58), 22 (55), 26 (45)]";1207
Multiarranque;40;6;6497;171.0;100;"Maquina 1: [35 (9), 28 (29), 23 (25), 5 (54), 24 (41), 36 (72), 2 (80)]";1113;"Maquina 2: [33 (44), 22 (55), 25 (48), 16 (44), 13 (72), 39 (90)]";1227;"Maquina 3: [31 (35), 7 (10), 15 (4), 34 (41), 20 (92), 3 (35), 12 (97)]";1027;"Maquina 4: [8 (3), 27 (28), 37 (44), 0 (64), 19 (2), 9 (98), 11 (58)]";1067;"Maquina 5: [1 (4), 6 (29), 32 (85), 26 (45), 38 (67), 29 (73)]";981;"Maquina 6: [18 (25), 14 (46), 10 (25), 17 (36), 21 (28), 4 (30), 30 (84)]";1082
GREEDY;40;6;5832;0.0;1;"Maquina 1: [35 (6), 0 (3), 5 (49), 39 (27), 14 (55), 10 (65), 32 (99)]";1162;"Maquina 2: [8 (3), 25 (10), 33 (45), 23 (29), 28 (55), 15 (81)]";848;"Maquina 3: [19 (14), 12 (3), 1 (22), 24 (29), 22 (60), 17 (90), 21 (51)]";966;"Maquina 4: [30 (15), 37 (4), 9 (29), 4 (42), 20 (55), 2 (71)]";807;"Maquina 5: [26 (18), 7 (5), 27 (16), 3 (52), 18 (61), 6 (31), 11 (90)]";918;"Maquina 6: [13 (5), 38 (16), 16 (40), 31 (69), 29 (19), 36 (54), 34 (95)]";1131
GRASP;40;6;4822;216.0;100;"Maquina 1: [25 (10), 0 (3), 19 (14), 9 (29), 14 (55), 5 (49), 31 (69), 34 (95)]";1080;"Maquina 2: [8 (3), 38 (16), 1 (22), 3 (52), 18 (61), 2 (71)]";664;"Maquina 3: [12 (3), 30 (15), 27 (16), 39 (27), 22 (60), 36 (54), 11 (90)]";844;"Maquina 4: [37 (4), 7 (5), 23 (29), 29 (19), 6 (31), 10 (65), 17 (90)]";725;"Maquina 5: [13 (5), 24 (29), 4 (42), 20 (55), 21 (51), 32 (99)]";800;"Maquina 6: [26 (18), 35 (6), 16 (40), 28 (55), 33 (45), 15 (81)]";709
LNS;40;6;5750;4.0;100;"Maquina 1: [35 (6), 0 (3), 5 (49), 39 (27), 14 (55), 10 (65), 32 (99)]";1162;"Maquina 2: [8 (3), 28 (55), 33 (45), 25 (10), 23 (29), 15 (81)]";773;"Maquina 3: [19 (14), 12 (3), 1 (22), 24 (29), 22 (60), 17 (90), 21 (51)]";966;"Maquina 4: [30 (15), 37 (4), 20 (55), 9 (29), 4 (42), 2 (71)]";800;"Maquina 5: [26 (18), 7 (5), 27 (16), 3 (52), 18 (61), 6 (31), 11 (90)]";918;"Maquina 6: [13 (5), 38 (16), 16 (40), 31 (69), 29 (19), 36 (54), 34 (95)]";1131
TABÚ;40;6;4979;46.0;100;"Maquina 1: [8 (3), 19 (14), 1 (22), 16 (40), 10 (65), 18 (61), 21 (51)]";977;"Maquina 2: [25 (10), 30 (15), 0 (3), 38 (16), 4 (42), 2 (71), 34 (95)]";789;"Maquina 3: [35 (6), 6 (31), 27 (16), 28 (55), 36 (54), 11 (90)]";700;"Maquina 4: [37 (4), 7 (5), 24 (29), 20 (55), 15 (81), 32 (99)]";675;"Maquina 5: [26 (18), 39 (27), 9 (29), 29 (19), 33 (45), 31 (69), 17 (90)]";1009;"Maquina 6: [13 (5), 12 (3), 23 (29), 14 (55), 5 (49), 22 (60), 3 (52)]";829
VNS;40;6;5219;1928.0;100;"Maquina 1: [30 (15), 0 (3), 5 (49), 39 (27), 9 (29), 36 (54), 10 (65)]";892;"Maquina 2: [8 (3), 35 (6), 25 (10), 14 (55), 23 (29), 28 (55), 15 (81)]";795;"Maquina 3: [12 (3), 1 (22), 24 (29), 22 (60), 17 (90)]";502;"Maquina 4: [29 (19), 37 (4), 7 (5), 33 (45), 20 (55), 4 (42), 21 (51), 11 (90)]";1215;"Maquina 5: [26 (18), 27 (16), 3 (52), 18 (61), 2 (71)]";560;"Maquina 6: [19 (14), 13 (5), 38 (16), 16 (40), 6 (31), 31 (69), 34 (95), 32 (99)]";1255
Multiarranque;40;6;5260;171.0;100;"Maquina 1: [30 (15), 37 (4), 24 (29), 21 (51), 10 (65), 11 (90)]";828;"Maquina 2: [13 (5), 38 (16), 1 (22), 3 (52), 18 (61), 4 (42), 2 (71)]";918;"Maquina 3: [35 (6), 12 (3), 29 (19), 33 (45), 16 (40), 32 (99), 31 (69)]";970;"Maquina 4: [8 (3), 25 (10), 6 (31), 28 (55), 5 (49), 15 (81)]";807;"Maquina 5: [26 (18), 39 (27), 19 (14), 36 (54), 9 (29), 17 (90), 22 (60)]";970;"Maquina 6: [7 (5), 27 (16), 0 (3), 23 (29), 14 (55), 20 (55), 34 (95)]";767
GREEDY;40;6;6095;1.0;1;"Maquina 1: [4 (23), 23 (7), 9 (2), 28 (46), 14 (67), 37 (77), 22 (98)]";1204;"Maquina 2: [8 (8), 30 (2), 20 (20), 15 (56), 27 (74), 26 (33), 29 (89)]";951;"Maquina 3: [18 (29), 3 (4), 19 (9), 11 (48), 16 (67), 36 (82)]";820;"Maquina 4: [33 (20), 7 (4), 31 (10), 6 (43), 1 (66), 32 (80), 39 (96)]";1161;"Maquina 5: [12 (5), 10 (13), 2 (27), 0 (34), 25 (56), 24 (90), 21 (76)]";1068;"Maquina 6: [38 (18), 17 (6), 34 (67), 35 (31), 13 (52), 5 (85)]";891
GRASP;40;6;5338;160.0;100;"Maquina 1: [19 (9), 9 (2), 6 (43), 16 (67), 25 (56), 5 (85), 29 (89)]";1154;"Maquina 2: [7 (4), 3 (4), 35 (31), 20 (20), 22 (98), 37 (77), 14 (67)]";917;"Maquina 3: [8 (8), 30 (2), 23 (7), 26 (33), 21 (76), 28 (46), 27 (74)]";756;"Maquina 4: [17 (6), 31 (10), 11 (48), 38 (18), 4 (23), 39 (96), 36 (82)]";914;"Maquina 5: [12 (5), 18 (29), 34 (67), 0 (34), 13 (52), 24 (90)]";796;"Maquina 6: [10 (13), 33 (20), 15 (56), 2 (27), 1 (66), 32 (80)]";801
LNS;40;6;6095;5.0;100;"Maquina 1: [4 (23), 23 (7), 9 (2), 28 (46), 14 (67), 37 (77), 22 (98)]";1204;"Maquina 2: [8 (8), 30 (2), 20 (20), 15 (56), 27 (74), 26 (33), 29 (89)]";951;"Maquina 3: [18 (29), 3 (4), 19 (9), 11 (48), 16 (67), 36 (82)]";820;"Maquina 4: [33 (20), 7 (4), 31 (10), 6 (43), 1 (66), 32 (80), 39 (96)]";1161;"Maquina 5: [12 (5), 10 (13), 2 (27), 0 (34), 25 (56), 24 (90), 21 (76)]";1068;"Maquina 6: [38 (18), 17 (6), 34 (67), 35 (31), 13 (52), 5 (85)]";891
TABÚ;40;6;5469;50.0;100;"Maquina 1: [10 (13), 3 (4), 2 (27), 21 (76), 6 (43), 16 (67), 5 (85)]";1069;"Maquina 2: [9 (2), 8 (8), 25 (56), 28 (46), 4 (23), 36 (82), 24 (90)]";1037;"Maquina 3: [26 (33), 12 (5), 20 (20), 18 (29), 34 (67), 37 (77)]";744;"Maquina 4: [38 (18), 17 (6), 14 (67), 1 (66), 32 (80), 29 (89)]";944;"Maquina 5: [30 (2), 33 (20), 7 (4), 31 (10), 11 (48), 15 (56), 27 (74)]";654;"Maquina 6: [19 (9), 35 (31), 23 (7), 13 (52), 0 (34), 39 (96), 22 (98)]";1021
VNS;40;6;5535;2586.0;100;"Maquina 1: [4 (23), 23 (7), 9 (2), 36 (82), 14 (67), 22 (98)]";802;"Maquina 2: [8 (8), 30 (2), 20 (20), 33 (20), 15 (56), 27 (74), 37 (77), 39 (96)]";1214;"Maquina 3: [18 (29), 3 (4), 19 (9), 35 (31), 6 (43), 16 (67), 28 (46)]";928;"Maquina 4: [7 (4), 31 (10), 11 (48), 1 (66), 32 (80), 29 (89)]";842;"Maquina 5: [12 (5), 10 (13), 2 (27), 0 (34), 13 (52), 24 (90), 21 (76)]";994;"Maquina 6: [38 (18), 17 (6), 34 (67), 26 (33), 25 (56), 5 (85)]";755
Multiarranque;40;6;5701;174.0;100;"Maquina 1: [19 (9), 26 (33), 18 (29), 14 (67), 1 (66), 39 (96)]";988;"Maquina 2: [7 (4), 23 (7), 10 (13), 38 (18), 15 (56), 34 (67), 32 (80)]";947;"Maquina 3: [30 (2), 33 (20), 21 (76), 27 (74), 13 (52), 22 (98)]";960;"Maquina 4: [9 (2), 17 (6), 31 (10), 35 (31), 0 (34), 29 (89), 37 (77)]";840;"Maquina 5: [3 (4), 20 (20), 6 (43), 4 (23), 16 (67), 5 (85), 24 (90)]";1045;"Maquina 6: [12 (5), 8 (8), 25 (56), 11 (48), 2 (27), 28 (46), 36 (82)]";921
GREEDY;40;6;6965;1.0;1;"Maquina 1: [37 (15), 26 (2), 38 (34), 5 (29), 13 (44), 27 (74), 20 (92)]";1011;"Maquina 2: [4 (19), 35 (6), 18 (30), 10 (36), 3 (61), 31 (86), 0 (97)]";1260;"Maquina 3: [36 (6), 25 (19), 23 (32), 19 (43), 39 (91), 21 (63), 30 (99)]";1275;"Maquina 4: [11 (7), 32 (21), 34 (32), 8 (51), 14 (79), 7 (94)]";1047;"Maquina 5: [9 (12), 22 (33), 16 (23), 15 (43), 33 (98), 29 (66), 24 (89)]";1296;"Maquina 6: [17 (13), 1 (58), 2 (34), 28 (25), 12 (83), 6 (94)]";1076
GRASP;40;6;6158;155.0;100;"Maquina 1: [32 (21), 5 (29), 18 (30), 19 (43), 39 (91), 24 (89)]";908;"Maquina 2: [37 (15), 36 (6), 16 (23), 21 (63), 15 (43), 30 (99), 12 (83)]";1063;"Maquina 3: [22 (33), 28 (25), 11 (7), 2 (34), 29 (66), 6 (94), 0 (97)]";1198;"Maquina 4: [35 (6), 17 (13), 8 (51), 3 (61), 27 (74), 33 (98)]";823;"Maquina 5: [4 (19), 26 (2), 10 (36), 23 (32), 1 (58), 31 (86), 20 (92)]";1061;"Maquina 6: [9 (12), 13 (44), 25 (19), 34 (32), 14 (79), 38 (34), 7 (94)]";1105
LNS;40;6;6965;5.0;100;"Maquina 1: [37 (15), 26 (2), 38 (34), 5 (29), 13 (44), 27 (74), 20 (92)]";1011;"Maquina 2: [4 (19), 35 (6), 18 (30), 10 (36), 3 (61), 31 (86), 0 (97)]";1260;"Maquina 3: [36 (6), 25 (19), 23 (32), 19 (43), 39 (91), 21 (63), 30 (99)]";1275;"Maquina 4: [11 (7), 32 (21), 34 (32), 8 (51), 14 (79), 7 (94)]";1047;"Maquina 5: [9 (12), 22 (33), 16 (23), 15 (43), 33 (98), 29 (66), 24 (89)]";1296;"Maquina 6: [17 (13), 1 (58), 2 (34), 28 (25), 12 (83), 6 (94)]";1076
TABÚ;40;6;6356;46.0;100;"Maquina 1: [4 (19), 35 (6), 3 (61), 34 (32), 23 (32), 21 (63), 30 (99)]";1027;"Maquina 2: [36 (6), 32 (21), 13 (44), 27 (74), 28 (25), 24 (89), 12 (83)]";1218;"Maquina 3: [26 (2), 10 (36), 25 (19), 15 (43), 11 (7), 20 (92), 7 (94)]";944;"Maquina 4: [9 (12), 22 (33), 16 (23), 5 (29), 14 (79), 39 (91)]";794;"Maquina 5: [37 (15), 1 (58), 18 (30), 19 (43), 29 (66), 6 (94), 33 (98)]";1362;"Maquina 6: [38 (34), 17 (13), 8 (51), 2 (34), 31 (86), 0 (97)]";1011
VNS;40;6;6169;2031.0;100;"Maquina 1: [37 (15), 26 (2), 38 (34), 5 (29), 1 (58), 6 (94), 33 (98)]";990;"Maquina 2: [4 (19), 35 (6), 2 (34), 18 (30), 21 (63), 13 (44), 27 (74), 0 (97)]";1357;"Maquina 3: [36 (6), 34 (32), 25 (19), 23 (32), 19 (43), 14 (79), 30 (99)]";973;"Maquina 4: [11 (7), 29 (66), 32 (21), 8 (51), 39 (91), 7 (94)]";973;"Maquina 5: [9 (12), 22 (33), 10 (36), 28 (25), 24 (89), 31 (86)]";852;"Maquina 6: [17 (13), 16 (23), 15 (43), 3 (61), 12 (83), 20 (92)]";1024
Multiarranque;40;6;6412;169.0;100;"Maquina 1: [35 (6), 2 (34), 18 (30), 15 (43), 27 (74), 0 (97)]";916;"Maquina 2: [37 (15), 26 (2), 9 (12), 16 (23), 5 (29), 21 (63), 8 (51), 20 (92)]";1082;"Maquina 3: [38 (34), 4 (19), 22 (33), 17 (13), 10 (36), 14 (79), 7 (94)]";1100;"Maquina 4: [32 (21), 13 (44), 36 (6), 24 (89), 12 (83), 30 (99)]";1061;"Maquina 5: [34 (32), 23 (32), 19 (43), 3 (61), 6 (94), 31 (86)]";1059;"Maquina 6: [25 (19), 28 (25), 11 (7), 29 (66), 1 (58), 33 (98), 39 (91)]";1194
GREEDY;40;6;8237;0.0;1;"Maquina 1: [31 (5), 33 (46), 11 (53), 39 (24), 32 (65), 30 (74), 28 (99)]";1622;"Maquina 2: [0 (10), 35 (25), 37 (51), 29 (38), 34 (63), 13 (71), 14 (88)]";1388;"Maquina 3: [2 (14), 10 (27), 17 (62), 19 (31), 18 (50), 21 (95), 1 (74)]";1389;"Maquina 4: [6 (28), 38 (16), 24 (69), 8 (59), 15 (49), 3 (75)]";1188;"Maquina 5: [7 (17), 4 (29), 27 (50), 22 (39), 9 (64), 25 (74), 36 (98)]";1399;"Maquina 6: [20 (20), 16 (29), 12 (50), 5 (61), 26 (77), 23 (70)]";1251
GRASP;40;6;6957;155.0;100;"Maquina 1: [31 (5), 15 (49), 39 (24), 37 (51), 3 (75), 9 (64), 23 (70)]";1212;"Maquina 2: [0 (10), 6 (28), 22 (39), 18 (50), 5 (61), 30 (74), 24 (69)]";1308;"Maquina 3: [2 (14), 10 (27), 35 (25), 26 (77), 34 (63), 11 (53), 14 (88)]";1164;"Maquina 4: [19 (31), 7 (17), 33 (46), 13 (71), 17 (62), 36 (98)]";1039;"Maquina 5: [4 (29), 38 (16), 16 (29), 1 (74), 12 (50), 21 (95), 28 (99)]";1249;"Maquina 6: [20 (20), 27 (50), 29 (38), 8 (59), 25 (74), 32 (65)]";985
LNS;40;6;8182;4.0;100;"Maquina 1: [31 (5), 33 (46), 11 (53), 39 (24), 32 (65), 30 (74), 28 (99)]";1622;"Maquina 2: [0 (10), 35 (25), 13 (71), 29 (38), 34 (63), 37 (51), 14 (88)]";1376;"Maquina 3: [2 (14), 10 (27), 17 (62), 19 (31), 18 (50), 21 (95), 1 (74)]";1389;"Maquina 4: [6 (28), 38 (16), 24 (69), 15 (49), 8 (59), 3 (75)]";1147;"Maquina 5: [7 (17), 4 (29), 27 (50), 22 (39), 9 (64), 25 (74), 36 (98)]";1399;"Maquina 6: [12 (50), 16 (29), 20 (20), 5 (61), 26 (77), 23 (70)]";1249
TABÚ;40;6;7096;45.0;100;"Maquina 1: [0 (10), 27 (50), 15 (49), 39 (24), 25 (74), 32 (65), 14 (88)]";1267;"Maquina 2: [7 (17), 38 (16), 19 (31), 37 (51), 5 (61), 30 (74), 24 (69)]";1162;"Maquina 3: [35 (25), 31 (5), 20 (20), 33 (46), 3 (75), 9 (64), 36 (98)]";1107;"Maquina 4: [6 (28), 11 (53), 17 (62), 12 (50), 21 (95), 28 (99)]";1197;"Maquina 5: [10 (27), 18 (50), 34 (63), 16 (29), 13 (71), 23 (70)]";1136;"Maquina 6: [4 (29), 2 (14), 29 (38), 22 (39), 8 (59), 26 (77), 1 (74)]";1227
VNS;40;6;7292;1582.0;100;"Maquina 1: [10 (27), 12 (50), 11 (53), 3 (75), 32 (65), 25 (74)]";1129;"Maquina 2: [6 (28), 35 (25), 37 (51), 34 (63), 13 (71), 14 (88)]";1110;"Maquina 3: [2 (14), 31 (5), 17 (62), 19 (31), 18 (50), 21 (95), 8 (59)]";1184;"Maquina 4: [0 (10), 38 (16), 24 (69), 39 (24), 1 (74), 15 (49), 36 (98)]";1215;"Maquina 5: [7 (17), 4 (29), 29 (38), 22 (39), 9 (64), 23 (70), 28 (99)]";1203;"Maquina 6: [20 (20), 33 (46), 16 (29), 27 (50), 5 (61), 26 (77), 30 (74)]";1451
Multiarranque;40;6;7225;169.0;100;"Maquina 1: [39 (24), 37 (51), 18 (50), 34 (63), 30 (74), 13 (71)]";1141;"Maquina 2: [31 (5), 20 (20), 15 (49), 19 (31), 9 (64), 8 (59), 1 (74)]";1039;"Maquina 3: [2 (14), 10 (27), 14 (88), 23 (70), 17 (62), 32 (65)]";1067;"Maquina 4: [29 (38), 35 (25), 38 (16), 25 (74), 12 (50), 24 (69), 21 (95)]";1374;"Maquina 5: [7 (17), 0 (10), 6 (28), 5 (61), 26 (77), 3 (75), 28 (99)]";1250;"Maquina 6: [22 (39), 33 (46), 4 (29), 16 (29), 27 (50), 11 (53), 36 (98)]";1354
GREEDY;40;6;9026;0.0;1;"Maquina 1: [26 (15), 27 (31), 0 (3), 2 (76), 19 (82), 1 (50), 16 (91)]";1528;"Maquina 2: [10 (17), 35 (5), 32 (28), 11 (78), 12 (48), 39 (82), 30 (91)]";1634;"Maquina 3: [28 (19), 3 (6), 38 (89), 9 (60), 21 (68), 33 (80), 8 (40)]";1454;"Maquina 4: [17 (83), 4 (6), 15 (20), 24 (41), 23 (60), 13 (78)]";1332;"Maquina 5: [20 (7), 18 (21), 25 (80), 37 (87), 5 (61), 22 (46), 34 (93)]";1787;"Maquina 6: [31 (26), 6 (10), 36 (61), 14 (79), 7 (86), 29 (46)]";1291
GRASP;40;6;7651;156.0;100;"Maquina 1: [28 (19), 3 (6), 32 (28), 13 (78), 21 (68), 25 (80), 38 (89)]";1423;"Maquina 2: [26 (15), 0 (3), 9 (60), 12 (48), 22 (46), 17 (83), 33 (80)]";1256;"Maquina 3: [35 (5), 4 (6), 34 (93), 31 (26), 6 (10), 2 (76), 5 (61)]";1192;"Maquina 4: [20 (7), 15 (20), 24 (41), 16 (91), 37 (87), 11 (78)]";935;"Maquina 5: [18 (21), 23 (60), 1 (50), 8 (40), 19 (82), 39 (82)]";1207;"Maquina 6: [10 (17), 27 (31), 29 (46), 36 (61), 14 (79), 30 (91), 7 (86)]";1638
LNS;40;6;8936;5.0;100;"Maquina 1: [26 (15), 27 (31), 0 (3), 2 (76), 19 (82), 1 (50), 16 (91)]";1528;"Maquina 2: [10 (17), 35 (5), 32 (28), 11 (78), 12 (48), 39 (82), 30 (91)]";1634;"Maquina 3: [28 (19), 3 (6), 38 (89), 9 (60), 21 (68), 33 (80), 8 (40)]";1454;"Maquina 4: [17 (83), 15 (20), 24 (41), 4 (6), 23 (60), 13 (78)]";1242;"Maquina 5: [20 (7), 18 (21), 25 (80), 37 (87), 5 (61), 22 (46), 34 (93)]";1787;"Maquina 6: [31 (26), 6 (10), 36 (61), 14 (79), 7 (86), 29 (46)]";1291
TABÚ;40;6;7566;48.0;100;"Maquina 1: [3 (6), 10 (17), 9 (60), 36 (61), 22 (46), 21 (68), 14 (79)]";1226;"Maquina 2: [27 (31), 12 (48), 18 (21), 11 (78), 15 (20), 23 (60), 19 (82)]";1544;"Maquina 3: [20 (7), 13 (78), 32 (28), 17 (83), 7 (86), 30 (91)]";1291;"Maquina 4: [6 (10), 35 (5), 4 (6), 8 (40), 1 (50), 38 (89), 39 (82)]";988;"Maquina 5: [29 (46), 28 (19), 0 (3), 33 (80), 25 (80), 2 (76)]";997;"Maquina 6: [26 (15), 24 (41), 31 (26), 37 (87), 5 (61), 16 (91), 34 (93)]";1520
VNS;40;6;8061;2681.0;100;"Maquina 1: [20 (7), 26 (15), 27 (31), 0 (3), 15 (20), 2 (76), 19 (82), 17 (83), 16 (91)]";1933;"Maquina 2: [10 (17), 35 (5), 11 (78), 22 (46), 39 (82), 37 (87)]";1090;"Maquina 3: [28 (19), 3 (6), 38 (89), 9 (60), 21 (68), 33 (80), 24 (41)]";1427;"Maquina 4: [1 (50), 4 (6), 8 (40), 12 (48), 23 (60), 13 (78)]";1024;"Maquina 5: [18 (21), 25 (80), 29 (46), 5 (61), 32 (28), 30 (91)]";1241;"Maquina 6: [31 (26), 6 (10), 36 (61), 14 (79), 7 (86), 34 (93)]";1346
Multiarranque;40;6;7986;174.0;100;"Maquina 1: [31 (26), 9 (60), 29 (46), 30 (91), 8 (40), 16 (91)]";1302;"Maquina 2: [35 (5), 28 (19), 21 (68), 4 (6), 25 (80), 19 (82), 17 (83)]";1240;"Maquina 3: [10 (17), 24 (41), 18 (21), 15 (20), 14 (79), 37 (87), 34 (93)]";1521;"Maquina 4: [3 (6), 26 (15), 0 (3), 33 (80), 12 (48), 6 (10), 36 (61), 13 (78)]";1374;"Maquina 5: [20 (7), 5 (61), 32 (28), 38 (89), 23 (60), 2 (76)]";1197;"Maquina 6: [27 (31), 11 (78), 22 (46), 1 (50), 39 (82), 7 (86)]";1352
GREEDY;40;6;9622;0.0;1;"Maquina 1: [26 (3), 25 (12), 30 (49), 7 (34), 5 (71), 24 (89)]";1463;"Maquina 2: [8 (5), 37 (40), 35 (58), 9 (17), 32 (98), 36 (80), 23 (68)]";1498;"Maquina 3: [22 (5), 13 (41), 10 (23), 34 (63), 19 (76), 11 (90)]";1491;"Maquina 4: [6 (7), 27 (99), 2 (37), 1 (58), 21 (23), 0 (85), 12 (75)]";1813;"Maquina 5: [33 (54), 39 (10), 17 (42), 31 (24), 16 (71), 3 (99), 14 (84)]";1743;"Maquina 6: [20 (12), 4 (32), 28 (40), 29 (70), 18 (43), 38 (79), 15 (91)]";1614
GRASP;40;6;8139;157.0;100;"Maquina 1: [9 (17), 2 (37), 10 (23), 35 (58), 34 (63), 36 (80)]";1264;"Maquina 2: [31 (24), 7 (34), 22 (5), 5 (71), 32 (98), 18 (43)]";1207;"Maquina 3: [6 (7), 26 (3), 14 (84), 30 (49), 28 (40), 29 (70), 3 (99)]";1417;"Maquina 4: [21 (23), 39 (10), 37 (40), 12 (75), 19 (76), 38 (79), 24 (89)]";1347;"Maquina 5: [20 (12), 25 (12), 23 (68), 17 (42), 1 (58), 33 (54), 11 (90)]";1234;"Maquina 6: [8 (5), 4 (32), 13 (41), 16 (71), 0 (85), 15 (91), 27 (99)]";1670
LNS;40;6;9622;4.0;100;"Maquina 1: [26 (3), 25 (12), 30 (49), 7 (34), 5 (71), 24 (89)]";1463;"Maquina 2: [8 (5), 37 (40), 35 (58), 9 (17), 32 (98), 36 (80), 23 (68)]";1498;"Maquina 3: [22 (5), 13 (41), 10 (23), 34 (63), 19 (76), 11 (90)]";1491;"Maquina 4: [6 (7), 27 (99), 2 (37), 1 (58), 21 (23), 0 (85), 12 (75)]";1813;"Maquina 5: [33 (54), 39 (10), 17 (42), 31 (24), 16 (71), 3 (99), 14 (84)]";1743;"Maquina 6: [20 (12), 4 (32), 28 (40), 29 (70), 18 (43), 38 (79), 15 (91)]";1614
TABÚ;40;6;8166;46.0;100;"Maquina 1: [8 (5), 26 (3), 9 (17), 30 (49), 4 (32), 36 (80), 24 (89)]";1172;"Maquina 2: [6 (7), 17 (42), 1 (58), 13 (41), 10 (23), 14 (84), 19 (76)]";1235;"Maquina 3: [35 (58), 18 (43), 7 (34), 34 (63), 0 (85), 15 (91), 5 (71)]";2009;"Maquina 4: [22 (5), 37 (40), 20 (12), 28 (40), 29 (70), 32 (98)]";829;"Maquina 5: [2 (37), 31 (24), 12 (75), 23 (68), 11 (90), 3 (99)]";1488;"Maquina 6: [21 (23), 25 (12), 33 (54), 39 (10), 27 (99), 16 (71), 38 (79)]";1433
VNS;40;6;8550;2958.0;100;"Maquina 1: [8 (5), 26 (3), 25 (12), 30 (49), 29 (70), 5 (71), 36 (80)]";1069;"Maquina 2: [37 (40), 35 (58), 9 (17), 32 (98), 15 (91), 34 (63)]";1365;"Maquina 3: [22 (5), 4 (32), 13 (41), 10 (23), 1 (58), 23 (68), 19 (76), 11 (90)]";1935;"Maquina 4: [21 (23), 27 (99), 2 (37), 6 (7), 3 (99), 12 (75)]";1276;"Maquina 5: [33 (54), 39 (10), 17 (42), 28 (40), 16 (71), 0 (85), 14 (84)]";1640;"Maquina 6: [20 (12), 31 (24), 7 (34), 18 (43), 38 (79), 24 (89)]";1265
Multiarranque;40;6;8340;169.0;100;"Maquina 1: [25 (12), 35 (58), 18 (43), 19 (76), 14 (84), 27 (99)]";1340;"Maquina 2: [22 (5), 6 (7), 8 (5), 9 (17), 2 (37), 1 (58), 23 (68), 3 (99)]";1510;"Maquina 3: [7 (34), 39 (10), 34 (63), 38 (79), 16 (71), 11 (90)]";1119;"Maquina 4: [5 (71), 17 (42), 0 (85), 36 (80), 15 (91)]";1186;"Maquina 5: [26 (3), 31 (24), 10 (23), 28 (40), 21 (23), 29 (70), 32 (98), 24 (89)]";1662;"Maquina 6: [20 (12), 4 (32), 13 (41), 33 (54), 37 (40), 12 (75), 30 (49)]";1523
GREEDY;40;6;8436;0.0;1;"Maquina 1: [22 (26), 24 (3), 21 (21), 19 (37), 9 (80), 33 (69), 4 (56)]";1287;"Maquina 2: [3 (5), 0 (27), 5 (22), 36 (43), 27 (59), 20 (67), 39 (73)]";1337;"Maquina 3: [18 (22), 16 (11), 8 (50), 29 (26), 25 (63), 26 (92), 14 (71)]";1537;"Maquina 4: [10 (71), 7 (24), 32 (11), 12 (34), 28 (58), 34 (89)]";1572;"Maquina 5: [38 (31), 35 (25), 17 (19), 31 (64), 2 (72), 15 (94), 11 (44)]";1571;"Maquina 6: [13 (26), 6 (20), 30 (27), 23 (72), 37 (66), 1 (48)]";1132
GRASP;40;6;7101;166.0;100;"Maquina 1: [3 (5), 0 (27), 9 (80), 4 (56), 2 (72), 39 (73)]";1058;"Maquina 2: [38 (31), 17 (19), 18 (22), 30 (27), 5 (22), 14 (71), 23 (72)]";1023;"Maquina 3: [24 (3), 35 (25), 21 (21), 13 (26), 36 (43), 11 (44), 26 (92)]";954;"Maquina 4: [6 (20), 16 (11), 12 (34), 15 (94), 34 (89), 19 (37), 37 (66)]";1362;"Maquina 5: [28 (58), 22 (26), 1 (48), 10 (71), 7 (24), 27 (59), 25 (63)]";1659;"Maquina 6: [32 (11), 8 (50), 31 (64), 33 (69), 29 (26), 20 (67)]";1045
LNS;40;6;8436;4.0;100;"Maquina 1: [22 (26), 24 (3), 21 (21), 19 (37), 9 (80), 33 (69), 4 (56)]";1287;"Maquina 2: [3 (5), 0 (27), 5 (22), 36 (43), 27 (59), 20 (67), 39 (73)]";1337;"Maquina 3: [18 (22), 16 (11), 8 (50), 29 (26), 25 (63), 26 (92), 14 (71)]";1537;"Maquina 4: [10 (71), 7 (24), 32 (11), 12 (34), 28 (58), 34 (89)]";1572;"Maquina 5: [38 (31), 35 (25), 17 (19), 31 (64), 2 (72), 15 (94), 11 (44)]";1571;"Maquina 6: [13 (26), 6 (20), 30 (27), 23 (72), 37 (66), 1 (48)]";1132
TABÚ;40;6;7543;46.0;100;"Maquina 1: [36 (43), 4 (56), 7 (24), 0 (27), 25 (63), 34 (89), 23 (72)]";1600;"Maquina 2: [17 (19), 18 (22), 16 (11), 8 (50), 35 (25), 20 (67), 26 (92)]";1056;"Maquina 3: [6 (20), 22 (26), 24 (3), 37 (66), 1 (48), 39 (73), 10 (71)]";1263;"Maquina 4: [28 (58), 21 (21), 5 (22), 19 (37), 9 (80), 13 (26)]";1156;"Maquina 5: [38 (31), 30 (27), 29 (26), 32 (11), 31 (64), 33 (69), 14 (71)]";1348;"Maquina 6: [11 (44), 12 (34), 3 (5), 2 (72), 15 (94), 27 (59)]";1120
VNS;40;6;7645;3125.0;100;"Maquina 1: [28 (58), 19 (37), 9 (80), 4 (56), 21 (21), 14 (71)]";1242;"Maquina 2: [3 (5), 0 (27), 22 (26), 5 (22), 36 (43), 27 (59), 20 (67), 39 (73)]";1274;"Maquina 3: [18 (22), 16 (11), 8 (50), 23 (72), 25 (63), 34 (89)]";1048;"Maquina 4: [10 (71), 7 (24), 33 (69), 12 (34), 26 (92)]";1141;"Maquina 5: [38 (31), 35 (25), 17 (19), 31 (64), 2 (72), 15 (94), 11 (44)]";1571;"Maquina 6: [24 (3), 13 (26), 6 (20), 30 (27), 29 (26), 32 (11), 37 (66), 1 (48)]";1369
Multiarranque;40;6;8144;172.0;100;"Maquina 1: [1 (48), 35 (25), 32 (11), 33 (69), 11 (44), 27 (59)]";1372;"Maquina 2: [38 (31), 17 (19), 18 (22), 31 (64), 8 (50), 15 (94), 20 (67)]";1404;"Maquina 3: [4 (56), 24 (3), 28 (58), 19 (37), 39 (73), 10 (71)]";1077;"Maquina 4: [21 (21), 13 (26), 6 (20), 22 (26), 9 (80), 30 (27), 23 (72)]";1182;"Maquina 5: [3 (5), 0 (27), 16 (11), 34 (89), 25 (63), 29 (26), 2 (72)]";1365;"Maquina 6: [12 (34), 36 (43), 5 (22), 7 (24), 37 (66), 14 (71), 26 (92)]";1744
GREEDY;40;6;10141;0.0;1;"Maquina 1: [5 (88), 31 (71), 10 (4), 23 (55), 25 (95), 33 (20)]";1488;"Maquina 2: [17 (5), 11 (54), 15 (25), 14 (70), 36 (83), 24 (92)]";1586;"Maquina 3: [35 (8), 1 (30), 34 (37), 19 (72), 30 (59), 20 (83), 26 (91)]";1457;"Maquina 4: [38 (12), 28 (30), 0 (38), 6 (75), 18 (97), 16 (61), 3 (90)]";1744;"Maquina 5: [29 (17), 39 (30), 8 (44), 32 (68), 7 (77), 12 (90), 21 (97)]";1894;"Maquina 6: [22 (20), 13 (35), 2 (49), 37 (99), 9 (81), 27 (61), 4 (90)]";1972
GRASP;40;6;8900;152.0;100;"Maquina 1: [10 (4), 1 (30), 36 (83), 20 (83), 24 (92), 4 (90), 12 (90)]";1823;"Maquina 2: [17 (5), 29 (17), 2 (49), 5 (88), 14 (70), 6 (75)]";991;"Maquina 3: [39 (30), 13 (35), 16 (61), 28 (30), 31 (71), 3 (90), 21 (97)]";1526;"Maquina 4: [11 (54), 34 (37), 9 (81), 23 (55), 19 (72), 18 (97)]";1493;"Maquina 5: [0 (38), 33 (20), 37 (99), 38 (12), 8 (44), 30 (59), 26 (91)]";1515;"Maquina 6: [22 (20), 27 (61), 35 (8), 32 (68), 15 (25), 7 (77), 25 (95)]";1552
LNS;40;6;10141;4.0;100;"Maquina 1: [5 (88), 31 (71), 10 (4), 23 (55), 25 (95), 33 (20)]";1488;"Maquina 2: [17 (5), 11 (54), 15 (25), 14 (70), 36 (83), 24 (92)]";1586;"Maquina 3: [35 (8), 1 (30), 34 (37), 19 (72), 30 (59), 20 (83), 26 (91)]";1457;"Maquina 4: [38 (12), 28 (30), 0 (38), 6 (75), 18 (97), 16 (61), 3 (90)]";1744;"Maquina 5: [29 (17), 39 (30), 8 (44), 32 (68), 7 (77), 12 (90), 21 (97)]";1894;"Maquina 6: [22 (20), 13 (35), 2 (49), 37 (99), 9 (81), 27 (61), 4 (90)]";1972
TABÚ;40;6;8523;48.0;100;"Maquina 1: [29 (17), 2 (49), 22 (20), 31 (71), 5 (88), 14 (70), 36 (83)]";1443;"Maquina 2: [38 (12), 8 (44), 3 (90), 6 (75), 12 (90), 16 (61)]";1321;"Maquina 3: [11 (54), 1 (30), 28 (30), 7 (77), 32 (68), 37 (99), 21 (97)]";1777;"Maquina 4: [10 (4), 17 (5), 39 (30), 33 (20), 0 (38), 20 (83), 25 (95)]";935;"Maquina 5: [35 (8), 34 (37), 13 (35), 23 (55), 19 (72), 18 (97)]";1037;"Maquina 6: [15 (25), 30 (59), 26 (91), 9 (81), 27 (61), 24 (92), 4 (90)]";2010
VNS;40;6;8645;1947.0;100;"Maquina 1: [31 (71), 10 (4), 5 (88), 12 (90), 9 (81)]";1018;"Maquina 2: [11 (54), 23 (55), 14 (70), 36 (83), 20 (83), 26 (91)]";1715;"Maquina 3: [17 (5), 35 (8), 1 (30), 34 (37), 19 (72), 30 (59), 4 (90), 24 (92)]";1521;"Maquina 4: [33 (20), 38 (12), 28 (30), 0 (38), 6 (75), 25 (95), 3 (90)]";1325;"Maquina 5: [29 (17), 39 (30), 13 (35), 32 (68), 7 (77), 18 (97), 16 (61)]";1501;"Maquina 6: [15 (25), 22 (20), 8 (44), 2 (49), 37 (99), 21 (97), 27 (61)]";1565
Multiarranque;40;6;9174;168.0;100;"Maquina 1: [29 (17), 17 (5), 35 (8), 22 (20), 19 (72), 31 (71), 20 (83), 3 (90)]";1537;"Maquina 2: [13 (35), 10 (4), 27 (61), 18 (97), 4 (90), 7 (77)]";1589;"Maquina 3: [0 (38), 38 (12), 6 (75), 12 (90), 16 (61), 21 (97), 5 (88)]";1877;"Maquina 4: [28 (30), 1 (30), 23 (55), 14 (70), 36 (83), 37 (99)]";1350;"Maquina 5: [39 (30), 33 (20), 32 (68), 34 (37), 8 (44), 26 (91), 24 (92)]";1460;"Maquina 6: [11 (54), 2 (49), 15 (25), 30 (59), 9 (81), 25 (95)]";1361
GREEDY;40;6;8574;0.0;1;"Maquina 1: [21 (17), 19 (45), 18 (1), 26 (36), 5 (87), 4 (66), 28 (76)]";1378;"Maquina 2: [24 (17), 9 (9), 33 (31), 29 (84), 31 (39), 25 (67), 39 (93)]";1558;"Maquina 3: [10 (10), 37 (72), 32 (17), 11 (97), 8 (36), 0 (59), 36 (83)]";1496;"Maquina 4: [7 (18), 35 (38), 17 (63), 15 (13), 23 (70), 1 (86)]";1284;"Maquina 5: [38 (23), 6 (16), 34 (40), 22 (34), 14 (64), 20 (78), 13 (88)]";1522;"Maquina 6: [30 (16), 16 (37), 3 (24), 12 (56), 27 (70), 2 (86)]";1336
GRASP;40;6;7512;154.0;100;"Maquina 1: [8 (36), 21 (17), 35 (38), 17 (63), 19 (45), 11 (97), 2 (86)]";1506;"Maquina 2: [9 (9), 10 (10), 38 (23), 22 (34), 25 (67), 28 (76), 13 (88)]";1134;"Maquina 3: [6 (16), 24 (17), 34 (40), 18 (1), 16 (37), 1 (86), 37 (72)]";1072;"Maquina 4: [33 (31), 3 (24), 15 (13), 12 (56), 23 (70), 5 (87), 4 (66)]";1565;"Maquina 5: [30 (16), 32 (17), 14 (64), 20 (78), 29 (84), 36 (83)]";1130;"Maquina 6: [26 (36), 0 (59), 7 (18), 39 (93), 31 (39), 27 (70)]";1105
LNS;40;6;8574;4.0;100;"Maquina 1: [21 (17), 19 (45), 18 (1), 26 (36), 5 (87), 4 (66), 28 (76)]";1378;"Maquina 2: [24 (17), 9 (9), 33 (31), 29 (84), 31 (39), 25 (67), 39 (93)]";1558;"Maquina 3: [10 (10), 37 (72), 32 (17), 11 (97), 8 (36), 0 (59), 36 (83)]";1496;"Maquina 4: [7 (18), 35 (38), 17 (63), 15 (13), 23 (70), 1 (86)]";1284;"Maquina 5: [38 (23), 6 (16), 34 (40), 22 (34), 14 (64), 20 (78), 13 (88)]";1522;"Maquina 6: [30 (16), 16 (37), 3 (24), 12 (56), 27 (70), 2 (86)]";1336
TABÚ;40;6;7140;45.0;100;"Maquina 1: [7 (18), 8 (36), 21 (17), 19 (45), 37 (72), 4 (66), 13 (88)]";1295;"Maquina 2: [9 (9), 33 (31), 10 (10), 38 (23), 0 (59), 23 (70), 5 (87)]";1128;"Maquina 3: [30 (16), 32 (17), 3 (24), 39 (93), 31 (39), 20 (78), 28 (76)]";1318;"Maquina 4: [15 (13), 18 (1), 26 (36), 35 (38), 2 (86), 27 (70), 29 (84)]";1152;"Maquina 5: [34 (40), 24 (17), 16 (37), 36 (83), 14 (64), 1 (86)]";1182;"Maquina 6: [6 (16), 12 (56), 22 (34), 25 (67), 17 (63), 11 (97)]";1065
VNS;40;6;7878;3565.0;100;"Maquina 1: [21 (17), 35 (38), 19 (45), 18 (1), 26 (36), 5 (87), 4 (66), 2 (86)]";1551;"Maquina 2: [24 (17), 9 (9), 33 (31), 39 (93), 31 (39), 28 (76), 14 (64)]";1589;"Maquina 3: [10 (10), 37 (72), 32 (17), 11 (97), 8 (36), 36 (83)]";1077;"Maquina 4: [38 (23), 0 (59), 7 (18), 17 (63), 15 (13), 23 (70), 1 (86)]";1409;"Maquina 5: [6 (16), 30 (16), 34 (40), 22 (34), 29 (84), 20 (78), 13 (88)]";1386;"Maquina 6: [16 (37), 3 (24), 25 (67), 12 (56), 27 (70)]";866
Multiarranque;40;6;8037;170.0;100;"Maquina 1: [35 (38), 4 (66), 38 (23), 0 (59), 23 (70), 39 (93)]";1382;"Maquina 2: [7 (18), 19 (45), 10 (10), 31 (39), 27 (70), 34 (40), 14 (64)]";1303;"Maquina 3: [9 (9), 15 (13), 26 (36), 12 (56), 36 (83), 2 (86)]";1082;"Maquina 4: [18 (1), 6 (16), 24 (17), 22 (34), 25 (67), 11 (97), 20 (78), 37 (72)]";1446;"Maquina 5: [30 (16), 32 (17), 16 (37), 1 (86), 21 (17), 29 (84), 28 (76)]";1443;"Maquina 6: [8 (36), 33 (31), 3 (24), 13 (88), 5 (87), 17 (63)]";1381
GREEDY;40;6;9560;0.0;1;"Maquina 1: [29 (16), 23 (39), 7 (2), 21 (56), 2 (74), 5 (88)]";1437;"Maquina 2: [22 (8), 32 (18), 31 (49), 3 (31), 15 (69), 37 (79), 1 (94)]";1526;"Maquina 3: [30 (8), 4 (41), 20 (59), 27 (74), 33 (91), 16 (19)]";1416;"Maquina 4: [26 (45), 17 (10), 25 (25), 39 (32), 0 (79), 24 (63), 6 (91)]";1380;"Maquina 5: [12 (27), 19 (10), 38 (69), 34 (33), 9 (54), 36 (94), 8 (85)]";1834;"Maquina 6: [28 (16), 13 (29), 11 (74), 14 (87), 10 (39), 18 (55), 35 (96)]";1967
GRASP;40;6;7834;152.0;100;"Maquina 1: [12 (27), 30 (8), 34 (33), 31 (49), 37 (79), 35 (96), 0 (79)]";1418;"Maquina 2: [25 (25), 39 (32), 4 (41), 20 (59), 21 (56), 9 (54)]";1021;"Maquina 3: [13 (29), 19 (10), 2 (74), 14 (87), 18 (55), 27 (74), 5 (88)]";1635;"Maquina 4: [16 (19), 6 (91), 7 (2), 38 (69), 33 (91), 1 (94)]";1218;"Maquina 5: [3 (31), 17 (10), 29 (16), 28 (16), 23 (39), 8 (85), 24 (63), 36 (94)]";1516;"Maquina 6: [32 (18), 26 (45), 15 (69), 10 (39), 22 (8), 11 (74)]";1026
LNS;40;6;9482;5.0;100;"Maquina 1: [29 (16), 23 (39), 2 (74), 21 (56), 7 (2), 5 (88)]";1421;"Maquina 2: [22 (8), 32 (18), 31 (49), 3 (31), 15 (69), 37 (79), 1 (94)]";1526;"Maquina 3: [30 (8), 4 (41), 20 (59), 27 (74), 33 (91), 16 (19)]";1416;"Maquina 4: [26 (45), 17 (10), 25 (25), 39 (32), 0 (79), 24 (63), 6 (91)]";1380;"Maquina 5: [12 (27), 19 (10), 38 (69), 34 (33), 9 (54), 36 (94), 8 (85)]";1834;"Maquina 6: [18 (55), 13 (29), 11 (74), 14 (87), 10 (39), 28 (16), 35 (96)]";1905
TABÚ;40;6;7408;48.0;100;"Maquina 1: [19 (10), 21 (56), 30 (8), 8 (85), 38 (69), 33 (91), 17 (10)]";1353;"Maquina 2: [25 (25), 39 (32), 4 (41), 26 (45), 2 (74), 20 (59), 1 (94)]";1355;"Maquina 3: [7 (2), 13 (29), 32 (18), 0 (79), 11 (74), 3 (31), 27 (74)]";1046;"Maquina 4: [28 (16), 31 (49), 6 (91), 18 (55), 15 (69), 10 (39)]";1129;"Maquina 5: [29 (16), 12 (27), 23 (39), 34 (33), 14 (87), 24 (63), 36 (94)]";1239;"Maquina 6: [16 (19), 22 (8), 35 (96), 37 (79), 5 (88), 9 (54)]";1286
VNS;40;6;8307;2411.0;100;"Maquina 1: [13 (29), 7 (2), 21 (56), 35 (96), 15 (69)]";724;"Maquina 2: [22 (8), 32 (18), 29 (16), 31 (49), 3 (31), 5 (88), 1 (94)]";1061;"Maquina 3: [30 (8), 10 (39), 4 (41), 20 (59), 27 (74), 33 (91)]";1200;"Maquina 4: [26 (45), 17 (10), 25 (25), 39 (32), 0 (79), 24 (63), 37 (79), 6 (91)]";1891;"Maquina 5: [12 (27), 19 (10), 38 (69), 16 (19), 34 (33), 9 (54), 11 (74), 36 (94)]";2161;"Maquina 6: [28 (16), 23 (39), 8 (85), 14 (87), 18 (55), 2 (74)]";1270
Multiarranque;40;6;8097;170.0;100;"Maquina 1: [3 (31), 17 (10), 18 (55), 19 (10), 10 (39), 16 (19), 6 (91), 8 (85)]";1331;"Maquina 2: [30 (8), 21 (56), 31 (49), 37 (79), 33 (91), 0 (79)]";1287;"Maquina 3: [7 (2), 15 (69), 26 (45), 2 (74), 14 (87), 1 (94)]";1274;"Maquina 4: [20 (59), 39 (32), 25 (25), 5 (88), 35 (96), 27 (74)]";1526;"Maquina 5: [22 (8), 28 (16), 11 (74), 12 (27), 9 (54), 36 (94)]";1159;"Maquina 6: [13 (29), 32 (18), 29 (16), 4 (41), 23 (39), 34 (33), 24 (63), 38 (69)]";1520
