GREEDY;40;4;7675;5.0;1;"Maquina 1: [7 (5), 27 (16), 0 (3), 23 (29), 21 (51), 26 (18), 16 (40), 10 (65), 20 (55), 11 (90)]";1715;"Maquina 2: [8 (3), 19 (14), 1 (22), 13 (5), 24 (29), 22 (60), 36 (54), 33 (45), 2 (71), 34 (95)]";1917;"Maquina 3: [35 (6), 12 (3), 30 (15), 3 (52), 9 (29), 29 (19), 17 (90), 28 (55), 4 (42), 31 (69)]";1839;"Maquina 4: [25 (10), 37 (4), 38 (16), 6 (31), 5 (49), 39 (27), 14 (55), 15 (81), 18 (61), 32 (99)]";2204
GRASP;40;4;7055;383.0;100;"Maquina 1: [26 (18), 35 (6), 8 (3), 38 (16), 39 (27), 24 (29), 20 (55), 18 (61), 21 (51), 32 (99)]";1623;"Maquina 2: [7 (5), 27 (16), 12 (3), 33 (45), 25 (10), 16 (40), 4 (42), 2 (71), 34 (95), 10 (65)]";1651;"Maquina 3: [30 (15), 0 (3), 19 (14), 13 (5), 23 (29), 28 (55), 14 (55), 36 (54), 31 (69), 17 (90)]";1720;"Maquina 4: [9 (29), 29 (19), 37 (4), 1 (22), 6 (31), 5 (49), 22 (60), 3 (52), 11 (90), 15 (81)]";2061
LNS;40;4;7675;18.0;100;"Maquina 1: [7 (5), 27 (16), 0 (3), 23 (29), 21 (51), 26 (18), 16 (40), 10 (65), 20 (55), 11 (90)]";1715;"Maquina 2: [8 (3), 19 (14), 1 (22), 13 (5), 24 (29), 22 (60), 36 (54), 33 (45), 2 (71), 34 (95)]";1917;"Maquina 3: [35 (6), 12 (3), 30 (15), 3 (52), 9 (29), 29 (19), 17 (90), 28 (55), 4 (42), 31 (69)]";1839;"Maquina 4: [25 (10), 37 (4), 38 (16), 6 (31), 5 (49), 39 (27), 14 (55), 15 (81), 18 (61), 32 (99)]";2204
TABÚ;40;4;7075;59.0;100;"Maquina 1: [26 (18), 35 (6), 12 (3), 1 (22), 3 (52), 9 (29), 36 (54), 21 (51), 10 (65), 32 (99)]";1723;"Maquina 2: [25 (10), 0 (3), 38 (16), 39 (27), 29 (19), 22 (60), 24 (29), 5 (49), 31 (69), 17 (90)]";1767;"Maquina 3: [19 (14), 8 (3), 13 (5), 18 (61), 6 (31), 14 (55), 33 (45), 20 (55), 15 (81), 11 (90)]";2079;"Maquina 4: [37 (4), 7 (5), 23 (29), 30 (15), 27 (16), 28 (55), 4 (42), 2 (71), 16 (40), 34 (95)]";1506
VNS;40;4;7211;4240.0;100;"Maquina 1: [7 (5), 27 (16), 0 (3), 23 (29), 21 (51), 26 (18), 10 (65), 14 (55), 20 (55), 11 (90)]";1714;"Maquina 2: [8 (3), 38 (16), 1 (22), 37 (4), 24 (29), 22 (60), 36 (54), 4 (42), 2 (71), 34 (95)]";1888;"Maquina 3: [35 (6), 12 (3), 30 (15), 3 (52), 9 (29), 29 (19), 33 (45), 28 (55), 31 (69), 17 (90)]";1771;"Maquina 4: [19 (14), 13 (5), 25 (10), 16 (40), 6 (31), 5 (49), 39 (27), 15 (81), 18 (61), 32 (99)]";1838
Multiarranque;40;4;7247;220.0;100;"Maquina 1: [37 (4), 8 (3), 19 (14), 6 (31), 26 (18), 14 (55), 5 (49), 36 (54), 11 (90), 17 (90)]";1876;"Maquina 2: [25 (10), 0 (3), 38 (16), 1 (22), 16 (40), 4 (42), 21 (51), 3 (52), 31 (69), 32 (99)]";1813;"Maquina 3: [13 (5), 12 (3), 7 (5), 23 (29), 30 (15), 24 (29), 10 (65), 33 (45), 28 (55), 34 (95), 2 (71)]";1974;"Maquina 4: [9 (29), 35 (6), 27 (16), 39 (27), 29 (19), 22 (60), 15 (81), 20 (55), 18 (61)]";1584
GREEDY;40;4;9548;0.0;1;"Maquina 1: [19 (2), 4 (30), 35 (9), 6 (29), 5 (54), 24 (41), 37 (44), 2 (80), 38 (67), 20 (92)]";2350;"Maquina 2: [7 (10), 8 (3), 28 (29), 23 (25), 17 (36), 33 (44), 25 (48), 29 (73), 0 (64), 32 (85), 9 (98)]";2649;"Maquina 3: [1 (4), 10 (25), 16 (44), 3 (35), 21 (28), 11 (58), 26 (45), 36 (72), 39 (90)]";2040;"Maquina 4: [15 (4), 34 (41), 27 (28), 18 (25), 14 (46), 13 (72), 31 (35), 22 (55), 12 (97), 30 (84)]";2509
GRASP;40;4;9088;185.0;100;"Maquina 1: [10 (25), 35 (9), 21 (28), 4 (30), 17 (36), 33 (44), 36 (72), 38 (67), 0 (64), 32 (85)]";2296;"Maquina 2: [7 (10), 8 (3), 1 (4), 6 (29), 29 (73), 16 (44), 23 (25), 11 (58), 12 (97), 39 (90)]";1867;"Maquina 3: [15 (4), 3 (35), 18 (25), 14 (46), 26 (45), 22 (55), 25 (48), 37 (44), 30 (84), 9 (98)]";2415;"Maquina 4: [19 (2), 27 (28), 31 (35), 28 (29), 34 (41), 13 (72), 5 (54), 24 (41), 2 (80), 20 (92)]";2510
LNS;40;4;9548;7.0;100;"Maquina 1: [19 (2), 4 (30), 35 (9), 6 (29), 5 (54), 24 (41), 37 (44), 2 (80), 38 (67), 20 (92)]";2350;"Maquina 2: [7 (10), 8 (3), 28 (29), 23 (25), 17 (36), 33 (44), 25 (48), 29 (73), 0 (64), 32 (85), 9 (98)]";2649;"Maquina 3: [1 (4), 10 (25), 16 (44), 3 (35), 21 (28), 11 (58), 26 (45), 36 (72), 39 (90)]";2040;"Maquina 4: [15 (4), 34 (41), 27 (28), 18 (25), 14 (46), 13 (72), 31 (35), 22 (55), 12 (97), 30 (84)]";2509
TABÚ;40;4;8830;47.0;100;"Maquina 1: [1 (4), 18 (25), 37 (44), 8 (3), 6 (29), 11 (58), 26 (45), 14 (46), 39 (90), 32 (85)]";2076;"Maquina 2: [19 (2), 3 (35), 17 (36), 33 (44), 10 (25), 22 (55), 25 (48), 13 (72), 2 (80), 20 (92)]";2299;"Maquina 3: [15 (4), 21 (28), 23 (25), 4 (30), 24 (41), 31 (35), 16 (44), 30 (84), 12 (97), 9 (98)]";2285;"Maquina 4: [7 (10), 27 (28), 28 (29), 35 (9), 5 (54), 34 (41), 29 (73), 36 (72), 38 (67), 0 (64)]";2170
VNS;40;4;8961;2852.0;100;"Maquina 1: [19 (2), 3 (35), 4 (30), 35 (9), 6 (29), 5 (54), 24 (41), 37 (44), 2 (80), 38 (67), 30 (84)]";2649;"Maquina 2: [7 (10), 28 (29), 23 (25), 17 (36), 16 (44), 34 (41), 29 (73), 0 (64), 9 (98)]";1836;"Maquina 3: [1 (4), 10 (25), 22 (55), 21 (28), 11 (58), 26 (45), 20 (92), 36 (72), 39 (90)]";1979;"Maquina 4: [8 (3), 15 (4), 25 (48), 27 (28), 18 (25), 14 (46), 13 (72), 31 (35), 33 (44), 12 (97), 32 (85)]";2497
Multiarranque;40;4;9035;196.0;100;"Maquina 1: [19 (2), 3 (35), 17 (36), 33 (44), 10 (25), 22 (55), 20 (92), 36 (72), 32 (85)]";1969;"Maquina 2: [1 (4), 8 (3), 27 (28), 31 (35), 7 (10), 34 (41), 14 (46), 13 (72), 38 (67), 11 (58), 9 (98)]";2396;"Maquina 3: [15 (4), 18 (25), 28 (29), 23 (25), 4 (30), 29 (73), 26 (45), 16 (44), 2 (80), 30 (84)]";2236;"Maquina 4: [35 (9), 6 (29), 21 (28), 25 (48), 37 (44), 0 (64), 5 (54), 24 (41), 12 (97), 39 (90)]";2434
GREEDY;40;4;12835;0.0;1;"Maquina 1: [28 (34), 18 (18), 8 (51), 23 (62), 34 (46), 38 (5), 36 (43), 30 (70), 35 (86), 19 (96)]";3221;"Maquina 2: [37 (13), 26 (31), 9 (22), 7 (93), 32 (34), 20 (44), 21 (48), 1 (82), 0 (70), 24 (55)]";2976;"Maquina 3: [4 (23), 22 (17), 33 (59), 29 (25), 27 (70), 11 (41), 13 (50), 16 (82), 12 (46), 31 (94)]";3182;"Maquina 4: [17 (25), 25 (17), 3 (44), 6 (55), 15 (47), 10 (76), 5 (33), 39 (90), 14 (98), 2 (68)]";3456
GRASP;40;4;11749;136.0;100;"Maquina 1: [20 (44), 22 (17), 28 (34), 6 (55), 9 (22), 12 (46), 30 (70), 31 (94), 35 (86), 19 (96)]";2896;"Maquina 2: [5 (33), 25 (17), 37 (13), 15 (47), 23 (62), 32 (34), 7 (93), 10 (76), 36 (43), 0 (70)]";2668;"Maquina 3: [4 (23), 38 (5), 3 (44), 26 (31), 21 (48), 34 (46), 16 (82), 33 (59), 2 (68), 1 (82)]";3112;"Maquina 4: [17 (25), 11 (41), 18 (18), 24 (55), 13 (50), 27 (70), 29 (25), 8 (51), 14 (98), 39 (90)]";3073
LNS;40;4;12752;10.0;100;"Maquina 1: [28 (34), 18 (18), 8 (51), 23 (62), 34 (46), 36 (43), 38 (5), 30 (70), 35 (86), 19 (96)]";3200;"Maquina 2: [37 (13), 26 (31), 9 (22), 7 (93), 32 (34), 0 (70), 21 (48), 1 (82), 20 (44), 24 (55)]";2914;"Maquina 3: [4 (23), 22 (17), 33 (59), 29 (25), 27 (70), 11 (41), 13 (50), 16 (82), 12 (46), 31 (94)]";3182;"Maquina 4: [17 (25), 25 (17), 3 (44), 6 (55), 15 (47), 10 (76), 5 (33), 39 (90), 14 (98), 2 (68)]";3456
TABÚ;40;4;11156;60.0;100;"Maquina 1: [29 (25), 25 (17), 9 (22), 8 (51), 36 (43), 6 (55), 34 (46), 19 (96), 10 (76), 31 (94)]";2731;"Maquina 2: [15 (47), 4 (23), 22 (17), 26 (31), 23 (62), 27 (70), 11 (41), 20 (44), 16 (82), 39 (90)]";2694;"Maquina 3: [37 (13), 12 (46), 30 (70), 5 (33), 38 (5), 0 (70), 1 (82), 32 (34), 14 (98), 35 (86)]";2814;"Maquina 4: [13 (50), 21 (48), 17 (25), 18 (18), 24 (55), 28 (34), 33 (59), 3 (44), 2 (68), 7 (93)]";2917
VNS;40;4;12044;2864.0;100;"Maquina 1: [28 (34), 18 (18), 8 (51), 23 (62), 27 (70), 38 (5), 5 (33), 34 (46), 2 (68), 1 (82), 0 (70)]";3639;"Maquina 2: [37 (13), 26 (31), 9 (22), 7 (93), 32 (34), 20 (44), 21 (48), 35 (86), 14 (98)]";2354;"Maquina 3: [4 (23), 22 (17), 33 (59), 29 (25), 24 (55), 30 (70), 11 (41), 13 (50), 16 (82), 12 (46), 31 (94)]";3315;"Maquina 4: [17 (25), 25 (17), 3 (44), 6 (55), 15 (47), 10 (76), 36 (43), 39 (90), 19 (96)]";2736
Multiarranque;40;4;11628;285.0;100;"Maquina 1: [20 (44), 12 (46), 4 (23), 17 (25), 22 (17), 3 (44), 2 (68), 7 (93), 35 (86), 1 (82)]";2849;"Maquina 2: [8 (51), 28 (34), 37 (13), 32 (34), 14 (98), 6 (55), 33 (59), 11 (41), 39 (90)]";2711;"Maquina 3: [18 (18), 24 (55), 38 (5), 13 (50), 21 (48), 26 (31), 9 (22), 27 (70), 10 (76), 31 (94), 19 (96)]";3230;"Maquina 4: [5 (33), 29 (25), 25 (17), 36 (43), 0 (70), 23 (62), 15 (47), 34 (46), 16 (82), 30 (70)]";2838
GREEDY;40;4;10904;11.0;1;"Maquina 1: [31 (31), 28 (5), 30 (25), 14 (19), 2 (2), 33 (56), 21 (40), 7 (58), 29 (75), 12 (94)]";2775;"Maquina 2: [4 (6), 16 (55), 6 (27), 23 (3), 10 (35), 35 (20), 36 (46), 8 (63), 27 (73), 26 (86)]";2567;"Maquina 3: [15 (25), 39 (13), 22 (38), 19 (29), 11 (80), 13 (48), 24 (3), 1 (67), 0 (58), 17 (91)]";2555;"Maquina 4: [34 (49), 38 (3), 9 (31), 32 (22), 3 (63), 25 (14), 37 (69), 5 (97), 18 (35), 20 (84)]";3007
GRASP;40;4;8918;253.0;100;"Maquina 1: [24 (3), 38 (3), 9 (31), 0 (58), 7 (58), 30 (25), 17 (91), 8 (63), 29 (75), 11 (80)]";2228;"Maquina 2: [21 (40), 36 (46), 39 (13), 13 (48), 23 (3), 22 (38), 19 (29), 37 (69), 5 (97)]";1909;"Maquina 3: [31 (31), 28 (5), 15 (25), 2 (2), 18 (35), 32 (22), 6 (27), 14 (19), 12 (94), 34 (49), 20 (84)]";2250;"Maquina 4: [25 (14), 4 (6), 16 (55), 27 (73), 10 (35), 33 (56), 35 (20), 1 (67), 3 (63), 26 (86)]";2531
LNS;40;4;10663;19.0;100;"Maquina 1: [31 (31), 28 (5), 30 (25), 21 (40), 2 (2), 33 (56), 7 (58), 14 (19), 29 (75), 12 (94)]";2549;"Maquina 2: [4 (6), 16 (55), 6 (27), 23 (3), 10 (35), 8 (63), 36 (46), 35 (20), 27 (73), 26 (86)]";2552;"Maquina 3: [15 (25), 39 (13), 22 (38), 19 (29), 11 (80), 13 (48), 24 (3), 1 (67), 0 (58), 17 (91)]";2555;"Maquina 4: [34 (49), 38 (3), 9 (31), 32 (22), 3 (63), 25 (14), 37 (69), 5 (97), 18 (35), 20 (84)]";3007
TABÚ;40;4;8783;71.0;100;"Maquina 1: [39 (13), 25 (14), 23 (3), 10 (35), 18 (35), 22 (38), 3 (63), 34 (49), 5 (97), 11 (80)]";1959;"Maquina 2: [38 (3), 6 (27), 14 (19), 31 (31), 7 (58), 30 (25), 17 (91), 33 (56), 37 (69), 26 (86)]";2222;"Maquina 3: [35 (20), 28 (5), 15 (25), 21 (40), 16 (55), 29 (75), 32 (22), 20 (84), 1 (67), 0 (58)]";2424;"Maquina 4: [2 (2), 24 (3), 8 (63), 19 (29), 4 (6), 36 (46), 9 (31), 13 (48), 12 (94), 27 (73)]";2178
VNS;40;4;9715;2133.0;100;"Maquina 1: [28 (5), 30 (25), 15 (25), 2 (2), 33 (56), 21 (40), 27 (73), 13 (48), 12 (94), 29 (75)]";2349;"Maquina 2: [4 (6), 16 (55), 6 (27), 23 (3), 10 (35), 35 (20), 36 (46), 34 (49), 7 (58), 26 (86), 18 (35)]";2860;"Maquina 3: [14 (19), 39 (13), 31 (31), 22 (38), 19 (29), 11 (80), 24 (3), 1 (67), 0 (58), 20 (84)]";2138;"Maquina 4: [38 (3), 9 (31), 32 (22), 3 (63), 25 (14), 8 (63), 37 (69), 5 (97), 17 (91)]";2368
Multiarranque;40;4;9152;166.0;100;"Maquina 1: [24 (3), 38 (3), 2 (2), 35 (20), 15 (25), 21 (40), 1 (67), 0 (58), 16 (55), 13 (48), 17 (91)]";2165;"Maquina 2: [39 (13), 25 (14), 4 (6), 6 (27), 28 (5), 36 (46), 30 (25), 3 (63), 34 (49), 5 (97), 26 (86)]";2217;"Maquina 3: [18 (35), 32 (22), 23 (3), 12 (94), 22 (38), 11 (80), 33 (56), 20 (84)]";2103;"Maquina 4: [19 (29), 14 (19), 31 (31), 7 (58), 8 (63), 29 (75), 27 (73), 10 (35), 9 (31), 37 (69)]";2667
GREEDY;40;4;10541;1.0;1;"Maquina 1: [31 (5), 19 (31), 7 (17), 10 (27), 15 (49), 37 (51), 17 (62), 24 (69), 14 (88), 25 (74)]";2389;"Maquina 2: [20 (20), 0 (10), 6 (28), 11 (53), 12 (50), 29 (38), 34 (63), 30 (74), 23 (70), 21 (95)]";2630;"Maquina 3: [4 (29), 2 (14), 18 (50), 39 (24), 22 (39), 9 (64), 8 (59), 26 (77), 13 (71), 36 (98)]";2769;"Maquina 4: [35 (25), 5 (61), 38 (16), 16 (29), 27 (50), 32 (65), 33 (46), 1 (74), 3 (75), 28 (99)]";2753
GRASP;40;4;10114;144.0;100;"Maquina 1: [31 (5), 10 (27), 35 (25), 22 (39), 12 (50), 11 (53), 8 (59), 26 (77), 28 (99), 21 (95)]";2511;"Maquina 2: [16 (29), 19 (31), 38 (16), 20 (20), 33 (46), 13 (71), 17 (62), 24 (69), 29 (38), 1 (74)]";2446;"Maquina 3: [39 (24), 7 (17), 4 (29), 5 (61), 18 (50), 34 (63), 3 (75), 9 (64), 23 (70), 36 (98)]";2736;"Maquina 4: [6 (28), 2 (14), 0 (10), 27 (50), 30 (74), 15 (49), 37 (51), 14 (88), 25 (74), 32 (65)]";2421
LNS;40;4;10541;8.0;100;"Maquina 1: [31 (5), 19 (31), 7 (17), 10 (27), 15 (49), 37 (51), 17 (62), 24 (69), 14 (88), 25 (74)]";2389;"Maquina 2: [20 (20), 0 (10), 6 (28), 11 (53), 12 (50), 29 (38), 34 (63), 30 (74), 23 (70), 21 (95)]";2630;"Maquina 3: [4 (29), 2 (14), 18 (50), 39 (24), 22 (39), 9 (64), 8 (59), 26 (77), 13 (71), 36 (98)]";2769;"Maquina 4: [35 (25), 5 (61), 38 (16), 16 (29), 27 (50), 32 (65), 33 (46), 1 (74), 3 (75), 28 (99)]";2753
TABÚ;40;4;10013;42.0;100;"Maquina 1: [7 (17), 10 (27), 33 (46), 0 (10), 27 (50), 8 (59), 11 (53), 17 (62), 3 (75), 28 (99)]";2547;"Maquina 2: [31 (5), 20 (20), 15 (49), 6 (28), 12 (50), 4 (29), 9 (64), 23 (70), 24 (69), 13 (71)]";2197;"Maquina 3: [38 (16), 2 (14), 18 (50), 29 (38), 35 (25), 5 (61), 26 (77), 1 (74), 21 (95), 30 (74), 36 (98)]";3089;"Maquina 4: [39 (24), 37 (51), 16 (29), 19 (31), 34 (63), 22 (39), 25 (74), 32 (65), 14 (88)]";2180
VNS;40;4;10128;2881.0;100;"Maquina 1: [31 (5), 19 (31), 7 (17), 10 (27), 15 (49), 39 (24), 37 (51), 17 (62), 36 (98), 14 (88), 25 (74)]";2698;"Maquina 2: [16 (29), 0 (10), 6 (28), 11 (53), 12 (50), 9 (64), 24 (69), 30 (74), 34 (63)]";2086;"Maquina 3: [4 (29), 2 (14), 18 (50), 29 (38), 22 (39), 8 (59), 26 (77), 13 (71), 21 (95), 23 (70)]";2664;"Maquina 4: [35 (25), 5 (61), 38 (16), 20 (20), 27 (50), 32 (65), 33 (46), 1 (74), 3 (75), 28 (99)]";2680
Multiarranque;40;4;10203;158.0;100;"Maquina 1: [31 (5), 19 (31), 7 (17), 10 (27), 15 (49), 37 (51), 17 (62), 24 (69), 14 (88), 25 (74)]";2389;"Maquina 2: [20 (20), 39 (24), 0 (10), 6 (28), 12 (50), 11 (53), 34 (63), 30 (74), 23 (70), 21 (95)]";2423;"Maquina 3: [4 (29), 2 (14), 18 (50), 29 (38), 22 (39), 9 (64), 8 (59), 26 (77), 13 (71), 36 (98)]";2638;"Maquina 4: [35 (25), 5 (61), 38 (16), 16 (29), 27 (50), 32 (65), 33 (46), 1 (74), 3 (75), 28 (99)]";2753
GREEDY;40;4;9049;0.0;1;"Maquina 1: [26 (2), 9 (12), 34 (32), 25 (19), 28 (25), 8 (51), 31 (86), 10 (36), 29 (66), 6 (94), 30 (99)]";2515;"Maquina 2: [35 (6), 17 (13), 32 (21), 38 (34), 23 (32), 21 (63), 13 (44), 20 (92), 33 (98), 12 (83)]";2313;"Maquina 3: [37 (15), 36 (6), 16 (23), 22 (33), 18 (30), 19 (43), 3 (61), 14 (79), 7 (94), 24 (89)]";2054;"Maquina 4: [11 (7), 2 (34), 4 (19), 5 (29), 15 (43), 1 (58), 27 (74), 0 (97), 39 (91)]";2167
GRASP;40;4;8678;143.0;100;"Maquina 1: [37 (15), 26 (2), 38 (34), 36 (6), 16 (23), 12 (83), 8 (51), 14 (79), 39 (91), 24 (89)]";2038;"Maquina 2: [11 (7), 35 (6), 17 (13), 19 (43), 15 (43), 29 (66), 23 (32), 1 (58), 6 (94), 33 (98)]";2059;"Maquina 3: [28 (25), 2 (34), 4 (19), 32 (21), 13 (44), 3 (61), 21 (63), 31 (86), 0 (97), 30 (99)]";2395;"Maquina 4: [18 (30), 34 (32), 25 (19), 9 (12), 22 (33), 10 (36), 5 (29), 27 (74), 7 (94), 20 (92)]";2186
LNS;40;4;9029;7.0;100;"Maquina 1: [26 (2), 9 (12), 34 (32), 25 (19), 28 (25), 8 (51), 31 (86), 10 (36), 29 (66), 6 (94), 30 (99)]";2515;"Maquina 2: [35 (6), 17 (13), 32 (21), 38 (34), 23 (32), 21 (63), 13 (44), 20 (92), 33 (98), 12 (83)]";2313;"Maquina 3: [37 (15), 36 (6), 16 (23), 22 (33), 18 (30), 19 (43), 3 (61), 14 (79), 7 (94), 24 (89)]";2054;"Maquina 4: [1 (58), 2 (34), 4 (19), 5 (29), 15 (43), 11 (7), 27 (74), 0 (97), 39 (91)]";2147
TABÚ;40;4;9115;66.0;100;"Maquina 1: [37 (15), 26 (2), 34 (32), 25 (19), 28 (25), 8 (51), 14 (79), 1 (58), 6 (94), 31 (86)]";2048;"Maquina 2: [9 (12), 35 (6), 2 (34), 38 (34), 23 (32), 19 (43), 39 (91), 18 (30), 21 (63), 24 (89), 7 (94)]";2690;"Maquina 3: [11 (7), 36 (6), 27 (74), 16 (23), 4 (19), 15 (43), 3 (61), 12 (83), 20 (92)]";1852;"Maquina 4: [17 (13), 32 (21), 5 (29), 22 (33), 13 (44), 10 (36), 33 (98), 29 (66), 0 (97), 30 (99)]";2525
VNS;40;4;8769;3147.0;100;"Maquina 1: [26 (2), 9 (12), 34 (32), 25 (19), 28 (25), 8 (51), 31 (86), 10 (36), 1 (58), 6 (94), 7 (94)]";2440;"Maquina 2: [35 (6), 17 (13), 32 (21), 38 (34), 23 (32), 21 (63), 13 (44), 20 (92), 33 (98), 12 (83)]";2313;"Maquina 3: [37 (15), 36 (6), 16 (23), 22 (33), 18 (30), 19 (43), 3 (61), 14 (79), 39 (91), 24 (89)]";2029;"Maquina 4: [11 (7), 2 (34), 4 (19), 5 (29), 15 (43), 29 (66), 27 (74), 0 (97), 30 (99)]";1987
Multiarranque;40;4;8810;164.0;100;"Maquina 1: [26 (2), 9 (12), 34 (32), 25 (19), 28 (25), 8 (51), 31 (86), 10 (36), 1 (58), 6 (94), 30 (99)]";2469;"Maquina 2: [35 (6), 17 (13), 32 (21), 38 (34), 23 (32), 21 (63), 13 (44), 20 (92), 33 (98), 12 (83)]";2313;"Maquina 3: [37 (15), 36 (6), 16 (23), 22 (33), 18 (30), 19 (43), 3 (61), 14 (79), 7 (94), 24 (89)]";2054;"Maquina 4: [11 (7), 2 (34), 4 (19), 5 (29), 15 (43), 29 (66), 27 (74), 0 (97), 39 (91)]";1974
GREEDY;40;4;8373;1.0;1;"Maquina 1: [10 (13), 12 (5), 9 (2), 0 (34), 4 (23), 13 (52), 27 (74), 22 (98), 1 (66), 5 (85)]";2381;"Maquina 2: [30 (2), 20 (20), 17 (6), 31 (10), 18 (29), 16 (67), 15 (56), 6 (43), 29 (89), 37 (77)]";1790;"Maquina 3: [3 (4), 23 (7), 33 (20), 19 (9), 35 (31), 32 (80), 25 (56), 28 (46), 34 (67), 24 (90)]";1996;"Maquina 4: [7 (4), 2 (27), 38 (18), 8 (8), 14 (67), 11 (48), 21 (76), 26 (33), 36 (82), 39 (96)]";2206
GRASP;40;4;7778;140.0;100;"Maquina 1: [3 (4), 9 (2), 33 (20), 2 (27), 28 (46), 13 (52), 19 (9), 1 (66), 22 (98), 5 (85)]";1812;"Maquina 2: [17 (6), 31 (10), 7 (4), 4 (23), 6 (43), 18 (29), 21 (76), 35 (31), 34 (67), 37 (77), 39 (96)]";2362;"Maquina 3: [23 (7), 8 (8), 30 (2), 20 (20), 38 (18), 14 (67), 15 (56), 27 (74), 36 (82), 24 (90)]";1804;"Maquina 4: [26 (33), 12 (5), 25 (56), 0 (34), 10 (13), 11 (48), 16 (67), 32 (80), 29 (89)]";1800
LNS;40;4;8284;8.0;100;"Maquina 1: [10 (13), 12 (5), 9 (2), 0 (34), 27 (74), 13 (52), 4 (23), 22 (98), 1 (66), 5 (85)]";2361;"Maquina 2: [30 (2), 20 (20), 17 (6), 31 (10), 18 (29), 16 (67), 15 (56), 6 (43), 29 (89), 37 (77)]";1790;"Maquina 3: [3 (4), 23 (7), 33 (20), 19 (9), 35 (31), 34 (67), 28 (46), 25 (56), 32 (80), 24 (90)]";1927;"Maquina 4: [7 (4), 2 (27), 38 (18), 8 (8), 14 (67), 11 (48), 21 (76), 26 (33), 36 (82), 39 (96)]";2206
TABÚ;40;4;7694;39.0;100;"Maquina 1: [9 (2), 7 (4), 2 (27), 18 (29), 35 (31), 20 (20), 11 (48), 5 (85), 37 (77), 14 (67), 32 (80)]";2358;"Maquina 2: [8 (8), 30 (2), 0 (34), 10 (13), 28 (46), 27 (74), 26 (33), 16 (67), 15 (56), 24 (90)]";1906;"Maquina 3: [3 (4), 23 (7), 33 (20), 19 (9), 12 (5), 25 (56), 39 (96), 36 (82), 1 (66)]";1331;"Maquina 4: [38 (18), 17 (6), 31 (10), 13 (52), 4 (23), 6 (43), 34 (67), 21 (76), 22 (98), 29 (89)]";2099
VNS;40;4;7754;2522.0;100;"Maquina 1: [10 (13), 3 (4), 9 (2), 0 (34), 4 (23), 6 (43), 27 (74), 36 (82), 22 (98), 21 (76)]";1999;"Maquina 2: [30 (2), 20 (20), 8 (8), 31 (10), 18 (29), 16 (67), 28 (46), 26 (33), 29 (89), 37 (77), 1 (66)]";2206;"Maquina 3: [12 (5), 23 (7), 33 (20), 19 (9), 35 (31), 39 (96), 34 (67), 15 (56), 25 (56), 32 (80)]";1933;"Maquina 4: [7 (4), 2 (27), 38 (18), 17 (6), 14 (67), 11 (48), 5 (85), 13 (52), 24 (90)]";1616
Multiarranque;40;4;7767;165.0;100;"Maquina 1: [3 (4), 23 (7), 33 (20), 19 (9), 10 (13), 2 (27), 28 (46), 27 (74), 36 (82), 25 (56), 34 (67)]";1953;"Maquina 2: [17 (6), 9 (2), 7 (4), 38 (18), 15 (56), 13 (52), 39 (96), 37 (77), 21 (76)]";1639;"Maquina 3: [0 (34), 30 (2), 20 (20), 6 (43), 18 (29), 35 (31), 1 (66), 5 (85), 14 (67), 32 (80)]";2189;"Maquina 4: [12 (5), 8 (8), 31 (10), 11 (48), 4 (23), 26 (33), 29 (89), 24 (90), 16 (67), 22 (98)]";1986
GREEDY;40;4;12039;0.0;1;"Maquina 1: [18 (1), 6 (16), 32 (17), 22 (34), 35 (38), 25 (67), 38 (23), 0 (59), 39 (93), 28 (76), 1 (86)]";3078;"Maquina 2: [34 (40), 9 (9), 3 (24), 26 (36), 17 (63), 30 (16), 20 (78), 13 (88), 23 (70)]";2779;"Maquina 3: [8 (36), 21 (17), 10 (10), 31 (39), 7 (18), 4 (66), 29 (84), 19 (45), 37 (72), 2 (86), 11 (97)]";3403;"Maquina 4: [33 (31), 24 (17), 16 (37), 12 (56), 27 (70), 15 (13), 14 (64), 5 (87), 36 (83)]";2779
GRASP;40;4;10702;137.0;100;"Maquina 1: [9 (9), 10 (10), 38 (23), 0 (59), 7 (18), 39 (93), 31 (39), 17 (63), 36 (83), 11 (97), 5 (87)]";2978;"Maquina 2: [3 (24), 26 (36), 8 (36), 21 (17), 35 (38), 25 (67), 28 (76), 12 (56), 23 (70)]";2290;"Maquina 3: [15 (13), 6 (16), 32 (17), 20 (78), 24 (17), 22 (34), 29 (84), 27 (70), 34 (40), 13 (88)]";2435;"Maquina 4: [33 (31), 30 (16), 19 (45), 18 (1), 16 (37), 4 (66), 14 (64), 37 (72), 2 (86), 1 (86)]";2999
LNS;40;4;12039;7.0;100;"Maquina 1: [18 (1), 6 (16), 32 (17), 22 (34), 35 (38), 25 (67), 38 (23), 0 (59), 39 (93), 28 (76), 1 (86)]";3078;"Maquina 2: [34 (40), 9 (9), 3 (24), 26 (36), 17 (63), 30 (16), 20 (78), 13 (88), 23 (70)]";2779;"Maquina 3: [8 (36), 21 (17), 10 (10), 31 (39), 7 (18), 4 (66), 29 (84), 19 (45), 37 (72), 2 (86), 11 (97)]";3403;"Maquina 4: [33 (31), 24 (17), 16 (37), 12 (56), 27 (70), 15 (13), 14 (64), 5 (87), 36 (83)]";2779
TABÚ;40;4;11219;39.0;100;"Maquina 1: [24 (17), 23 (70), 18 (1), 16 (37), 3 (24), 4 (66), 17 (63), 25 (67), 13 (88), 36 (83)]";2887;"Maquina 2: [9 (9), 10 (10), 26 (36), 38 (23), 14 (64), 5 (87), 34 (40), 20 (78), 37 (72), 2 (86)]";2765;"Maquina 3: [15 (13), 6 (16), 35 (38), 33 (31), 12 (56), 22 (34), 29 (84), 19 (45), 11 (97), 1 (86)]";2596;"Maquina 4: [30 (16), 32 (17), 27 (70), 21 (17), 7 (18), 8 (36), 31 (39), 28 (76), 0 (59), 39 (93)]";2971
VNS;40;4;11236;2737.0;100;"Maquina 1: [18 (1), 6 (16), 30 (16), 32 (17), 22 (34), 25 (67), 38 (23), 0 (59), 39 (93), 28 (76), 1 (86)]";2617;"Maquina 2: [34 (40), 9 (9), 33 (31), 3 (24), 26 (36), 17 (63), 29 (84), 20 (78), 13 (88), 36 (83)]";3233;"Maquina 3: [8 (36), 21 (17), 10 (10), 31 (39), 7 (18), 4 (66), 2 (86), 37 (72), 19 (45), 11 (97)]";2894;"Maquina 4: [24 (17), 35 (38), 16 (37), 12 (56), 27 (70), 15 (13), 14 (64), 5 (87), 23 (70)]";2492
Multiarranque;40;4;11305;165.0;100;"Maquina 1: [18 (1), 9 (9), 10 (10), 38 (23), 6 (16), 32 (17), 14 (64), 2 (86), 1 (86), 0 (59), 25 (67)]";2585;"Maquina 2: [30 (16), 8 (36), 21 (17), 37 (72), 19 (45), 3 (24), 39 (93), 12 (56), 36 (83), 20 (78)]";2953;"Maquina 3: [24 (17), 16 (37), 27 (70), 33 (31), 26 (36), 4 (66), 7 (18), 17 (63), 11 (97), 13 (88)]";3101;"Maquina 4: [15 (13), 29 (84), 31 (39), 34 (40), 22 (34), 35 (38), 23 (70), 5 (87), 28 (76)]";2666
GREEDY;40;4;13604;0.0;1;"Maquina 1: [19 (10), 7 (2), 18 (55), 4 (41), 16 (19), 39 (32), 15 (69), 1 (94), 14 (87), 27 (74)]";3376;"Maquina 2: [3 (31), 25 (25), 22 (8), 28 (16), 23 (39), 8 (85), 9 (54), 11 (74), 24 (63), 35 (96), 6 (91)]";3701;"Maquina 3: [29 (16), 13 (29), 30 (8), 34 (33), 20 (59), 26 (45), 37 (79), 33 (91), 38 (69)]";2959;"Maquina 4: [17 (10), 32 (18), 12 (27), 31 (49), 2 (74), 0 (79), 10 (39), 21 (56), 36 (94), 5 (88)]";3568
GRASP;40;4;11130;143.0;100;"Maquina 1: [22 (8), 13 (29), 19 (10), 10 (39), 4 (41), 23 (39), 11 (74), 28 (16), 15 (69), 37 (79), 35 (96)]";3020;"Maquina 2: [21 (56), 30 (8), 39 (32), 16 (19), 8 (85), 24 (63), 34 (33), 14 (87), 0 (79), 5 (88)]";3110;"Maquina 3: [29 (16), 17 (10), 18 (55), 25 (25), 9 (54), 31 (49), 3 (31), 27 (74), 33 (91), 1 (94)]";2481;"Maquina 4: [32 (18), 38 (69), 7 (2), 12 (27), 26 (45), 2 (74), 20 (59), 6 (91), 36 (94)]";2519
LNS;40;4;13056;10.0;100;"Maquina 1: [19 (10), 7 (2), 18 (55), 4 (41), 16 (19), 39 (32), 15 (69), 1 (94), 14 (87), 27 (74)]";3376;"Maquina 2: [3 (31), 25 (25), 22 (8), 28 (16), 23 (39), 8 (85), 9 (54), 11 (74), 24 (63), 35 (96), 6 (91)]";3701;"Maquina 3: [29 (16), 13 (29), 20 (59), 34 (33), 30 (8), 26 (45), 37 (79), 33 (91), 38 (69)]";2412;"Maquina 4: [21 (56), 32 (18), 12 (27), 31 (49), 2 (74), 0 (79), 10 (39), 17 (10), 36 (94), 5 (88)]";3567
TABÚ;40;4;11313;37.0;100;"Maquina 1: [23 (39), 34 (33), 17 (10), 25 (25), 22 (8), 35 (96), 26 (45), 2 (74), 20 (59), 1 (94)]";2639;"Maquina 2: [13 (29), 32 (18), 30 (8), 39 (32), 9 (54), 31 (49), 6 (91), 11 (74), 14 (87), 8 (85)]";2739;"Maquina 3: [19 (10), 21 (56), 7 (2), 18 (55), 3 (31), 5 (88), 37 (79), 16 (19), 36 (94), 38 (69)]";2913;"Maquina 4: [29 (16), 28 (16), 33 (91), 4 (41), 12 (27), 15 (69), 10 (39), 0 (79), 24 (63), 27 (74)]";3022
VNS;40;4;12321;1900.0;100;"Maquina 1: [19 (10), 7 (2), 18 (55), 4 (41), 10 (39), 16 (19), 39 (32), 37 (79), 1 (94), 38 (69), 36 (94)]";3713;"Maquina 2: [3 (31), 25 (25), 22 (8), 28 (16), 23 (39), 8 (85), 9 (54), 14 (87), 24 (63), 35 (96), 6 (91)]";3551;"Maquina 3: [29 (16), 13 (29), 20 (59), 34 (33), 30 (8), 26 (45), 11 (74), 27 (74), 33 (91)]";2405;"Maquina 4: [17 (10), 32 (18), 12 (27), 31 (49), 2 (74), 0 (79), 5 (88), 15 (69), 21 (56)]";2652
Multiarranque;40;4;11274;162.0;100;"Maquina 1: [29 (16), 12 (27), 22 (8), 32 (18), 24 (63), 31 (49), 2 (74), 20 (59), 1 (94), 9 (54)]";2456;"Maquina 2: [16 (19), 28 (16), 17 (10), 18 (55), 25 (25), 3 (31), 0 (79), 6 (91), 11 (74), 14 (87)]";2829;"Maquina 3: [7 (2), 21 (56), 30 (8), 34 (33), 23 (39), 4 (41), 35 (96), 27 (74), 33 (91), 8 (85)]";2991;"Maquina 4: [13 (29), 19 (10), 10 (39), 39 (32), 38 (69), 36 (94), 26 (45), 15 (69), 37 (79), 5 (88)]";2998
GREEDY;40;4;12217;0.0;1;"Maquina 1: [24 (3), 35 (25), 18 (22), 17 (19), 36 (43), 8 (50), 34 (89), 30 (27), 20 (67), 14 (71)]";3002;"Maquina 2: [3 (5), 2 (72), 22 (26), 1 (48), 27 (59), 6 (20), 25 (63), 38 (31), 9 (80)]";2773;"Maquina 3: [21 (21), 13 (26), 39 (73), 16 (11), 19 (37), 37 (66), 10 (71), 26 (92), 4 (56), 29 (26)]";3260;"Maquina 4: [5 (22), 7 (24), 0 (27), 32 (11), 15 (94), 12 (34), 11 (44), 31 (64), 33 (69), 28 (58), 23 (72)]";3182
GRASP;40;4;11034;147.0;100;"Maquina 1: [35 (25), 5 (22), 0 (27), 22 (26), 27 (59), 14 (71), 30 (27), 31 (64), 37 (66), 9 (80), 2 (72)]";3092;"Maquina 2: [4 (56), 24 (3), 21 (21), 3 (5), 16 (11), 33 (69), 29 (26), 19 (37), 39 (73), 10 (71)]";2630;"Maquina 3: [36 (43), 38 (31), 17 (19), 7 (24), 1 (48), 20 (67), 6 (20), 15 (94), 34 (89)]";2369;"Maquina 4: [28 (58), 18 (22), 13 (26), 11 (44), 12 (34), 32 (11), 8 (50), 23 (72), 25 (63), 26 (92)]";2943
LNS;40;4;12210;7.0;100;"Maquina 1: [24 (3), 35 (25), 18 (22), 17 (19), 36 (43), 8 (50), 34 (89), 30 (27), 20 (67), 14 (71)]";3002;"Maquina 2: [3 (5), 2 (72), 22 (26), 1 (48), 27 (59), 25 (63), 6 (20), 38 (31), 9 (80)]";2766;"Maquina 3: [21 (21), 13 (26), 39 (73), 16 (11), 19 (37), 37 (66), 10 (71), 26 (92), 4 (56), 29 (26)]";3260;"Maquina 4: [5 (22), 7 (24), 0 (27), 32 (11), 15 (94), 12 (34), 11 (44), 31 (64), 33 (69), 28 (58), 23 (72)]";3182
TABÚ;40;4;10691;45.0;100;"Maquina 1: [13 (26), 21 (21), 3 (5), 0 (27), 12 (34), 11 (44), 31 (64), 19 (37), 37 (66), 1 (48), 9 (80)]";2793;"Maquina 2: [24 (3), 35 (25), 5 (22), 6 (20), 16 (11), 15 (94), 27 (59), 34 (89), 28 (58), 2 (72)]";2406;"Maquina 3: [18 (22), 17 (19), 36 (43), 7 (24), 39 (73), 33 (69), 29 (26), 20 (67), 38 (31), 14 (71)]";3222;"Maquina 4: [30 (27), 32 (11), 8 (50), 22 (26), 25 (63), 10 (71), 26 (92), 23 (72), 4 (56)]";2270
VNS;40;4;10968;2705.0;100;"Maquina 1: [24 (3), 35 (25), 18 (22), 17 (19), 36 (43), 38 (31), 8 (50), 39 (73), 4 (56), 14 (71)]";2630;"Maquina 2: [3 (5), 2 (72), 22 (26), 27 (59), 34 (89), 25 (63), 9 (80), 30 (27)]";2134;"Maquina 3: [21 (21), 13 (26), 6 (20), 16 (11), 19 (37), 37 (66), 1 (48), 10 (71), 29 (26), 20 (67), 26 (92)]";3022;"Maquina 4: [5 (22), 7 (24), 0 (27), 32 (11), 15 (94), 12 (34), 11 (44), 31 (64), 33 (69), 28 (58), 23 (72)]";3182
Multiarranque;40;4;10678;158.0;100;"Maquina 1: [29 (26), 20 (67), 19 (37), 8 (50), 6 (20), 12 (34), 32 (11), 34 (89), 27 (59), 10 (71)]";2852;"Maquina 2: [18 (22), 30 (27), 35 (25), 5 (22), 7 (24), 1 (48), 39 (73), 11 (44), 9 (80), 4 (56)]";2586;"Maquina 3: [21 (21), 13 (26), 36 (43), 38 (31), 17 (19), 25 (63), 26 (92), 23 (72), 2 (72), 37 (66)]";2973;"Maquina 4: [3 (5), 0 (27), 16 (11), 31 (64), 22 (26), 24 (3), 33 (69), 28 (58), 14 (71), 15 (94)]";2267
GREEDY;40;4;14097;1.0;1;"Maquina 1: [10 (4), 29 (17), 14 (70), 8 (44), 30 (59), 28 (30), 7 (77), 26 (91), 5 (88), 21 (97)]";3716;"Maquina 2: [17 (5), 9 (81), 2 (49), 22 (20), 13 (35), 16 (61), 3 (90), 31 (71), 37 (99), 24 (92)]";3841;"Maquina 3: [35 (8), 1 (30), 36 (83), 33 (20), 34 (37), 19 (72), 18 (97), 11 (54), 12 (90), 27 (61)]";3382;"Maquina 4: [23 (55), 0 (38), 38 (12), 39 (30), 6 (75), 32 (68), 15 (25), 20 (83), 25 (95), 4 (90)]";3158
GRASP;40;4;12738;147.0;100;"Maquina 1: [35 (8), 33 (20), 0 (38), 38 (12), 8 (44), 32 (68), 24 (92), 30 (59), 19 (72), 18 (97), 25 (95)]";3163;"Maquina 2: [16 (61), 10 (4), 29 (17), 31 (71), 20 (83), 13 (35), 34 (37), 9 (81), 14 (70), 36 (83)]";3164;"Maquina 3: [39 (30), 17 (5), 11 (54), 12 (90), 2 (49), 5 (88), 1 (30), 23 (55), 3 (90), 21 (97)]";3549;"Maquina 4: [15 (25), 22 (20), 27 (61), 28 (30), 7 (77), 26 (91), 4 (90), 6 (75), 37 (99)]";2862
LNS;40;4;14097;8.0;100;"Maquina 1: [10 (4), 29 (17), 14 (70), 8 (44), 30 (59), 28 (30), 7 (77), 26 (91), 5 (88), 21 (97)]";3716;"Maquina 2: [17 (5), 9 (81), 2 (49), 22 (20), 13 (35), 16 (61), 3 (90), 31 (71), 37 (99), 24 (92)]";3841;"Maquina 3: [35 (8), 1 (30), 36 (83), 33 (20), 34 (37), 19 (72), 18 (97), 11 (54), 12 (90), 27 (61)]";3382;"Maquina 4: [23 (55), 0 (38), 38 (12), 39 (30), 6 (75), 32 (68), 15 (25), 20 (83), 25 (95), 4 (90)]";3158
TABÚ;40;4;12525;37.0;100;"Maquina 1: [11 (54), 1 (30), 15 (25), 22 (20), 20 (83), 31 (71), 5 (88), 12 (90), 9 (81), 26 (91)]";3437;"Maquina 2: [17 (5), 39 (30), 16 (61), 35 (8), 8 (44), 2 (49), 14 (70), 25 (95), 24 (92), 18 (97)]";3036;"Maquina 3: [29 (17), 34 (37), 10 (4), 32 (68), 7 (77), 23 (55), 19 (72), 37 (99), 21 (97), 27 (61)]";3259;"Maquina 4: [33 (20), 38 (12), 28 (30), 0 (38), 36 (83), 13 (35), 30 (59), 4 (90), 3 (90), 6 (75)]";2793
VNS;40;4;13239;2701.0;100;"Maquina 1: [10 (4), 29 (17), 14 (70), 15 (25), 16 (61), 28 (30), 7 (77), 26 (91), 21 (97)]";2447;"Maquina 2: [17 (5), 9 (81), 11 (54), 2 (49), 22 (20), 13 (35), 30 (59), 3 (90), 31 (71), 5 (88), 24 (92)]";4169;"Maquina 3: [35 (8), 1 (30), 36 (83), 33 (20), 34 (37), 19 (72), 18 (97), 20 (83), 12 (90), 4 (90)]";3428;"Maquina 4: [23 (55), 0 (38), 38 (12), 39 (30), 6 (75), 32 (68), 8 (44), 37 (99), 25 (95), 27 (61)]";3195
Multiarranque;40;4;12905;163.0;100;"Maquina 1: [17 (5), 35 (8), 23 (55), 15 (25), 30 (59), 9 (81), 14 (70), 11 (54), 7 (77), 26 (91)]";2962;"Maquina 2: [34 (37), 10 (4), 29 (17), 39 (30), 13 (35), 28 (30), 0 (38), 36 (83), 25 (95), 24 (92), 4 (90)]";2963;"Maquina 3: [33 (20), 2 (49), 16 (61), 22 (20), 27 (61), 1 (30), 3 (90), 20 (83), 12 (90), 37 (99)]";3749;"Maquina 4: [19 (72), 38 (12), 8 (44), 32 (68), 31 (71), 5 (88), 6 (75), 21 (97), 18 (97)]";3231
GREEDY;40;4;11756;0.0;1;"Maquina 1: [0 (3), 20 (7), 28 (19), 11 (78), 32 (28), 17 (83), 22 (46), 23 (60), 25 (80), 16 (91)]";2718;"Maquina 2: [6 (10), 35 (5), 18 (21), 29 (46), 9 (60), 27 (31), 19 (82), 21 (68), 13 (78), 34 (93), 37 (87)]";3284;"Maquina 3: [3 (6), 26 (15), 39 (82), 1 (50), 15 (20), 8 (40), 36 (61), 38 (89), 14 (79)]";2763;"Maquina 4: [10 (17), 4 (6), 24 (41), 31 (26), 12 (48), 5 (61), 2 (76), 33 (80), 30 (91), 7 (86)]";2991
GRASP;40;4;10742;139.0;100;"Maquina 1: [6 (10), 26 (15), 27 (31), 18 (21), 1 (50), 38 (89), 19 (82), 23 (60), 13 (78), 34 (93)]";2794;"Maquina 2: [35 (5), 4 (6), 0 (3), 9 (60), 15 (20), 37 (87), 5 (61), 32 (28), 17 (83), 33 (80)]";2076;"Maquina 3: [29 (46), 28 (19), 3 (6), 25 (80), 8 (40), 2 (76), 36 (61), 14 (79), 16 (91), 39 (82)]";2869;"Maquina 4: [31 (26), 20 (7), 7 (86), 10 (17), 24 (41), 12 (48), 22 (46), 11 (78), 21 (68), 30 (91)]";3003
LNS;40;4;11683;7.0;100;"Maquina 1: [0 (3), 20 (7), 28 (19), 11 (78), 32 (28), 17 (83), 22 (46), 23 (60), 25 (80), 16 (91)]";2718;"Maquina 2: [6 (10), 35 (5), 18 (21), 29 (46), 9 (60), 27 (31), 19 (82), 21 (68), 13 (78), 34 (93), 37 (87)]";3284;"Maquina 3: [3 (6), 26 (15), 39 (82), 36 (61), 15 (20), 8 (40), 1 (50), 38 (89), 14 (79)]";2690;"Maquina 4: [10 (17), 4 (6), 24 (41), 31 (26), 12 (48), 5 (61), 2 (76), 33 (80), 30 (91), 7 (86)]";2991
TABÚ;40;4;11108;41.0;100;"Maquina 1: [6 (10), 35 (5), 11 (78), 32 (28), 18 (21), 23 (60), 5 (61), 14 (79), 7 (86), 33 (80)]";2856;"Maquina 2: [4 (6), 27 (31), 21 (68), 26 (15), 24 (41), 36 (61), 13 (78), 34 (93), 38 (89), 19 (82)]";2929;"Maquina 3: [28 (19), 3 (6), 30 (91), 31 (26), 25 (80), 37 (87), 8 (40), 2 (76), 39 (82), 17 (83)]";3241;"Maquina 4: [0 (3), 20 (7), 15 (20), 10 (17), 12 (48), 22 (46), 1 (50), 29 (46), 9 (60), 16 (91)]";2082
VNS;40;4;11279;3279.0;100;"Maquina 1: [0 (3), 20 (7), 28 (19), 11 (78), 32 (28), 17 (83), 22 (46), 23 (60), 25 (80), 16 (91)]";2718;"Maquina 2: [6 (10), 35 (5), 18 (21), 29 (46), 9 (60), 27 (31), 19 (82), 21 (68), 13 (78), 34 (93), 37 (87)]";3284;"Maquina 3: [3 (6), 26 (15), 39 (82), 1 (50), 4 (6), 8 (40), 36 (61), 38 (89), 14 (79)]";2318;"Maquina 4: [10 (17), 15 (20), 24 (41), 31 (26), 12 (48), 5 (61), 2 (76), 33 (80), 30 (91), 7 (86)]";2959
Multiarranque;40;4;11172;163.0;100;"Maquina 1: [35 (5), 20 (7), 26 (15), 24 (41), 8 (40), 12 (48), 23 (60), 13 (78), 34 (93), 37 (87), 11 (78)]";3042;"Maquina 2: [0 (3), 15 (20), 10 (17), 27 (31), 18 (21), 25 (80), 29 (46), 19 (82), 21 (68), 39 (82), 17 (83)]";2931;"Maquina 3: [31 (26), 28 (19), 9 (60), 6 (10), 2 (76), 1 (50), 5 (61), 16 (91), 7 (86)]";2624;"Maquina 4: [22 (46), 4 (6), 3 (6), 14 (79), 33 (80), 30 (91), 32 (28), 36 (61), 38 (89)]";2575
GREEDY;40;4;11970;1.0;1;"Maquina 1: [9 (1), 2 (7), 11 (33), 29 (53), 18 (37), 20 (28), 5 (91), 39 (79), 7 (60), 8 (68)]";3017;"Maquina 2: [4 (34), 24 (11), 35 (79), 23 (2), 25 (28), 34 (42), 0 (61), 22 (59), 6 (71), 32 (88)]";2754;"Maquina 3: [3 (20), 28 (2), 33 (74), 37 (34), 17 (30), 26 (46), 15 (63), 1 (98), 38 (59), 14 (81)]";3086;"Maquina 4: [31 (4), 27 (32), 19 (23), 21 (34), 30 (85), 36 (59), 10 (38), 16 (73), 13 (98), 12 (63)]";3113
GRASP;40;4;10496;139.0;100;"Maquina 1: [28 (2), 25 (28), 23 (2), 26 (46), 15 (63), 12 (63), 18 (37), 39 (79), 36 (59), 35 (79)]";2399;"Maquina 2: [9 (1), 2 (7), 4 (34), 37 (34), 17 (30), 33 (74), 22 (59), 38 (59), 7 (60), 30 (85)]";2398;"Maquina 3: [3 (20), 11 (33), 14 (81), 31 (4), 8 (68), 10 (38), 6 (71), 34 (42), 29 (53), 13 (98)]";2980;"Maquina 4: [27 (32), 19 (23), 21 (34), 20 (28), 24 (11), 16 (73), 0 (61), 1 (98), 32 (88), 5 (91)]";2719
LNS;40;4;11650;7.0;100;"Maquina 1: [9 (1), 2 (7), 11 (33), 7 (60), 18 (37), 20 (28), 5 (91), 29 (53), 39 (79), 8 (68)]";2882;"Maquina 2: [4 (34), 24 (11), 35 (79), 23 (2), 25 (28), 34 (42), 0 (61), 22 (59), 6 (71), 32 (88)]";2754;"Maquina 3: [3 (20), 28 (2), 33 (74), 37 (34), 17 (30), 26 (46), 15 (63), 1 (98), 38 (59), 14 (81)]";3086;"Maquina 4: [31 (4), 27 (32), 19 (23), 21 (34), 30 (85), 10 (38), 16 (73), 36 (59), 13 (98), 12 (63)]";2928
TABÚ;40;4;10793;39.0;100;"Maquina 1: [18 (37), 28 (2), 6 (71), 21 (34), 39 (79), 15 (63), 3 (20), 38 (59), 34 (42), 22 (59)]";2906;"Maquina 2: [2 (7), 23 (2), 29 (53), 11 (33), 14 (81), 7 (60), 12 (63), 5 (91), 33 (74), 30 (85)]";2793;"Maquina 3: [20 (28), 25 (28), 37 (34), 17 (30), 26 (46), 4 (34), 16 (73), 0 (61), 35 (79), 13 (98)]";2675;"Maquina 4: [27 (32), 19 (23), 24 (11), 9 (1), 36 (59), 31 (4), 8 (68), 10 (38), 1 (98), 32 (88)]";2419
VNS;40;4;10841;2407.0;100;"Maquina 1: [9 (1), 2 (7), 11 (33), 7 (60), 18 (37), 5 (91), 38 (59), 32 (88), 8 (68)]";2321;"Maquina 2: [20 (28), 4 (34), 24 (11), 35 (79), 23 (2), 3 (20), 34 (42), 29 (53), 22 (59), 6 (71), 0 (61)]";2859;"Maquina 3: [25 (28), 28 (2), 33 (74), 37 (34), 17 (30), 26 (46), 15 (63), 30 (85), 14 (81)]";2231;"Maquina 4: [31 (4), 27 (32), 19 (23), 21 (34), 39 (79), 36 (59), 10 (38), 16 (73), 1 (98), 13 (98), 12 (63)]";3430
Multiarranque;40;4;10547;165.0;100;"Maquina 1: [28 (2), 9 (1), 2 (7), 23 (2), 34 (42), 29 (53), 11 (33), 14 (81), 12 (63), 5 (91), 1 (98), 13 (98)]";3031;"Maquina 2: [25 (28), 10 (38), 17 (30), 35 (79), 3 (20), 39 (79), 36 (59), 6 (71), 30 (85)]";2716;"Maquina 3: [37 (34), 31 (4), 27 (32), 19 (23), 22 (59), 38 (59), 18 (37), 0 (61), 15 (63), 33 (74)]";2519;"Maquina 4: [26 (46), 21 (34), 20 (28), 4 (34), 24 (11), 16 (73), 8 (68), 32 (88), 7 (60)]";2281
GREEDY;40;4;13101;0.0;1;"Maquina 1: [12 (16), 1 (2), 18 (68), 3 (29), 34 (34), 11 (91), 13 (57), 19 (52), 17 (83), 14 (77)]";2990;"Maquina 2: [21 (18), 8 (44), 25 (2), 26 (32), 10 (53), 16 (68), 32 (57), 31 (78), 24 (83), 23 (91)]";3269;"Maquina 3: [35 (53), 29 (32), 5 (11), 33 (89), 30 (71), 4 (23), 39 (57), 7 (99), 38 (50), 9 (83)]";3489;"Maquina 4: [27 (15), 28 (25), 0 (61), 15 (53), 22 (29), 37 (84), 2 (50), 36 (68), 6 (81), 20 (92)]";3353
GRASP;40;4;11257;140.0;100;"Maquina 1: [1 (2), 25 (2), 2 (50), 4 (23), 13 (57), 19 (52), 34 (34), 30 (71), 24 (83), 39 (57), 11 (91)]";2899;"Maquina 2: [21 (18), 29 (32), 22 (29), 37 (84), 36 (68), 23 (91), 32 (57), 33 (89), 14 (77)]";2713;"Maquina 3: [26 (32), 27 (15), 12 (16), 0 (61), 15 (53), 18 (68), 31 (78), 17 (83), 35 (53), 6 (81)]";2869;"Maquina 4: [28 (25), 5 (11), 3 (29), 10 (53), 38 (50), 16 (68), 20 (92), 8 (44), 9 (83), 7 (99)]";2776
LNS;40;4;13041;9.0;100;"Maquina 1: [12 (16), 1 (2), 18 (68), 3 (29), 34 (34), 11 (91), 13 (57), 19 (52), 17 (83), 14 (77)]";2990;"Maquina 2: [25 (2), 8 (44), 21 (18), 26 (32), 10 (53), 16 (68), 32 (57), 31 (78), 24 (83), 23 (91)]";3209;"Maquina 3: [35 (53), 29 (32), 5 (11), 33 (89), 30 (71), 4 (23), 39 (57), 7 (99), 38 (50), 9 (83)]";3489;"Maquina 4: [27 (15), 28 (25), 0 (61), 15 (53), 22 (29), 37 (84), 2 (50), 36 (68), 6 (81), 20 (92)]";3353
TABÚ;40;4;11564;43.0;100;"Maquina 1: [12 (16), 1 (2), 25 (2), 35 (53), 3 (29), 15 (53), 37 (84), 14 (77), 16 (68), 20 (92), 33 (89)]";2907;"Maquina 2: [27 (15), 34 (34), 22 (29), 8 (44), 26 (32), 19 (52), 0 (61), 11 (91), 7 (99)]";2234;"Maquina 3: [13 (57), 28 (25), 5 (11), 18 (68), 36 (68), 4 (23), 10 (53), 38 (50), 6 (81), 23 (91)]";3055;"Maquina 4: [32 (57), 9 (83), 21 (18), 29 (32), 39 (57), 2 (50), 31 (78), 17 (83), 30 (71), 24 (83)]";3368
VNS;40;4;12175;2465.0;100;"Maquina 1: [21 (18), 18 (68), 3 (29), 34 (34), 30 (71), 13 (57), 19 (52), 17 (83), 14 (77)]";2531;"Maquina 2: [8 (44), 25 (2), 26 (32), 10 (53), 16 (68), 32 (57), 9 (83), 24 (83), 33 (89), 11 (91)]";3225;"Maquina 3: [35 (53), 29 (32), 1 (2), 5 (11), 31 (78), 4 (23), 39 (57), 7 (99), 38 (50), 6 (81)]";2650;"Maquina 4: [12 (16), 27 (15), 28 (25), 0 (61), 15 (53), 22 (29), 37 (84), 2 (50), 36 (68), 23 (91), 20 (92)]";3769
Multiarranque;40;4;11898;162.0;100;"Maquina 1: [25 (2), 26 (32), 39 (57), 33 (89), 23 (91), 18 (68), 36 (68), 24 (83), 17 (83)]";3115;"Maquina 2: [27 (15), 35 (53), 22 (29), 4 (23), 8 (44), 15 (53), 6 (81), 9 (83), 13 (57), 11 (91)]";3148;"Maquina 3: [12 (16), 1 (2), 5 (11), 3 (29), 10 (53), 16 (68), 34 (34), 30 (71), 32 (57), 14 (77), 20 (92)]";2741;"Maquina 4: [28 (25), 29 (32), 21 (18), 19 (52), 38 (50), 0 (61), 2 (50), 31 (78), 37 (84), 7 (99)]";2894
GREEDY;40;4;12877;0.0;1;"Maquina 1: [26 (3), 39 (10), 1 (58), 17 (42), 28 (40), 16 (71), 10 (23), 29 (70), 36 (80), 15 (91)]";2923;"Maquina 2: [31 (24), 8 (5), 13 (41), 20 (12), 7 (34), 12 (75), 34 (63), 14 (84), 27 (99), 30 (49), 11 (90)]";3727;"Maquina 3: [21 (23), 25 (12), 22 (5), 35 (58), 18 (43), 24 (89), 5 (71), 38 (79), 2 (37), 3 (99)]";3178;"Maquina 4: [4 (32), 9 (17), 33 (54), 6 (7), 37 (40), 32 (98), 23 (68), 19 (76), 0 (85)]";3049
GRASP;40;4;11263;141.0;100;"Maquina 1: [6 (7), 26 (3), 22 (5), 37 (40), 28 (40), 13 (41), 33 (54), 29 (70), 3 (99), 0 (85)]";2365;"Maquina 2: [31 (24), 8 (5), 27 (99), 2 (37), 39 (10), 34 (63), 38 (79), 16 (71), 18 (43), 19 (76)]";3071;"Maquina 3: [10 (23), 20 (12), 21 (23), 9 (17), 32 (98), 36 (80), 14 (84), 30 (49), 35 (58), 11 (90)]";2869;"Maquina 4: [7 (34), 4 (32), 25 (12), 17 (42), 1 (58), 24 (89), 5 (71), 23 (68), 12 (75), 15 (91)]";2958
LNS;40;4;12877;7.0;100;"Maquina 1: [26 (3), 39 (10), 1 (58), 17 (42), 28 (40), 16 (71), 10 (23), 29 (70), 36 (80), 15 (91)]";2923;"Maquina 2: [31 (24), 8 (5), 13 (41), 20 (12), 7 (34), 12 (75), 34 (63), 14 (84), 27 (99), 30 (49), 11 (90)]";3727;"Maquina 3: [21 (23), 25 (12), 22 (5), 35 (58), 18 (43), 24 (89), 5 (71), 38 (79), 2 (37), 3 (99)]";3178;"Maquina 4: [4 (32), 9 (17), 33 (54), 6 (7), 37 (40), 32 (98), 23 (68), 19 (76), 0 (85)]";3049
TABÚ;40;4;11221;41.0;100;"Maquina 1: [8 (5), 26 (3), 39 (10), 2 (37), 17 (42), 24 (89), 11 (90), 33 (54), 19 (76)]";2071;"Maquina 2: [22 (5), 4 (32), 25 (12), 21 (23), 9 (17), 7 (34), 1 (58), 35 (58), 34 (63), 3 (99), 23 (68)]";2849;"Maquina 3: [6 (7), 18 (43), 31 (24), 5 (71), 37 (40), 12 (75), 38 (79), 16 (71), 0 (85), 15 (91)]";3210;"Maquina 4: [30 (49), 20 (12), 13 (41), 10 (23), 28 (40), 29 (70), 32 (98), 36 (80), 14 (84), 27 (99)]";3091
VNS;40;4;11885;2678.0;100;"Maquina 1: [7 (34), 39 (10), 1 (58), 17 (42), 28 (40), 16 (71), 10 (23), 29 (70), 0 (85), 2 (37)]";2950;"Maquina 2: [31 (24), 8 (5), 13 (41), 20 (12), 26 (3), 15 (91), 34 (63), 14 (84), 33 (54), 11 (90)]";2664;"Maquina 3: [21 (23), 25 (12), 22 (5), 6 (7), 18 (43), 24 (89), 5 (71), 38 (79), 27 (99), 12 (75), 19 (76)]";3358;"Maquina 4: [4 (32), 9 (17), 30 (49), 35 (58), 37 (40), 32 (98), 23 (68), 3 (99), 36 (80)]";2913
Multiarranque;40;4;11836;174.0;100;"Maquina 1: [31 (24), 22 (5), 6 (7), 26 (3), 39 (10), 1 (58), 17 (42), 28 (40), 21 (23), 29 (70), 30 (49), 15 (91)]";2931;"Maquina 2: [8 (5), 20 (12), 4 (32), 25 (12), 13 (41), 33 (54), 5 (71), 36 (80), 23 (68), 3 (99)]";2638;"Maquina 3: [35 (58), 18 (43), 19 (76), 10 (23), 14 (84), 27 (99), 2 (37), 37 (40), 32 (98)]";3157;"Maquina 4: [34 (63), 9 (17), 7 (34), 12 (75), 38 (79), 16 (71), 0 (85), 11 (90), 24 (89)]";3110
