GREEDY;40;8;7892;0.0;1;"Maquina 1: [1 (2), 19 (52), 17 (83), 3 (29), 16 (68)]";865;"Maquina 2: [25 (2), 7 (99), 22 (29), 9 (83), 0 (61)]";1129;"Maquina 3: [5 (11), 26 (32), 13 (57), 11 (91), 36 (68)]";931;"Maquina 4: [29 (32), 27 (15), 37 (84), 10 (53), 18 (68)]";973;"Maquina 5: [39 (57), 12 (16), 34 (34), 30 (71), 24 (83)]";884;"Maquina 6: [8 (44), 21 (18), 35 (53), 23 (91), 14 (77)]";1053;"Maquina 7: [4 (23), 32 (57), 2 (50), 20 (92), 6 (81)]";1081;"Maquina 8: [15 (53), 28 (25), 38 (50), 31 (78), 33 (89)]";976
GRASP;40;8;6315;176.0;100;"Maquina 1: [1 (2), 30 (71), 4 (23), 39 (57), 23 (91)]";673;"Maquina 2: [21 (18), 26 (32), 19 (52), 0 (61), 11 (91)]";714;"Maquina 3: [12 (16), 8 (44), 9 (83), 20 (92), 33 (89)]";913;"Maquina 4: [25 (2), 2 (50), 15 (53), 32 (57), 37 (84)]";672;"Maquina 5: [28 (25), 5 (11), 3 (29), 14 (77), 24 (83)]";613;"Maquina 6: [18 (68), 29 (32), 6 (81), 35 (53), 38 (50)]";942;"Maquina 7: [27 (15), 34 (34), 31 (78), 10 (53), 36 (68)]";730;"Maquina 8: [22 (29), 13 (57), 16 (68), 7 (99), 17 (83)]";1058
LNS;40;8;7803;3.0;100;"Maquina 1: [1 (2), 19 (52), 17 (83), 3 (29), 16 (68)]";865;"Maquina 2: [22 (29), 7 (99), 25 (2), 9 (83), 0 (61)]";1058;"Maquina 3: [5 (11), 26 (32), 13 (57), 11 (91), 36 (68)]";931;"Maquina 4: [29 (32), 27 (15), 37 (84), 10 (53), 18 (68)]";973;"Maquina 5: [39 (57), 12 (16), 34 (34), 30 (71), 24 (83)]";884;"Maquina 6: [21 (18), 8 (44), 35 (53), 23 (91), 14 (77)]";1035;"Maquina 7: [4 (23), 32 (57), 2 (50), 20 (92), 6 (81)]";1081;"Maquina 8: [15 (53), 28 (25), 38 (50), 31 (78), 33 (89)]";976
TABÚ;40;8;5980;54.0;100;"Maquina 1: [27 (15), 35 (53), 38 (50), 0 (61), 14 (77)]";744;"Maquina 2: [1 (2), 5 (11), 16 (68), 32 (57), 37 (84)]";575;"Maquina 3: [29 (32), 25 (2), 2 (50), 20 (92), 6 (81)]";665;"Maquina 4: [21 (18), 13 (57), 11 (91), 36 (68), 33 (89)]";864;"Maquina 5: [4 (23), 39 (57), 10 (53), 18 (68), 31 (78)]";870;"Maquina 6: [26 (32), 19 (52), 34 (34), 30 (71), 23 (91)]";754;"Maquina 7: [12 (16), 8 (44), 28 (25), 17 (83), 9 (83)]";691;"Maquina 8: [22 (29), 3 (29), 15 (53), 24 (83), 7 (99)]";817
VNS;40;8;6637;1961.0;100;"Maquina 1: [29 (32), 25 (2), 19 (52), 9 (83), 8 (44), 20 (92)]";992;"Maquina 2: [35 (53), 22 (29), 16 (68), 32 (57), 33 (89)]";957;"Maquina 3: [34 (34), 26 (32), 10 (53), 13 (57), 11 (91)]";777;"Maquina 4: [1 (2), 27 (15), 0 (61), 14 (77), 17 (83)]";669;"Maquina 5: [12 (16), 3 (29), 6 (81), 24 (83)]";524;"Maquina 6: [5 (11), 21 (18), 7 (99), 23 (91), 30 (71)]";939;"Maquina 7: [4 (23), 39 (57), 2 (50), 37 (84), 36 (68)]";872;"Maquina 8: [15 (53), 28 (25), 38 (50), 31 (78), 18 (68)]";907
Multiarranque;40;8;6657;183.0;100;"Maquina 1: [5 (11), 34 (34), 26 (32), 37 (84), 36 (68)]";653;"Maquina 2: [3 (29), 30 (71), 23 (91), 39 (57)]";795;"Maquina 3: [21 (18), 19 (52), 9 (83), 35 (53), 11 (91)]";839;"Maquina 4: [27 (15), 32 (57), 33 (89), 28 (25), 31 (78)]";843;"Maquina 5: [12 (16), 1 (2), 8 (44), 16 (68), 14 (77), 24 (83)]";888;"Maquina 6: [25 (2), 2 (50), 29 (32), 6 (81), 0 (61), 18 (68)]";1012;"Maquina 7: [15 (53), 10 (53), 22 (29), 7 (99)]";596;"Maquina 8: [4 (23), 38 (50), 17 (83), 13 (57), 20 (92)]";1031
GREEDY;40;8;7333;0.0;1;"Maquina 1: [9 (1), 22 (59), 6 (71), 20 (28), 5 (91)]";961;"Maquina 2: [23 (2), 25 (28), 7 (60), 18 (37), 35 (79)]";686;"Maquina 3: [28 (2), 17 (30), 15 (63), 34 (42), 14 (81)]";864;"Maquina 4: [31 (4), 27 (32), 30 (85), 10 (38), 0 (61)]";908;"Maquina 5: [2 (7), 26 (46), 12 (63), 11 (33), 39 (79)]";711;"Maquina 6: [4 (34), 24 (11), 8 (68), 29 (53), 32 (88)]";942;"Maquina 7: [21 (34), 1 (98), 3 (20), 38 (59), 16 (73)]";1078;"Maquina 8: [37 (34), 19 (23), 36 (59), 33 (74), 13 (98)]";1183
GRASP;40;8;5629;175.0;100;"Maquina 1: [2 (7), 23 (2), 29 (53), 32 (88), 5 (91)]";609;"Maquina 2: [28 (2), 25 (28), 10 (38), 16 (73), 1 (98)]";577;"Maquina 3: [31 (4), 4 (34), 33 (74), 22 (59), 18 (37)]";655;"Maquina 4: [27 (32), 26 (46), 12 (63), 11 (33), 7 (60)]";792;"Maquina 5: [24 (11), 15 (63), 6 (71), 21 (34), 30 (85)]";811;"Maquina 6: [9 (1), 39 (79), 37 (34), 36 (59), 14 (81)]";701;"Maquina 7: [19 (23), 34 (42), 17 (30), 0 (61), 35 (79)]";689;"Maquina 8: [20 (28), 3 (20), 38 (59), 13 (98), 8 (68)]";795
LNS;40;8;7119;2.0;100;"Maquina 1: [22 (59), 9 (1), 6 (71), 20 (28), 5 (91)]";932;"Maquina 2: [23 (2), 25 (28), 7 (60), 18 (37), 35 (79)]";686;"Maquina 3: [17 (30), 28 (2), 15 (63), 34 (42), 14 (81)]";829;"Maquina 4: [27 (32), 31 (4), 30 (85), 10 (38), 0 (61)]";880;"Maquina 5: [2 (7), 26 (46), 12 (63), 11 (33), 39 (79)]";711;"Maquina 6: [4 (34), 24 (11), 8 (68), 29 (53), 32 (88)]";942;"Maquina 7: [21 (34), 1 (98), 3 (20), 38 (59), 16 (73)]";1078;"Maquina 8: [36 (59), 37 (34), 19 (23), 33 (74), 13 (98)]";1061
TABÚ;40;8;5600;54.0;100;"Maquina 1: [2 (7), 10 (38), 17 (30), 26 (46), 15 (63), 32 (88)]";853;"Maquina 2: [21 (34), 20 (28), 4 (34), 29 (53), 35 (79)]";712;"Maquina 3: [28 (2), 9 (1), 39 (79), 37 (34), 13 (98)]";500;"Maquina 4: [23 (2), 25 (28), 27 (32), 16 (73), 1 (98)]";607;"Maquina 5: [24 (11), 22 (59), 31 (4), 8 (68), 6 (71)]";633;"Maquina 6: [3 (20), 38 (59), 34 (42), 36 (59), 14 (81)]";775;"Maquina 7: [12 (63), 11 (33), 0 (61), 7 (60), 30 (85)]";1015;"Maquina 8: [18 (37), 19 (23), 5 (91), 33 (74)]";505
VNS;40;8;6332;2291.0;100;"Maquina 1: [37 (34), 36 (59), 6 (71), 21 (34), 5 (91), 38 (59)]";1298;"Maquina 2: [20 (28), 23 (2), 25 (28), 22 (59), 9 (1), 16 (73)]";766;"Maquina 3: [34 (42), 17 (30), 35 (79), 29 (53), 32 (88)]";970;"Maquina 4: [27 (32), 31 (4), 30 (85), 10 (38), 0 (61)]";880;"Maquina 5: [2 (7), 26 (46), 12 (63), 11 (33), 14 (81)]";665;"Maquina 6: [4 (34), 24 (11), 15 (63), 39 (79)]";447;"Maquina 7: [7 (60), 3 (20), 8 (68), 1 (98)]";679;"Maquina 8: [18 (37), 19 (23), 28 (2), 13 (98), 33 (74)]";627
Multiarranque;40;8;6104;184.0;100;"Maquina 1: [37 (34), 20 (28), 3 (20), 39 (79), 30 (85)]";884;"Maquina 2: [28 (2), 25 (28), 11 (33), 12 (63), 33 (74), 13 (98)]";881;"Maquina 3: [17 (30), 26 (46), 6 (71), 35 (79)]";683;"Maquina 4: [31 (4), 27 (32), 19 (23), 22 (59), 36 (59), 14 (81)]";931;"Maquina 5: [18 (37), 21 (34), 7 (60), 5 (91)]";630;"Maquina 6: [23 (2), 29 (53), 10 (38), 8 (68), 32 (88)]";697;"Maquina 7: [4 (34), 38 (59), 16 (73), 1 (98)]";759;"Maquina 8: [24 (11), 2 (7), 9 (1), 34 (42), 0 (61), 15 (63)]";639
GREEDY;40;8;5353;0.0;1;"Maquina 1: [2 (34), 26 (2), 21 (63), 25 (19), 20 (92)]";620;"Maquina 2: [35 (6), 32 (21), 10 (36), 27 (74), 0 (97)]";736;"Maquina 3: [36 (6), 16 (23), 22 (33), 1 (58), 24 (89)]";587;"Maquina 4: [28 (25), 11 (7), 38 (34), 39 (91), 3 (61)]";583;"Maquina 5: [9 (12), 8 (51), 31 (86), 5 (29), 30 (99)]";786;"Maquina 6: [17 (13), 13 (44), 18 (30), 14 (79), 7 (94)]";677;"Maquina 7: [37 (15), 23 (32), 15 (43), 12 (83), 33 (98)]";736;"Maquina 8: [4 (19), 34 (32), 19 (43), 29 (66), 6 (94)]";628
GRASP;40;8;4874;174.0;100;"Maquina 1: [11 (7), 29 (66), 16 (23), 22 (33), 31 (86)]";565;"Maquina 2: [36 (6), 5 (29), 28 (25), 15 (43), 30 (99)]";487;"Maquina 3: [34 (32), 25 (19), 35 (6), 3 (61), 1 (58)]";495;"Maquina 4: [17 (13), 19 (43), 27 (74), 33 (98), 7 (94)]";817;"Maquina 5: [9 (12), 13 (44), 10 (36), 8 (51), 6 (94)]";618;"Maquina 6: [26 (2), 38 (34), 18 (30), 14 (79), 39 (91)]";553;"Maquina 7: [37 (15), 23 (32), 21 (63), 12 (83), 0 (97)]";724;"Maquina 8: [2 (34), 4 (19), 32 (21), 20 (92), 24 (89)]";615
LNS;40;8;5336;3.0;100;"Maquina 1: [2 (34), 26 (2), 21 (63), 25 (19), 20 (92)]";620;"Maquina 2: [35 (6), 32 (21), 10 (36), 27 (74), 0 (97)]";736;"Maquina 3: [36 (6), 22 (33), 16 (23), 1 (58), 24 (89)]";580;"Maquina 4: [28 (25), 11 (7), 38 (34), 39 (91), 3 (61)]";583;"Maquina 5: [9 (12), 8 (51), 31 (86), 5 (29), 30 (99)]";786;"Maquina 6: [17 (13), 13 (44), 18 (30), 14 (79), 7 (94)]";677;"Maquina 7: [37 (15), 15 (43), 23 (32), 12 (83), 33 (98)]";726;"Maquina 8: [4 (19), 34 (32), 19 (43), 29 (66), 6 (94)]";628
TABÚ;40;8;4827;55.0;100;"Maquina 1: [5 (29), 26 (2), 38 (34), 12 (83), 33 (98)]";574;"Maquina 2: [11 (7), 29 (66), 32 (21), 18 (30), 6 (94)]";543;"Maquina 3: [9 (12), 25 (19), 15 (43), 3 (61), 30 (99)]";572;"Maquina 4: [28 (25), 16 (23), 2 (34), 24 (89), 21 (63)]";683;"Maquina 5: [35 (6), 17 (13), 13 (44), 27 (74), 7 (94)]";555;"Maquina 6: [4 (19), 37 (15), 1 (58), 14 (79), 39 (91)]";614;"Maquina 7: [36 (6), 34 (32), 8 (51), 31 (86), 0 (97)]";668;"Maquina 8: [22 (33), 10 (36), 23 (32), 19 (43), 20 (92)]";618
VNS;40;8;4922;3125.0;100;"Maquina 1: [2 (34), 26 (2), 21 (63), 8 (51), 3 (61)]";576;"Maquina 2: [35 (6), 37 (15), 5 (29), 27 (74), 0 (97)]";590;"Maquina 3: [36 (6), 16 (23), 22 (33), 25 (19), 1 (58), 24 (89)]";684;"Maquina 4: [28 (25), 11 (7), 38 (34), 39 (91), 31 (86)]";605;"Maquina 5: [17 (13), 10 (36), 20 (92), 30 (99)]";535;"Maquina 6: [9 (12), 13 (44), 18 (30), 14 (79), 7 (94)]";604;"Maquina 7: [32 (21), 15 (43), 23 (32), 12 (83), 33 (98)]";700;"Maquina 8: [4 (19), 34 (32), 19 (43), 29 (66), 6 (94)]";628
Multiarranque;40;8;5164;184.0;100;"Maquina 1: [2 (34), 26 (2), 21 (63), 8 (51), 20 (92)]";617;"Maquina 2: [35 (6), 32 (21), 10 (36), 27 (74), 0 (97)]";736;"Maquina 3: [36 (6), 22 (33), 16 (23), 1 (58), 24 (89)]";580;"Maquina 4: [28 (25), 11 (7), 38 (34), 39 (91), 3 (61)]";583;"Maquina 5: [9 (12), 25 (19), 31 (86), 5 (29), 30 (99)]";617;"Maquina 6: [17 (13), 13 (44), 18 (30), 14 (79), 7 (94)]";677;"Maquina 7: [37 (15), 15 (43), 23 (32), 12 (83), 33 (98)]";726;"Maquina 8: [4 (19), 34 (32), 19 (43), 29 (66), 6 (94)]";628
GREEDY;40;8;5987;0.0;1;"Maquina 1: [31 (5), 10 (27), 15 (49), 17 (62), 25 (74)]";626;"Maquina 2: [0 (10), 6 (28), 12 (50), 30 (74), 34 (63)]";668;"Maquina 3: [4 (29), 2 (14), 3 (75), 27 (50), 32 (65)]";624;"Maquina 4: [38 (16), 16 (29), 18 (50), 9 (64), 26 (77)]";725;"Maquina 5: [19 (31), 7 (17), 24 (69), 37 (51), 36 (98)]";844;"Maquina 6: [20 (20), 8 (59), 29 (38), 23 (70), 14 (88)]";791;"Maquina 7: [39 (24), 22 (39), 11 (53), 1 (74), 28 (99)]";905;"Maquina 8: [35 (25), 5 (61), 33 (46), 13 (71), 21 (95)]";804
GRASP;40;8;5455;171.0;100;"Maquina 1: [31 (5), 10 (27), 15 (49), 12 (50), 9 (64)]";548;"Maquina 2: [39 (24), 0 (10), 27 (50), 8 (59), 26 (77)]";575;"Maquina 3: [38 (16), 16 (29), 13 (71), 23 (70), 36 (98)]";718;"Maquina 4: [4 (29), 2 (14), 18 (50), 24 (69), 21 (95)]";648;"Maquina 5: [19 (31), 20 (20), 37 (51), 5 (61), 28 (99)]";671;"Maquina 6: [29 (38), 35 (25), 11 (53), 17 (62), 3 (75)]";759;"Maquina 7: [22 (39), 7 (17), 32 (65), 34 (63), 30 (74)]";711;"Maquina 8: [6 (28), 33 (46), 1 (74), 14 (88), 25 (74)]";825
LNS;40;8;5959;3.0;100;"Maquina 1: [31 (5), 10 (27), 15 (49), 17 (62), 25 (74)]";626;"Maquina 2: [0 (10), 6 (28), 12 (50), 30 (74), 34 (63)]";668;"Maquina 3: [4 (29), 2 (14), 3 (75), 27 (50), 32 (65)]";624;"Maquina 4: [38 (16), 16 (29), 18 (50), 9 (64), 26 (77)]";725;"Maquina 5: [7 (17), 19 (31), 24 (69), 37 (51), 36 (98)]";823;"Maquina 6: [20 (20), 8 (59), 29 (38), 23 (70), 14 (88)]";791;"Maquina 7: [39 (24), 1 (74), 11 (53), 22 (39), 28 (99)]";898;"Maquina 8: [35 (25), 5 (61), 33 (46), 13 (71), 21 (95)]";804
TABÚ;40;8;5497;55.0;100;"Maquina 1: [16 (29), 0 (10), 6 (28), 34 (63), 23 (70)]";546;"Maquina 2: [38 (16), 19 (31), 9 (64), 11 (53), 3 (75)]";663;"Maquina 3: [2 (14), 10 (27), 27 (50), 17 (62), 36 (98)]";593;"Maquina 4: [31 (5), 15 (49), 12 (50), 32 (65), 21 (95)]";676;"Maquina 5: [22 (39), 7 (17), 25 (74), 5 (61), 26 (77)]";754;"Maquina 6: [39 (24), 18 (50), 29 (38), 1 (74), 28 (99)]";779;"Maquina 7: [37 (51), 20 (20), 33 (46), 30 (74), 24 (69)]";747;"Maquina 8: [35 (25), 8 (59), 4 (29), 13 (71), 14 (88)]";739
VNS;40;8;5586;3501.0;100;"Maquina 1: [31 (5), 10 (27), 15 (49), 26 (77), 9 (64)]";613;"Maquina 2: [18 (50), 6 (28), 34 (63), 30 (74), 24 (69)]";821;"Maquina 3: [4 (29), 2 (14), 3 (75), 17 (62), 12 (50)]";635;"Maquina 4: [38 (16), 16 (29), 0 (10), 8 (59), 25 (74)]";475;"Maquina 5: [19 (31), 7 (17), 32 (65), 37 (51), 36 (98)]";717;"Maquina 6: [20 (20), 27 (50), 29 (38), 23 (70), 22 (39)]";630;"Maquina 7: [39 (24), 1 (74), 11 (53), 14 (88), 28 (99)]";891;"Maquina 8: [35 (25), 5 (61), 33 (46), 13 (71), 21 (95)]";804
Multiarranque;40;8;5751;183.0;100;"Maquina 1: [6 (28), 35 (25), 4 (29), 2 (14), 37 (51), 34 (63)]";772;"Maquina 2: [39 (24), 7 (17), 33 (46), 30 (74), 36 (98)]";710;"Maquina 3: [20 (20), 22 (39), 18 (50), 5 (61), 24 (69)]";658;"Maquina 4: [0 (10), 16 (29), 1 (74), 23 (70), 26 (77)]";727;"Maquina 5: [29 (38), 8 (59), 10 (27), 15 (49), 13 (71)]";740;"Maquina 6: [38 (16), 12 (50), 27 (50), 28 (99), 14 (88)]";783;"Maquina 7: [31 (5), 19 (31), 17 (62), 3 (75), 32 (65)]";659;"Maquina 8: [9 (64), 11 (53), 21 (95), 25 (74)]";702
GREEDY;40;8;5063;0.0;1;"Maquina 1: [19 (9), 9 (2), 18 (29), 32 (80), 25 (56)]";553;"Maquina 2: [31 (10), 30 (2), 6 (43), 16 (67), 24 (90)]";653;"Maquina 3: [10 (13), 3 (4), 35 (31), 15 (56), 22 (98), 37 (77)]";828;"Maquina 4: [7 (4), 38 (18), 0 (34), 1 (66), 5 (85)]";641;"Maquina 5: [26 (33), 12 (5), 20 (20), 36 (82), 14 (67)]";563;"Maquina 6: [33 (20), 17 (6), 34 (67), 28 (46), 29 (89)]";647;"Maquina 7: [4 (23), 23 (7), 11 (48), 27 (74), 39 (96)]";703;"Maquina 8: [8 (8), 2 (27), 13 (52), 21 (76)]";475
GRASP;40;8;4177;172.0;100;"Maquina 1: [17 (6), 9 (2), 38 (18), 14 (67), 24 (90)]";381;"Maquina 2: [30 (2), 2 (27), 26 (33), 16 (67), 36 (82)]";555;"Maquina 3: [12 (5), 23 (7), 25 (56), 28 (46), 13 (52), 27 (74)]";689;"Maquina 4: [3 (4), 35 (31), 20 (20), 6 (43), 22 (98)]";438;"Maquina 5: [7 (4), 10 (13), 4 (23), 34 (67), 37 (77)]";440;"Maquina 6: [0 (34), 8 (8), 11 (48), 21 (76), 5 (85)]";638;"Maquina 7: [19 (9), 1 (66), 32 (80), 29 (89)]";503;"Maquina 8: [31 (10), 18 (29), 33 (20), 15 (56), 39 (96)]";533
LNS;40;8;5054;3.0;100;"Maquina 1: [19 (9), 9 (2), 18 (29), 32 (80), 25 (56)]";553;"Maquina 2: [31 (10), 30 (2), 16 (67), 6 (43), 24 (90)]";644;"Maquina 3: [10 (13), 3 (4), 35 (31), 15 (56), 22 (98), 37 (77)]";828;"Maquina 4: [7 (4), 38 (18), 0 (34), 1 (66), 5 (85)]";641;"Maquina 5: [26 (33), 12 (5), 20 (20), 36 (82), 14 (67)]";563;"Maquina 6: [33 (20), 17 (6), 34 (67), 28 (46), 29 (89)]";647;"Maquina 7: [4 (23), 23 (7), 11 (48), 27 (74), 39 (96)]";703;"Maquina 8: [8 (8), 2 (27), 13 (52), 21 (76)]";475
TABÚ;40;8;4279;53.0;100;"Maquina 1: [35 (31), 17 (6), 34 (67), 26 (33), 36 (82)]";591;"Maquina 2: [3 (4), 9 (2), 33 (20), 29 (89), 37 (77)]";414;"Maquina 3: [30 (2), 20 (20), 38 (18), 25 (56), 5 (85), 16 (67)]";710;"Maquina 4: [12 (5), 28 (46), 31 (10), 14 (67), 15 (56)]";474;"Maquina 5: [19 (9), 1 (66), 2 (27), 39 (96), 22 (98)]";703;"Maquina 6: [0 (34), 18 (29), 32 (80), 6 (43)]";468;"Maquina 7: [23 (7), 8 (8), 11 (48), 21 (76), 27 (74)]";511;"Maquina 8: [7 (4), 10 (13), 4 (23), 13 (52), 24 (90)]";408
VNS;40;8;4461;2210.0;100;"Maquina 1: [7 (4), 9 (2), 31 (10), 18 (29), 0 (34), 22 (98)]";436;"Maquina 2: [4 (23), 11 (48), 21 (76), 36 (82)]";584;"Maquina 3: [19 (9), 10 (13), 3 (4), 35 (31), 1 (66), 15 (56)]";513;"Maquina 4: [38 (18), 28 (46), 16 (67), 5 (85)]";547;"Maquina 5: [26 (33), 12 (5), 20 (20), 6 (43), 24 (90)]";461;"Maquina 6: [33 (20), 17 (6), 34 (67), 32 (80), 29 (89)]";680;"Maquina 7: [30 (2), 23 (7), 27 (74), 25 (56), 39 (96)]";542;"Maquina 8: [8 (8), 14 (67), 2 (27), 13 (52), 37 (77)]";698
Multiarranque;40;8;4565;184.0;100;"Maquina 1: [8 (8), 20 (20), 19 (9), 34 (67), 22 (98)]";475;"Maquina 2: [9 (2), 31 (10), 11 (48), 32 (80), 24 (90)]";529;"Maquina 3: [30 (2), 0 (34), 13 (52), 25 (56), 5 (85)]";585;"Maquina 4: [28 (46), 12 (5), 33 (20), 37 (77), 16 (67)]";666;"Maquina 5: [23 (7), 18 (29), 38 (18), 15 (56), 27 (74)]";508;"Maquina 6: [4 (23), 2 (27), 1 (66), 36 (82)]";471;"Maquina 7: [17 (6), 10 (13), 14 (67), 26 (33), 39 (96)]";611;"Maquina 8: [7 (4), 3 (4), 35 (31), 6 (43), 29 (89), 21 (76)]";720
GREEDY;40;8;6805;0.0;1;"Maquina 1: [32 (17), 19 (45), 18 (1), 4 (66), 36 (83), 11 (97)]";1041;"Maquina 2: [9 (9), 0 (59), 7 (18), 39 (93), 28 (76)]";989;"Maquina 3: [10 (10), 38 (23), 16 (37), 14 (64), 29 (84)]";695;"Maquina 4: [3 (24), 15 (13), 12 (56), 37 (72), 13 (88)]";923;"Maquina 5: [31 (39), 33 (31), 6 (16), 27 (70), 5 (87)]";810;"Maquina 6: [30 (16), 22 (34), 35 (38), 25 (67), 1 (86)]";808;"Maquina 7: [34 (40), 8 (36), 21 (17), 23 (70), 2 (86)]";868;"Maquina 8: [20 (78), 24 (17), 26 (36), 17 (63)]";671
GRASP;40;8;5706;175.0;100;"Maquina 1: [24 (17), 16 (37), 3 (24), 25 (67), 28 (76)]";641;"Maquina 2: [26 (36), 0 (59), 31 (39), 36 (83), 13 (88)]";889;"Maquina 3: [38 (23), 9 (9), 20 (78), 35 (38), 23 (70)]";725;"Maquina 4: [15 (13), 18 (1), 10 (10), 37 (72), 5 (87)]";452;"Maquina 5: [12 (56), 8 (36), 21 (17), 14 (64), 11 (97)]";773;"Maquina 6: [30 (16), 32 (17), 1 (86), 33 (31), 4 (66)]";638;"Maquina 7: [6 (16), 17 (63), 19 (45), 2 (86), 39 (93)]";810;"Maquina 8: [7 (18), 34 (40), 22 (34), 27 (70), 29 (84)]";778
LNS;40;8;6805;3.0;100;"Maquina 1: [32 (17), 19 (45), 18 (1), 4 (66), 36 (83), 11 (97)]";1041;"Maquina 2: [9 (9), 0 (59), 7 (18), 39 (93), 28 (76)]";989;"Maquina 3: [10 (10), 38 (23), 16 (37), 14 (64), 29 (84)]";695;"Maquina 4: [3 (24), 15 (13), 12 (56), 37 (72), 13 (88)]";923;"Maquina 5: [31 (39), 33 (31), 6 (16), 27 (70), 5 (87)]";810;"Maquina 6: [30 (16), 22 (34), 35 (38), 25 (67), 1 (86)]";808;"Maquina 7: [34 (40), 8 (36), 21 (17), 23 (70), 2 (86)]";868;"Maquina 8: [20 (78), 24 (17), 26 (36), 17 (63)]";671
TABÚ;40;8;5560;54.0;100;"Maquina 1: [21 (17), 10 (10), 27 (70), 35 (38), 11 (97)]";659;"Maquina 2: [9 (9), 38 (23), 36 (83), 33 (31), 0 (59)]";595;"Maquina 3: [15 (13), 18 (1), 4 (66), 2 (86), 31 (39), 39 (93)]";831;"Maquina 4: [34 (40), 12 (56), 23 (70), 5 (87)]";641;"Maquina 5: [22 (34), 7 (18), 17 (63), 25 (67), 28 (76)]";775;"Maquina 6: [24 (17), 16 (37), 1 (86), 37 (72), 29 (84)]";844;"Maquina 7: [6 (16), 30 (16), 8 (36), 19 (45), 20 (78)]";524;"Maquina 8: [32 (17), 3 (24), 26 (36), 13 (88), 14 (64)]";691
VNS;40;8;6186;4069.0;100;"Maquina 1: [32 (17), 19 (45), 18 (1), 4 (66), 11 (97)]";651;"Maquina 2: [9 (9), 38 (23), 0 (59), 7 (18), 39 (93), 5 (87)]";867;"Maquina 3: [10 (10), 34 (40), 14 (64), 29 (84), 36 (83)]";759;"Maquina 4: [3 (24), 26 (36), 12 (56), 23 (70)]";489;"Maquina 5: [31 (39), 33 (31), 6 (16), 27 (70), 28 (76)]";806;"Maquina 6: [16 (37), 22 (34), 35 (38), 25 (67), 1 (86)]";925;"Maquina 7: [15 (13), 30 (16), 8 (36), 21 (17), 37 (72), 13 (88)]";944;"Maquina 8: [20 (78), 24 (17), 2 (86), 17 (63)]";745
Multiarranque;40;8;6457;219.0;100;"Maquina 1: [6 (16), 30 (16), 7 (18), 35 (38), 13 (88)]";672;"Maquina 2: [22 (34), 25 (67), 18 (1), 4 (66), 36 (83)]";791;"Maquina 3: [10 (10), 26 (36), 0 (59), 34 (40), 1 (86)]";757;"Maquina 4: [31 (39), 27 (70), 32 (17), 2 (86), 12 (56)]";920;"Maquina 5: [24 (17), 21 (17), 37 (72), 17 (63), 11 (97)]";889;"Maquina 6: [16 (37), 3 (24), 38 (23), 29 (84), 20 (78)]";814;"Maquina 7: [9 (9), 15 (13), 19 (45), 39 (93), 28 (76)]";649;"Maquina 8: [8 (36), 33 (31), 14 (64), 5 (87), 23 (70)]";965
GREEDY;40;8;7760;0.0;1;"Maquina 1: [16 (19), 7 (2), 31 (49), 33 (91), 11 (74)]";1013;"Maquina 2: [25 (25), 22 (8), 23 (39), 2 (74), 6 (91)]";984;"Maquina 3: [12 (27), 30 (8), 38 (69), 4 (41), 5 (88)]";968;"Maquina 4: [26 (45), 17 (10), 13 (29), 24 (63), 8 (85)]";815;"Maquina 5: [19 (10), 18 (55), 3 (31), 15 (69), 14 (87)]";806;"Maquina 6: [39 (32), 28 (16), 9 (54), 36 (94), 27 (74)]";1067;"Maquina 7: [29 (16), 21 (56), 35 (96), 34 (33), 37 (79)]";1111;"Maquina 8: [10 (39), 20 (59), 32 (18), 1 (94), 0 (79)]";996
GRASP;40;8;6037;183.0;100;"Maquina 1: [22 (8), 28 (16), 23 (39), 8 (85), 24 (63)]";641;"Maquina 2: [19 (10), 21 (56), 14 (87), 13 (29), 35 (96)]";880;"Maquina 3: [7 (2), 12 (27), 37 (79), 5 (88), 27 (74)]";720;"Maquina 4: [30 (8), 2 (74), 20 (59), 36 (94), 38 (69)]";914;"Maquina 5: [3 (31), 29 (16), 1 (94), 0 (79), 11 (74)]";872;"Maquina 6: [32 (18), 9 (54), 34 (33), 31 (49), 6 (91)]";753;"Maquina 7: [10 (39), 16 (19), 18 (55), 15 (69), 33 (91)]";794;"Maquina 8: [17 (10), 25 (25), 39 (32), 4 (41), 26 (45)]";463
LNS;40;8;7665;4.0;100;"Maquina 1: [16 (19), 7 (2), 31 (49), 33 (91), 11 (74)]";1013;"Maquina 2: [25 (25), 22 (8), 23 (39), 2 (74), 6 (91)]";984;"Maquina 3: [4 (41), 30 (8), 38 (69), 12 (27), 5 (88)]";890;"Maquina 4: [26 (45), 17 (10), 13 (29), 24 (63), 8 (85)]";815;"Maquina 5: [19 (10), 18 (55), 3 (31), 15 (69), 14 (87)]";806;"Maquina 6: [39 (32), 28 (16), 9 (54), 36 (94), 27 (74)]";1067;"Maquina 7: [34 (33), 21 (56), 35 (96), 29 (16), 37 (79)]";1094;"Maquina 8: [10 (39), 20 (59), 32 (18), 1 (94), 0 (79)]";996
TABÚ;40;8;6075;60.0;100;"Maquina 1: [19 (10), 21 (56), 18 (55), 15 (69), 1 (94)]";872;"Maquina 2: [24 (63), 17 (10), 13 (29), 11 (74), 35 (96)]";863;"Maquina 3: [39 (32), 22 (8), 4 (41), 26 (45), 2 (74)]";696;"Maquina 4: [32 (18), 0 (79), 25 (25), 9 (54), 14 (87)]";773;"Maquina 5: [7 (2), 37 (79), 34 (33), 20 (59), 5 (88)]";871;"Maquina 6: [3 (31), 29 (16), 12 (27), 31 (49), 6 (91)]";622;"Maquina 7: [10 (39), 16 (19), 28 (16), 27 (74), 33 (91)]";603;"Maquina 8: [30 (8), 23 (39), 8 (85), 38 (69), 36 (94)]";775
VNS;40;8;6304;2381.0;100;"Maquina 1: [11 (74), 7 (2), 27 (74), 1 (94)]";641;"Maquina 2: [25 (25), 39 (32), 22 (8), 4 (41), 23 (39)]";563;"Maquina 3: [12 (27), 30 (8), 38 (69), 2 (74), 5 (88)]";740;"Maquina 4: [26 (45), 17 (10), 13 (29), 24 (63), 37 (79), 6 (91)]";1068;"Maquina 5: [19 (10), 18 (55), 3 (31), 15 (69), 33 (91)]";756;"Maquina 6: [16 (19), 28 (16), 31 (49), 29 (16), 36 (94)]";563;"Maquina 7: [34 (33), 14 (87), 21 (56), 35 (96), 8 (85)]";1043;"Maquina 8: [10 (39), 20 (59), 32 (18), 0 (79), 9 (54)]";930
Multiarranque;40;8;6519;254.0;100;"Maquina 1: [12 (27), 22 (8), 27 (74), 33 (91), 9 (54)]";830;"Maquina 2: [30 (8), 39 (32), 13 (29), 6 (91), 11 (74)]";612;"Maquina 3: [3 (31), 17 (10), 18 (55), 15 (69), 14 (87)]";686;"Maquina 4: [16 (19), 28 (16), 26 (45), 2 (74), 5 (88)]";755;"Maquina 5: [4 (41), 29 (16), 1 (94), 0 (79), 21 (56)]";976;"Maquina 6: [19 (10), 7 (2), 38 (69), 34 (33), 24 (63)]";675;"Maquina 7: [23 (39), 31 (49), 37 (79), 35 (96), 32 (18)]";1016;"Maquina 8: [10 (39), 20 (59), 25 (25), 36 (94), 8 (85)]";969
GREEDY;40;8;5623;0.0;1;"Maquina 1: [19 (2), 23 (25), 29 (73), 5 (54), 24 (41)]";576;"Maquina 2: [8 (3), 16 (44), 21 (28), 0 (64), 32 (85)]";686;"Maquina 3: [1 (4), 27 (28), 33 (44), 38 (67), 20 (92)]";723;"Maquina 4: [15 (4), 34 (41), 6 (29), 30 (84), 22 (55)]";678;"Maquina 5: [35 (9), 28 (29), 25 (48), 17 (36), 2 (80)]";605;"Maquina 6: [7 (10), 37 (44), 4 (30), 11 (58), 39 (90)]";713;"Maquina 7: [3 (35), 10 (25), 26 (45), 36 (72), 9 (98)]";851;"Maquina 8: [18 (25), 14 (46), 13 (72), 31 (35), 12 (97)]";791
GRASP;40;8;4783;243.0;100;"Maquina 1: [19 (2), 33 (44), 26 (45), 14 (46), 2 (80)]";539;"Maquina 2: [35 (9), 6 (29), 38 (67), 0 (64), 39 (90)]";623;"Maquina 3: [21 (28), 23 (25), 9 (98), 16 (44), 32 (85)]";777;"Maquina 4: [18 (25), 37 (44), 4 (30), 34 (41), 13 (72)]";621;"Maquina 5: [7 (10), 8 (3), 5 (54), 17 (36), 11 (58), 12 (97)]";702;"Maquina 6: [15 (4), 25 (48), 31 (35), 29 (73), 36 (72)]";605;"Maquina 7: [1 (4), 10 (25), 22 (55), 24 (41), 30 (84)]";488;"Maquina 8: [27 (28), 28 (29), 3 (35), 20 (92)]";428
LNS;40;8;5623;3.0;100;"Maquina 1: [19 (2), 23 (25), 29 (73), 5 (54), 24 (41)]";576;"Maquina 2: [8 (3), 16 (44), 21 (28), 0 (64), 32 (85)]";686;"Maquina 3: [1 (4), 27 (28), 33 (44), 38 (67), 20 (92)]";723;"Maquina 4: [15 (4), 34 (41), 6 (29), 30 (84), 22 (55)]";678;"Maquina 5: [35 (9), 28 (29), 25 (48), 17 (36), 2 (80)]";605;"Maquina 6: [7 (10), 37 (44), 4 (30), 11 (58), 39 (90)]";713;"Maquina 7: [3 (35), 10 (25), 26 (45), 36 (72), 9 (98)]";851;"Maquina 8: [18 (25), 14 (46), 13 (72), 31 (35), 12 (97)]";791
TABÚ;40;8;4754;61.0;100;"Maquina 1: [1 (4), 6 (29), 11 (58), 25 (48), 39 (90)]";532;"Maquina 2: [8 (3), 24 (41), 3 (35), 0 (64), 37 (44)]";520;"Maquina 3: [35 (9), 23 (25), 4 (30), 20 (92), 5 (54)]";542;"Maquina 4: [15 (4), 17 (36), 33 (44), 38 (67), 30 (84)]";594;"Maquina 5: [26 (45), 14 (46), 10 (25), 22 (55), 12 (97)]";717;"Maquina 6: [7 (10), 27 (28), 21 (28), 13 (72), 2 (80)]";518;"Maquina 7: [18 (25), 28 (29), 31 (35), 36 (72), 9 (98)]";719;"Maquina 8: [19 (2), 34 (41), 29 (73), 16 (44), 32 (85)]";612
VNS;40;8;5158;3083.0;100;"Maquina 1: [19 (2), 23 (25), 29 (73), 5 (54), 24 (41)]";576;"Maquina 2: [8 (3), 26 (45), 21 (28), 0 (64), 32 (85)]";647;"Maquina 3: [1 (4), 6 (29), 27 (28), 33 (44), 22 (55), 20 (92)]";708;"Maquina 4: [15 (4), 25 (48), 31 (35), 30 (84)]";397;"Maquina 5: [35 (9), 28 (29), 34 (41), 11 (58), 2 (80)]";576;"Maquina 6: [7 (10), 37 (44), 4 (30), 10 (25), 9 (98)]";663;"Maquina 7: [3 (35), 17 (36), 16 (44), 36 (72), 39 (90)]";779;"Maquina 8: [18 (25), 14 (46), 13 (72), 38 (67), 12 (97)]";812
Multiarranque;40;8;5161;201.0;100;"Maquina 1: [15 (4), 21 (28), 11 (58), 37 (44), 38 (67)]";615;"Maquina 2: [6 (29), 19 (2), 36 (72), 5 (54), 30 (84)]";631;"Maquina 3: [7 (10), 23 (25), 4 (30), 13 (72), 20 (92)]";564;"Maquina 4: [25 (48), 27 (28), 26 (45), 9 (98)]";557;"Maquina 5: [10 (25), 18 (25), 34 (41), 24 (41), 12 (97)]";681;"Maquina 6: [14 (46), 28 (29), 0 (64), 32 (85), 22 (55)]";868;"Maquina 7: [8 (3), 1 (4), 17 (36), 33 (44), 16 (44), 2 (80)]";619;"Maquina 8: [35 (9), 31 (35), 29 (73), 3 (35), 39 (90)]";626
GREEDY;40;8;7019;0.0;1;"Maquina 1: [22 (46), 28 (19), 11 (78), 0 (3), 7 (86)]";823;"Maquina 2: [35 (5), 29 (46), 15 (20), 37 (87), 2 (76)]";843;"Maquina 3: [3 (6), 25 (80), 18 (21), 23 (60), 39 (82)]";779;"Maquina 4: [1 (50), 4 (6), 38 (89), 31 (26), 13 (78)]";864;"Maquina 5: [20 (7), 9 (60), 30 (91), 32 (28), 14 (79)]";948;"Maquina 6: [27 (31), 5 (61), 6 (10), 33 (80), 16 (91)]";892;"Maquina 7: [34 (93), 26 (15), 36 (61), 8 (40), 19 (82)]";1098;"Maquina 8: [10 (17), 24 (41), 12 (48), 21 (68), 17 (83)]";772
GRASP;40;8;5790;194.0;100;"Maquina 1: [0 (3), 24 (41), 12 (48), 18 (21), 11 (78)]";543;"Maquina 2: [4 (6), 32 (28), 1 (50), 22 (46), 38 (89), 19 (82)]";927;"Maquina 3: [5 (61), 3 (6), 25 (80), 8 (40), 30 (91)]";788;"Maquina 4: [26 (15), 39 (82), 6 (10), 2 (76), 37 (87)]";819;"Maquina 5: [20 (7), 7 (86), 29 (46), 23 (60)]";510;"Maquina 6: [31 (26), 28 (19), 9 (60), 36 (61), 13 (78)]";710;"Maquina 7: [10 (17), 35 (5), 14 (79), 16 (91), 34 (93)]";685;"Maquina 8: [15 (20), 21 (68), 27 (31), 17 (83), 33 (80)]";808
LNS;40;8;7019;3.0;100;"Maquina 1: [22 (46), 28 (19), 11 (78), 0 (3), 7 (86)]";823;"Maquina 2: [35 (5), 29 (46), 15 (20), 37 (87), 2 (76)]";843;"Maquina 3: [3 (6), 25 (80), 18 (21), 23 (60), 39 (82)]";779;"Maquina 4: [1 (50), 4 (6), 38 (89), 31 (26), 13 (78)]";864;"Maquina 5: [20 (7), 9 (60), 30 (91), 32 (28), 14 (79)]";948;"Maquina 6: [27 (31), 5 (61), 6 (10), 33 (80), 16 (91)]";892;"Maquina 7: [34 (93), 26 (15), 36 (61), 8 (40), 19 (82)]";1098;"Maquina 8: [10 (17), 24 (41), 12 (48), 21 (68), 17 (83)]";772
TABÚ;40;8;5723;58.0;100;"Maquina 1: [20 (7), 15 (20), 8 (40), 22 (46), 2 (76), 14 (79)]";866;"Maquina 2: [35 (5), 4 (6), 27 (31), 19 (82), 39 (82)]";477;"Maquina 3: [32 (28), 18 (21), 17 (83), 33 (80), 25 (80)]";846;"Maquina 4: [10 (17), 12 (48), 5 (61), 6 (10), 38 (89)]";684;"Maquina 5: [0 (3), 9 (60), 36 (61), 13 (78), 21 (68)]";693;"Maquina 6: [28 (19), 3 (6), 30 (91), 31 (26), 34 (93)]";659;"Maquina 7: [29 (46), 23 (60), 7 (86), 11 (78)]";669;"Maquina 8: [26 (15), 24 (41), 16 (91), 37 (87), 1 (50)]";829
VNS;40;8;5896;2390.0;100;"Maquina 1: [11 (78), 22 (46), 2 (76), 14 (79)]";740;"Maquina 2: [35 (5), 29 (46), 28 (19), 15 (20), 37 (87), 8 (40)]";722;"Maquina 3: [3 (6), 25 (80), 18 (21), 23 (60), 30 (91)]";732;"Maquina 4: [1 (50), 4 (6), 34 (93), 38 (89)]";537;"Maquina 5: [20 (7), 26 (15), 39 (82), 7 (86)]";372;"Maquina 6: [27 (31), 21 (68), 6 (10), 33 (80), 16 (91)]";873;"Maquina 7: [0 (3), 9 (60), 36 (61), 13 (78), 31 (26), 19 (82)]";992;"Maquina 8: [10 (17), 24 (41), 12 (48), 5 (61), 32 (28), 17 (83)]";928
Multiarranque;40;8;6232;185.0;100;"Maquina 1: [4 (6), 8 (40), 1 (50), 11 (78), 19 (82)]";716;"Maquina 2: [35 (5), 23 (60), 32 (28), 25 (80), 34 (93)]";820;"Maquina 3: [20 (7), 15 (20), 24 (41), 18 (21), 21 (68), 7 (86)]";889;"Maquina 4: [3 (6), 26 (15), 5 (61), 16 (91), 33 (80)]";647;"Maquina 5: [29 (46), 28 (19), 37 (87), 10 (17), 17 (83)]";843;"Maquina 6: [0 (3), 9 (60), 22 (46), 2 (76), 36 (61)]";643;"Maquina 7: [31 (26), 12 (48), 39 (82), 14 (79), 30 (91)]";1029;"Maquina 8: [27 (31), 6 (10), 38 (89), 13 (78)]";645
GREEDY;40;8;7684;0.0;1;"Maquina 1: [10 (23), 26 (3), 19 (76), 1 (58), 11 (90)]";1002;"Maquina 2: [21 (23), 8 (5), 35 (58), 15 (91), 5 (71)]";912;"Maquina 3: [31 (24), 29 (70), 22 (5), 0 (85), 13 (41)]";722;"Maquina 4: [12 (75), 6 (7), 18 (43), 4 (32), 32 (98)]";988;"Maquina 5: [7 (34), 39 (10), 17 (42), 14 (84), 23 (68)]";872;"Maquina 6: [27 (99), 2 (37), 20 (12), 33 (54), 38 (79)]";1194;"Maquina 7: [25 (12), 30 (49), 28 (40), 16 (71), 24 (89)]";881;"Maquina 8: [34 (63), 9 (17), 3 (99), 36 (80), 37 (40)]";1113
GRASP;40;8;6152;176.0;100;"Maquina 1: [22 (5), 37 (40), 10 (23), 14 (84), 33 (54)]";691;"Maquina 2: [4 (32), 31 (24), 29 (70), 35 (58), 15 (91)]";824;"Maquina 3: [39 (10), 27 (99), 6 (7), 17 (42), 36 (80)]";703;"Maquina 4: [2 (37), 20 (12), 21 (23), 34 (63), 0 (85)]";632;"Maquina 5: [9 (17), 7 (34), 1 (58), 24 (89), 5 (71)]";772;"Maquina 6: [8 (5), 26 (3), 11 (90), 3 (99), 16 (71)]";707;"Maquina 7: [25 (12), 19 (76), 13 (41), 12 (75), 23 (68)]";790;"Maquina 8: [18 (43), 38 (79), 28 (40), 32 (98), 30 (49)]";1033
LNS;40;8;7684;3.0;100;"Maquina 1: [10 (23), 26 (3), 19 (76), 1 (58), 11 (90)]";1002;"Maquina 2: [21 (23), 8 (5), 35 (58), 15 (91), 5 (71)]";912;"Maquina 3: [31 (24), 29 (70), 22 (5), 0 (85), 13 (41)]";722;"Maquina 4: [12 (75), 6 (7), 18 (43), 4 (32), 32 (98)]";988;"Maquina 5: [7 (34), 39 (10), 17 (42), 14 (84), 23 (68)]";872;"Maquina 6: [27 (99), 2 (37), 20 (12), 33 (54), 38 (79)]";1194;"Maquina 7: [25 (12), 30 (49), 28 (40), 16 (71), 24 (89)]";881;"Maquina 8: [34 (63), 9 (17), 3 (99), 36 (80), 37 (40)]";1113
TABÚ;40;8;6050;55.0;100;"Maquina 1: [21 (23), 34 (63), 38 (79), 16 (71), 0 (85)]";906;"Maquina 2: [31 (24), 12 (75), 14 (84), 19 (76), 24 (89)]";1061;"Maquina 3: [22 (5), 6 (7), 27 (99), 2 (37), 30 (49)]";614;"Maquina 4: [26 (3), 8 (5), 4 (32), 9 (17), 3 (99)]";436;"Maquina 5: [20 (12), 10 (23), 28 (40), 37 (40), 5 (71), 36 (80)]";923;"Maquina 6: [25 (12), 13 (41), 33 (54), 11 (90), 35 (58)]";708;"Maquina 7: [29 (70), 23 (68), 17 (42), 32 (98)]";756;"Maquina 8: [7 (34), 39 (10), 18 (43), 1 (58), 15 (91)]";646
VNS;40;8;6385;3297.0;100;"Maquina 1: [10 (23), 20 (12), 26 (3), 33 (54), 1 (58), 5 (71)]";793;"Maquina 2: [8 (5), 35 (58), 14 (84), 11 (90)]";586;"Maquina 3: [31 (24), 29 (70), 22 (5), 34 (63), 0 (85), 27 (99)]";1222;"Maquina 4: [12 (75), 6 (7), 18 (43), 28 (40), 32 (98)]";800;"Maquina 5: [37 (40), 7 (34), 39 (10), 17 (42), 15 (91)]";650;"Maquina 6: [2 (37), 23 (68), 30 (49), 19 (76)]";762;"Maquina 7: [4 (32), 25 (12), 13 (41), 16 (71), 38 (79)]";693;"Maquina 8: [21 (23), 9 (17), 3 (99), 36 (80), 24 (89)]";879
Multiarranque;40;8;6713;192.0;100;"Maquina 1: [8 (5), 3 (99), 21 (23), 4 (32), 19 (76)]";852;"Maquina 2: [6 (7), 26 (3), 33 (54), 11 (90), 35 (58), 24 (89)]";894;"Maquina 3: [7 (34), 39 (10), 17 (42), 16 (71), 14 (84)]";821;"Maquina 4: [25 (12), 22 (5), 37 (40), 5 (71), 30 (49)]";637;"Maquina 5: [9 (17), 32 (98), 29 (70), 13 (41), 0 (85)]";1059;"Maquina 6: [2 (37), 20 (12), 36 (80), 1 (58), 15 (91)]";928;"Maquina 7: [28 (40), 10 (23), 34 (63), 38 (79)]";587;"Maquina 8: [18 (43), 31 (24), 12 (75), 23 (68), 27 (99)]";935
GREEDY;40;8;4435;0.0;1;"Maquina 1: [0 (3), 19 (14), 9 (29), 21 (51), 10 (65)]";459;"Maquina 2: [8 (3), 30 (15), 16 (40), 14 (55), 17 (90)]";602;"Maquina 3: [12 (3), 27 (16), 3 (52), 31 (69), 23 (29)]";447;"Maquina 4: [37 (4), 24 (29), 38 (16), 36 (54), 2 (71)]";526;"Maquina 5: [26 (18), 7 (5), 4 (42), 20 (55), 15 (81)]";502;"Maquina 6: [13 (5), 29 (19), 6 (31), 28 (55), 11 (90)]";567;"Maquina 7: [35 (6), 1 (22), 32 (99), 33 (45), 18 (61)]";730;"Maquina 8: [25 (10), 39 (27), 22 (60), 5 (49), 34 (95)]";602
GRASP;40;8;3840;186.0;100;"Maquina 1: [27 (16), 12 (3), 4 (42), 21 (51), 11 (90)]";479;"Maquina 2: [23 (29), 29 (19), 33 (45), 28 (55), 34 (95)]";643;"Maquina 3: [0 (3), 38 (16), 16 (40), 3 (52), 18 (61)]";427;"Maquina 4: [8 (3), 35 (6), 6 (31), 14 (55), 5 (49)]";330;"Maquina 5: [37 (4), 7 (5), 24 (29), 20 (55), 15 (81)]";376;"Maquina 6: [25 (10), 22 (60), 1 (22), 39 (27), 32 (99)]";540;"Maquina 7: [19 (14), 9 (29), 26 (18), 10 (65), 17 (90)]";523;"Maquina 8: [13 (5), 30 (15), 36 (54), 31 (69), 2 (71)]";522
LNS;40;8;4435;4.0;100;"Maquina 1: [0 (3), 19 (14), 9 (29), 21 (51), 10 (65)]";459;"Maquina 2: [8 (3), 30 (15), 16 (40), 14 (55), 17 (90)]";602;"Maquina 3: [12 (3), 27 (16), 3 (52), 31 (69), 23 (29)]";447;"Maquina 4: [37 (4), 24 (29), 38 (16), 36 (54), 2 (71)]";526;"Maquina 5: [26 (18), 7 (5), 4 (42), 20 (55), 15 (81)]";502;"Maquina 6: [13 (5), 29 (19), 6 (31), 28 (55), 11 (90)]";567;"Maquina 7: [35 (6), 1 (22), 32 (99), 33 (45), 18 (61)]";730;"Maquina 8: [25 (10), 39 (27), 22 (60), 5 (49), 34 (95)]";602
TABÚ;40;8;3941;58.0;100;"Maquina 1: [12 (3), 33 (45), 24 (29), 20 (55), 32 (99)]";563;"Maquina 2: [7 (5), 23 (29), 21 (51), 4 (42), 2 (71)]";535;"Maquina 3: [35 (6), 28 (55), 26 (18), 5 (49), 31 (69)]";577;"Maquina 4: [29 (19), 27 (16), 30 (15), 16 (40), 34 (95)]";496;"Maquina 5: [37 (4), 1 (22), 3 (52), 18 (61), 22 (60)]";478;"Maquina 6: [0 (3), 38 (16), 8 (3), 36 (54), 11 (90)]";347;"Maquina 7: [13 (5), 25 (10), 6 (31), 10 (65), 17 (90)]";437;"Maquina 8: [39 (27), 19 (14), 9 (29), 14 (55), 15 (81)]";508
VNS;40;8;4146;3568.0;100;"Maquina 1: [0 (3), 19 (14), 18 (61), 21 (51), 10 (65)]";529;"Maquina 2: [8 (3), 13 (5), 25 (10), 16 (40), 4 (42), 17 (90)]";461;"Maquina 3: [30 (15), 27 (16), 3 (52), 31 (69), 23 (29)]";511;"Maquina 4: [37 (4), 24 (29), 38 (16), 32 (99), 2 (71)]";602;"Maquina 5: [26 (18), 7 (5), 33 (45), 20 (55), 15 (81)]";520;"Maquina 6: [9 (29), 29 (19), 6 (31), 28 (55), 14 (55)]";580;"Maquina 7: [35 (6), 1 (22), 36 (54), 11 (90)]";372;"Maquina 8: [12 (3), 39 (27), 22 (60), 5 (49), 34 (95)]";571
Multiarranque;40;8;4282;183.0;100;"Maquina 1: [37 (4), 8 (3), 39 (27), 33 (45), 32 (99)]";510;"Maquina 2: [12 (3), 27 (16), 5 (49), 31 (69), 11 (90)]";508;"Maquina 3: [13 (5), 24 (29), 22 (60), 28 (55), 4 (42)]";522;"Maquina 4: [26 (18), 25 (10), 16 (40), 15 (81), 18 (61)]";550;"Maquina 5: [0 (3), 38 (16), 7 (5), 20 (55), 34 (95), 3 (52)]";639;"Maquina 6: [35 (6), 19 (14), 1 (22), 30 (15), 23 (29), 17 (90)]";606;"Maquina 7: [6 (31), 14 (55), 36 (54), 10 (65)]";498;"Maquina 8: [9 (29), 29 (19), 2 (71), 21 (51)]";449
GREEDY;40;8;5763;0.0;1;"Maquina 1: [14 (19), 2 (2), 37 (69), 21 (40), 11 (80)]";734;"Maquina 2: [35 (20), 23 (3), 8 (63), 13 (48), 12 (94)]";840;"Maquina 3: [24 (3), 31 (31), 32 (22), 29 (75), 0 (58)]";620;"Maquina 4: [15 (25), 38 (3), 18 (35), 7 (58), 26 (86)]";705;"Maquina 5: [28 (5), 30 (25), 10 (35), 16 (55), 27 (73)]";562;"Maquina 6: [4 (6), 6 (27), 22 (38), 33 (56), 20 (84)]";667;"Maquina 7: [36 (46), 39 (13), 19 (29), 17 (91), 3 (63)]";777;"Maquina 8: [25 (14), 9 (31), 34 (49), 5 (97), 1 (67)]";858
GRASP;40;8;4817;172.0;100;"Maquina 1: [32 (22), 2 (2), 18 (35), 21 (40), 17 (91)]";537;"Maquina 2: [24 (3), 16 (55), 15 (25), 27 (73), 29 (75)]";717;"Maquina 3: [38 (3), 22 (38), 19 (29), 37 (69), 1 (67), 12 (94)]";863;"Maquina 4: [6 (27), 14 (19), 39 (13), 9 (31), 26 (86)]";442;"Maquina 5: [25 (14), 4 (6), 31 (31), 13 (48), 0 (58), 5 (97)]";759;"Maquina 6: [23 (3), 28 (5), 30 (25), 3 (63), 20 (84)]";452;"Maquina 7: [33 (56), 36 (46), 35 (20), 11 (80)]";526;"Maquina 8: [10 (35), 34 (49), 7 (58), 8 (63)]";521
LNS;40;8;5760;3.0;100;"Maquina 1: [14 (19), 2 (2), 37 (69), 21 (40), 11 (80)]";734;"Maquina 2: [35 (20), 23 (3), 13 (48), 8 (63), 12 (94)]";837;"Maquina 3: [24 (3), 31 (31), 32 (22), 29 (75), 0 (58)]";620;"Maquina 4: [15 (25), 38 (3), 18 (35), 7 (58), 26 (86)]";705;"Maquina 5: [28 (5), 30 (25), 10 (35), 16 (55), 27 (73)]";562;"Maquina 6: [4 (6), 6 (27), 22 (38), 33 (56), 20 (84)]";667;"Maquina 7: [36 (46), 39 (13), 19 (29), 17 (91), 3 (63)]";777;"Maquina 8: [25 (14), 9 (31), 34 (49), 5 (97), 1 (67)]";858
TABÚ;40;8;4711;55.0;100;"Maquina 1: [32 (22), 2 (2), 37 (69), 17 (91), 29 (75)]";652;"Maquina 2: [34 (49), 23 (3), 1 (67), 0 (58), 12 (94)]";714;"Maquina 3: [35 (20), 28 (5), 36 (46), 7 (58), 26 (86)]";554;"Maquina 4: [25 (14), 4 (6), 31 (31), 21 (40), 5 (97)]";476;"Maquina 5: [24 (3), 30 (25), 3 (63), 10 (35), 18 (35), 11 (80)]";747;"Maquina 6: [15 (25), 38 (3), 6 (27), 22 (38), 8 (63)]";439;"Maquina 7: [39 (13), 13 (48), 16 (55), 33 (56), 27 (73)]";722;"Maquina 8: [19 (29), 14 (19), 20 (84), 9 (31)]";407
VNS;40;8;5026;3330.0;100;"Maquina 1: [31 (31), 14 (19), 2 (2), 37 (69), 11 (80)]";638;"Maquina 2: [25 (14), 23 (3), 1 (67), 27 (73), 33 (56)]";572;"Maquina 3: [24 (3), 32 (22), 29 (75), 0 (58), 8 (63)]";612;"Maquina 4: [15 (25), 39 (13), 38 (3), 6 (27), 7 (58), 26 (86)]";587;"Maquina 5: [28 (5), 30 (25), 17 (91), 16 (55), 5 (97)]";728;"Maquina 6: [18 (35), 22 (38), 20 (84)]";274;"Maquina 7: [4 (6), 36 (46), 21 (40), 3 (63), 10 (35), 19 (29)]";844;"Maquina 8: [35 (20), 9 (31), 13 (48), 12 (94), 34 (49)]";771
Multiarranque;40;8;5348;189.0;100;"Maquina 1: [15 (25), 39 (13), 38 (3), 1 (67), 12 (94)]";584;"Maquina 2: [7 (58), 35 (20), 37 (69), 5 (97)]";686;"Maquina 3: [23 (3), 10 (35), 33 (56), 0 (58), 14 (19), 34 (49)]";841;"Maquina 4: [25 (14), 19 (29), 4 (6), 31 (31), 13 (48), 27 (73)]";661;"Maquina 5: [32 (22), 2 (2), 24 (3), 29 (75), 17 (91)]";525;"Maquina 6: [36 (46), 30 (25), 8 (63), 11 (80)]";595;"Maquina 7: [18 (35), 21 (40), 3 (63), 9 (31), 26 (86)]";839;"Maquina 8: [28 (5), 16 (55), 6 (27), 22 (38), 20 (84)]";617
GREEDY;40;8;7816;0.0;1;"Maquina 1: [24 (3), 38 (31), 18 (22), 10 (71), 28 (58)]";792;"Maquina 2: [3 (5), 34 (89), 19 (37), 7 (24), 20 (67)]";1011;"Maquina 3: [16 (11), 12 (34), 35 (25), 4 (56), 14 (71), 15 (94)]";1190;"Maquina 4: [32 (11), 2 (72), 1 (48), 13 (26)]";789;"Maquina 5: [22 (26), 27 (59), 17 (19), 31 (64), 39 (73)]";910;"Maquina 6: [6 (20), 8 (50), 29 (26), 37 (66), 9 (80)]";1016;"Maquina 7: [21 (21), 11 (44), 26 (92), 0 (27), 33 (69)]";1211;"Maquina 8: [30 (27), 5 (22), 36 (43), 23 (72), 25 (63)]";897
GRASP;40;8;5481;188.0;100;"Maquina 1: [7 (24), 28 (58), 37 (66), 18 (22), 2 (72)]";796;"Maquina 2: [24 (3), 35 (25), 20 (67), 5 (22), 25 (63), 4 (56)]";834;"Maquina 3: [32 (11), 8 (50), 22 (26), 27 (59), 11 (44)]";527;"Maquina 4: [30 (27), 29 (26), 13 (26), 26 (92), 23 (72)]";687;"Maquina 5: [3 (5), 0 (27), 31 (64), 6 (20), 15 (94)]";531;"Maquina 6: [21 (21), 38 (31), 17 (19), 14 (71), 1 (48)]";660;"Maquina 7: [16 (11), 19 (37), 39 (73), 10 (71), 34 (89)]";887;"Maquina 8: [12 (34), 36 (43), 9 (80), 33 (69)]";559
LNS;40;8;7762;3.0;100;"Maquina 1: [24 (3), 38 (31), 18 (22), 10 (71), 28 (58)]";792;"Maquina 2: [3 (5), 34 (89), 19 (37), 7 (24), 20 (67)]";1011;"Maquina 3: [16 (11), 12 (34), 35 (25), 4 (56), 14 (71), 15 (94)]";1190;"Maquina 4: [32 (11), 2 (72), 1 (48), 13 (26)]";789;"Maquina 5: [22 (26), 27 (59), 17 (19), 31 (64), 39 (73)]";910;"Maquina 6: [29 (26), 8 (50), 6 (20), 37 (66), 9 (80)]";962;"Maquina 7: [21 (21), 11 (44), 26 (92), 0 (27), 33 (69)]";1211;"Maquina 8: [30 (27), 5 (22), 36 (43), 23 (72), 25 (63)]";897
TABÚ;40;8;5248;57.0;100;"Maquina 1: [18 (22), 24 (3), 21 (21), 13 (26), 25 (63)]";465;"Maquina 2: [38 (31), 35 (25), 19 (37), 37 (66), 33 (69)]";698;"Maquina 3: [32 (11), 8 (50), 17 (19), 14 (71), 23 (72)]";588;"Maquina 4: [3 (5), 16 (11), 31 (64), 2 (72), 34 (89)]";649;"Maquina 5: [1 (48), 0 (27), 30 (27), 29 (26), 20 (67)]";606;"Maquina 6: [22 (26), 5 (22), 36 (43), 28 (58), 27 (59), 4 (56)]";898;"Maquina 7: [6 (20), 12 (34), 11 (44), 15 (94), 9 (80)]";731;"Maquina 8: [7 (24), 39 (73), 10 (71), 26 (92)]";613
VNS;40;8;5864;1894.0;100;"Maquina 1: [24 (3), 28 (58), 23 (72), 0 (27), 38 (31)]";678;"Maquina 2: [29 (26), 34 (89), 19 (37), 37 (66), 33 (69)]";946;"Maquina 3: [16 (11), 12 (34), 35 (25), 5 (22), 15 (94)]";547;"Maquina 4: [20 (67), 4 (56), 14 (71), 10 (71)]";777;"Maquina 5: [17 (19), 18 (22), 27 (59), 22 (26), 1 (48), 39 (73)]";949;"Maquina 6: [6 (20), 30 (27), 3 (5), 25 (63), 26 (92)]";612;"Maquina 7: [21 (21), 13 (26), 11 (44), 9 (80), 2 (72)]";680;"Maquina 8: [32 (11), 8 (50), 36 (43), 7 (24), 31 (64)]";675
Multiarranque;40;8;6436;187.0;100;"Maquina 1: [35 (25), 17 (19), 14 (71), 23 (72), 25 (63)]";810;"Maquina 2: [29 (26), 16 (11), 12 (34), 3 (5), 33 (69), 38 (31)]";949;"Maquina 3: [18 (22), 24 (3), 13 (26), 26 (92), 10 (71)]";645;"Maquina 4: [21 (21), 7 (24), 27 (59), 2 (72)]";672;"Maquina 5: [6 (20), 22 (26), 1 (48), 9 (80), 28 (58)]";756;"Maquina 6: [8 (50), 36 (43), 5 (22), 34 (89), 15 (94)]";926;"Maquina 7: [32 (11), 31 (64), 19 (37), 39 (73), 4 (56)]";781;"Maquina 8: [0 (27), 30 (27), 20 (67), 37 (66), 11 (44)]";897
GREEDY;40;8;8309;0.0;1;"Maquina 1: [10 (4), 6 (75), 1 (30), 26 (91), 11 (54)]";890;"Maquina 2: [17 (5), 30 (59), 28 (30), 19 (72), 12 (90)]";963;"Maquina 3: [20 (83), 39 (30), 35 (8), 27 (61), 18 (97)]";1083;"Maquina 4: [38 (12), 13 (35), 16 (61), 7 (77), 24 (92)]";1018;"Maquina 5: [29 (17), 34 (37), 9 (81), 23 (55), 4 (90)]";861;"Maquina 6: [22 (20), 5 (88), 0 (38), 14 (70), 25 (95)]";1025;"Maquina 7: [31 (71), 33 (20), 3 (90), 8 (44), 37 (99)]";1192;"Maquina 8: [2 (49), 15 (25), 32 (68), 21 (97), 36 (83)]";1277
GRASP;40;8;6588;182.0;100;"Maquina 1: [15 (25), 31 (71), 20 (83), 24 (92), 18 (97)]";1049;"Maquina 2: [33 (20), 38 (12), 34 (37), 19 (72), 7 (77)]";586;"Maquina 3: [17 (5), 39 (30), 6 (75), 25 (95), 23 (55)]";740;"Maquina 4: [22 (20), 13 (35), 16 (61), 36 (83), 37 (99)]";788;"Maquina 5: [10 (4), 29 (17), 2 (49), 4 (90), 26 (91)]";737;"Maquina 6: [30 (59), 35 (8), 11 (54), 27 (61), 3 (90)]";811;"Maquina 7: [1 (30), 28 (30), 5 (88), 12 (90), 21 (97)]";952;"Maquina 8: [8 (44), 32 (68), 0 (38), 9 (81), 14 (70)]";925
LNS;40;8;8309;3.0;100;"Maquina 1: [10 (4), 6 (75), 1 (30), 26 (91), 11 (54)]";890;"Maquina 2: [17 (5), 30 (59), 28 (30), 19 (72), 12 (90)]";963;"Maquina 3: [20 (83), 39 (30), 35 (8), 27 (61), 18 (97)]";1083;"Maquina 4: [38 (12), 13 (35), 16 (61), 7 (77), 24 (92)]";1018;"Maquina 5: [29 (17), 34 (37), 9 (81), 23 (55), 4 (90)]";861;"Maquina 6: [22 (20), 5 (88), 0 (38), 14 (70), 25 (95)]";1025;"Maquina 7: [31 (71), 33 (20), 3 (90), 8 (44), 37 (99)]";1192;"Maquina 8: [2 (49), 15 (25), 32 (68), 21 (97), 36 (83)]";1277
TABÚ;40;8;6732;54.0;100;"Maquina 1: [13 (35), 16 (61), 28 (30), 31 (71), 20 (83)]";788;"Maquina 2: [9 (81), 26 (91), 32 (68), 5 (88), 12 (90)]";1388;"Maquina 3: [17 (5), 30 (59), 8 (44), 37 (99), 21 (97)]";763;"Maquina 4: [38 (12), 34 (37), 11 (54), 7 (77), 18 (97)]";902;"Maquina 5: [10 (4), 29 (17), 39 (30), 6 (75), 25 (95)]";562;"Maquina 6: [33 (20), 35 (8), 1 (30), 3 (90), 4 (90)]";656;"Maquina 7: [2 (49), 23 (55), 0 (38), 14 (70), 36 (83)]";940;"Maquina 8: [15 (25), 22 (20), 19 (72), 27 (61), 24 (92)]";733
VNS;40;8;7152;2416.0;100;"Maquina 1: [10 (4), 6 (75), 1 (30), 26 (91), 11 (54)]";890;"Maquina 2: [17 (5), 31 (71), 28 (30), 7 (77), 12 (90)]";769;"Maquina 3: [20 (83), 16 (61), 36 (83), 27 (61), 18 (97)]";1357;"Maquina 4: [38 (12), 39 (30), 13 (35), 19 (72), 24 (92)]";739;"Maquina 5: [29 (17), 34 (37), 9 (81), 23 (55), 4 (90)]";861;"Maquina 6: [35 (8), 33 (20), 22 (20), 15 (25), 14 (70), 25 (95)]";806;"Maquina 7: [30 (59), 8 (44), 32 (68), 3 (90)]";686;"Maquina 8: [0 (38), 2 (49), 5 (88), 37 (99), 21 (97)]";1044
Multiarranque;40;8;7347;190.0;100;"Maquina 1: [16 (61), 28 (30), 1 (30), 26 (91), 24 (92)]";1039;"Maquina 2: [22 (20), 31 (71), 9 (81), 23 (55), 25 (95)]";1027;"Maquina 3: [38 (12), 39 (30), 7 (77), 21 (97)]";542;"Maquina 4: [33 (20), 32 (68), 2 (49), 5 (88), 37 (99)]";885;"Maquina 5: [36 (83), 29 (17), 10 (4), 4 (90), 11 (54)]";917;"Maquina 6: [17 (5), 30 (59), 14 (70), 19 (72), 6 (75)]";846;"Maquina 7: [13 (35), 35 (8), 0 (38), 20 (83), 15 (25), 18 (97)]";1075;"Maquina 8: [34 (37), 8 (44), 3 (90), 12 (90), 27 (61)]";1016
GREEDY;40;8;7685;0.0;1;"Maquina 1: [15 (47), 29 (25), 38 (5), 2 (68), 35 (86)]";889;"Maquina 2: [37 (13), 26 (31), 20 (44), 33 (59), 39 (90)]";981;"Maquina 3: [22 (17), 12 (46), 0 (70), 19 (96), 5 (33)]";1043;"Maquina 4: [21 (48), 28 (34), 25 (17), 23 (62), 16 (82)]";893;"Maquina 5: [18 (18), 24 (55), 13 (50), 32 (34), 1 (82)]";758;"Maquina 6: [9 (22), 11 (41), 27 (70), 7 (93), 34 (46)]";942;"Maquina 7: [4 (23), 10 (76), 36 (43), 6 (55), 14 (98)]";1204;"Maquina 8: [8 (51), 17 (25), 30 (70), 3 (44), 31 (94)]";975
GRASP;40;8;5800;182.0;100;"Maquina 1: [17 (25), 32 (34), 0 (70), 10 (76), 31 (94)]";873;"Maquina 2: [38 (5), 30 (70), 23 (62), 36 (43), 2 (68)]";729;"Maquina 3: [13 (50), 20 (44), 15 (47), 34 (46), 19 (96)]";844;"Maquina 4: [18 (18), 24 (55), 28 (34), 27 (70), 8 (51)]";634;"Maquina 5: [37 (13), 12 (46), 21 (48), 35 (86), 7 (93)]";730;"Maquina 6: [25 (17), 9 (22), 11 (41), 26 (31), 14 (98)]";560;"Maquina 7: [5 (33), 29 (25), 6 (55), 16 (82), 39 (90)]";812;"Maquina 8: [4 (23), 22 (17), 33 (59), 1 (82), 3 (44)]";618
LNS;40;8;7548;2.0;100;"Maquina 1: [15 (47), 29 (25), 38 (5), 2 (68), 35 (86)]";889;"Maquina 2: [26 (31), 37 (13), 20 (44), 33 (59), 39 (90)]";915;"Maquina 3: [22 (17), 12 (46), 0 (70), 19 (96), 5 (33)]";1043;"Maquina 4: [21 (48), 28 (34), 25 (17), 23 (62), 16 (82)]";893;"Maquina 5: [18 (18), 24 (55), 13 (50), 32 (34), 1 (82)]";758;"Maquina 6: [9 (22), 27 (70), 11 (41), 7 (93), 34 (46)]";939;"Maquina 7: [10 (76), 6 (55), 36 (43), 4 (23), 14 (98)]";1136;"Maquina 8: [8 (51), 17 (25), 30 (70), 3 (44), 31 (94)]";975
TABÚ;40;8;6050;61.0;100;"Maquina 1: [28 (34), 37 (13), 35 (86), 15 (47), 14 (98)]";749;"Maquina 2: [22 (17), 26 (31), 30 (70), 23 (62), 27 (70)]";684;"Maquina 3: [18 (18), 21 (48), 12 (46), 8 (51), 2 (68)]";689;"Maquina 4: [5 (33), 38 (5), 13 (50), 10 (76), 7 (93)]";782;"Maquina 5: [36 (43), 6 (55), 16 (82), 33 (59), 1 (82)]";999;"Maquina 6: [4 (23), 11 (41), 0 (70), 3 (44), 39 (90)]";827;"Maquina 7: [25 (17), 9 (22), 29 (25), 24 (55), 31 (94)]";547;"Maquina 8: [32 (34), 17 (25), 20 (44), 34 (46), 19 (96)]";773
VNS;40;8;6204;1898.0;100;"Maquina 1: [29 (25), 2 (68), 15 (47), 35 (86)]";578;"Maquina 2: [25 (17), 37 (13), 26 (31), 13 (50), 20 (44), 16 (82)]";795;"Maquina 3: [21 (48), 12 (46), 0 (70), 32 (34), 14 (98)]";931;"Maquina 4: [4 (23), 22 (17), 28 (34), 5 (33), 23 (62), 1 (82)]";917;"Maquina 5: [18 (18), 24 (55), 34 (46), 19 (96), 31 (94)]";810;"Maquina 6: [9 (22), 27 (70), 7 (93), 33 (59)]";604;"Maquina 7: [38 (5), 10 (76), 6 (55), 36 (43), 39 (90)]";760;"Maquina 8: [8 (51), 17 (25), 11 (41), 30 (70), 3 (44)]";809
Multiarranque;40;8;6511;191.0;100;"Maquina 1: [4 (23), 38 (5), 30 (70), 15 (47), 16 (82)]";602;"Maquina 2: [37 (13), 12 (46), 26 (31), 35 (86), 33 (59)]";724;"Maquina 3: [22 (17), 28 (34), 21 (48), 11 (41), 1 (82)]";723;"Maquina 4: [6 (55), 36 (43), 0 (70), 9 (22), 14 (98)]";950;"Maquina 5: [17 (25), 18 (18), 3 (44), 31 (94), 23 (62)]";816;"Maquina 6: [8 (51), 20 (44), 5 (33), 39 (90), 10 (76)]";954;"Maquina 7: [32 (34), 7 (93), 13 (50), 25 (17), 2 (68)]";925;"Maquina 8: [29 (25), 24 (55), 34 (46), 19 (96), 27 (70)]";817
