GREEDY;50;6;14472;0.0;1;"Maquina 1: [5 (7), 44 (13), 49 (56), 36 (33), 15 (87), 16 (47), 29 (62), 42 (94), 22 (77)]";2578;"Maquina 2: [21 (44), 37 (50), 0 (14), 19 (77), 10 (9), 25 (61), 18 (85), 11 (94)]";2530;"Maquina 3: [31 (20), 39 (33), 28 (48), 24 (71), 33 (11), 17 (57), 46 (87), 13 (83), 26 (96)]";2786;"Maquina 4: [45 (12), 27 (34), 47 (45), 4 (83), 3 (27), 20 (89), 2 (56), 1 (64)]";2088;"Maquina 5: [12 (13), 8 (31), 48 (60), 32 (75), 35 (38), 23 (83), 14 (49), 38 (93)]";2388;"Maquina 6: [43 (13), 30 (31), 6 (34), 9 (58), 34 (47), 40 (92), 41 (63), 7 (81)]";2102
GRASP;50;6;12018;291.0;100;"Maquina 1: [33 (11), 6 (34), 17 (57), 28 (48), 3 (27), 2 (56), 32 (75), 7 (81), 26 (96)]";2252;"Maquina 2: [47 (45), 31 (20), 16 (47), 19 (77), 8 (31), 22 (77), 18 (85), 11 (94)]";2109;"Maquina 3: [5 (7), 0 (14), 35 (38), 45 (12), 48 (60), 46 (87), 49 (56), 23 (83)]";1620;"Maquina 4: [43 (13), 30 (31), 27 (34), 21 (44), 40 (92), 37 (50), 1 (64), 13 (83), 20 (89)]";2273;"Maquina 5: [36 (33), 12 (13), 10 (9), 29 (62), 25 (61), 34 (47), 24 (71), 38 (93)]";1665;"Maquina 6: [44 (13), 14 (49), 39 (33), 9 (58), 4 (83), 41 (63), 15 (87), 42 (94)]";2099
LNS;50;6;14147;8.0;100;"Maquina 1: [5 (7), 44 (13), 49 (56), 36 (33), 15 (87), 16 (47), 29 (62), 42 (94), 22 (77)]";2578;"Maquina 2: [21 (44), 0 (14), 37 (50), 19 (77), 10 (9), 25 (61), 18 (85), 11 (94)]";2497;"Maquina 3: [31 (20), 39 (33), 28 (48), 24 (71), 33 (11), 17 (57), 46 (87), 13 (83), 26 (96)]";2786;"Maquina 4: [3 (27), 27 (34), 47 (45), 2 (56), 45 (12), 20 (89), 4 (83), 1 (64)]";1934;"Maquina 5: [12 (13), 8 (31), 48 (60), 32 (75), 35 (38), 23 (83), 14 (49), 38 (93)]";2388;"Maquina 6: [30 (31), 43 (13), 6 (34), 9 (58), 34 (47), 40 (92), 41 (63), 7 (81)]";1964
TABÚ;50;6;11971;89.0;100;"Maquina 1: [5 (7), 44 (13), 47 (45), 24 (71), 35 (38), 49 (56), 8 (31), 7 (81), 46 (87)]";1956;"Maquina 2: [45 (12), 14 (49), 3 (27), 2 (56), 15 (87), 16 (47), 1 (64), 42 (94)]";1901;"Maquina 3: [34 (47), 0 (14), 29 (62), 18 (85), 21 (44), 4 (83), 41 (63), 38 (93)]";2150;"Maquina 4: [43 (13), 30 (31), 36 (33), 37 (50), 25 (61), 19 (77), 11 (94), 23 (83)]";1833;"Maquina 5: [17 (57), 33 (11), 6 (34), 9 (58), 22 (77), 31 (20), 48 (60), 20 (89), 26 (96)]";2385;"Maquina 6: [39 (33), 10 (9), 12 (13), 28 (48), 13 (83), 27 (34), 32 (75), 40 (92)]";1746
VNS;50;6;12919;4498.0;100;"Maquina 1: [5 (7), 44 (13), 37 (50), 49 (56), 36 (33), 15 (87), 16 (47), 19 (77), 7 (81), 26 (96)]";2583;"Maquina 2: [21 (44), 12 (13), 0 (14), 29 (62), 10 (9), 38 (93), 11 (94), 13 (83), 18 (85)]";2309;"Maquina 3: [31 (20), 39 (33), 28 (48), 24 (71), 25 (61), 33 (11), 17 (57), 22 (77)]";1937;"Maquina 4: [3 (27), 27 (34), 47 (45), 4 (83), 45 (12), 20 (89), 2 (56), 42 (94), 46 (87)]";2684;"Maquina 5: [40 (92), 48 (60), 32 (75), 35 (38), 23 (83), 14 (49)]";1748;"Maquina 6: [30 (31), 43 (13), 6 (34), 9 (58), 34 (47), 8 (31), 41 (63), 1 (64)]";1658
Multiarranque;50;6;12730;326.0;100;"Maquina 1: [45 (12), 3 (27), 35 (38), 16 (47), 9 (58), 22 (77), 15 (87), 42 (94)]";2164;"Maquina 2: [31 (20), 33 (11), 27 (34), 4 (83), 25 (61), 28 (48), 18 (85), 38 (93)]";1953;"Maquina 3: [43 (13), 30 (31), 21 (44), 23 (83), 48 (60), 6 (34), 29 (62), 40 (92)]";1908;"Maquina 4: [5 (7), 44 (13), 14 (49), 39 (33), 17 (57), 41 (63), 1 (64), 20 (89), 11 (94)]";2163;"Maquina 5: [12 (13), 10 (9), 34 (47), 8 (31), 2 (56), 32 (75), 19 (77), 24 (71), 13 (83)]";2421;"Maquina 6: [0 (14), 49 (56), 36 (33), 37 (50), 47 (45), 7 (81), 46 (87), 26 (96)]";2121
GREEDY;50;6;15050;0.0;1;"Maquina 1: [7 (21), 41 (53), 3 (2), 29 (48), 33 (65), 4 (75), 36 (35), 15 (91), 26 (97)]";2717;"Maquina 2: [34 (9), 40 (36), 8 (26), 30 (54), 16 (66), 25 (50), 28 (75), 27 (91)]";2198;"Maquina 3: [24 (64), 49 (11), 13 (71), 46 (44), 43 (28), 14 (89), 48 (52), 0 (96)]";2666;"Maquina 4: [32 (14), 2 (32), 11 (39), 18 (60), 35 (50), 38 (69), 44 (80), 42 (91), 20 (99)]";2832;"Maquina 5: [21 (32), 39 (19), 45 (91), 19 (52), 12 (41), 47 (57), 10 (85), 37 (67)]";2198;"Maquina 6: [6 (21), 5 (71), 1 (35), 9 (87), 23 (53), 22 (47), 31 (60), 17 (93)]";2439
GRASP;50;6;12618;347.0;100;"Maquina 1: [34 (9), 7 (21), 12 (41), 46 (44), 18 (60), 35 (50), 15 (91), 16 (66), 0 (96)]";2252;"Maquina 2: [22 (47), 21 (32), 48 (52), 23 (53), 20 (99), 10 (85), 37 (67), 17 (93)]";2423;"Maquina 3: [49 (11), 8 (26), 6 (21), 9 (87), 13 (71), 26 (97), 31 (60), 27 (91)]";1907;"Maquina 4: [2 (32), 30 (54), 39 (19), 41 (53), 43 (28), 1 (35), 4 (75), 45 (91)]";1852;"Maquina 5: [3 (2), 29 (48), 32 (14), 47 (57), 11 (39), 19 (52), 38 (69), 5 (71), 28 (75)]";1994;"Maquina 6: [40 (36), 24 (64), 36 (35), 33 (65), 25 (50), 44 (80), 42 (91), 14 (89)]";2190
LNS;50;6;14749;8.0;100;"Maquina 1: [7 (21), 41 (53), 3 (2), 29 (48), 33 (65), 4 (75), 36 (35), 15 (91), 26 (97)]";2717;"Maquina 2: [34 (9), 25 (50), 8 (26), 30 (54), 40 (36), 16 (66), 28 (75), 27 (91)]";2047;"Maquina 3: [24 (64), 49 (11), 13 (71), 43 (28), 46 (44), 14 (89), 48 (52), 0 (96)]";2516;"Maquina 4: [32 (14), 2 (32), 11 (39), 18 (60), 35 (50), 38 (69), 44 (80), 42 (91), 20 (99)]";2832;"Maquina 5: [21 (32), 39 (19), 45 (91), 19 (52), 12 (41), 47 (57), 10 (85), 37 (67)]";2198;"Maquina 6: [6 (21), 5 (71), 1 (35), 9 (87), 23 (53), 22 (47), 31 (60), 17 (93)]";2439
TABÚ;50;6;12639;86.0;100;"Maquina 1: [34 (9), 25 (50), 44 (80), 6 (21), 40 (36), 37 (67), 5 (71), 13 (71), 20 (99)]";2383;"Maquina 2: [32 (14), 3 (2), 1 (35), 4 (75), 18 (60), 10 (85), 35 (50), 0 (96)]";1819;"Maquina 3: [49 (11), 2 (32), 30 (54), 39 (19), 42 (91), 33 (65), 27 (91), 15 (91)]";1739;"Maquina 4: [7 (21), 12 (41), 24 (64), 48 (52), 41 (53), 43 (28), 36 (35), 14 (89), 47 (57)]";2397;"Maquina 5: [22 (47), 21 (32), 38 (69), 19 (52), 11 (39), 29 (48), 9 (87), 28 (75)]";2117;"Maquina 6: [8 (26), 23 (53), 31 (60), 46 (44), 16 (66), 45 (91), 17 (93), 26 (97)]";2184
VNS;50;6;13923;4508.0;100;"Maquina 1: [39 (19), 41 (53), 3 (2), 29 (48), 33 (65), 26 (97), 44 (80), 0 (96), 15 (91)]";2593;"Maquina 2: [34 (9), 40 (36), 7 (21), 8 (26), 12 (41), 48 (52), 16 (66), 25 (50), 28 (75), 27 (91)]";2765;"Maquina 3: [24 (64), 49 (11), 13 (71), 43 (28), 14 (89), 22 (47), 4 (75)]";1799;"Maquina 4: [32 (14), 2 (32), 46 (44), 11 (39), 18 (60), 35 (50), 38 (69), 31 (60), 42 (91), 10 (85)]";3084;"Maquina 5: [21 (32), 45 (91), 19 (52), 30 (54), 47 (57), 20 (99), 37 (67)]";1907;"Maquina 6: [6 (21), 5 (71), 1 (35), 9 (87), 23 (53), 36 (35), 17 (93)]";1775
Multiarranque;50;6;13603;320.0;100;"Maquina 1: [49 (11), 1 (35), 11 (39), 18 (60), 22 (47), 19 (52), 16 (66), 17 (93)]";1830;"Maquina 2: [34 (9), 23 (53), 36 (35), 39 (19), 7 (21), 29 (48), 48 (52), 25 (50), 27 (91), 30 (54)]";2511;"Maquina 3: [12 (41), 9 (87), 43 (28), 6 (21), 26 (97), 24 (64), 14 (89), 42 (91)]";2336;"Maquina 4: [3 (2), 8 (26), 41 (53), 35 (50), 31 (60), 46 (44), 33 (65), 10 (85), 13 (71)]";2383;"Maquina 5: [32 (14), 47 (57), 4 (75), 40 (36), 38 (69), 20 (99), 0 (96)]";2042;"Maquina 6: [2 (32), 37 (67), 21 (32), 45 (91), 15 (91), 5 (71), 28 (75), 44 (80)]";2501
GREEDY;50;6;14130;0.0;1;"Maquina 1: [32 (1), 34 (20), 33 (38), 14 (56), 42 (47), 21 (29), 20 (95), 37 (67), 6 (83)]";2488;"Maquina 2: [13 (30), 24 (22), 18 (4), 31 (37), 11 (48), 16 (70), 39 (58), 22 (79), 30 (91)]";2303;"Maquina 3: [41 (34), 26 (4), 9 (59), 15 (48), 44 (74), 29 (99), 35 (24), 43 (85)]";2580;"Maquina 4: [28 (31), 7 (5), 45 (75), 17 (43), 48 (24), 38 (52), 3 (60), 0 (89)]";1980;"Maquina 5: [4 (28), 36 (13), 8 (55), 5 (44), 23 (30), 46 (77), 27 (91), 12 (62)]";2247;"Maquina 6: [10 (29), 49 (32), 1 (18), 19 (85), 2 (47), 47 (96), 25 (54), 40 (64)]";2532
GRASP;50;6;11555;352.0;100;"Maquina 1: [49 (32), 24 (22), 18 (4), 11 (48), 15 (48), 16 (70), 14 (56), 21 (29), 20 (95)]";1794;"Maquina 2: [7 (5), 26 (4), 10 (29), 17 (43), 5 (44), 1 (18), 3 (60), 43 (85)]";1496;"Maquina 3: [39 (58), 34 (20), 33 (38), 41 (34), 9 (59), 38 (52), 22 (79), 30 (91)]";1913;"Maquina 4: [4 (28), 36 (13), 25 (54), 23 (30), 28 (31), 31 (37), 37 (67), 46 (77), 6 (83)]";2149;"Maquina 5: [48 (24), 13 (30), 40 (64), 42 (47), 27 (91), 8 (55), 0 (89), 45 (75)]";2090;"Maquina 6: [35 (24), 12 (62), 32 (1), 2 (47), 44 (74), 19 (85), 47 (96), 29 (99)]";2113
LNS;50;6;14118;10.0;100;"Maquina 1: [32 (1), 34 (20), 33 (38), 14 (56), 42 (47), 21 (29), 20 (95), 37 (67), 6 (83)]";2488;"Maquina 2: [13 (30), 24 (22), 18 (4), 31 (37), 11 (48), 16 (70), 39 (58), 22 (79), 30 (91)]";2303;"Maquina 3: [41 (34), 26 (4), 9 (59), 15 (48), 44 (74), 29 (99), 35 (24), 43 (85)]";2580;"Maquina 4: [28 (31), 7 (5), 45 (75), 17 (43), 48 (24), 38 (52), 3 (60), 0 (89)]";1980;"Maquina 5: [8 (55), 36 (13), 4 (28), 5 (44), 23 (30), 46 (77), 27 (91), 12 (62)]";2235;"Maquina 6: [10 (29), 49 (32), 1 (18), 19 (85), 2 (47), 47 (96), 25 (54), 40 (64)]";2532
TABÚ;50;6;12829;87.0;100;"Maquina 1: [4 (28), 49 (32), 26 (4), 9 (59), 28 (31), 44 (74), 39 (58), 22 (79), 30 (91)]";2420;"Maquina 2: [10 (29), 35 (24), 12 (62), 23 (30), 48 (24), 33 (38), 3 (60), 20 (95), 6 (83)]";2478;"Maquina 3: [17 (43), 1 (18), 2 (47), 32 (1), 41 (34), 8 (55), 45 (75), 47 (96)]";1734;"Maquina 4: [7 (5), 36 (13), 25 (54), 5 (44), 24 (22), 29 (99), 14 (56), 0 (89)]";1763;"Maquina 5: [37 (67), 21 (29), 38 (52), 34 (20), 31 (37), 19 (85), 15 (48), 27 (91)]";2421;"Maquina 6: [18 (4), 11 (48), 16 (70), 42 (47), 46 (77), 13 (30), 40 (64), 43 (85)]";2013
VNS;50;6;12421;4958.0;100;"Maquina 1: [32 (1), 34 (20), 33 (38), 14 (56), 42 (47), 5 (44), 37 (67), 20 (95), 6 (83)]";2387;"Maquina 2: [28 (31), 24 (22), 18 (4), 31 (37), 11 (48), 16 (70), 39 (58), 22 (79), 40 (64)]";2086;"Maquina 3: [21 (29), 41 (34), 9 (59), 15 (48), 44 (74), 29 (99), 35 (24), 43 (85)]";2240;"Maquina 4: [13 (30), 7 (5), 45 (75), 17 (43), 48 (24), 38 (52), 47 (96), 0 (89)]";1847;"Maquina 5: [26 (4), 4 (28), 36 (13), 8 (55), 23 (30), 46 (77), 27 (91), 12 (62)]";1552;"Maquina 6: [10 (29), 49 (32), 1 (18), 19 (85), 2 (47), 30 (91), 25 (54), 3 (60)]";2309
Multiarranque;50;6;12752;322.0;100;"Maquina 1: [7 (5), 26 (4), 18 (4), 11 (48), 23 (30), 8 (55), 29 (99), 20 (95), 30 (91)]";1744;"Maquina 2: [41 (34), 21 (29), 17 (43), 1 (18), 32 (1), 35 (24), 4 (28), 15 (48), 22 (79)]";2065;"Maquina 3: [49 (32), 39 (58), 34 (20), 16 (70), 24 (22), 31 (37), 6 (83), 27 (91)]";2156;"Maquina 4: [33 (38), 10 (29), 2 (47), 47 (96), 12 (62), 37 (67), 0 (89), 43 (85)]";2320;"Maquina 5: [36 (13), 48 (24), 38 (52), 44 (74), 45 (75), 46 (77), 5 (44), 3 (60)]";2060;"Maquina 6: [9 (59), 28 (31), 13 (30), 40 (64), 14 (56), 42 (47), 25 (54), 19 (85)]";2407
GREEDY;50;6;14348;0.0;1;"Maquina 1: [2 (28), 6 (2), 47 (88), 18 (55), 20 (51), 49 (62), 0 (72), 4 (41)]";1926;"Maquina 2: [22 (2), 3 (57), 10 (31), 38 (42), 19 (71), 21 (45), 44 (61), 24 (80), 39 (96)]";2646;"Maquina 3: [32 (7), 41 (32), 36 (80), 12 (44), 27 (38), 37 (56), 1 (72), 46 (61), 17 (96)]";2517;"Maquina 4: [28 (16), 34 (59), 48 (49), 30 (33), 8 (43), 45 (73), 16 (68), 25 (93)]";2397;"Maquina 5: [9 (24), 42 (33), 13 (43), 33 (76), 29 (60), 7 (48), 11 (95), 40 (70)]";2447;"Maquina 6: [14 (25), 31 (36), 15 (43), 26 (76), 35 (48), 5 (58), 43 (90), 23 (67)]";2415
GRASP;50;6;12483;322.0;100;"Maquina 1: [32 (7), 41 (32), 4 (41), 25 (93), 3 (57), 49 (62), 36 (80), 29 (60), 17 (96)]";2399;"Maquina 2: [7 (48), 28 (16), 34 (59), 21 (45), 46 (61), 19 (71), 39 (96), 43 (90)]";2081;"Maquina 3: [38 (42), 9 (24), 42 (33), 22 (2), 5 (58), 20 (51), 23 (67), 0 (72), 24 (80)]";2173;"Maquina 4: [27 (38), 31 (36), 2 (28), 12 (44), 40 (70), 26 (76), 13 (43), 47 (88)]";2012;"Maquina 5: [6 (2), 15 (43), 48 (49), 10 (31), 45 (73), 35 (48), 8 (43), 37 (56)]";1595;"Maquina 6: [30 (33), 14 (25), 18 (55), 44 (61), 1 (72), 33 (76), 16 (68), 11 (95)]";2223
LNS;50;6;14348;9.0;100;"Maquina 1: [2 (28), 6 (2), 47 (88), 18 (55), 20 (51), 49 (62), 0 (72), 4 (41)]";1926;"Maquina 2: [22 (2), 3 (57), 10 (31), 38 (42), 19 (71), 21 (45), 44 (61), 24 (80), 39 (96)]";2646;"Maquina 3: [32 (7), 41 (32), 36 (80), 12 (44), 27 (38), 37 (56), 1 (72), 46 (61), 17 (96)]";2517;"Maquina 4: [28 (16), 34 (59), 48 (49), 30 (33), 8 (43), 45 (73), 16 (68), 25 (93)]";2397;"Maquina 5: [9 (24), 42 (33), 13 (43), 33 (76), 29 (60), 7 (48), 11 (95), 40 (70)]";2447;"Maquina 6: [14 (25), 31 (36), 15 (43), 26 (76), 35 (48), 5 (58), 43 (90), 23 (67)]";2415
TABÚ;50;6;12954;81.0;100;"Maquina 1: [30 (33), 22 (2), 3 (57), 13 (43), 9 (24), 19 (71), 34 (59), 17 (96), 46 (61)]";2075;"Maquina 2: [28 (16), 42 (33), 18 (55), 16 (68), 5 (58), 20 (51), 23 (67), 24 (80)]";2101;"Maquina 3: [32 (7), 41 (32), 31 (36), 25 (93), 12 (44), 45 (73), 8 (43), 11 (95), 33 (76)]";2598;"Maquina 4: [14 (25), 10 (31), 38 (42), 7 (48), 49 (62), 36 (80), 26 (76), 0 (72)]";1940;"Maquina 5: [6 (2), 27 (38), 37 (56), 1 (72), 35 (48), 39 (96), 48 (49), 47 (88)]";1994;"Maquina 6: [2 (28), 29 (60), 15 (43), 4 (41), 21 (45), 44 (61), 40 (70), 43 (90)]";2246
VNS;50;6;13088;5426.0;100;"Maquina 1: [2 (28), 6 (2), 47 (88), 18 (55), 20 (51), 49 (62), 23 (67), 45 (73)]";1947;"Maquina 2: [22 (2), 3 (57), 10 (31), 38 (42), 7 (48), 21 (45), 44 (61), 24 (80), 39 (96)]";2378;"Maquina 3: [32 (7), 41 (32), 36 (80), 33 (76), 27 (38), 37 (56), 1 (72), 46 (61), 19 (71)]";2500;"Maquina 4: [28 (16), 34 (59), 48 (49), 43 (90), 4 (41), 16 (68), 25 (93)]";1810;"Maquina 5: [8 (43), 9 (24), 42 (33), 13 (43), 12 (44), 29 (60), 17 (96), 11 (95), 40 (70)]";2476;"Maquina 6: [30 (33), 14 (25), 31 (36), 15 (43), 26 (76), 35 (48), 5 (58), 0 (72)]";1977
Multiarranque;50;6;13803;352.0;100;"Maquina 1: [44 (61), 22 (2), 34 (59), 13 (43), 10 (31), 36 (80), 1 (72), 45 (73)]";2246;"Maquina 2: [32 (7), 2 (28), 29 (60), 15 (43), 38 (42), 11 (95), 33 (76), 40 (70)]";2243;"Maquina 3: [8 (43), 6 (2), 19 (71), 12 (44), 9 (24), 43 (90), 26 (76), 35 (48), 47 (88)]";2464;"Maquina 4: [21 (45), 18 (55), 41 (32), 4 (41), 5 (58), 48 (49), 24 (80), 17 (96)]";2235;"Maquina 5: [49 (62), 7 (48), 28 (16), 20 (51), 42 (33), 16 (68), 46 (61), 3 (57)]";2076;"Maquina 6: [30 (33), 14 (25), 31 (36), 27 (38), 37 (56), 0 (72), 25 (93), 39 (96), 23 (67)]";2539
GREEDY;50;6;12728;0.0;1;"Maquina 1: [32 (12), 1 (5), 40 (44), 19 (33), 48 (77), 9 (51), 8 (64), 6 (88)]";2096;"Maquina 2: [38 (13), 12 (7), 18 (19), 41 (49), 29 (45), 5 (73), 28 (33), 37 (61), 36 (82)]";1968;"Maquina 3: [22 (36), 0 (14), 31 (66), 13 (10), 30 (48), 45 (89), 33 (59), 17 (77)]";2294;"Maquina 4: [23 (10), 16 (15), 44 (28), 24 (40), 15 (48), 35 (51), 2 (66), 43 (81), 25 (98)]";2530;"Maquina 5: [39 (10), 27 (15), 20 (24), 7 (45), 21 (50), 10 (62), 34 (84), 11 (71)]";2000;"Maquina 6: [4 (12), 3 (36), 46 (46), 49 (18), 14 (49), 42 (60), 26 (82), 47 (66)]";1840
GRASP;50;6;10703;312.0;100;"Maquina 1: [38 (13), 21 (50), 4 (12), 47 (66), 22 (36), 37 (61), 45 (89), 17 (77)]";1685;"Maquina 2: [23 (10), 16 (15), 44 (28), 24 (40), 40 (44), 42 (60), 9 (51), 10 (62)]";1480;"Maquina 3: [39 (10), 27 (15), 46 (46), 32 (12), 35 (51), 7 (45), 36 (82), 26 (82), 34 (84)]";2122;"Maquina 4: [12 (7), 18 (19), 1 (5), 3 (36), 48 (77), 2 (66), 20 (24), 41 (49), 31 (66)]";1833;"Maquina 5: [19 (33), 49 (18), 14 (49), 15 (48), 29 (45), 6 (88), 8 (64), 25 (98)]";1925;"Maquina 6: [13 (10), 28 (33), 0 (14), 43 (81), 33 (59), 30 (48), 5 (73), 11 (71)]";1658
LNS;50;6;12728;9.0;100;"Maquina 1: [32 (12), 1 (5), 40 (44), 19 (33), 48 (77), 9 (51), 8 (64), 6 (88)]";2096;"Maquina 2: [38 (13), 12 (7), 18 (19), 41 (49), 29 (45), 5 (73), 28 (33), 37 (61), 36 (82)]";1968;"Maquina 3: [22 (36), 0 (14), 31 (66), 13 (10), 30 (48), 45 (89), 33 (59), 17 (77)]";2294;"Maquina 4: [23 (10), 16 (15), 44 (28), 24 (40), 15 (48), 35 (51), 2 (66), 43 (81), 25 (98)]";2530;"Maquina 5: [39 (10), 27 (15), 20 (24), 7 (45), 21 (50), 10 (62), 34 (84), 11 (71)]";2000;"Maquina 6: [4 (12), 3 (36), 46 (46), 49 (18), 14 (49), 42 (60), 26 (82), 47 (66)]";1840
TABÚ;50;6;10541;88.0;100;"Maquina 1: [23 (10), 16 (15), 14 (49), 22 (36), 46 (46), 8 (64), 43 (81), 33 (59)]";1494;"Maquina 2: [49 (18), 1 (5), 0 (14), 37 (61), 19 (33), 17 (77), 24 (40), 25 (98), 31 (66)]";1796;"Maquina 3: [38 (13), 13 (10), 44 (28), 41 (49), 47 (66), 40 (44), 42 (60), 48 (77)]";1426;"Maquina 4: [18 (19), 27 (15), 4 (12), 30 (48), 7 (45), 29 (45), 6 (88), 11 (71), 45 (89)]";2114;"Maquina 5: [12 (7), 28 (33), 9 (51), 10 (62), 15 (48), 5 (73), 26 (82), 34 (84)]";1899;"Maquina 6: [20 (24), 3 (36), 32 (12), 21 (50), 39 (10), 36 (82), 35 (51), 2 (66)]";1812
VNS;50;6;11723;5369.0;100;"Maquina 1: [32 (12), 1 (5), 40 (44), 19 (33), 48 (77), 9 (51), 8 (64), 36 (82)]";2096;"Maquina 2: [38 (13), 12 (7), 18 (19), 41 (49), 25 (98), 5 (73), 28 (33), 37 (61), 34 (84)]";2046;"Maquina 3: [3 (36), 0 (14), 31 (66), 13 (10), 30 (48), 42 (60), 33 (59)]";1505;"Maquina 4: [23 (10), 16 (15), 44 (28), 24 (40), 15 (48), 35 (51), 29 (45), 43 (81), 47 (66)]";2172;"Maquina 5: [39 (10), 27 (15), 17 (77), 20 (24), 7 (45), 21 (50), 10 (62), 6 (88), 11 (71)]";2190;"Maquina 6: [4 (12), 22 (36), 46 (46), 49 (18), 14 (49), 45 (89), 26 (82), 2 (66)]";1714
Multiarranque;50;6;11887;348.0;100;"Maquina 1: [12 (7), 15 (48), 4 (12), 30 (48), 22 (36), 2 (66), 34 (84), 47 (66)]";1718;"Maquina 2: [1 (5), 0 (14), 28 (33), 33 (59), 16 (15), 42 (60), 48 (77), 46 (46), 25 (98)]";2262;"Maquina 3: [13 (10), 3 (36), 27 (15), 9 (51), 19 (33), 37 (61), 36 (82), 31 (66)]";1812;"Maquina 4: [23 (10), 29 (45), 32 (12), 35 (51), 24 (40), 11 (71), 26 (82), 6 (88)]";1866;"Maquina 5: [39 (10), 18 (19), 20 (24), 8 (64), 40 (44), 41 (49), 43 (81), 45 (89), 14 (49)]";2243;"Maquina 6: [49 (18), 38 (13), 21 (50), 10 (62), 44 (28), 7 (45), 17 (77), 5 (73)]";1986
GREEDY;50;6;14443;0.0;1;"Maquina 1: [48 (19), 10 (56), 19 (2), 22 (59), 27 (68), 15 (40), 46 (75), 24 (94)]";2218;"Maquina 2: [7 (10), 38 (21), 36 (44), 44 (33), 32 (73), 29 (47), 35 (88), 33 (63), 30 (95)]";2489;"Maquina 3: [13 (43), 1 (24), 8 (52), 39 (14), 20 (60), 12 (85), 4 (69), 21 (95)]";2411;"Maquina 4: [5 (15), 0 (40), 6 (45), 47 (27), 18 (54), 45 (69), 40 (89), 42 (97), 11 (62)]";2510;"Maquina 5: [49 (60), 16 (47), 34 (17), 26 (28), 17 (69), 23 (96), 9 (37), 37 (92)]";2426;"Maquina 6: [3 (58), 2 (30), 28 (64), 41 (89), 25 (43), 43 (17), 14 (97), 31 (70)]";2389
GRASP;50;6;13360;291.0;100;"Maquina 1: [47 (27), 25 (43), 22 (59), 28 (64), 44 (33), 46 (75), 29 (47), 24 (94)]";2351;"Maquina 2: [43 (17), 14 (97), 26 (28), 5 (15), 49 (60), 16 (47), 35 (88), 8 (52), 21 (95)]";2477;"Maquina 3: [7 (10), 39 (14), 2 (30), 36 (44), 31 (70), 12 (85), 23 (96), 20 (60)]";1906;"Maquina 4: [34 (17), 17 (69), 19 (2), 6 (45), 18 (54), 15 (40), 32 (73), 42 (97), 41 (89)]";2246;"Maquina 5: [45 (69), 48 (19), 10 (56), 3 (58), 11 (62), 33 (63), 0 (40), 40 (89)]";2231;"Maquina 6: [13 (43), 1 (24), 9 (37), 38 (21), 37 (92), 30 (95), 27 (68), 4 (69)]";2149
LNS;50;6;14443;9.0;100;"Maquina 1: [48 (19), 10 (56), 19 (2), 22 (59), 27 (68), 15 (40), 46 (75), 24 (94)]";2218;"Maquina 2: [7 (10), 38 (21), 36 (44), 44 (33), 32 (73), 29 (47), 35 (88), 33 (63), 30 (95)]";2489;"Maquina 3: [13 (43), 1 (24), 8 (52), 39 (14), 20 (60), 12 (85), 4 (69), 21 (95)]";2411;"Maquina 4: [5 (15), 0 (40), 6 (45), 47 (27), 18 (54), 45 (69), 40 (89), 42 (97), 11 (62)]";2510;"Maquina 5: [49 (60), 16 (47), 34 (17), 26 (28), 17 (69), 23 (96), 9 (37), 37 (92)]";2426;"Maquina 6: [3 (58), 2 (30), 28 (64), 41 (89), 25 (43), 43 (17), 14 (97), 31 (70)]";2389
TABÚ;50;6;13307;88.0;100;"Maquina 1: [7 (10), 40 (89), 17 (69), 19 (2), 41 (89), 29 (47), 33 (63), 49 (60)]";2208;"Maquina 2: [5 (15), 28 (64), 44 (33), 16 (47), 13 (43), 43 (17), 10 (56), 46 (75), 21 (95)]";2496;"Maquina 3: [1 (24), 42 (97), 34 (17), 39 (14), 22 (59), 35 (88), 24 (94), 30 (95)]";2000;"Maquina 4: [38 (21), 3 (58), 11 (62), 23 (96), 47 (27), 18 (54), 32 (73), 31 (70)]";2313;"Maquina 5: [48 (19), 2 (30), 15 (40), 36 (44), 9 (37), 12 (85), 45 (69), 8 (52), 14 (97)]";2271;"Maquina 6: [25 (43), 26 (28), 6 (45), 0 (40), 20 (60), 27 (68), 4 (69), 37 (92)]";2019
VNS;50;6;13873;7204.0;100;"Maquina 1: [48 (19), 10 (56), 19 (2), 22 (59), 27 (68), 15 (40), 46 (75), 24 (94)]";2218;"Maquina 2: [7 (10), 38 (21), 36 (44), 32 (73), 29 (47), 35 (88), 33 (63), 4 (69)]";2031;"Maquina 3: [26 (28), 13 (43), 1 (24), 8 (52), 39 (14), 20 (60), 12 (85), 45 (69), 30 (95)]";2615;"Maquina 4: [5 (15), 0 (40), 6 (45), 47 (27), 18 (54), 40 (89), 17 (69), 11 (62)]";1824;"Maquina 5: [49 (60), 16 (47), 34 (17), 42 (97), 23 (96), 9 (37), 37 (92), 21 (95)]";2556;"Maquina 6: [3 (58), 2 (30), 28 (64), 44 (33), 31 (70), 25 (43), 43 (17), 14 (97), 41 (89)]";2629
Multiarranque;50;6;13672;375.0;100;"Maquina 1: [34 (17), 39 (14), 2 (30), 15 (40), 31 (70), 4 (69), 40 (89), 30 (95), 10 (56)]";2435;"Maquina 2: [33 (63), 1 (24), 7 (10), 47 (27), 3 (58), 18 (54), 11 (62), 41 (89)]";2089;"Maquina 3: [44 (33), 13 (43), 43 (17), 12 (85), 45 (69), 37 (92), 29 (47), 42 (97)]";2284;"Maquina 4: [8 (52), 48 (19), 17 (69), 19 (2), 6 (45), 49 (60), 21 (95), 35 (88)]";2156;"Maquina 5: [26 (28), 5 (15), 0 (40), 20 (60), 16 (47), 27 (68), 14 (97), 36 (44), 24 (94)]";2324;"Maquina 6: [9 (37), 46 (75), 38 (21), 23 (96), 28 (64), 22 (59), 25 (43), 32 (73)]";2384
GREEDY;50;6;14394;1.0;1;"Maquina 1: [3 (4), 8 (41), 43 (23), 37 (51), 2 (43), 16 (73), 13 (58), 26 (84), 34 (93)]";2402;"Maquina 2: [32 (24), 20 (44), 30 (11), 9 (51), 29 (55), 36 (62), 18 (77), 12 (86)]";2139;"Maquina 3: [23 (17), 46 (51), 47 (65), 21 (25), 19 (79), 15 (58), 10 (39), 33 (92)]";2305;"Maquina 4: [31 (19), 5 (43), 7 (30), 49 (50), 6 (55), 14 (60), 39 (76), 0 (98), 1 (85)]";2792;"Maquina 5: [38 (67), 4 (45), 44 (84), 41 (30), 28 (58), 11 (21), 48 (54), 25 (93)]";2440;"Maquina 6: [45 (22), 22 (34), 17 (56), 27 (63), 40 (35), 35 (51), 42 (80), 24 (92)]";2316
GRASP;50;6;13310;362.0;100;"Maquina 1: [15 (58), 37 (51), 49 (50), 4 (45), 22 (34), 39 (76), 24 (92), 14 (60)]";2284;"Maquina 2: [23 (17), 3 (4), 20 (44), 18 (77), 27 (63), 0 (98), 45 (22), 26 (84), 34 (93)]";2461;"Maquina 3: [11 (21), 30 (11), 46 (51), 47 (65), 29 (55), 9 (51), 38 (67), 19 (79)]";1808;"Maquina 4: [13 (58), 2 (43), 16 (73), 5 (43), 35 (51), 28 (58), 42 (80), 44 (84)]";2384;"Maquina 5: [21 (25), 31 (19), 41 (30), 40 (35), 6 (55), 12 (86), 7 (30), 1 (85), 25 (93)]";2321;"Maquina 6: [48 (54), 10 (39), 17 (56), 32 (24), 36 (62), 8 (41), 43 (23), 33 (92)]";2052
LNS;50;6;14132;9.0;100;"Maquina 1: [3 (4), 8 (41), 43 (23), 37 (51), 2 (43), 16 (73), 13 (58), 26 (84), 34 (93)]";2402;"Maquina 2: [30 (11), 20 (44), 32 (24), 36 (62), 29 (55), 9 (51), 18 (77), 12 (86)]";2069;"Maquina 3: [21 (25), 46 (51), 47 (65), 23 (17), 19 (79), 15 (58), 10 (39), 33 (92)]";2113;"Maquina 4: [31 (19), 5 (43), 7 (30), 49 (50), 6 (55), 14 (60), 39 (76), 0 (98), 1 (85)]";2792;"Maquina 5: [38 (67), 4 (45), 44 (84), 41 (30), 28 (58), 11 (21), 48 (54), 25 (93)]";2440;"Maquina 6: [45 (22), 22 (34), 17 (56), 27 (63), 40 (35), 35 (51), 42 (80), 24 (92)]";2316
TABÚ;50;6;12786;100.0;100;"Maquina 1: [21 (25), 30 (11), 46 (51), 2 (43), 17 (56), 4 (45), 25 (93), 15 (58), 42 (80)]";2203;"Maquina 2: [3 (4), 8 (41), 43 (23), 5 (43), 16 (73), 48 (54), 14 (60), 34 (93), 0 (98)]";2035;"Maquina 3: [31 (19), 45 (22), 33 (92), 13 (58), 40 (35), 6 (55), 12 (86), 26 (84)]";2082;"Maquina 4: [23 (17), 35 (51), 41 (30), 20 (44), 47 (65), 38 (67), 9 (51), 18 (77)]";2145;"Maquina 5: [11 (21), 29 (55), 36 (62), 22 (34), 27 (63), 39 (76), 44 (84)]";1666;"Maquina 6: [10 (39), 32 (24), 49 (50), 7 (30), 28 (58), 37 (51), 19 (79), 1 (85), 24 (92)]";2655
VNS;50;6;13712;5976.0;100;"Maquina 1: [3 (4), 8 (41), 43 (23), 37 (51), 2 (43), 16 (73), 13 (58), 26 (84), 34 (93)]";2402;"Maquina 2: [32 (24), 20 (44), 30 (11), 9 (51), 29 (55), 0 (98), 18 (77), 1 (85)]";2148;"Maquina 3: [46 (51), 47 (65), 23 (17), 19 (79), 48 (54), 10 (39), 38 (67), 24 (92)]";2194;"Maquina 4: [31 (19), 5 (43), 7 (30), 49 (50), 6 (55), 14 (60), 39 (76), 36 (62), 12 (86)]";2651;"Maquina 5: [4 (45), 44 (84), 41 (30), 28 (58), 11 (21), 15 (58), 25 (93)]";1708;"Maquina 6: [21 (25), 45 (22), 22 (34), 17 (56), 27 (63), 40 (35), 35 (51), 42 (80), 33 (92)]";2609
Multiarranque;50;6;13848;320.0;100;"Maquina 1: [3 (4), 8 (41), 43 (23), 37 (51), 2 (43), 16 (73), 13 (58), 26 (84), 34 (93)]";2402;"Maquina 2: [30 (11), 20 (44), 32 (24), 36 (62), 29 (55), 9 (51), 18 (77), 12 (86)]";2069;"Maquina 3: [21 (25), 46 (51), 47 (65), 23 (17), 19 (79), 48 (54), 10 (39), 33 (92)]";1934;"Maquina 4: [31 (19), 5 (43), 7 (30), 49 (50), 6 (55), 14 (60), 39 (76), 0 (98), 1 (85)]";2792;"Maquina 5: [38 (67), 4 (45), 44 (84), 41 (30), 28 (58), 11 (21), 15 (58), 25 (93)]";2335;"Maquina 6: [45 (22), 22 (34), 17 (56), 27 (63), 40 (35), 35 (51), 42 (80), 24 (92)]";2316
GREEDY;50;6;12849;0.0;1;"Maquina 1: [2 (4), 49 (56), 43 (31), 0 (14), 35 (51), 3 (74), 45 (43), 5 (91)]";2174;"Maquina 2: [18 (48), 7 (14), 11 (10), 8 (23), 42 (69), 10 (53), 9 (79), 26 (37), 28 (94)]";2402;"Maquina 3: [23 (10), 6 (44), 39 (28), 40 (14), 33 (52), 36 (49), 31 (58), 41 (78), 27 (92)]";2219;"Maquina 4: [14 (12), 16 (17), 46 (53), 20 (65), 22 (42), 37 (27), 17 (50), 4 (81)]";1867;"Maquina 5: [24 (12), 34 (34), 12 (42), 1 (53), 38 (18), 47 (86), 25 (64), 48 (45)]";1880;"Maquina 6: [29 (21), 19 (28), 15 (43), 21 (51), 13 (78), 32 (55), 30 (13), 44 (92)]";2307
GRASP;50;6;10860;295.0;100;"Maquina 1: [2 (4), 4 (81), 40 (14), 17 (50), 0 (14), 33 (52), 36 (49), 27 (92), 5 (91)]";2193;"Maquina 2: [18 (48), 7 (14), 11 (10), 12 (42), 16 (17), 49 (56), 46 (53), 20 (65), 28 (94)]";1918;"Maquina 3: [29 (21), 23 (10), 45 (43), 21 (51), 26 (37), 13 (78), 32 (55), 9 (79)]";1564;"Maquina 4: [48 (45), 30 (13), 10 (53), 41 (78), 43 (31), 8 (23), 22 (42), 44 (92)]";1815;"Maquina 5: [24 (12), 34 (34), 31 (58), 14 (12), 19 (28), 25 (64), 1 (53), 3 (74)]";1722;"Maquina 6: [15 (43), 39 (28), 37 (27), 6 (44), 38 (18), 42 (69), 35 (51), 47 (86)]";1648
LNS;50;6;12849;8.0;100;"Maquina 1: [2 (4), 49 (56), 43 (31), 0 (14), 35 (51), 3 (74), 45 (43), 5 (91)]";2174;"Maquina 2: [18 (48), 7 (14), 11 (10), 8 (23), 42 (69), 10 (53), 9 (79), 26 (37), 28 (94)]";2402;"Maquina 3: [23 (10), 6 (44), 39 (28), 40 (14), 33 (52), 36 (49), 31 (58), 41 (78), 27 (92)]";2219;"Maquina 4: [14 (12), 16 (17), 46 (53), 20 (65), 22 (42), 37 (27), 17 (50), 4 (81)]";1867;"Maquina 5: [24 (12), 34 (34), 12 (42), 1 (53), 38 (18), 47 (86), 25 (64), 48 (45)]";1880;"Maquina 6: [29 (21), 19 (28), 15 (43), 21 (51), 13 (78), 32 (55), 30 (13), 44 (92)]";2307
TABÚ;50;6;10633;82.0;100;"Maquina 1: [19 (28), 0 (14), 15 (43), 11 (10), 12 (42), 1 (53), 26 (37), 25 (64), 13 (78)]";1884;"Maquina 2: [2 (4), 40 (14), 17 (50), 44 (92), 46 (53), 39 (28), 21 (51), 20 (65), 3 (74)]";2393;"Maquina 3: [7 (14), 24 (12), 6 (44), 10 (53), 23 (10), 41 (78), 28 (94), 5 (91)]";1388;"Maquina 4: [14 (12), 34 (34), 45 (43), 29 (21), 35 (51), 22 (42), 33 (52), 27 (92)]";1554;"Maquina 5: [37 (27), 38 (18), 30 (13), 48 (45), 32 (55), 4 (81), 18 (48), 9 (79)]";1635;"Maquina 6: [43 (31), 16 (17), 8 (23), 49 (56), 36 (49), 31 (58), 42 (69), 47 (86)]";1779
VNS;50;6;11728;4556.0;100;"Maquina 1: [2 (4), 16 (17), 43 (31), 14 (12), 38 (18), 39 (28), 35 (51), 26 (37), 21 (51), 48 (45), 5 (91)]";2547;"Maquina 2: [18 (48), 7 (14), 11 (10), 8 (23), 42 (69), 10 (53), 9 (79), 32 (55), 28 (94)]";2311;"Maquina 3: [23 (10), 46 (53), 6 (44), 40 (14), 36 (49), 31 (58), 41 (78), 13 (78)]";1881;"Maquina 4: [49 (56), 20 (65), 22 (42), 37 (27), 25 (64), 4 (81)]";1370;"Maquina 5: [24 (12), 34 (34), 12 (42), 1 (53), 0 (14), 47 (86), 17 (50), 45 (43)]";1651;"Maquina 6: [29 (21), 19 (28), 33 (52), 15 (43), 3 (74), 30 (13), 44 (92), 27 (92)]";1968
Multiarranque;50;6;11211;318.0;100;"Maquina 1: [38 (18), 17 (50), 44 (92), 43 (31), 4 (81), 3 (74), 28 (94)]";1846;"Maquina 2: [30 (13), 37 (27), 0 (14), 39 (28), 48 (45), 12 (42), 2 (4), 1 (53), 47 (86), 5 (91)]";2197;"Maquina 3: [14 (12), 18 (48), 35 (51), 6 (44), 16 (17), 36 (49), 20 (65), 42 (69)]";1843;"Maquina 4: [26 (37), 46 (53), 34 (34), 45 (43), 24 (12), 31 (58), 25 (64), 9 (79)]";1881;"Maquina 5: [7 (14), 19 (28), 22 (42), 8 (23), 15 (43), 11 (10), 21 (51), 40 (14), 27 (92)]";1668;"Maquina 6: [23 (10), 29 (21), 10 (53), 32 (55), 33 (52), 41 (78), 49 (56), 13 (78)]";1776
GREEDY;50;6;11570;0.0;1;"Maquina 1: [33 (1), 9 (20), 2 (36), 22 (72), 39 (53), 41 (60), 13 (46), 19 (88)]";1789;"Maquina 2: [30 (22), 31 (7), 12 (44), 48 (32), 29 (51), 14 (66), 23 (57), 0 (97), 6 (81)]";2079;"Maquina 3: [40 (12), 24 (51), 7 (56), 36 (40), 3 (28), 25 (64), 4 (79), 47 (92)]";1882;"Maquina 4: [49 (13), 1 (29), 17 (35), 11 (45), 16 (81), 38 (67), 34 (59), 43 (52), 18 (99)]";2233;"Maquina 5: [8 (14), 15 (29), 5 (56), 37 (49), 26 (37), 44 (60), 20 (91), 27 (76)]";1792;"Maquina 6: [46 (30), 21 (19), 10 (40), 35 (54), 28 (49), 42 (60), 32 (90), 45 (72)]";1795
GRASP;50;6;10461;286.0;100;"Maquina 1: [40 (12), 8 (14), 48 (32), 13 (46), 41 (60), 39 (53), 38 (67), 7 (56), 18 (99)]";1880;"Maquina 2: [49 (13), 9 (20), 10 (40), 37 (49), 35 (54), 24 (51), 45 (72), 47 (92)]";1542;"Maquina 3: [33 (1), 36 (40), 17 (35), 11 (45), 14 (66), 43 (52), 44 (60), 20 (91)]";1479;"Maquina 4: [21 (19), 30 (22), 12 (44), 2 (36), 16 (81), 42 (60), 32 (90), 25 (64), 0 (97)]";2208;"Maquina 5: [3 (28), 46 (30), 5 (56), 15 (29), 29 (51), 23 (57), 19 (88), 6 (81)]";1666;"Maquina 6: [31 (7), 1 (29), 28 (49), 26 (37), 27 (76), 22 (72), 34 (59), 4 (79)]";1686
LNS;50;6;11570;9.0;100;"Maquina 1: [33 (1), 9 (20), 2 (36), 22 (72), 39 (53), 41 (60), 13 (46), 19 (88)]";1789;"Maquina 2: [30 (22), 31 (7), 12 (44), 48 (32), 29 (51), 14 (66), 23 (57), 0 (97), 6 (81)]";2079;"Maquina 3: [40 (12), 24 (51), 7 (56), 36 (40), 3 (28), 25 (64), 4 (79), 47 (92)]";1882;"Maquina 4: [49 (13), 1 (29), 17 (35), 11 (45), 16 (81), 38 (67), 34 (59), 43 (52), 18 (99)]";2233;"Maquina 5: [8 (14), 15 (29), 5 (56), 37 (49), 26 (37), 44 (60), 20 (91), 27 (76)]";1792;"Maquina 6: [46 (30), 21 (19), 10 (40), 35 (54), 28 (49), 42 (60), 32 (90), 45 (72)]";1795
TABÚ;50;6;10863;82.0;100;"Maquina 1: [33 (1), 15 (29), 8 (14), 13 (46), 26 (37), 27 (76), 34 (59), 25 (64), 14 (66)]";1801;"Maquina 2: [30 (22), 31 (7), 40 (12), 11 (45), 20 (91), 35 (54), 4 (79), 5 (56), 47 (92)]";1849;"Maquina 3: [36 (40), 46 (30), 49 (13), 16 (81), 37 (49), 39 (53), 7 (56), 18 (99)]";1844;"Maquina 4: [17 (35), 48 (32), 1 (29), 23 (57), 38 (67), 24 (51), 41 (60), 19 (88)]";1788;"Maquina 5: [3 (28), 21 (19), 43 (52), 10 (40), 44 (60), 12 (44), 0 (97), 32 (90)]";1646;"Maquina 6: [2 (36), 22 (72), 9 (20), 29 (51), 45 (72), 28 (49), 42 (60), 6 (81)]";1935
VNS;50;6;11165;5667.0;100;"Maquina 1: [49 (13), 9 (20), 2 (36), 22 (72), 39 (53), 41 (60), 13 (46), 0 (97), 19 (88)]";2180;"Maquina 2: [30 (22), 31 (7), 12 (44), 48 (32), 29 (51), 34 (59), 14 (66), 4 (79), 6 (81)]";1936;"Maquina 3: [40 (12), 24 (51), 7 (56), 36 (40), 3 (28), 25 (64), 23 (57), 47 (92)]";1785;"Maquina 4: [33 (1), 1 (29), 17 (35), 11 (45), 16 (81), 38 (67), 44 (60), 18 (99)]";1645;"Maquina 5: [8 (14), 15 (29), 5 (56), 37 (49), 26 (37), 43 (52), 20 (91), 27 (76)]";1824;"Maquina 6: [46 (30), 21 (19), 10 (40), 35 (54), 28 (49), 42 (60), 32 (90), 45 (72)]";1795
Multiarranque;50;6;10957;318.0;100;"Maquina 1: [48 (32), 3 (28), 46 (30), 26 (37), 32 (90), 39 (53), 34 (59), 16 (81)]";1716;"Maquina 2: [40 (12), 8 (14), 13 (46), 17 (35), 29 (51), 18 (99), 0 (97), 19 (88)]";1610;"Maquina 3: [31 (7), 10 (40), 33 (1), 28 (49), 11 (45), 22 (72), 14 (66), 38 (67), 47 (92)]";1932;"Maquina 4: [1 (29), 15 (29), 41 (60), 35 (54), 24 (51), 37 (49), 44 (60), 6 (81)]";1865;"Maquina 5: [7 (56), 42 (60), 25 (64), 45 (72), 43 (52), 5 (56), 20 (91)]";1965;"Maquina 6: [49 (13), 9 (20), 2 (36), 30 (22), 21 (19), 36 (40), 12 (44), 27 (76), 23 (57), 4 (79)]";1869
GREEDY;50;6;11873;0.0;1;"Maquina 1: [29 (13), 48 (2), 16 (64), 40 (34), 6 (43), 19 (55), 32 (84), 11 (90)]";1771;"Maquina 2: [13 (3), 2 (19), 38 (56), 15 (36), 22 (68), 3 (87), 37 (49), 35 (92)]";1941;"Maquina 3: [47 (5), 14 (53), 41 (22), 25 (57), 43 (38), 39 (65), 12 (85), 4 (92)]";1847;"Maquina 4: [44 (7), 45 (22), 1 (59), 7 (34), 31 (42), 9 (55), 46 (79), 26 (94), 8 (90)]";2095;"Maquina 5: [36 (8), 33 (37), 5 (49), 42 (24), 49 (55), 17 (61), 27 (82), 10 (90), 0 (97)]";2288;"Maquina 6: [34 (50), 21 (27), 20 (9), 18 (57), 30 (89), 24 (42), 28 (73), 23 (93)]";1931
GRASP;50;6;10519;289.0;100;"Maquina 1: [48 (2), 13 (3), 6 (43), 28 (73), 9 (55), 3 (87), 32 (84), 8 (90), 23 (93)]";2086;"Maquina 2: [47 (5), 29 (13), 45 (22), 25 (57), 34 (50), 39 (65), 46 (79), 27 (82)]";1390;"Maquina 3: [36 (8), 21 (27), 43 (38), 17 (61), 31 (42), 49 (55), 0 (97), 26 (94)]";1649;"Maquina 4: [24 (42), 44 (7), 14 (53), 15 (36), 22 (68), 33 (37), 10 (90), 35 (92)]";1675;"Maquina 5: [20 (9), 37 (49), 18 (57), 41 (22), 5 (49), 16 (64), 38 (56), 12 (85), 4 (92)]";2187;"Maquina 6: [2 (19), 7 (34), 40 (34), 42 (24), 19 (55), 1 (59), 11 (90), 30 (89)]";1532
LNS;50;6;11625;8.0;100;"Maquina 1: [29 (13), 48 (2), 16 (64), 6 (43), 40 (34), 19 (55), 32 (84), 11 (90)]";1748;"Maquina 2: [2 (19), 38 (56), 13 (3), 15 (36), 22 (68), 3 (87), 37 (49), 35 (92)]";1734;"Maquina 3: [47 (5), 14 (53), 41 (22), 25 (57), 43 (38), 39 (65), 12 (85), 4 (92)]";1847;"Maquina 4: [44 (7), 45 (22), 1 (59), 7 (34), 31 (42), 9 (55), 46 (79), 26 (94), 8 (90)]";2095;"Maquina 5: [36 (8), 33 (37), 5 (49), 49 (55), 42 (24), 17 (61), 27 (82), 10 (90), 0 (97)]";2270;"Maquina 6: [34 (50), 21 (27), 20 (9), 18 (57), 30 (89), 24 (42), 28 (73), 23 (93)]";1931
TABÚ;50;6;10425;82.0;100;"Maquina 1: [47 (5), 15 (36), 41 (22), 5 (49), 31 (42), 9 (55), 46 (79), 0 (97)]";1415;"Maquina 2: [44 (7), 43 (38), 49 (55), 33 (37), 24 (42), 3 (87), 22 (68), 23 (93), 4 (92)]";2169;"Maquina 3: [20 (9), 2 (19), 7 (34), 34 (50), 32 (84), 1 (59), 37 (49), 30 (89), 27 (82)]";2063;"Maquina 4: [29 (13), 6 (43), 21 (27), 38 (56), 19 (55), 39 (65), 35 (92), 11 (90)]";1655;"Maquina 5: [36 (8), 40 (34), 42 (24), 17 (61), 45 (22), 8 (90), 10 (90), 26 (94)]";1545;"Maquina 6: [48 (2), 25 (57), 13 (3), 28 (73), 18 (57), 14 (53), 16 (64), 12 (85)]";1578
VNS;50;6;10845;3129.0;100;"Maquina 1: [2 (19), 48 (2), 16 (64), 14 (53), 24 (42), 19 (55), 32 (84), 35 (92)]";1799;"Maquina 2: [13 (3), 6 (43), 29 (13), 34 (50), 9 (55), 3 (87), 22 (68), 23 (93)]";1656;"Maquina 3: [5 (49), 40 (34), 41 (22), 25 (57), 31 (42), 28 (73), 12 (85), 26 (94)]";1817;"Maquina 4: [44 (7), 45 (22), 1 (59), 7 (34), 43 (38), 46 (79), 38 (56), 4 (92), 8 (90)]";1972;"Maquina 5: [36 (8), 33 (37), 47 (5), 15 (36), 49 (55), 17 (61), 27 (82), 10 (90), 0 (97)]";1995;"Maquina 6: [42 (24), 21 (27), 20 (9), 37 (49), 18 (57), 30 (89), 39 (65), 11 (90)]";1606
Multiarranque;50;6;10947;316.0;100;"Maquina 1: [25 (57), 45 (22), 24 (42), 6 (43), 8 (90), 18 (57), 49 (55), 27 (82)]";1939;"Maquina 2: [48 (2), 20 (9), 47 (5), 40 (34), 42 (24), 21 (27), 43 (38), 46 (79), 10 (90), 12 (85)]";1538;"Maquina 3: [13 (3), 14 (53), 33 (37), 16 (64), 38 (56), 19 (55), 1 (59), 35 (92)]";1694;"Maquina 4: [44 (7), 15 (36), 41 (22), 9 (55), 3 (87), 0 (97), 28 (73), 26 (94)]";1955;"Maquina 5: [37 (49), 5 (49), 31 (42), 36 (8), 7 (34), 11 (90), 17 (61), 4 (92)]";1837;"Maquina 6: [2 (19), 29 (13), 34 (50), 32 (84), 39 (65), 22 (68), 30 (89), 23 (93)]";1984
GREEDY;50;6;10791;0.0;1;"Maquina 1: [6 (9), 16 (1), 29 (42), 1 (21), 47 (53), 21 (64), 31 (94), 14 (74), 34 (99)]";2032;"Maquina 2: [22 (9), 26 (2), 18 (32), 3 (48), 36 (70), 12 (84), 5 (59), 46 (97)]";1758;"Maquina 3: [24 (9), 35 (2), 19 (44), 9 (28), 7 (54), 17 (65), 20 (95), 39 (76)]";1606;"Maquina 4: [8 (3), 48 (9), 25 (20), 32 (33), 10 (71), 42 (62), 45 (48), 30 (99), 11 (90)]";1976;"Maquina 5: [15 (11), 27 (32), 38 (6), 33 (61), 37 (96), 23 (47), 44 (68), 40 (79)]";1599;"Maquina 6: [4 (15), 49 (6), 41 (61), 43 (28), 0 (70), 13 (46), 28 (80), 2 (99)]";1820
GRASP;50;6;9431;291.0;100;"Maquina 1: [43 (28), 35 (2), 1 (21), 6 (9), 45 (48), 42 (62), 7 (54), 46 (97), 34 (99)]";1655;"Maquina 2: [29 (42), 24 (9), 26 (2), 18 (32), 47 (53), 21 (64), 17 (65), 2 (99), 28 (80)]";1846;"Maquina 3: [38 (6), 19 (44), 3 (48), 0 (70), 13 (46), 5 (59), 14 (74), 11 (90)]";1768;"Maquina 4: [15 (11), 25 (20), 16 (1), 33 (61), 37 (96), 23 (47), 39 (76), 31 (94)]";1477;"Maquina 5: [4 (15), 49 (6), 32 (33), 9 (28), 36 (70), 12 (84), 10 (71), 30 (99)]";1418;"Maquina 6: [8 (3), 48 (9), 44 (68), 22 (9), 27 (32), 41 (61), 20 (95), 40 (79)]";1267
LNS;50;6;10544;8.0;100;"Maquina 1: [6 (9), 16 (1), 29 (42), 1 (21), 47 (53), 21 (64), 31 (94), 14 (74), 34 (99)]";2032;"Maquina 2: [22 (9), 26 (2), 18 (32), 3 (48), 36 (70), 12 (84), 5 (59), 46 (97)]";1758;"Maquina 3: [35 (2), 19 (44), 24 (9), 9 (28), 7 (54), 17 (65), 20 (95), 39 (76)]";1426;"Maquina 4: [25 (20), 48 (9), 8 (3), 32 (33), 10 (71), 30 (99), 45 (48), 42 (62), 11 (90)]";1909;"Maquina 5: [15 (11), 27 (32), 38 (6), 33 (61), 37 (96), 23 (47), 44 (68), 40 (79)]";1599;"Maquina 6: [4 (15), 49 (6), 41 (61), 43 (28), 0 (70), 13 (46), 28 (80), 2 (99)]";1820
TABÚ;50;6;9533;80.0;100;"Maquina 1: [8 (3), 16 (1), 23 (47), 4 (15), 29 (42), 42 (62), 3 (48), 11 (90), 30 (99)]";1591;"Maquina 2: [26 (2), 35 (2), 1 (21), 38 (6), 0 (70), 10 (71), 33 (61), 39 (76), 31 (94)]";1534;"Maquina 3: [15 (11), 43 (28), 7 (54), 41 (61), 19 (44), 34 (99), 5 (59), 28 (80)]";1796;"Maquina 4: [6 (9), 25 (20), 48 (9), 47 (53), 21 (64), 37 (96), 17 (65), 20 (95)]";1543;"Maquina 5: [24 (9), 22 (9), 27 (32), 13 (46), 32 (33), 40 (79), 46 (97), 2 (99)]";1387;"Maquina 6: [9 (28), 49 (6), 44 (68), 18 (32), 45 (48), 36 (70), 14 (74), 12 (84)]";1682
VNS;50;6;10146;4076.0;100;"Maquina 1: [6 (9), 16 (1), 29 (42), 1 (21), 47 (53), 21 (64), 31 (94), 14 (74)]";1446;"Maquina 2: [41 (61), 26 (2), 18 (32), 3 (48), 12 (84), 5 (59), 28 (80), 34 (99)]";1995;"Maquina 3: [24 (9), 19 (44), 45 (48), 7 (54), 17 (65), 20 (95), 46 (97)]";1519;"Maquina 4: [8 (3), 32 (33), 35 (2), 25 (20), 48 (9), 10 (71), 42 (62), 9 (28), 30 (99), 11 (90)]";1928;"Maquina 5: [15 (11), 27 (32), 38 (6), 33 (61), 37 (96), 23 (47), 44 (68), 39 (76)]";1577;"Maquina 6: [4 (15), 49 (6), 22 (9), 43 (28), 36 (70), 0 (70), 13 (46), 40 (79), 2 (99)]";1681
Multiarranque;50;6;9969;324.0;100;"Maquina 1: [8 (3), 32 (33), 3 (48), 19 (44), 23 (47), 47 (53), 7 (54), 37 (96)]";1461;"Maquina 2: [6 (9), 18 (32), 49 (6), 12 (84), 38 (6), 20 (95), 42 (62), 11 (90)]";1510;"Maquina 3: [26 (2), 25 (20), 16 (1), 24 (9), 22 (9), 27 (32), 13 (46), 40 (79), 34 (99), 39 (76), 30 (99)]";2088;"Maquina 4: [9 (28), 45 (48), 44 (68), 33 (61), 2 (99), 28 (80), 36 (70)]";1744;"Maquina 5: [35 (2), 48 (9), 43 (28), 1 (21), 15 (11), 21 (64), 17 (65), 10 (71), 31 (94)]";1644;"Maquina 6: [4 (15), 29 (42), 14 (74), 41 (61), 0 (70), 5 (59), 46 (97)]";1522
GREEDY;50;6;12626;0.0;1;"Maquina 1: [47 (2), 15 (30), 48 (60), 17 (17), 23 (51), 37 (72), 19 (80), 46 (97), 8 (89)]";2404;"Maquina 2: [25 (4), 16 (41), 43 (17), 9 (53), 40 (90), 27 (81), 34 (61), 26 (94), 2 (73)]";2341;"Maquina 3: [10 (7), 39 (21), 1 (38), 32 (57), 42 (62), 24 (91), 6 (74), 12 (84)]";1896;"Maquina 4: [5 (44), 45 (8), 28 (75), 20 (24), 11 (70), 13 (59), 49 (92), 14 (88)]";2071;"Maquina 5: [29 (24), 7 (15), 41 (49), 4 (68), 44 (76), 31 (59), 3 (92), 18 (87)]";1965;"Maquina 6: [0 (27), 38 (15), 33 (42), 35 (84), 36 (65), 21 (74), 30 (91), 22 (58)]";1949
GRASP;50;6;11126;288.0;100;"Maquina 1: [17 (17), 1 (38), 4 (68), 16 (41), 32 (57), 42 (62), 30 (91), 14 (88)]";1830;"Maquina 2: [47 (2), 43 (17), 33 (42), 20 (24), 48 (60), 44 (76), 31 (59), 12 (84), 18 (87)]";1736;"Maquina 3: [25 (4), 15 (30), 11 (70), 41 (49), 37 (72), 22 (58), 3 (92), 40 (90)]";1770;"Maquina 4: [45 (8), 39 (21), 29 (24), 21 (74), 8 (89), 9 (53), 6 (74), 19 (80), 24 (91)]";2178;"Maquina 5: [0 (27), 38 (15), 2 (73), 23 (51), 27 (81), 46 (97), 35 (84), 49 (92)]";2041;"Maquina 6: [7 (15), 10 (7), 13 (59), 5 (44), 34 (61), 36 (65), 28 (75), 26 (94)]";1571
LNS;50;6;12626;9.0;100;"Maquina 1: [47 (2), 15 (30), 48 (60), 17 (17), 23 (51), 37 (72), 19 (80), 46 (97), 8 (89)]";2404;"Maquina 2: [25 (4), 16 (41), 43 (17), 9 (53), 40 (90), 27 (81), 34 (61), 26 (94), 2 (73)]";2341;"Maquina 3: [10 (7), 39 (21), 1 (38), 32 (57), 42 (62), 24 (91), 6 (74), 12 (84)]";1896;"Maquina 4: [5 (44), 45 (8), 28 (75), 20 (24), 11 (70), 13 (59), 49 (92), 14 (88)]";2071;"Maquina 5: [29 (24), 7 (15), 41 (49), 4 (68), 44 (76), 31 (59), 3 (92), 18 (87)]";1965;"Maquina 6: [0 (27), 38 (15), 33 (42), 35 (84), 36 (65), 21 (74), 30 (91), 22 (58)]";1949
TABÚ;50;6;11350;83.0;100;"Maquina 1: [47 (2), 43 (17), 33 (42), 20 (24), 2 (73), 23 (51), 18 (87), 19 (80), 24 (91)]";1789;"Maquina 2: [38 (15), 10 (7), 13 (59), 5 (44), 42 (62), 14 (88), 35 (84), 28 (75), 26 (94)]";2241;"Maquina 3: [45 (8), 39 (21), 11 (70), 0 (27), 40 (90), 29 (24), 21 (74), 49 (92)]";1582;"Maquina 4: [7 (15), 41 (49), 31 (59), 4 (68), 44 (76), 9 (53), 3 (92), 8 (89)]";2066;"Maquina 5: [25 (4), 17 (17), 16 (41), 22 (58), 32 (57), 27 (81), 34 (61), 30 (91)]";1510;"Maquina 6: [15 (30), 48 (60), 1 (38), 37 (72), 36 (65), 6 (74), 46 (97), 12 (84)]";2162
VNS;50;6;12088;5525.0;100;"Maquina 1: [15 (30), 48 (60), 23 (51), 29 (24), 37 (72), 19 (80), 2 (73), 8 (89)]";2131;"Maquina 2: [25 (4), 16 (41), 43 (17), 9 (53), 40 (90), 28 (75), 34 (61), 26 (94), 46 (97)]";2379;"Maquina 3: [10 (7), 39 (21), 1 (38), 32 (57), 42 (62), 24 (91), 6 (74), 12 (84)]";1896;"Maquina 4: [47 (2), 5 (44), 45 (8), 18 (87), 20 (24), 11 (70), 13 (59), 49 (92), 30 (91)]";2056;"Maquina 5: [17 (17), 7 (15), 41 (49), 4 (68), 44 (76), 31 (59), 3 (92), 27 (81)]";1728;"Maquina 6: [0 (27), 38 (15), 33 (42), 35 (84), 36 (65), 21 (74), 14 (88), 22 (58)]";1898
Multiarranque;50;6;11901;313.0;100;"Maquina 1: [39 (21), 29 (24), 25 (4), 16 (41), 36 (65), 28 (75), 19 (80), 49 (92), 46 (97)]";1996;"Maquina 2: [7 (15), 17 (17), 43 (17), 11 (70), 1 (38), 48 (60), 40 (90), 21 (74), 24 (91)]";1978;"Maquina 3: [10 (7), 38 (15), 31 (59), 34 (61), 2 (73), 35 (84), 14 (88), 30 (91)]";2010;"Maquina 4: [45 (8), 47 (2), 4 (68), 0 (27), 32 (57), 27 (81), 26 (94), 42 (62), 18 (87)]";2026;"Maquina 5: [5 (44), 15 (30), 6 (74), 8 (89), 13 (59), 3 (92), 37 (72)]";1839;"Maquina 6: [33 (42), 20 (24), 23 (51), 41 (49), 22 (58), 12 (84), 9 (53), 44 (76)]";2052
GREEDY;50;6;10074;0.0;1;"Maquina 1: [11 (1), 30 (9), 14 (23), 44 (43), 10 (30), 27 (77), 29 (70), 40 (60), 26 (97)]";1903;"Maquina 2: [48 (9), 6 (2), 31 (17), 32 (58), 20 (29), 46 (69), 15 (77), 41 (39), 17 (97)]";1829;"Maquina 3: [35 (12), 45 (6), 36 (26), 7 (33), 12 (54), 37 (69), 39 (90), 9 (77)]";1641;"Maquina 4: [2 (7), 3 (14), 21 (25), 23 (84), 13 (50), 24 (31), 43 (75), 0 (69)]";1621;"Maquina 5: [28 (16), 42 (8), 5 (48), 16 (24), 49 (30), 25 (72), 19 (62), 22 (79)]";1534;"Maquina 6: [47 (8), 1 (17), 33 (25), 34 (32), 38 (53), 18 (82), 8 (68), 4 (74)]";1546
GRASP;50;6;8625;286.0;100;"Maquina 1: [45 (6), 6 (2), 35 (12), 19 (62), 41 (39), 16 (24), 8 (68), 26 (97), 43 (75)]";1488;"Maquina 2: [47 (8), 31 (17), 49 (30), 40 (60), 20 (29), 23 (84), 37 (69), 17 (97)]";1386;"Maquina 3: [33 (25), 28 (16), 42 (8), 12 (54), 13 (50), 24 (31), 15 (77), 27 (77)]";1296;"Maquina 4: [34 (32), 3 (14), 1 (17), 44 (43), 21 (25), 18 (82), 25 (72), 4 (74)]";1364;"Maquina 5: [48 (9), 2 (7), 11 (1), 36 (26), 5 (48), 0 (69), 38 (53), 29 (70), 9 (77)]";1524;"Maquina 6: [14 (23), 10 (30), 30 (9), 32 (58), 7 (33), 39 (90), 46 (69), 22 (79)]";1567
LNS;50;6;10069;9.0;100;"Maquina 1: [11 (1), 30 (9), 40 (60), 44 (43), 10 (30), 27 (77), 29 (70), 14 (23), 26 (97)]";1900;"Maquina 2: [48 (9), 6 (2), 31 (17), 32 (58), 20 (29), 46 (69), 15 (77), 41 (39), 17 (97)]";1829;"Maquina 3: [35 (12), 36 (26), 45 (6), 7 (33), 12 (54), 37 (69), 39 (90), 9 (77)]";1639;"Maquina 4: [2 (7), 3 (14), 21 (25), 23 (84), 13 (50), 24 (31), 43 (75), 0 (69)]";1621;"Maquina 5: [28 (16), 42 (8), 5 (48), 16 (24), 49 (30), 25 (72), 19 (62), 22 (79)]";1534;"Maquina 6: [47 (8), 1 (17), 33 (25), 34 (32), 38 (53), 18 (82), 8 (68), 4 (74)]";1546
TABÚ;50;6;8460;82.0;100;"Maquina 1: [48 (9), 33 (25), 31 (17), 49 (30), 40 (60), 34 (32), 18 (82), 15 (77), 23 (84)]";1716;"Maquina 2: [11 (1), 20 (29), 16 (24), 35 (12), 38 (53), 24 (31), 29 (70), 27 (77), 43 (75)]";1443;"Maquina 3: [21 (25), 3 (14), 36 (26), 5 (48), 19 (62), 41 (39), 0 (69), 4 (74)]";1390;"Maquina 4: [7 (33), 2 (7), 6 (2), 32 (58), 14 (23), 46 (69), 22 (79), 25 (72)]";1356;"Maquina 5: [10 (30), 30 (9), 1 (17), 44 (43), 12 (54), 37 (69), 17 (97), 39 (90)]";1503;"Maquina 6: [47 (8), 28 (16), 42 (8), 45 (6), 13 (50), 9 (77), 8 (68), 26 (97)]";1052
VNS;50;6;9204;3905.0;100;"Maquina 1: [11 (1), 30 (9), 35 (12), 44 (43), 10 (30), 15 (77), 29 (70), 40 (60), 9 (77)]";1573;"Maquina 2: [48 (9), 6 (2), 31 (17), 32 (58), 20 (29), 46 (69), 27 (77), 4 (74)]";1351;"Maquina 3: [14 (23), 45 (6), 7 (33), 12 (54), 5 (48), 37 (69), 39 (90), 26 (97)]";1686;"Maquina 4: [47 (8), 3 (14), 21 (25), 23 (84), 13 (50), 25 (72), 43 (75), 22 (79)]";1649;"Maquina 5: [28 (16), 42 (8), 16 (24), 49 (30), 36 (26), 24 (31), 41 (39), 19 (62), 0 (69)]";1522;"Maquina 6: [2 (7), 1 (17), 33 (25), 34 (32), 38 (53), 18 (82), 8 (68), 17 (97)]";1423
Multiarranque;50;6;9219;316.0;100;"Maquina 1: [24 (31), 6 (2), 3 (14), 46 (69), 16 (24), 38 (53), 17 (97), 15 (77)]";1394;"Maquina 2: [48 (9), 2 (7), 10 (30), 30 (9), 37 (69), 41 (39), 27 (77), 43 (75), 26 (97)]";1717;"Maquina 3: [1 (17), 11 (1), 35 (12), 40 (60), 33 (25), 25 (72), 5 (48), 23 (84)]";1445;"Maquina 4: [28 (16), 42 (8), 45 (6), 7 (33), 49 (30), 8 (68), 39 (90), 9 (77), 32 (58)]";1603;"Maquina 5: [47 (8), 31 (17), 13 (50), 21 (25), 34 (32), 0 (69), 4 (74), 22 (79)]";1375;"Maquina 6: [36 (26), 14 (23), 20 (29), 12 (54), 29 (70), 19 (62), 18 (82), 44 (43)]";1685
GREEDY;50;6;13987;0.0;1;"Maquina 1: [3 (6), 6 (59), 29 (17), 22 (29), 24 (47), 39 (91), 18 (64), 7 (81)]";2022;"Maquina 2: [37 (8), 48 (17), 12 (28), 45 (39), 14 (54), 20 (73), 35 (83), 21 (94), 38 (61)]";2638;"Maquina 3: [44 (10), 23 (46), 28 (36), 40 (21), 32 (57), 31 (70), 5 (82), 0 (92)]";2354;"Maquina 4: [19 (29), 1 (14), 34 (24), 46 (42), 47 (94), 25 (57), 9 (62), 13 (75), 16 (85)]";2605;"Maquina 5: [49 (16), 30 (93), 11 (25), 42 (71), 10 (29), 2 (83), 43 (46), 41 (57)]";2369;"Maquina 6: [26 (25), 15 (39), 33 (59), 8 (17), 17 (67), 4 (80), 36 (47), 27 (87)]";1999
GRASP;50;6;11894;286.0;100;"Maquina 1: [44 (10), 25 (57), 23 (46), 17 (67), 40 (21), 13 (75), 35 (83), 31 (70), 16 (85)]";2399;"Maquina 2: [43 (46), 9 (62), 28 (36), 20 (73), 26 (25), 45 (39), 6 (59), 39 (91)]";2074;"Maquina 3: [1 (14), 49 (16), 12 (28), 36 (47), 11 (25), 2 (83), 0 (92), 47 (94)]";1532;"Maquina 4: [48 (17), 15 (39), 32 (57), 3 (6), 46 (42), 27 (87), 41 (57), 18 (64), 4 (80)]";2318;"Maquina 5: [33 (59), 8 (17), 38 (61), 37 (8), 42 (71), 24 (47), 30 (93), 5 (82)]";1969;"Maquina 6: [19 (29), 29 (17), 10 (29), 14 (54), 22 (29), 34 (24), 7 (81), 21 (94)]";1602
LNS;50;6;13987;9.0;100;"Maquina 1: [3 (6), 6 (59), 29 (17), 22 (29), 24 (47), 39 (91), 18 (64), 7 (81)]";2022;"Maquina 2: [37 (8), 48 (17), 12 (28), 45 (39), 14 (54), 20 (73), 35 (83), 21 (94), 38 (61)]";2638;"Maquina 3: [44 (10), 23 (46), 28 (36), 40 (21), 32 (57), 31 (70), 5 (82), 0 (92)]";2354;"Maquina 4: [19 (29), 1 (14), 34 (24), 46 (42), 47 (94), 25 (57), 9 (62), 13 (75), 16 (85)]";2605;"Maquina 5: [49 (16), 30 (93), 11 (25), 42 (71), 10 (29), 2 (83), 43 (46), 41 (57)]";2369;"Maquina 6: [26 (25), 15 (39), 33 (59), 8 (17), 17 (67), 4 (80), 36 (47), 27 (87)]";1999
TABÚ;50;6;11802;80.0;100;"Maquina 1: [48 (17), 10 (29), 19 (29), 49 (16), 39 (91), 18 (64), 38 (61), 16 (85), 20 (73)]";2280;"Maquina 2: [8 (17), 28 (36), 36 (47), 11 (25), 42 (71), 22 (29), 2 (83), 13 (75)]";1777;"Maquina 3: [3 (6), 15 (39), 24 (47), 1 (14), 17 (67), 4 (80), 6 (59), 7 (81)]";1695;"Maquina 4: [37 (8), 40 (21), 34 (24), 5 (82), 46 (42), 47 (94), 0 (92), 31 (70)]";1744;"Maquina 5: [44 (10), 23 (46), 12 (28), 26 (25), 43 (46), 14 (54), 35 (83), 32 (57), 27 (87)]";2175;"Maquina 6: [41 (57), 29 (17), 33 (59), 25 (57), 45 (39), 9 (62), 30 (93), 21 (94)]";2131
VNS;50;6;12900;4981.0;100;"Maquina 1: [3 (6), 6 (59), 29 (17), 22 (29), 10 (29), 39 (91), 47 (94), 7 (81)]";1784;"Maquina 2: [37 (8), 48 (17), 12 (28), 40 (21), 43 (46), 14 (54), 20 (73), 35 (83), 21 (94)]";2212;"Maquina 3: [26 (25), 44 (10), 23 (46), 28 (36), 42 (71), 31 (70), 5 (82), 32 (57)]";2036;"Maquina 4: [19 (29), 1 (14), 34 (24), 46 (42), 18 (64), 25 (57), 9 (62), 13 (75), 16 (85)]";2410;"Maquina 5: [49 (16), 30 (93), 11 (25), 45 (39), 24 (47), 2 (83), 0 (92), 41 (57)]";2117;"Maquina 6: [15 (39), 38 (61), 33 (59), 8 (17), 17 (67), 4 (80), 36 (47), 27 (87)]";2341
Multiarranque;50;6;12550;319.0;100;"Maquina 1: [3 (6), 42 (71), 40 (21), 22 (29), 33 (59), 24 (47), 30 (93), 35 (83)]";2059;"Maquina 2: [37 (8), 44 (10), 8 (17), 19 (29), 41 (57), 43 (46), 9 (62), 18 (64), 47 (94), 39 (91)]";2319;"Maquina 3: [49 (16), 11 (25), 16 (85), 15 (39), 38 (61), 13 (75), 14 (54), 7 (81)]";2164;"Maquina 4: [34 (24), 45 (39), 46 (42), 23 (46), 17 (67), 6 (59), 2 (83), 0 (92)]";2159;"Maquina 5: [1 (14), 12 (28), 29 (17), 32 (57), 4 (80), 25 (57), 5 (82), 21 (94)]";1899;"Maquina 6: [26 (25), 28 (36), 48 (17), 36 (47), 10 (29), 31 (70), 20 (73), 27 (87)]";1950
GREEDY;50;6;12515;0.0;1;"Maquina 1: [17 (1), 16 (12), 11 (36), 2 (29), 47 (43), 19 (73), 31 (90), 8 (56), 20 (80)]";1884;"Maquina 2: [18 (12), 21 (2), 34 (41), 45 (62), 36 (46), 14 (95), 9 (87), 23 (76)]";2002;"Maquina 3: [5 (3), 29 (12), 46 (34), 7 (42), 6 (56), 24 (71), 35 (89), 27 (79), 1 (97)]";2489;"Maquina 4: [12 (35), 39 (3), 40 (18), 28 (50), 41 (76), 4 (61), 0 (86), 37 (91)]";1916;"Maquina 5: [26 (24), 42 (3), 30 (48), 3 (39), 49 (58), 15 (72), 43 (80), 38 (91)]";2044;"Maquina 6: [48 (41), 13 (5), 32 (53), 10 (25), 25 (70), 22 (79), 44 (96), 33 (88)]";2180
GRASP;50;6;11594;291.0;100;"Maquina 1: [46 (34), 16 (12), 21 (2), 13 (5), 32 (53), 30 (48), 28 (50), 14 (95), 9 (87)]";1790;"Maquina 2: [39 (3), 47 (43), 29 (12), 18 (12), 49 (58), 23 (76), 43 (80), 20 (80)]";1730;"Maquina 3: [17 (1), 42 (3), 2 (29), 8 (56), 1 (97), 24 (71), 35 (89), 38 (91), 37 (91)]";2245;"Maquina 4: [40 (18), 36 (46), 6 (56), 3 (39), 15 (72), 0 (86), 11 (36), 41 (76)]";2056;"Maquina 5: [34 (41), 5 (3), 12 (35), 25 (70), 22 (79), 26 (24), 31 (90), 33 (88)]";1764;"Maquina 6: [10 (25), 45 (62), 7 (42), 48 (41), 27 (79), 4 (61), 19 (73), 44 (96)]";2009
LNS;50;6;12368;8.0;100;"Maquina 1: [17 (1), 16 (12), 11 (36), 2 (29), 47 (43), 19 (73), 31 (90), 8 (56), 20 (80)]";1884;"Maquina 2: [18 (12), 21 (2), 34 (41), 45 (62), 36 (46), 14 (95), 9 (87), 23 (76)]";2002;"Maquina 3: [5 (3), 29 (12), 46 (34), 7 (42), 6 (56), 24 (71), 35 (89), 27 (79), 1 (97)]";2489;"Maquina 4: [12 (35), 40 (18), 39 (3), 28 (50), 41 (76), 4 (61), 0 (86), 37 (91)]";1769;"Maquina 5: [26 (24), 42 (3), 30 (48), 3 (39), 49 (58), 15 (72), 43 (80), 38 (91)]";2044;"Maquina 6: [48 (41), 13 (5), 32 (53), 10 (25), 25 (70), 22 (79), 44 (96), 33 (88)]";2180
TABÚ;50;6;11043;84.0;100;"Maquina 1: [13 (5), 21 (2), 12 (35), 10 (25), 45 (62), 7 (42), 31 (90), 37 (91), 33 (88)]";1943;"Maquina 2: [5 (3), 42 (3), 46 (34), 30 (48), 47 (43), 27 (79), 38 (91), 43 (80)]";1436;"Maquina 3: [39 (3), 35 (89), 26 (24), 48 (41), 34 (41), 23 (76), 25 (70), 14 (95)]";1839;"Maquina 4: [29 (12), 8 (56), 2 (29), 28 (50), 9 (87), 41 (76), 20 (80), 49 (58)]";1933;"Maquina 5: [40 (18), 18 (12), 36 (46), 6 (56), 3 (39), 24 (71), 15 (72), 22 (79), 1 (97)]";2313;"Maquina 6: [17 (1), 16 (12), 11 (36), 32 (53), 19 (73), 4 (61), 0 (86), 44 (96)]";1579
VNS;50;6;11699;5945.0;100;"Maquina 1: [17 (1), 16 (12), 11 (36), 2 (29), 29 (12), 19 (73), 31 (90), 8 (56), 38 (91)]";1731;"Maquina 2: [18 (12), 48 (41), 34 (41), 45 (62), 40 (18), 36 (46), 14 (95), 43 (80)]";1730;"Maquina 3: [47 (43), 46 (34), 7 (42), 6 (56), 24 (71), 35 (89), 23 (76), 27 (79)]";2296;"Maquina 4: [5 (3), 12 (35), 39 (3), 28 (50), 41 (76), 4 (61), 0 (86), 37 (91), 44 (96)]";2184;"Maquina 5: [26 (24), 42 (3), 30 (48), 3 (39), 49 (58), 15 (72), 9 (87), 33 (88)]";1967;"Maquina 6: [21 (2), 13 (5), 32 (53), 10 (25), 25 (70), 22 (79), 1 (97), 20 (80)]";1791
Multiarranque;50;6;11907;313.0;100;"Maquina 1: [13 (5), 32 (53), 3 (39), 16 (12), 29 (12), 25 (70), 45 (62), 9 (87), 24 (71)]";2023;"Maquina 2: [21 (2), 34 (41), 5 (3), 43 (80), 30 (48), 47 (43), 15 (72), 19 (73), 1 (97)]";2320;"Maquina 3: [40 (18), 38 (91), 41 (76), 4 (61), 27 (79), 20 (80), 37 (91)]";1933;"Maquina 4: [26 (24), 7 (42), 6 (56), 11 (36), 17 (1), 35 (89), 49 (58), 22 (79)]";1867;"Maquina 5: [10 (25), 28 (50), 18 (12), 36 (46), 31 (90), 12 (35), 0 (86), 14 (95)]";1915;"Maquina 6: [39 (3), 42 (3), 2 (29), 8 (56), 46 (34), 48 (41), 44 (96), 23 (76), 33 (88)]";1849
