GREEDY;50;4;15051;0.0;1;"Maquina 1: [38 (6), 16 (1), 24 (9), 19 (44), 18 (32), 45 (48), 25 (20), 5 (59), 36 (70), 21 (64), 31 (94), 40 (79), 2 (99)]";3622;"Maquina 2: [49 (6), 26 (2), 28 (80), 48 (9), 29 (42), 9 (28), 33 (61), 10 (71), 3 (48), 17 (65), 20 (95), 30 (99)]";3858;"Maquina 3: [35 (2), 1 (21), 15 (11), 6 (9), 27 (32), 14 (74), 41 (61), 13 (46), 44 (68), 34 (99), 47 (53), 37 (96), 12 (84)]";4155;"Maquina 4: [8 (3), 43 (28), 22 (9), 7 (54), 4 (15), 0 (70), 32 (33), 42 (62), 23 (47), 39 (76), 11 (90), 46 (97)]";3416
GRASP;50;4;13656;1347.0;500;"Maquina 1: [49 (6), 32 (33), 35 (2), 1 (21), 7 (54), 27 (32), 13 (46), 19 (44), 21 (64), 44 (68), 11 (90), 2 (99), 34 (99)]";3712;"Maquina 2: [38 (6), 16 (1), 24 (9), 4 (15), 33 (61), 22 (9), 14 (74), 41 (61), 39 (76), 28 (80), 0 (70), 12 (84), 46 (97)]";3538;"Maquina 3: [8 (3), 48 (9), 29 (42), 15 (11), 25 (20), 5 (59), 10 (71), 23 (47), 17 (65), 37 (96), 20 (95), 30 (99)]";3209;"Maquina 4: [6 (9), 9 (28), 26 (2), 18 (32), 43 (28), 42 (62), 3 (48), 47 (53), 40 (79), 45 (48), 36 (70), 31 (94)]";3197
LNS;50;4;14957;75.0;500;"Maquina 1: [38 (6), 16 (1), 24 (9), 19 (44), 18 (32), 45 (48), 25 (20), 5 (59), 36 (70), 21 (64), 31 (94), 40 (79), 2 (99)]";3622;"Maquina 2: [49 (6), 26 (2), 28 (80), 48 (9), 29 (42), 9 (28), 33 (61), 10 (71), 3 (48), 17 (65), 20 (95), 30 (99)]";3858;"Maquina 3: [35 (2), 1 (21), 15 (11), 6 (9), 27 (32), 14 (74), 41 (61), 13 (46), 44 (68), 34 (99), 47 (53), 37 (96), 12 (84)]";4155;"Maquina 4: [22 (9), 43 (28), 8 (3), 7 (54), 4 (15), 0 (70), 32 (33), 42 (62), 23 (47), 39 (76), 11 (90), 46 (97)]";3322
TABÚ;50;4;13203;382.0;500;"Maquina 1: [26 (2), 35 (2), 1 (21), 9 (28), 7 (54), 15 (11), 25 (20), 3 (48), 19 (44), 11 (90), 14 (74), 37 (96), 30 (99)]";3018;"Maquina 2: [8 (3), 48 (9), 6 (9), 33 (61), 18 (32), 43 (28), 21 (64), 28 (80), 36 (70), 42 (62), 40 (79), 46 (97)]";3031;"Maquina 3: [22 (9), 38 (6), 16 (1), 44 (68), 32 (33), 23 (47), 47 (53), 17 (65), 0 (70), 10 (71), 2 (99), 20 (95)]";3348;"Maquina 4: [4 (15), 49 (6), 29 (42), 24 (9), 27 (32), 13 (46), 5 (59), 41 (61), 45 (48), 39 (76), 12 (84), 34 (99), 31 (94)]";3806
VNS;50;4;14099;23019.0;500;"Maquina 1: [6 (9), 16 (1), 24 (9), 19 (44), 18 (32), 45 (48), 25 (20), 5 (59), 36 (70), 21 (64), 31 (94), 17 (65), 2 (99)]";3578;"Maquina 2: [26 (2), 28 (80), 48 (9), 4 (15), 29 (42), 9 (28), 33 (61), 32 (33), 42 (62), 3 (48), 30 (99), 20 (95)]";3485;"Maquina 3: [35 (2), 1 (21), 7 (54), 15 (11), 27 (32), 14 (74), 41 (61), 13 (46), 34 (99), 44 (68), 40 (79), 46 (97)]";3582;"Maquina 4: [49 (6), 22 (9), 43 (28), 8 (3), 38 (6), 0 (70), 10 (71), 23 (47), 47 (53), 39 (76), 12 (84), 11 (90), 37 (96)]";3454
Multiarranque;50;4;13806;1593.0;500;"Maquina 1: [38 (6), 1 (21), 4 (15), 25 (20), 32 (33), 10 (71), 41 (61), 19 (44), 3 (48), 11 (90), 20 (95), 34 (99)]";3295;"Maquina 2: [8 (3), 48 (9), 6 (9), 16 (1), 33 (61), 18 (32), 28 (80), 36 (70), 45 (48), 21 (64), 17 (65), 46 (97), 31 (94)]";3493;"Maquina 3: [24 (9), 22 (9), 7 (54), 15 (11), 47 (53), 9 (28), 0 (70), 23 (47), 39 (76), 42 (62), 40 (79), 2 (99)]";3351;"Maquina 4: [49 (6), 26 (2), 35 (2), 27 (32), 13 (46), 29 (42), 43 (28), 5 (59), 14 (74), 37 (96), 12 (84), 44 (68), 30 (99)]";3667
GREEDY;50;4;22287;0.0;1;"Maquina 1: [48 (54), 10 (39), 3 (4), 35 (51), 41 (30), 20 (44), 11 (21), 13 (58), 39 (76), 24 (92), 26 (84), 27 (63), 0 (98)]";5977;"Maquina 2: [8 (41), 7 (30), 45 (22), 4 (45), 30 (11), 29 (55), 18 (77), 44 (84), 37 (51), 15 (58), 47 (65), 25 (93)]";5334;"Maquina 3: [28 (58), 43 (23), 23 (17), 5 (43), 38 (67), 40 (35), 6 (55), 21 (25), 19 (79), 1 (85), 9 (51), 33 (92)]";5292;"Maquina 4: [2 (43), 31 (19), 14 (60), 32 (24), 49 (50), 46 (51), 36 (62), 22 (34), 17 (56), 16 (73), 42 (80), 34 (93), 12 (86)]";5684
GRASP;50;4;18416;1365.0;500;"Maquina 1: [41 (30), 14 (60), 2 (43), 32 (24), 36 (62), 37 (51), 15 (58), 25 (93), 49 (50), 1 (85), 6 (55), 38 (67)]";5019;"Maquina 2: [21 (25), 30 (11), 46 (51), 31 (19), 8 (41), 23 (17), 35 (51), 28 (58), 10 (39), 26 (84), 18 (77), 24 (92), 34 (93)]";4321;"Maquina 3: [7 (30), 3 (4), 48 (54), 40 (35), 11 (21), 43 (23), 5 (43), 27 (63), 29 (55), 9 (51), 0 (98), 16 (73), 33 (92)]";4121;"Maquina 4: [45 (22), 22 (34), 17 (56), 20 (44), 47 (65), 39 (76), 44 (84), 4 (45), 19 (79), 13 (58), 12 (86), 42 (80)]";4955
LNS;50;4;21841;75.0;500;"Maquina 1: [48 (54), 10 (39), 3 (4), 35 (51), 13 (58), 20 (44), 11 (21), 41 (30), 39 (76), 24 (92), 26 (84), 27 (63), 0 (98)]";5930;"Maquina 2: [8 (41), 7 (30), 45 (22), 37 (51), 30 (11), 29 (55), 18 (77), 15 (58), 4 (45), 44 (84), 47 (65), 25 (93)]";4935;"Maquina 3: [28 (58), 43 (23), 23 (17), 5 (43), 38 (67), 40 (35), 6 (55), 21 (25), 19 (79), 1 (85), 9 (51), 33 (92)]";5292;"Maquina 4: [2 (43), 31 (19), 14 (60), 32 (24), 49 (50), 46 (51), 36 (62), 22 (34), 17 (56), 16 (73), 42 (80), 34 (93), 12 (86)]";5684
TABÚ;50;4;19586;382.0;500;"Maquina 1: [43 (23), 23 (17), 31 (19), 41 (30), 47 (65), 6 (55), 8 (41), 27 (63), 10 (39), 26 (84), 29 (55), 0 (98), 12 (86)]";4797;"Maquina 2: [4 (45), 9 (51), 30 (11), 17 (56), 3 (4), 35 (51), 13 (58), 22 (34), 28 (58), 36 (62), 1 (85), 25 (93), 33 (92)]";5727;"Maquina 3: [48 (54), 40 (35), 11 (21), 24 (92), 2 (43), 21 (25), 15 (58), 37 (51), 14 (60), 39 (76), 42 (80), 34 (93)]";4811;"Maquina 4: [32 (24), 49 (50), 46 (51), 7 (30), 20 (44), 5 (43), 16 (73), 38 (67), 45 (22), 18 (77), 19 (79), 44 (84)]";4251
VNS;50;4;19462;15614.0;500;"Maquina 1: [16 (73), 48 (54), 10 (39), 35 (51), 13 (58), 6 (55), 20 (44), 11 (21), 37 (51), 15 (58), 39 (76), 44 (84)]";5016;"Maquina 2: [8 (41), 7 (30), 3 (4), 4 (45), 30 (11), 9 (51), 29 (55), 0 (98), 36 (62), 47 (65), 26 (84), 18 (77)]";4098;"Maquina 3: [43 (23), 23 (17), 25 (93), 5 (43), 27 (63), 40 (35), 21 (25), 45 (22), 19 (79), 1 (85), 24 (92), 42 (80), 34 (93)]";5120;"Maquina 4: [31 (19), 14 (60), 2 (43), 32 (24), 49 (50), 46 (51), 38 (67), 22 (34), 17 (56), 41 (30), 28 (58), 33 (92), 12 (86)]";5228
Multiarranque;50;4;19096;1585.0;500;"Maquina 1: [40 (35), 10 (39), 21 (25), 45 (22), 42 (80), 37 (51), 14 (60), 13 (58), 36 (62), 12 (86), 33 (92), 0 (98)]";4797;"Maquina 2: [29 (55), 41 (30), 32 (24), 43 (23), 5 (43), 16 (73), 6 (55), 17 (56), 39 (76), 24 (92), 26 (84), 1 (85)]";4840;"Maquina 3: [11 (21), 30 (11), 46 (51), 31 (19), 28 (58), 8 (41), 49 (50), 4 (45), 9 (51), 48 (54), 15 (58), 44 (84), 47 (65)]";4329;"Maquina 4: [22 (34), 7 (30), 3 (4), 20 (44), 23 (17), 35 (51), 2 (43), 18 (77), 27 (63), 19 (79), 38 (67), 34 (93), 25 (93)]";5130
GREEDY;50;4;16984;1.0;1;"Maquina 1: [15 (43), 2 (4), 16 (17), 24 (12), 46 (53), 39 (28), 18 (48), 29 (21), 35 (51), 25 (64), 13 (78), 28 (94), 47 (86)]";4486;"Maquina 2: [40 (14), 17 (50), 11 (10), 30 (13), 37 (27), 6 (44), 43 (31), 12 (42), 1 (53), 41 (78), 32 (55), 20 (65), 5 (91)]";4036;"Maquina 3: [23 (10), 19 (28), 10 (53), 38 (18), 34 (34), 0 (14), 48 (45), 3 (74), 22 (42), 21 (51), 44 (92), 31 (58), 4 (81)]";4347;"Maquina 4: [14 (12), 26 (37), 36 (49), 7 (14), 27 (92), 8 (23), 49 (56), 33 (52), 42 (69), 45 (43), 9 (79)]";4115
GRASP;50;4;15441;1341.0;500;"Maquina 1: [43 (31), 19 (28), 0 (14), 17 (50), 11 (10), 35 (51), 10 (53), 38 (18), 42 (69), 32 (55), 45 (43), 9 (79)]";3368;"Maquina 2: [14 (12), 34 (34), 2 (4), 39 (28), 29 (21), 23 (10), 1 (53), 33 (52), 36 (49), 31 (58), 12 (42), 41 (78), 47 (86)]";3891;"Maquina 3: [24 (12), 16 (17), 8 (23), 49 (56), 48 (45), 22 (42), 25 (64), 26 (37), 44 (92), 18 (48), 4 (81), 5 (91)]";3641;"Maquina 4: [40 (14), 7 (14), 30 (13), 37 (27), 6 (44), 15 (43), 46 (53), 20 (65), 21 (51), 27 (92), 3 (74), 13 (78), 28 (94)]";4541
LNS;50;4;16960;78.0;500;"Maquina 1: [15 (43), 2 (4), 24 (12), 16 (17), 46 (53), 39 (28), 18 (48), 29 (21), 35 (51), 25 (64), 13 (78), 28 (94), 47 (86)]";4483;"Maquina 2: [40 (14), 17 (50), 11 (10), 30 (13), 37 (27), 6 (44), 43 (31), 12 (42), 1 (53), 41 (78), 20 (65), 32 (55), 5 (91)]";4015;"Maquina 3: [23 (10), 19 (28), 10 (53), 38 (18), 34 (34), 0 (14), 48 (45), 3 (74), 22 (42), 21 (51), 44 (92), 31 (58), 4 (81)]";4347;"Maquina 4: [14 (12), 26 (37), 36 (49), 7 (14), 27 (92), 8 (23), 49 (56), 33 (52), 42 (69), 45 (43), 9 (79)]";4115
TABÚ;50;4;15282;384.0;500;"Maquina 1: [2 (4), 39 (28), 19 (28), 22 (42), 11 (10), 12 (42), 1 (53), 0 (14), 17 (50), 9 (79), 5 (91), 42 (69)]";3069;"Maquina 2: [16 (17), 7 (14), 10 (53), 23 (10), 25 (64), 24 (12), 8 (23), 32 (55), 36 (49), 15 (43), 28 (94), 48 (45), 20 (65)]";3834;"Maquina 3: [29 (21), 6 (44), 34 (34), 37 (27), 21 (51), 26 (37), 41 (78), 14 (12), 13 (78), 3 (74), 33 (52), 27 (92)]";3835;"Maquina 4: [40 (14), 49 (56), 46 (53), 38 (18), 30 (13), 31 (58), 45 (43), 18 (48), 35 (51), 47 (86), 44 (92), 43 (31), 4 (81)]";4544
VNS;50;4;15134;20084.0;500;"Maquina 1: [2 (4), 16 (17), 33 (52), 15 (43), 18 (48), 29 (21), 35 (51), 25 (64), 28 (94), 5 (91), 44 (92)]";3016;"Maquina 2: [40 (14), 11 (10), 30 (13), 37 (27), 6 (44), 43 (31), 14 (12), 1 (53), 26 (37), 20 (65), 9 (79), 32 (55), 41 (78)]";3637;"Maquina 3: [7 (14), 19 (28), 10 (53), 38 (18), 17 (50), 0 (14), 48 (45), 45 (43), 22 (42), 3 (74), 31 (58), 42 (69), 47 (86)]";4195;"Maquina 4: [12 (42), 36 (49), 23 (10), 46 (53), 34 (34), 24 (12), 8 (23), 49 (56), 39 (28), 21 (51), 27 (92), 4 (81), 13 (78)]";4286
Multiarranque;50;4;15400;1586.0;500;"Maquina 1: [2 (4), 16 (17), 43 (31), 19 (28), 22 (42), 33 (52), 38 (18), 39 (28), 48 (45), 32 (55), 28 (94), 5 (91), 47 (86)]";3850;"Maquina 2: [7 (14), 24 (12), 8 (23), 12 (42), 18 (48), 0 (14), 15 (43), 46 (53), 35 (51), 25 (64), 26 (37), 31 (58), 44 (92)]";3818;"Maquina 3: [14 (12), 34 (34), 37 (27), 21 (51), 23 (10), 29 (21), 6 (44), 10 (53), 20 (65), 3 (74), 27 (92), 4 (81), 13 (78)]";4287;"Maquina 4: [30 (13), 17 (50), 11 (10), 40 (14), 49 (56), 36 (49), 45 (43), 9 (79), 41 (78), 1 (53), 42 (69)]";3445
GREEDY;50;4;18145;0.0;1;"Maquina 1: [39 (10), 18 (19), 1 (5), 0 (14), 24 (40), 19 (33), 37 (61), 14 (49), 35 (51), 29 (45), 31 (66), 17 (77), 36 (82), 25 (98)]";4905;"Maquina 2: [12 (7), 49 (18), 15 (48), 4 (12), 33 (59), 41 (49), 28 (33), 8 (64), 40 (44), 6 (88), 11 (71), 43 (81)]";4500;"Maquina 3: [9 (51), 27 (15), 13 (10), 30 (48), 3 (36), 32 (12), 47 (66), 20 (24), 7 (45), 48 (77), 34 (84), 10 (62)]";4179;"Maquina 4: [42 (60), 23 (10), 38 (13), 16 (15), 2 (66), 22 (36), 44 (28), 46 (46), 5 (73), 26 (82), 21 (50), 45 (89)]";4561
GRASP;50;4;15990;1345.0;500;"Maquina 1: [14 (49), 24 (40), 27 (15), 43 (81), 16 (15), 40 (44), 42 (60), 19 (33), 46 (46), 8 (64), 26 (82), 17 (77)]";4275;"Maquina 2: [20 (24), 18 (19), 3 (36), 23 (10), 37 (61), 44 (28), 7 (45), 36 (82), 15 (48), 30 (48), 41 (49), 25 (98), 11 (71)]";4600;"Maquina 3: [49 (18), 38 (13), 12 (7), 1 (5), 0 (14), 28 (33), 32 (12), 35 (51), 34 (84), 22 (36), 31 (66), 5 (73), 33 (59), 10 (62)]";3741;"Maquina 4: [39 (10), 13 (10), 21 (50), 4 (12), 29 (45), 6 (88), 47 (66), 2 (66), 48 (77), 9 (51), 45 (89)]";3374
LNS;50;4;17919;76.0;500;"Maquina 1: [39 (10), 18 (19), 1 (5), 0 (14), 24 (40), 19 (33), 37 (61), 14 (49), 35 (51), 29 (45), 31 (66), 17 (77), 36 (82), 25 (98)]";4905;"Maquina 2: [49 (18), 12 (7), 15 (48), 4 (12), 33 (59), 41 (49), 28 (33), 8 (64), 40 (44), 6 (88), 11 (71), 43 (81)]";4481;"Maquina 3: [13 (10), 27 (15), 9 (51), 30 (48), 7 (45), 32 (12), 47 (66), 20 (24), 3 (36), 48 (77), 34 (84), 10 (62)]";3972;"Maquina 4: [42 (60), 23 (10), 38 (13), 16 (15), 2 (66), 22 (36), 44 (28), 46 (46), 5 (73), 26 (82), 21 (50), 45 (89)]";4561
TABÚ;50;4;15286;383.0;500;"Maquina 1: [32 (12), 35 (51), 27 (15), 16 (15), 20 (24), 19 (33), 46 (46), 47 (66), 41 (49), 7 (45), 36 (82), 37 (61), 26 (82)]";3959;"Maquina 2: [1 (5), 0 (14), 21 (50), 23 (10), 29 (45), 8 (64), 5 (73), 15 (48), 30 (48), 6 (88), 11 (71)]";3038;"Maquina 3: [4 (12), 39 (10), 18 (19), 2 (66), 48 (77), 12 (7), 49 (18), 14 (49), 45 (89), 31 (66), 10 (62), 33 (59), 43 (81)]";4047;"Maquina 4: [13 (10), 3 (36), 38 (13), 28 (33), 9 (51), 22 (36), 40 (44), 42 (60), 17 (77), 34 (84), 44 (28), 24 (40), 25 (98)]";4242
VNS;50;4;15483;15347.0;500;"Maquina 1: [42 (60), 39 (10), 18 (19), 1 (5), 0 (14), 24 (40), 19 (33), 46 (46), 49 (18), 35 (51), 29 (45), 31 (66), 36 (82), 43 (81)]";4431;"Maquina 2: [38 (13), 12 (7), 15 (48), 4 (12), 47 (66), 33 (59), 41 (49), 28 (33), 8 (64), 37 (61), 11 (71), 34 (84)]";3824;"Maquina 3: [13 (10), 27 (15), 9 (51), 30 (48), 7 (45), 3 (36), 32 (12), 48 (77), 21 (50), 10 (62), 45 (89), 17 (77)]";3540;"Maquina 4: [23 (10), 16 (15), 14 (49), 22 (36), 44 (28), 2 (66), 20 (24), 40 (44), 26 (82), 25 (98), 5 (73), 6 (88)]";3688
Multiarranque;50;4;16238;1592.0;500;"Maquina 1: [18 (19), 3 (36), 32 (12), 1 (5), 42 (60), 19 (33), 35 (51), 29 (45), 6 (88), 8 (64), 25 (98), 31 (66)]";3740;"Maquina 2: [49 (18), 23 (10), 38 (13), 13 (10), 30 (48), 2 (66), 40 (44), 22 (36), 14 (49), 15 (48), 11 (71), 48 (77), 26 (82)]";3989;"Maquina 3: [16 (15), 39 (10), 41 (49), 27 (15), 0 (14), 28 (33), 9 (51), 7 (45), 43 (81), 47 (66), 37 (61), 45 (89), 5 (73)]";4206;"Maquina 4: [20 (24), 12 (7), 17 (77), 24 (40), 4 (12), 46 (46), 21 (50), 10 (62), 33 (59), 44 (28), 36 (82), 34 (84)]";4303
GREEDY;50;4;15947;1.0;1;"Maquina 1: [36 (8), 48 (2), 45 (22), 7 (34), 43 (38), 5 (49), 18 (57), 27 (82), 9 (55), 16 (64), 0 (97), 30 (89), 4 (92)]";4229;"Maquina 2: [20 (9), 13 (3), 15 (36), 34 (50), 42 (24), 1 (59), 49 (55), 22 (68), 24 (42), 32 (84), 8 (90), 35 (92)]";3707;"Maquina 3: [47 (5), 29 (13), 25 (57), 31 (42), 40 (34), 41 (22), 37 (49), 19 (55), 39 (65), 46 (79), 26 (94), 11 (90), 3 (87)]";4151;"Maquina 4: [44 (7), 6 (43), 21 (27), 2 (19), 14 (53), 33 (37), 10 (90), 38 (56), 17 (61), 28 (73), 23 (93), 12 (85)]";3860
GRASP;50;4;14992;1364.0;500;"Maquina 1: [29 (13), 37 (49), 48 (2), 20 (9), 31 (42), 7 (34), 25 (57), 1 (59), 4 (92), 5 (49), 18 (57), 27 (82), 35 (92)]";3617;"Maquina 2: [45 (22), 24 (42), 2 (19), 38 (56), 21 (27), 17 (61), 15 (36), 41 (22), 19 (55), 39 (65), 10 (90), 26 (94)]";3568;"Maquina 3: [13 (3), 44 (7), 9 (55), 40 (34), 14 (53), 46 (79), 34 (50), 11 (90), 22 (68), 30 (89), 8 (90), 3 (87)]";3717;"Maquina 4: [47 (5), 42 (24), 43 (38), 36 (8), 6 (43), 49 (55), 33 (37), 16 (64), 32 (84), 28 (73), 23 (93), 12 (85), 0 (97)]";4090
LNS;50;4;15947;79.0;500;"Maquina 1: [36 (8), 48 (2), 45 (22), 7 (34), 43 (38), 5 (49), 18 (57), 27 (82), 9 (55), 16 (64), 0 (97), 30 (89), 4 (92)]";4229;"Maquina 2: [20 (9), 13 (3), 15 (36), 34 (50), 42 (24), 1 (59), 49 (55), 22 (68), 24 (42), 32 (84), 8 (90), 35 (92)]";3707;"Maquina 3: [47 (5), 29 (13), 25 (57), 31 (42), 40 (34), 41 (22), 37 (49), 19 (55), 39 (65), 46 (79), 26 (94), 11 (90), 3 (87)]";4151;"Maquina 4: [44 (7), 6 (43), 21 (27), 2 (19), 14 (53), 33 (37), 10 (90), 38 (56), 17 (61), 28 (73), 23 (93), 12 (85)]";3860
TABÚ;50;4;14950;385.0;500;"Maquina 1: [20 (9), 2 (19), 7 (34), 43 (38), 28 (73), 18 (57), 15 (36), 34 (50), 21 (27), 1 (59), 11 (90), 35 (92)]";3329;"Maquina 2: [29 (13), 44 (7), 6 (43), 9 (55), 41 (22), 25 (57), 22 (68), 33 (37), 16 (64), 32 (84), 4 (92), 12 (85), 0 (97)]";4165;"Maquina 3: [36 (8), 48 (2), 13 (3), 49 (55), 5 (49), 31 (42), 14 (53), 39 (65), 46 (79), 38 (56), 19 (55), 30 (89), 3 (87)]";3788;"Maquina 4: [47 (5), 40 (34), 42 (24), 45 (22), 24 (42), 17 (61), 27 (82), 37 (49), 8 (90), 23 (93), 10 (90), 26 (94)]";3668
VNS;50;4;15184;20334.0;500;"Maquina 1: [48 (2), 17 (61), 45 (22), 1 (59), 7 (34), 5 (49), 18 (57), 27 (82), 9 (55), 0 (97), 30 (89), 3 (87)]";3923;"Maquina 2: [13 (3), 15 (36), 34 (50), 21 (27), 42 (24), 43 (38), 49 (55), 22 (68), 12 (85), 38 (56), 4 (92), 26 (94)]";3725;"Maquina 3: [2 (19), 29 (13), 25 (57), 31 (42), 40 (34), 41 (22), 37 (49), 19 (55), 39 (65), 46 (79), 35 (92), 11 (90)]";3518;"Maquina 4: [44 (7), 6 (43), 36 (8), 20 (9), 47 (5), 14 (53), 33 (37), 24 (42), 28 (73), 16 (64), 32 (84), 8 (90), 23 (93), 10 (90)]";4018
Multiarranque;50;4;15301;1582.0;500;"Maquina 1: [44 (7), 13 (3), 6 (43), 36 (8), 33 (37), 37 (49), 41 (22), 31 (42), 24 (42), 39 (65), 32 (84), 11 (90), 30 (89), 0 (97)]";4021;"Maquina 2: [2 (19), 38 (56), 21 (27), 49 (55), 5 (49), 22 (68), 17 (61), 9 (55), 26 (94), 28 (73), 23 (93)]";3774;"Maquina 3: [48 (2), 20 (9), 15 (36), 45 (22), 1 (59), 7 (34), 46 (79), 14 (53), 8 (90), 10 (90), 35 (92), 12 (85), 4 (92)]";4157;"Maquina 4: [42 (24), 43 (38), 29 (13), 47 (5), 40 (34), 34 (50), 19 (55), 18 (57), 27 (82), 16 (64), 25 (57), 3 (87)]";3349
GREEDY;50;4;20401;0.0;1;"Maquina 1: [34 (17), 16 (47), 19 (2), 1 (24), 31 (70), 44 (33), 13 (43), 37 (92), 27 (68), 10 (56), 46 (75), 49 (60), 23 (96)]";4921;"Maquina 2: [43 (17), 15 (40), 36 (44), 14 (97), 26 (28), 7 (10), 20 (60), 35 (88), 18 (54), 24 (94), 28 (64), 45 (69)]";5033;"Maquina 3: [48 (19), 2 (30), 6 (45), 33 (63), 0 (40), 12 (85), 39 (14), 41 (89), 8 (52), 17 (69), 30 (95), 22 (59)]";4809;"Maquina 4: [9 (37), 5 (15), 38 (21), 47 (27), 25 (43), 11 (62), 29 (47), 3 (58), 32 (73), 40 (89), 4 (69), 21 (95), 42 (97)]";5638
GRASP;50;4;19195;1408.0;500;"Maquina 1: [39 (14), 2 (30), 17 (69), 19 (2), 41 (89), 28 (64), 21 (95), 10 (56), 49 (60), 33 (63), 12 (85), 14 (97)]";4988;"Maquina 2: [9 (37), 25 (43), 43 (17), 7 (10), 38 (21), 18 (54), 24 (94), 27 (68), 40 (89), 44 (33), 22 (59), 45 (69), 23 (96)]";4882;"Maquina 3: [48 (19), 1 (24), 15 (40), 16 (47), 34 (17), 29 (47), 32 (73), 31 (70), 42 (97), 11 (62), 46 (75), 20 (60), 35 (88)]";5394;"Maquina 4: [26 (28), 5 (15), 0 (40), 6 (45), 47 (27), 36 (44), 4 (69), 13 (43), 8 (52), 3 (58), 37 (92), 30 (95)]";3931
LNS;50;4;20401;76.0;500;"Maquina 1: [34 (17), 16 (47), 19 (2), 1 (24), 31 (70), 44 (33), 13 (43), 37 (92), 27 (68), 10 (56), 46 (75), 49 (60), 23 (96)]";4921;"Maquina 2: [43 (17), 15 (40), 36 (44), 14 (97), 26 (28), 7 (10), 20 (60), 35 (88), 18 (54), 24 (94), 28 (64), 45 (69)]";5033;"Maquina 3: [48 (19), 2 (30), 6 (45), 33 (63), 0 (40), 12 (85), 39 (14), 41 (89), 8 (52), 17 (69), 30 (95), 22 (59)]";4809;"Maquina 4: [9 (37), 5 (15), 38 (21), 47 (27), 25 (43), 11 (62), 29 (47), 3 (58), 32 (73), 40 (89), 4 (69), 21 (95), 42 (97)]";5638
TABÚ;50;4;19291;407.0;500;"Maquina 1: [25 (43), 43 (17), 1 (24), 28 (64), 44 (33), 39 (14), 22 (59), 45 (69), 18 (54), 24 (94), 15 (40), 46 (75), 41 (89)]";4921;"Maquina 2: [48 (19), 2 (30), 7 (10), 37 (92), 19 (2), 33 (63), 0 (40), 30 (95), 27 (68), 8 (52), 49 (60), 40 (89)]";4505;"Maquina 3: [9 (37), 26 (28), 5 (15), 38 (21), 36 (44), 4 (69), 32 (73), 29 (47), 17 (69), 11 (62), 42 (97), 23 (96), 21 (95)]";4984;"Maquina 4: [6 (45), 47 (27), 3 (58), 10 (56), 34 (17), 16 (47), 13 (43), 20 (60), 35 (88), 31 (70), 12 (85), 14 (97)]";4881
VNS;50;4;18630;18263.0;500;"Maquina 1: [34 (17), 25 (43), 16 (47), 1 (24), 31 (70), 44 (33), 13 (43), 28 (64), 15 (40), 32 (73), 42 (97), 49 (60), 30 (95)]";4695;"Maquina 2: [19 (2), 43 (17), 10 (56), 36 (44), 14 (97), 26 (28), 7 (10), 20 (60), 35 (88), 22 (59), 45 (69), 23 (96), 24 (94)]";4720;"Maquina 3: [48 (19), 2 (30), 6 (45), 33 (63), 0 (40), 12 (85), 39 (14), 41 (89), 8 (52), 21 (95), 17 (69)]";3867;"Maquina 4: [9 (37), 5 (15), 38 (21), 47 (27), 18 (54), 11 (62), 46 (75), 29 (47), 3 (58), 40 (89), 37 (92), 27 (68), 4 (69)]";5348
Multiarranque;50;4;18745;1584.0;500;"Maquina 1: [19 (2), 9 (37), 38 (21), 47 (27), 18 (54), 15 (40), 8 (52), 49 (60), 11 (62), 12 (85), 32 (73), 46 (75), 41 (89)]";4489;"Maquina 2: [48 (19), 10 (56), 36 (44), 26 (28), 5 (15), 7 (10), 40 (89), 29 (47), 3 (58), 24 (94), 22 (59), 42 (97)]";4425;"Maquina 3: [34 (17), 39 (14), 2 (30), 6 (45), 0 (40), 20 (60), 13 (43), 4 (69), 30 (95), 33 (63), 31 (70), 37 (92), 21 (95)]";4905;"Maquina 4: [25 (43), 43 (17), 1 (24), 28 (64), 45 (69), 44 (33), 16 (47), 35 (88), 27 (68), 14 (97), 23 (96), 17 (69)]";4926
GREEDY;50;4;16135;0.0;1;"Maquina 1: [33 (1), 3 (28), 8 (14), 48 (32), 11 (45), 10 (40), 35 (54), 24 (51), 45 (72), 34 (59), 25 (64), 16 (81), 47 (92)]";3911;"Maquina 2: [31 (7), 21 (19), 36 (40), 43 (52), 17 (35), 38 (67), 1 (29), 28 (49), 42 (60), 32 (90), 7 (56), 4 (79), 18 (99)]";4246;"Maquina 3: [40 (12), 9 (20), 13 (46), 26 (37), 27 (76), 15 (29), 29 (51), 14 (66), 5 (56), 41 (60), 19 (88), 0 (97)]";4067;"Maquina 4: [46 (30), 30 (22), 49 (13), 2 (36), 12 (44), 37 (49), 39 (53), 44 (60), 22 (72), 23 (57), 6 (81), 20 (91)]";3911
GRASP;50;4;15428;1353.0;500;"Maquina 1: [31 (7), 48 (32), 21 (19), 43 (52), 12 (44), 2 (36), 1 (29), 6 (81), 39 (53), 27 (76), 22 (72), 14 (66), 16 (81)]";3866;"Maquina 2: [40 (12), 11 (45), 9 (20), 10 (40), 35 (54), 15 (29), 23 (57), 13 (46), 38 (67), 7 (56), 18 (99), 0 (97)]";3635;"Maquina 3: [49 (13), 33 (1), 36 (40), 28 (49), 41 (60), 4 (79), 17 (35), 5 (56), 42 (60), 32 (90), 44 (60), 20 (91)]";3756;"Maquina 4: [30 (22), 3 (28), 8 (14), 37 (49), 26 (37), 29 (51), 46 (30), 24 (51), 45 (72), 34 (59), 25 (64), 19 (88), 47 (92)]";4171
LNS;50;4;16050;80.0;500;"Maquina 1: [33 (1), 3 (28), 8 (14), 48 (32), 11 (45), 10 (40), 35 (54), 24 (51), 45 (72), 34 (59), 25 (64), 16 (81), 47 (92)]";3911;"Maquina 2: [31 (7), 21 (19), 36 (40), 43 (52), 17 (35), 38 (67), 1 (29), 28 (49), 42 (60), 32 (90), 4 (79), 7 (56), 18 (99)]";4244;"Maquina 3: [40 (12), 9 (20), 13 (46), 26 (37), 27 (76), 15 (29), 29 (51), 14 (66), 5 (56), 41 (60), 19 (88), 0 (97)]";4067;"Maquina 4: [2 (36), 30 (22), 49 (13), 46 (30), 12 (44), 37 (49), 39 (53), 44 (60), 22 (72), 23 (57), 6 (81), 20 (91)]";3828
TABÚ;50;4;15166;385.0;500;"Maquina 1: [33 (1), 48 (32), 11 (45), 46 (30), 44 (60), 39 (53), 15 (29), 42 (60), 6 (81), 23 (57), 13 (46), 20 (91), 32 (90)]";4235;"Maquina 2: [31 (7), 37 (49), 9 (20), 2 (36), 1 (29), 36 (40), 43 (52), 12 (44), 5 (56), 16 (81), 47 (92), 35 (54), 19 (88)]";3996;"Maquina 3: [40 (12), 8 (14), 10 (40), 49 (13), 17 (35), 24 (51), 28 (49), 38 (67), 7 (56), 14 (66), 4 (79), 18 (99)]";3115;"Maquina 4: [3 (28), 21 (19), 30 (22), 25 (64), 41 (60), 26 (37), 29 (51), 45 (72), 34 (59), 27 (76), 22 (72), 0 (97)]";3820
VNS;50;4;15400;27113.0;500;"Maquina 1: [49 (13), 33 (1), 3 (28), 8 (14), 48 (32), 11 (45), 10 (40), 28 (49), 24 (51), 45 (72), 34 (59), 25 (64), 0 (97)]";3469;"Maquina 2: [40 (12), 21 (19), 36 (40), 46 (30), 43 (52), 17 (35), 6 (81), 35 (54), 42 (60), 32 (90), 4 (79), 44 (60), 20 (91)]";4344;"Maquina 3: [9 (20), 1 (29), 13 (46), 26 (37), 27 (76), 15 (29), 29 (51), 14 (66), 5 (56), 41 (60), 19 (88), 18 (99)]";3856;"Maquina 4: [2 (36), 30 (22), 31 (7), 12 (44), 16 (81), 37 (49), 39 (53), 7 (56), 22 (72), 23 (57), 38 (67), 47 (92)]";3731
Multiarranque;50;4;15522;1593.0;500;"Maquina 1: [49 (13), 9 (20), 2 (36), 30 (22), 21 (19), 36 (40), 43 (52), 12 (44), 37 (49), 17 (35), 42 (60), 6 (81), 44 (60), 20 (91)]";3936;"Maquina 2: [40 (12), 8 (14), 3 (28), 29 (51), 23 (57), 25 (64), 11 (45), 14 (66), 35 (54), 24 (51), 32 (90), 18 (99)]";3686;"Maquina 3: [31 (7), 48 (32), 46 (30), 1 (29), 13 (46), 41 (60), 4 (79), 39 (53), 27 (76), 22 (72), 19 (88), 0 (97)]";3870;"Maquina 4: [33 (1), 15 (29), 10 (40), 28 (49), 26 (37), 7 (56), 5 (56), 38 (67), 45 (72), 34 (59), 16 (81), 47 (92)]";4030
GREEDY;50;4;18125;0.0;1;"Maquina 1: [17 (1), 42 (3), 7 (42), 46 (34), 29 (12), 11 (36), 32 (53), 19 (73), 45 (62), 9 (87), 37 (91), 27 (79), 1 (97)]";4989;"Maquina 2: [13 (5), 21 (2), 48 (41), 8 (56), 2 (29), 40 (18), 30 (48), 49 (58), 15 (72), 0 (86), 22 (79), 44 (96), 31 (90)]";4661;"Maquina 3: [34 (41), 5 (3), 16 (12), 26 (24), 12 (35), 36 (46), 6 (56), 23 (76), 25 (70), 20 (80), 33 (88), 38 (91)]";4117;"Maquina 4: [39 (3), 3 (39), 18 (12), 4 (61), 10 (25), 28 (50), 47 (43), 41 (76), 24 (71), 35 (89), 14 (95), 43 (80)]";4358
GRASP;50;4;16482;1340.0;500;"Maquina 1: [17 (1), 26 (24), 2 (29), 8 (56), 39 (3), 28 (50), 34 (41), 45 (62), 40 (18), 23 (76), 43 (80), 35 (89), 38 (91)]";4017;"Maquina 2: [10 (25), 18 (12), 49 (58), 21 (2), 6 (56), 48 (41), 24 (71), 15 (72), 19 (73), 31 (90), 0 (86), 37 (91)]";4378;"Maquina 3: [13 (5), 16 (12), 36 (46), 5 (3), 12 (35), 7 (42), 46 (34), 33 (88), 32 (53), 20 (80), 25 (70), 22 (79), 1 (97)]";3887;"Maquina 4: [29 (12), 42 (3), 3 (39), 11 (36), 27 (79), 4 (61), 47 (43), 41 (76), 9 (87), 14 (95), 30 (48), 44 (96)]";4200
LNS;50;4;18023;80.0;500;"Maquina 1: [29 (12), 42 (3), 7 (42), 46 (34), 17 (1), 11 (36), 32 (53), 19 (73), 45 (62), 9 (87), 37 (91), 27 (79), 1 (97)]";4895;"Maquina 2: [13 (5), 21 (2), 48 (41), 8 (56), 2 (29), 40 (18), 30 (48), 49 (58), 15 (72), 22 (79), 0 (86), 44 (96), 31 (90)]";4653;"Maquina 3: [34 (41), 5 (3), 16 (12), 26 (24), 12 (35), 36 (46), 6 (56), 23 (76), 25 (70), 20 (80), 33 (88), 38 (91)]";4117;"Maquina 4: [39 (3), 3 (39), 18 (12), 4 (61), 10 (25), 28 (50), 47 (43), 41 (76), 24 (71), 35 (89), 14 (95), 43 (80)]";4358
TABÚ;50;4;16988;384.0;500;"Maquina 1: [39 (3), 16 (12), 29 (12), 36 (46), 12 (35), 40 (18), 8 (56), 46 (34), 43 (80), 41 (76), 9 (87), 38 (91), 25 (70), 1 (97)]";4844;"Maquina 2: [17 (1), 26 (24), 11 (36), 4 (61), 47 (43), 10 (25), 28 (50), 7 (42), 6 (56), 44 (96), 23 (76), 31 (90)]";3948;"Maquina 3: [18 (12), 49 (58), 27 (79), 21 (2), 34 (41), 2 (29), 30 (48), 20 (80), 33 (88), 15 (72), 19 (73), 22 (79)]";4374;"Maquina 4: [5 (3), 42 (3), 32 (53), 3 (39), 45 (62), 48 (41), 13 (5), 0 (86), 24 (71), 35 (89), 14 (95), 37 (91)]";3822
VNS;50;4;15777;19092.0;500;"Maquina 1: [5 (3), 42 (3), 46 (34), 11 (36), 41 (76), 39 (3), 45 (62), 35 (89), 19 (73), 27 (79), 20 (80), 14 (95)]";3625;"Maquina 2: [13 (5), 16 (12), 21 (2), 48 (41), 44 (96), 8 (56), 2 (29), 28 (50), 49 (58), 15 (72), 0 (86), 22 (79), 1 (97)]";4193;"Maquina 3: [29 (12), 34 (41), 17 (1), 26 (24), 12 (35), 7 (42), 36 (46), 24 (71), 6 (56), 23 (76), 25 (70), 31 (90), 37 (91)]";4203;"Maquina 4: [18 (12), 4 (61), 10 (25), 40 (18), 30 (48), 47 (43), 33 (88), 32 (53), 3 (39), 9 (87), 38 (91), 43 (80)]";3756
Multiarranque;50;4;16624;1604.0;500;"Maquina 1: [17 (1), 39 (3), 16 (12), 21 (2), 6 (56), 11 (36), 5 (3), 12 (35), 26 (24), 48 (41), 44 (96), 23 (76), 25 (70), 31 (90), 27 (79)]";4266;"Maquina 2: [29 (12), 34 (41), 40 (18), 30 (48), 42 (3), 7 (42), 45 (62), 35 (89), 14 (95), 15 (72), 22 (79), 43 (80), 20 (80)]";4533;"Maquina 3: [13 (5), 32 (53), 4 (61), 47 (43), 10 (25), 8 (56), 0 (86), 37 (91), 36 (46), 33 (88), 9 (87)]";3976;"Maquina 4: [18 (12), 28 (50), 2 (29), 46 (34), 3 (39), 49 (58), 1 (97), 24 (71), 38 (91), 41 (76), 19 (73)]";3849
GREEDY;50;4;19859;0.0;1;"Maquina 1: [3 (6), 6 (59), 40 (21), 22 (29), 46 (42), 49 (16), 23 (46), 20 (73), 27 (87), 14 (54), 18 (64), 5 (82), 21 (94)]";5146;"Maquina 2: [26 (25), 8 (17), 19 (29), 15 (39), 41 (57), 9 (62), 37 (8), 0 (92), 42 (71), 36 (47), 35 (83), 47 (94), 4 (80)]";5472;"Maquina 3: [29 (17), 44 (10), 24 (47), 28 (36), 34 (24), 12 (28), 33 (59), 25 (57), 17 (67), 13 (75), 2 (83), 39 (91)]";4479;"Maquina 4: [11 (25), 48 (17), 10 (29), 45 (39), 1 (14), 38 (61), 30 (93), 32 (57), 7 (81), 43 (46), 31 (70), 16 (85)]";4762
GRASP;50;4;16881;1341.0;500;"Maquina 1: [48 (17), 34 (24), 32 (57), 3 (6), 8 (17), 4 (80), 22 (29), 2 (83), 7 (81), 23 (46), 16 (85), 20 (73), 27 (87)]";4123;"Maquina 2: [26 (25), 44 (10), 49 (16), 12 (28), 42 (71), 45 (39), 24 (47), 41 (57), 10 (29), 5 (82), 13 (75), 35 (83), 47 (94)]";4319;"Maquina 3: [36 (47), 1 (14), 15 (39), 31 (70), 46 (42), 11 (25), 40 (21), 14 (54), 38 (61), 0 (92), 21 (94), 30 (93)]";4506;"Maquina 4: [37 (8), 19 (29), 29 (17), 33 (59), 6 (59), 43 (46), 9 (62), 28 (36), 18 (64), 25 (57), 17 (67), 39 (91)]";3933
LNS;50;4;19795;88.0;500;"Maquina 1: [3 (6), 6 (59), 40 (21), 22 (29), 46 (42), 49 (16), 23 (46), 20 (73), 27 (87), 14 (54), 18 (64), 5 (82), 21 (94)]";5146;"Maquina 2: [26 (25), 8 (17), 19 (29), 15 (39), 41 (57), 9 (62), 37 (8), 0 (92), 42 (71), 36 (47), 35 (83), 47 (94), 4 (80)]";5472;"Maquina 3: [29 (17), 33 (59), 24 (47), 28 (36), 34 (24), 12 (28), 44 (10), 25 (57), 17 (67), 13 (75), 2 (83), 39 (91)]";4415;"Maquina 4: [11 (25), 48 (17), 10 (29), 45 (39), 1 (14), 38 (61), 30 (93), 32 (57), 7 (81), 43 (46), 31 (70), 16 (85)]";4762
TABÚ;50;4;17275;381.0;500;"Maquina 1: [33 (59), 34 (24), 3 (6), 6 (59), 29 (17), 11 (25), 10 (29), 14 (54), 38 (61), 23 (46), 17 (67), 39 (91), 47 (94)]";4314;"Maquina 2: [26 (25), 48 (17), 12 (28), 40 (21), 22 (29), 25 (57), 30 (93), 15 (39), 24 (47), 43 (46), 5 (82), 21 (94)]";3815;"Maquina 3: [37 (8), 1 (14), 8 (17), 19 (29), 41 (57), 0 (92), 45 (39), 42 (71), 31 (70), 16 (85), 20 (73), 27 (87), 2 (83)]";4856;"Maquina 4: [44 (10), 32 (57), 46 (42), 49 (16), 28 (36), 4 (80), 36 (47), 9 (62), 18 (64), 13 (75), 7 (81), 35 (83)]";4290
VNS;50;4;17871;18595.0;500;"Maquina 1: [3 (6), 6 (59), 40 (21), 22 (29), 46 (42), 14 (54), 23 (46), 43 (46), 35 (83), 38 (61), 39 (91)]";3654;"Maquina 2: [15 (39), 29 (17), 8 (17), 19 (29), 41 (57), 9 (62), 37 (8), 0 (92), 42 (71), 31 (70), 18 (64), 33 (59), 47 (94)]";4867;"Maquina 3: [26 (25), 44 (10), 24 (47), 48 (17), 34 (24), 12 (28), 4 (80), 25 (57), 17 (67), 13 (75), 2 (83), 5 (82), 21 (94)]";4346;"Maquina 4: [28 (36), 36 (47), 11 (25), 10 (29), 45 (39), 1 (14), 49 (16), 30 (93), 32 (57), 7 (81), 20 (73), 27 (87), 16 (85)]";5004
Multiarranque;50;4;17585;1599.0;500;"Maquina 1: [37 (8), 1 (14), 15 (39), 11 (25), 42 (71), 26 (25), 9 (62), 18 (64), 36 (47), 16 (85), 2 (83), 35 (83)]";4115;"Maquina 2: [3 (6), 44 (10), 24 (47), 43 (46), 19 (29), 29 (17), 33 (59), 34 (24), 5 (82), 32 (57), 7 (81), 0 (92), 38 (61), 17 (67)]";4915;"Maquina 3: [49 (16), 23 (46), 12 (28), 40 (21), 14 (54), 22 (29), 25 (57), 45 (39), 6 (59), 27 (87), 21 (94), 4 (80)]";3984;"Maquina 4: [48 (17), 10 (29), 31 (70), 46 (42), 41 (57), 8 (17), 28 (36), 20 (73), 13 (75), 39 (91), 47 (94), 30 (93)]";4571
GREEDY;50;4;18855;0.0;1;"Maquina 1: [4 (28), 36 (13), 25 (54), 32 (1), 20 (95), 33 (38), 14 (56), 42 (47), 23 (30), 46 (77), 37 (67), 43 (85)]";4459;"Maquina 2: [15 (48), 31 (37), 18 (4), 21 (29), 2 (47), 35 (24), 1 (18), 39 (58), 40 (64), 45 (75), 19 (85), 30 (91)]";4378;"Maquina 3: [34 (20), 28 (31), 26 (4), 49 (32), 10 (29), 6 (83), 17 (43), 8 (55), 3 (60), 44 (74), 29 (99), 11 (48), 27 (91)]";5168;"Maquina 4: [5 (44), 24 (22), 7 (5), 12 (62), 48 (24), 13 (30), 16 (70), 41 (34), 9 (59), 38 (52), 22 (79), 47 (96), 0 (89)]";4850
GRASP;50;4;17652;1401.0;500;"Maquina 1: [26 (4), 49 (32), 28 (31), 24 (22), 4 (28), 38 (52), 5 (44), 23 (30), 16 (70), 14 (56), 0 (89), 29 (99), 19 (85)]";4289;"Maquina 2: [32 (1), 34 (20), 13 (30), 7 (5), 10 (29), 17 (43), 39 (58), 22 (79), 9 (59), 45 (75), 12 (62), 27 (91), 6 (83)]";4488;"Maquina 3: [31 (37), 18 (4), 8 (55), 21 (29), 30 (91), 35 (24), 1 (18), 44 (74), 40 (64), 42 (47), 47 (96), 37 (67), 46 (77)]";5271;"Maquina 4: [41 (34), 36 (13), 48 (24), 2 (47), 33 (38), 15 (48), 25 (54), 11 (48), 43 (85), 3 (60), 20 (95)]";3604
LNS;50;4;18607;82.0;500;"Maquina 1: [4 (28), 36 (13), 25 (54), 32 (1), 20 (95), 33 (38), 14 (56), 42 (47), 23 (30), 46 (77), 37 (67), 43 (85)]";4459;"Maquina 2: [15 (48), 31 (37), 18 (4), 1 (18), 2 (47), 35 (24), 21 (29), 45 (75), 40 (64), 39 (58), 19 (85), 30 (91)]";4130;"Maquina 3: [34 (20), 28 (31), 26 (4), 49 (32), 10 (29), 6 (83), 17 (43), 8 (55), 3 (60), 44 (74), 29 (99), 11 (48), 27 (91)]";5168;"Maquina 4: [5 (44), 24 (22), 7 (5), 12 (62), 48 (24), 13 (30), 16 (70), 41 (34), 9 (59), 38 (52), 22 (79), 47 (96), 0 (89)]";4850
TABÚ;50;4;17466;386.0;500;"Maquina 1: [31 (37), 18 (4), 11 (48), 15 (48), 26 (4), 3 (60), 44 (74), 8 (55), 23 (30), 16 (70), 43 (85), 20 (95)]";3731;"Maquina 2: [32 (1), 34 (20), 33 (38), 35 (24), 0 (89), 14 (56), 4 (28), 30 (91), 25 (54), 29 (99), 39 (58), 46 (77)]";4235;"Maquina 3: [7 (5), 21 (29), 17 (43), 5 (44), 13 (30), 37 (67), 24 (22), 12 (62), 9 (59), 10 (29), 38 (52), 22 (79), 19 (85)]";4401;"Maquina 4: [41 (34), 36 (13), 48 (24), 49 (32), 1 (18), 42 (47), 28 (31), 40 (64), 45 (75), 27 (91), 6 (83), 47 (96), 2 (47)]";5099
VNS;50;4;17410;17477.0;500;"Maquina 1: [41 (34), 4 (28), 36 (13), 25 (54), 20 (95), 33 (38), 40 (64), 42 (47), 11 (48), 37 (67), 27 (91)]";3752;"Maquina 2: [15 (48), 31 (37), 18 (4), 32 (1), 2 (47), 35 (24), 0 (89), 14 (56), 45 (75), 19 (85), 47 (96), 43 (85)]";3981;"Maquina 3: [34 (20), 28 (31), 26 (4), 49 (32), 10 (29), 23 (30), 8 (55), 21 (29), 3 (60), 44 (74), 39 (58), 46 (77)]";3559;"Maquina 4: [5 (44), 24 (22), 1 (18), 7 (5), 12 (62), 48 (24), 13 (30), 16 (70), 17 (43), 9 (59), 38 (52), 22 (79), 30 (91), 29 (99), 6 (83)]";6118
Multiarranque;50;4;17679;1658.0;500;"Maquina 1: [33 (38), 36 (13), 26 (4), 4 (28), 46 (77), 21 (29), 41 (34), 8 (55), 17 (43), 39 (58), 11 (48), 20 (95), 44 (74)]";4627;"Maquina 2: [2 (47), 35 (24), 1 (18), 28 (31), 6 (83), 32 (1), 25 (54), 12 (62), 16 (70), 43 (85), 3 (60), 47 (96)]";4247;"Maquina 3: [7 (5), 34 (20), 5 (44), 24 (22), 18 (4), 14 (56), 23 (30), 40 (64), 45 (75), 9 (59), 30 (91), 27 (91), 29 (99)]";4492;"Maquina 4: [10 (29), 48 (24), 13 (30), 15 (48), 31 (37), 37 (67), 49 (32), 38 (52), 22 (79), 19 (85), 0 (89), 42 (47)]";4313
GREEDY;50;4;13432;1.0;1;"Maquina 1: [11 (1), 28 (16), 42 (8), 31 (17), 32 (58), 20 (29), 7 (33), 21 (25), 15 (77), 25 (72), 0 (69), 5 (48), 23 (84)]";3199;"Maquina 2: [47 (8), 6 (2), 35 (12), 36 (26), 14 (23), 24 (31), 44 (43), 12 (54), 29 (70), 18 (82), 8 (68), 26 (97), 9 (77)]";3502;"Maquina 3: [30 (9), 45 (6), 1 (17), 33 (25), 41 (39), 19 (62), 10 (30), 46 (69), 38 (53), 17 (97), 43 (75), 22 (79)]";3371;"Maquina 4: [48 (9), 2 (7), 3 (14), 49 (30), 16 (24), 34 (32), 13 (50), 4 (74), 40 (60), 27 (77), 39 (90), 37 (69)]";3360
GRASP;50;4;12287;1362.0;500;"Maquina 1: [28 (16), 42 (8), 45 (6), 6 (2), 32 (58), 47 (8), 44 (43), 13 (50), 22 (79), 0 (69), 37 (69), 17 (97)]";2655;"Maquina 2: [48 (9), 1 (17), 3 (14), 21 (25), 14 (23), 34 (32), 25 (72), 5 (48), 24 (31), 29 (70), 8 (68), 15 (77), 27 (77)]";3234;"Maquina 3: [30 (9), 35 (12), 7 (33), 12 (54), 16 (24), 10 (30), 19 (62), 41 (39), 40 (60), 39 (90), 9 (77), 4 (74)]";3227;"Maquina 4: [2 (7), 11 (1), 31 (17), 49 (30), 33 (25), 18 (82), 36 (26), 20 (29), 43 (75), 46 (69), 38 (53), 23 (84), 26 (97)]";3171
LNS;50;4;13155;77.0;500;"Maquina 1: [11 (1), 28 (16), 42 (8), 31 (17), 32 (58), 20 (29), 7 (33), 21 (25), 15 (77), 25 (72), 5 (48), 0 (69), 23 (84)]";3180;"Maquina 2: [47 (8), 6 (2), 35 (12), 36 (26), 14 (23), 24 (31), 44 (43), 12 (54), 29 (70), 18 (82), 8 (68), 26 (97), 9 (77)]";3502;"Maquina 3: [10 (30), 45 (6), 41 (39), 1 (17), 30 (9), 19 (62), 33 (25), 46 (69), 38 (53), 17 (97), 43 (75), 22 (79)]";3256;"Maquina 4: [16 (24), 2 (7), 48 (9), 34 (32), 3 (14), 49 (30), 13 (50), 4 (74), 40 (60), 27 (77), 39 (90), 37 (69)]";3217
TABÚ;50;4;12610;375.0;500;"Maquina 1: [36 (26), 14 (23), 24 (31), 44 (43), 42 (8), 34 (32), 19 (62), 12 (54), 29 (70), 27 (77), 15 (77), 23 (84)]";3417;"Maquina 2: [28 (16), 38 (53), 48 (9), 6 (2), 35 (12), 17 (97), 20 (29), 40 (60), 43 (75), 22 (79), 25 (72), 26 (97)]";3319;"Maquina 3: [16 (24), 2 (7), 1 (17), 3 (14), 30 (9), 21 (25), 18 (82), 33 (25), 41 (39), 0 (69), 5 (48), 9 (77), 4 (74)]";2963;"Maquina 4: [11 (1), 31 (17), 49 (30), 10 (30), 47 (8), 45 (6), 13 (50), 32 (58), 7 (33), 8 (68), 46 (69), 37 (69), 39 (90)]";2911
VNS;50;4;12395;24505.0;500;"Maquina 1: [11 (1), 28 (16), 42 (8), 31 (17), 32 (58), 20 (29), 7 (33), 21 (25), 18 (82), 13 (50), 25 (72), 27 (77), 43 (75)]";3084;"Maquina 2: [10 (30), 47 (8), 45 (6), 6 (2), 35 (12), 36 (26), 14 (23), 24 (31), 44 (43), 12 (54), 29 (70), 8 (68), 26 (97), 46 (69)]";3304;"Maquina 3: [48 (9), 49 (30), 33 (25), 41 (39), 5 (48), 37 (69), 19 (62), 38 (53), 17 (97), 15 (77), 22 (79)]";3184;"Maquina 4: [30 (9), 1 (17), 3 (14), 34 (32), 16 (24), 2 (7), 0 (69), 4 (74), 40 (60), 39 (90), 9 (77), 23 (84)]";2823
Multiarranque;50;4;12628;1585.0;500;"Maquina 1: [10 (30), 30 (9), 1 (17), 44 (43), 33 (25), 12 (54), 6 (2), 29 (70), 19 (62), 39 (90), 46 (69), 22 (79)]";3186;"Maquina 2: [11 (1), 2 (7), 24 (31), 48 (9), 5 (48), 14 (23), 20 (29), 7 (33), 8 (68), 15 (77), 25 (72), 23 (84), 26 (97)]";3285;"Maquina 3: [28 (16), 47 (8), 45 (6), 31 (17), 49 (30), 36 (26), 41 (39), 0 (69), 32 (58), 38 (53), 27 (77), 43 (75), 17 (97)]";3154;"Maquina 4: [42 (8), 35 (12), 3 (14), 21 (25), 34 (32), 16 (24), 37 (69), 13 (50), 9 (77), 4 (74), 40 (60), 18 (82)]";3003
GREEDY;50;4;20048;0.0;1;"Maquina 1: [6 (2), 15 (43), 38 (42), 9 (24), 21 (45), 44 (61), 30 (33), 1 (72), 35 (48), 25 (93), 3 (57), 16 (68), 24 (80)]";4658;"Maquina 2: [41 (32), 22 (2), 33 (76), 14 (25), 20 (51), 13 (43), 27 (38), 37 (56), 0 (72), 29 (60), 23 (67), 47 (88), 17 (96)]";5247;"Maquina 3: [32 (7), 4 (41), 46 (61), 36 (80), 42 (33), 48 (49), 2 (28), 12 (44), 40 (70), 5 (58), 45 (73), 11 (95)]";4736;"Maquina 4: [8 (43), 10 (31), 7 (48), 28 (16), 34 (59), 31 (36), 19 (71), 39 (96), 43 (90), 49 (62), 18 (55), 26 (76)]";5407
GRASP;50;4;18237;1345.0;500;"Maquina 1: [6 (2), 28 (16), 4 (41), 36 (80), 8 (43), 37 (56), 3 (57), 49 (62), 47 (88), 17 (96), 26 (76), 34 (59), 24 (80)]";5148;"Maquina 2: [13 (43), 10 (31), 32 (7), 35 (48), 9 (24), 21 (45), 19 (71), 23 (67), 0 (72), 42 (33), 16 (68), 11 (95), 40 (70)]";4508;"Maquina 3: [44 (61), 5 (58), 18 (55), 20 (51), 27 (38), 7 (48), 45 (73), 41 (32), 29 (60), 25 (93), 39 (96)]";4501;"Maquina 4: [38 (42), 22 (2), 12 (44), 14 (25), 2 (28), 30 (33), 31 (36), 15 (43), 48 (49), 1 (72), 46 (61), 33 (76), 43 (90)]";4080
LNS;50;4;20027;85.0;500;"Maquina 1: [6 (2), 15 (43), 38 (42), 9 (24), 21 (45), 44 (61), 30 (33), 1 (72), 35 (48), 25 (93), 3 (57), 16 (68), 24 (80)]";4658;"Maquina 2: [41 (32), 22 (2), 33 (76), 14 (25), 20 (51), 13 (43), 27 (38), 37 (56), 0 (72), 29 (60), 23 (67), 47 (88), 17 (96)]";5247;"Maquina 3: [32 (7), 4 (41), 46 (61), 36 (80), 42 (33), 48 (49), 2 (28), 12 (44), 40 (70), 5 (58), 45 (73), 11 (95)]";4736;"Maquina 4: [8 (43), 10 (31), 7 (48), 28 (16), 34 (59), 31 (36), 19 (71), 39 (96), 18 (55), 49 (62), 43 (90), 26 (76)]";5386
TABÚ;50;4;18484;378.0;500;"Maquina 1: [27 (38), 22 (2), 12 (44), 10 (31), 35 (48), 48 (49), 2 (28), 16 (68), 41 (32), 36 (80), 29 (60), 18 (55), 24 (80)]";4561;"Maquina 2: [9 (24), 13 (43), 28 (16), 4 (41), 15 (43), 49 (62), 33 (76), 45 (73), 17 (96), 26 (76), 40 (70), 43 (90)]";4546;"Maquina 3: [42 (33), 6 (2), 5 (58), 20 (51), 23 (67), 21 (45), 32 (7), 37 (56), 0 (72), 8 (43), 11 (95), 25 (93), 39 (96)]";4954;"Maquina 4: [30 (33), 14 (25), 31 (36), 19 (71), 34 (59), 38 (42), 7 (48), 44 (61), 1 (72), 46 (61), 3 (57), 47 (88)]";4423
VNS;50;4;18135;26146.0;500;"Maquina 1: [6 (2), 15 (43), 10 (31), 9 (24), 21 (45), 44 (61), 1 (72), 35 (48), 25 (93), 3 (57), 16 (68), 17 (96), 29 (60)]";4821;"Maquina 2: [30 (33), 22 (2), 33 (76), 14 (25), 20 (51), 13 (43), 27 (38), 37 (56), 5 (58), 46 (61), 18 (55), 47 (88)]";4026;"Maquina 3: [32 (7), 41 (32), 4 (41), 36 (80), 42 (33), 48 (49), 19 (71), 12 (44), 40 (70), 45 (73), 8 (43), 11 (95), 24 (80)]";4741;"Maquina 4: [38 (42), 7 (48), 28 (16), 34 (59), 31 (36), 2 (28), 39 (96), 43 (90), 49 (62), 23 (67), 0 (72), 26 (76)]";4547
Multiarranque;50;4;19184;1592.0;500;"Maquina 1: [48 (49), 13 (43), 9 (24), 31 (36), 29 (60), 18 (55), 41 (32), 34 (59), 17 (96), 26 (76), 0 (72), 33 (76)]";4724;"Maquina 2: [28 (16), 4 (41), 14 (25), 43 (90), 27 (38), 37 (56), 1 (72), 19 (71), 35 (48), 8 (43), 36 (80), 40 (70), 39 (96)]";5181;"Maquina 3: [15 (43), 10 (31), 32 (7), 12 (44), 42 (33), 11 (95), 47 (88), 3 (57), 49 (62), 7 (48), 5 (58), 45 (73)]";4653;"Maquina 4: [30 (33), 22 (2), 38 (42), 2 (28), 6 (2), 20 (51), 23 (67), 21 (45), 44 (61), 46 (61), 16 (68), 24 (80), 25 (93)]";4626
GREEDY;50;4;17968;0.0;1;"Maquina 1: [47 (2), 7 (15), 1 (38), 20 (24), 11 (70), 41 (49), 27 (81), 34 (61), 22 (58), 21 (74), 14 (88), 30 (91), 46 (97)]";4876;"Maquina 2: [25 (4), 38 (15), 23 (51), 28 (75), 39 (21), 13 (59), 42 (62), 37 (72), 16 (41), 3 (92), 12 (84), 8 (89)]";4249;"Maquina 3: [17 (17), 10 (7), 15 (30), 48 (60), 29 (24), 26 (94), 5 (44), 32 (57), 2 (73), 4 (68), 18 (87), 19 (80), 24 (91)]";4438;"Maquina 4: [45 (8), 43 (17), 33 (42), 9 (53), 6 (74), 44 (76), 0 (27), 31 (59), 35 (84), 36 (65), 49 (92), 40 (90)]";4405
GRASP;50;4;16166;1348.0;500;"Maquina 1: [39 (21), 29 (24), 25 (4), 16 (41), 0 (27), 48 (60), 3 (92), 23 (51), 37 (72), 12 (84), 26 (94), 21 (74), 8 (89)]";4313;"Maquina 2: [7 (15), 17 (17), 1 (38), 20 (24), 11 (70), 41 (49), 36 (65), 34 (61), 22 (58), 49 (92), 30 (91), 35 (84), 28 (75)]";4325;"Maquina 3: [10 (7), 38 (15), 43 (17), 33 (42), 32 (57), 9 (53), 6 (74), 19 (80), 24 (91), 4 (68), 18 (87), 40 (90)]";3720;"Maquina 4: [45 (8), 47 (2), 5 (44), 15 (30), 31 (59), 42 (62), 14 (88), 2 (73), 27 (81), 13 (59), 44 (76), 46 (97)]";3808
LNS;50;4;17968;74.0;500;"Maquina 1: [47 (2), 7 (15), 1 (38), 20 (24), 11 (70), 41 (49), 27 (81), 34 (61), 22 (58), 21 (74), 14 (88), 30 (91), 46 (97)]";4876;"Maquina 2: [25 (4), 38 (15), 23 (51), 28 (75), 39 (21), 13 (59), 42 (62), 37 (72), 16 (41), 3 (92), 12 (84), 8 (89)]";4249;"Maquina 3: [17 (17), 10 (7), 15 (30), 48 (60), 29 (24), 26 (94), 5 (44), 32 (57), 2 (73), 4 (68), 18 (87), 19 (80), 24 (91)]";4438;"Maquina 4: [45 (8), 43 (17), 33 (42), 9 (53), 6 (74), 44 (76), 0 (27), 31 (59), 35 (84), 36 (65), 49 (92), 40 (90)]";4405
TABÚ;50;4;16421;396.0;500;"Maquina 1: [45 (8), 47 (2), 43 (17), 29 (24), 11 (70), 32 (57), 39 (21), 13 (59), 5 (44), 8 (89), 42 (62), 30 (91), 35 (84), 3 (92)]";4400;"Maquina 2: [10 (7), 23 (51), 25 (4), 15 (30), 48 (60), 36 (65), 28 (75), 41 (49), 40 (90), 2 (73), 26 (94), 18 (87)]";3841;"Maquina 3: [0 (27), 7 (15), 17 (17), 1 (38), 27 (81), 34 (61), 22 (58), 6 (74), 31 (59), 46 (97), 12 (84), 19 (80)]";3885;"Maquina 4: [38 (15), 33 (42), 20 (24), 16 (41), 44 (76), 9 (53), 37 (72), 4 (68), 49 (92), 21 (74), 14 (88), 24 (91)]";4295
VNS;50;4;16681;19526.0;500;"Maquina 1: [45 (8), 42 (62), 17 (17), 1 (38), 20 (24), 11 (70), 41 (49), 4 (68), 34 (61), 22 (58), 49 (92), 30 (91), 46 (97)]";4280;"Maquina 2: [25 (4), 23 (51), 28 (75), 39 (21), 13 (59), 31 (59), 37 (72), 16 (41), 36 (65), 8 (89), 12 (84), 18 (87)]";4320;"Maquina 3: [7 (15), 10 (7), 15 (30), 48 (60), 47 (2), 29 (24), 26 (94), 5 (44), 32 (57), 2 (73), 27 (81), 19 (80), 24 (91)]";3774;"Maquina 4: [38 (15), 43 (17), 33 (42), 9 (53), 6 (74), 44 (76), 0 (27), 40 (90), 35 (84), 3 (92), 21 (74), 14 (88)]";4307
Multiarranque;50;4;16760;1592.0;500;"Maquina 1: [0 (27), 47 (2), 43 (17), 22 (58), 20 (24), 37 (72), 36 (65), 34 (61), 42 (62), 30 (91), 14 (88), 40 (90), 46 (97)]";4547;"Maquina 2: [7 (15), 17 (17), 10 (7), 15 (30), 11 (70), 33 (42), 23 (51), 28 (75), 19 (80), 5 (44), 3 (92), 18 (87), 24 (91)]";4230;"Maquina 3: [25 (4), 45 (8), 39 (21), 29 (24), 16 (41), 48 (60), 44 (76), 9 (53), 6 (74), 2 (73), 26 (94), 21 (74), 49 (92)]";4039;"Maquina 4: [32 (57), 38 (15), 1 (38), 27 (81), 31 (59), 41 (49), 4 (68), 35 (84), 13 (59), 12 (84), 8 (89)]";3944
GREEDY;50;4;20734;0.0;1;"Maquina 1: [3 (2), 29 (48), 47 (57), 43 (28), 39 (19), 11 (39), 33 (65), 5 (71), 48 (52), 15 (91), 44 (80), 17 (93)]";4802;"Maquina 2: [34 (9), 6 (21), 36 (35), 2 (32), 9 (87), 46 (44), 30 (54), 19 (52), 38 (69), 24 (64), 4 (75), 26 (97), 42 (91)]";5397;"Maquina 3: [40 (36), 7 (21), 49 (11), 21 (32), 45 (91), 22 (47), 35 (50), 41 (53), 14 (89), 20 (99), 31 (60), 37 (67), 28 (75)]";5413;"Maquina 4: [8 (26), 1 (35), 32 (14), 0 (96), 25 (50), 18 (60), 12 (41), 16 (66), 23 (53), 13 (71), 10 (85), 27 (91)]";5122
GRASP;50;4;18549;1363.0;500;"Maquina 1: [34 (9), 7 (21), 48 (52), 18 (60), 22 (47), 8 (26), 9 (87), 28 (75), 33 (65), 19 (52), 38 (69), 24 (64), 14 (89)]";5125;"Maquina 2: [12 (41), 41 (53), 30 (54), 21 (32), 39 (19), 42 (91), 16 (66), 35 (50), 31 (60), 15 (91), 13 (71), 26 (97)]";4665;"Maquina 3: [29 (48), 49 (11), 40 (36), 3 (2), 43 (28), 46 (44), 5 (71), 10 (85), 47 (57), 11 (39), 20 (99), 45 (91)]";4027;"Maquina 4: [6 (21), 32 (14), 36 (35), 2 (32), 37 (67), 1 (35), 25 (50), 44 (80), 23 (53), 4 (75), 17 (93), 27 (91), 0 (96)]";4732
LNS;50;4;20584;90.0;500;"Maquina 1: [3 (2), 29 (48), 47 (57), 43 (28), 39 (19), 11 (39), 33 (65), 44 (80), 48 (52), 15 (91), 5 (71), 17 (93)]";4756;"Maquina 2: [34 (9), 6 (21), 36 (35), 2 (32), 9 (87), 46 (44), 30 (54), 19 (52), 38 (69), 24 (64), 4 (75), 26 (97), 42 (91)]";5397;"Maquina 3: [40 (36), 7 (21), 49 (11), 21 (32), 45 (91), 22 (47), 35 (50), 41 (53), 14 (89), 37 (67), 31 (60), 20 (99), 28 (75)]";5309;"Maquina 4: [8 (26), 1 (35), 32 (14), 0 (96), 25 (50), 18 (60), 12 (41), 16 (66), 23 (53), 13 (71), 10 (85), 27 (91)]";5122
TABÚ;50;4;18788;387.0;500;"Maquina 1: [34 (9), 7 (21), 5 (71), 12 (41), 49 (11), 2 (32), 48 (52), 25 (50), 42 (91), 16 (66), 45 (91), 14 (89)]";3694;"Maquina 2: [32 (14), 3 (2), 18 (60), 10 (85), 40 (36), 17 (93), 37 (67), 21 (32), 4 (75), 30 (54), 47 (57), 0 (96), 20 (99)]";5547;"Maquina 3: [43 (28), 36 (35), 39 (19), 28 (75), 19 (52), 23 (53), 46 (44), 29 (48), 9 (87), 13 (71), 26 (97), 24 (64)]";4351;"Maquina 4: [22 (47), 8 (26), 6 (21), 1 (35), 11 (39), 33 (65), 35 (50), 38 (69), 31 (60), 15 (91), 44 (80), 27 (91), 41 (53)]";5196
VNS;50;4;18912;19203.0;500;"Maquina 1: [40 (36), 7 (21), 0 (96), 43 (28), 1 (35), 11 (39), 33 (65), 44 (80), 48 (52), 18 (60), 15 (91), 5 (71), 26 (97)]";5544;"Maquina 2: [49 (11), 34 (9), 36 (35), 2 (32), 23 (53), 46 (44), 30 (54), 19 (52), 38 (69), 37 (67), 39 (19), 28 (75), 4 (75)]";4495;"Maquina 3: [3 (2), 29 (48), 21 (32), 45 (91), 22 (47), 35 (50), 41 (53), 14 (89), 17 (93), 31 (60), 42 (91), 10 (85)]";4627;"Maquina 4: [8 (26), 6 (21), 32 (14), 47 (57), 25 (50), 12 (41), 24 (64), 16 (66), 27 (91), 9 (87), 13 (71), 20 (99)]";4246
Multiarranque;50;4;18710;1590.0;500;"Maquina 1: [43 (28), 6 (21), 2 (32), 40 (36), 3 (2), 37 (67), 1 (35), 10 (85), 47 (57), 14 (89), 24 (64), 26 (97), 27 (91)]";4656;"Maquina 2: [32 (14), 48 (52), 16 (66), 11 (39), 22 (47), 5 (71), 13 (71), 39 (19), 42 (91), 4 (75), 45 (91), 20 (99)]";5234;"Maquina 3: [49 (11), 34 (9), 25 (50), 8 (26), 19 (52), 12 (41), 30 (54), 18 (60), 31 (60), 33 (65), 44 (80), 0 (96), 9 (87)]";4330;"Maquina 4: [21 (32), 36 (35), 7 (21), 29 (48), 28 (75), 41 (53), 35 (50), 23 (53), 38 (69), 46 (44), 17 (93), 15 (91)]";4490
GREEDY;50;4;20339;0.0;1;"Maquina 1: [5 (7), 12 (13), 47 (45), 31 (20), 14 (49), 17 (57), 36 (33), 4 (83), 25 (61), 24 (71), 15 (87), 38 (93)]";4633;"Maquina 2: [43 (13), 10 (9), 29 (62), 39 (33), 3 (27), 35 (38), 1 (64), 20 (89), 2 (56), 34 (47), 23 (83), 42 (94), 22 (77)]";5300;"Maquina 3: [44 (13), 21 (44), 33 (11), 27 (34), 8 (31), 28 (48), 46 (87), 13 (83), 41 (63), 49 (56), 19 (77), 11 (94)]";4874;"Maquina 4: [16 (47), 30 (31), 45 (12), 9 (58), 0 (14), 7 (81), 6 (34), 37 (50), 32 (75), 48 (60), 40 (92), 26 (96), 18 (85)]";5532
GRASP;50;4;17993;1396.0;500;"Maquina 1: [33 (11), 17 (57), 35 (38), 49 (56), 36 (33), 12 (13), 28 (48), 3 (27), 2 (56), 19 (77), 24 (71), 38 (93)]";3872;"Maquina 2: [44 (13), 45 (12), 47 (45), 39 (33), 9 (58), 37 (50), 40 (92), 6 (34), 7 (81), 48 (60), 46 (87), 20 (89)]";4188;"Maquina 3: [30 (31), 31 (20), 4 (83), 5 (7), 22 (77), 41 (63), 14 (49), 25 (61), 32 (75), 10 (9), 16 (47), 23 (83), 26 (96)]";4853;"Maquina 4: [8 (31), 43 (13), 27 (34), 34 (47), 0 (14), 13 (83), 21 (44), 15 (87), 29 (62), 18 (85), 42 (94), 1 (64), 11 (94)]";5080
LNS;50;4;20000;86.0;500;"Maquina 1: [5 (7), 12 (13), 47 (45), 31 (20), 14 (49), 17 (57), 36 (33), 4 (83), 25 (61), 24 (71), 15 (87), 38 (93)]";4633;"Maquina 2: [34 (47), 10 (9), 29 (62), 39 (33), 3 (27), 35 (38), 1 (64), 20 (89), 2 (56), 43 (13), 23 (83), 42 (94), 22 (77)]";5126;"Maquina 3: [13 (83), 21 (44), 44 (13), 27 (34), 8 (31), 28 (48), 46 (87), 33 (11), 41 (63), 49 (56), 19 (77), 11 (94)]";4739;"Maquina 4: [16 (47), 30 (31), 45 (12), 9 (58), 0 (14), 7 (81), 6 (34), 37 (50), 40 (92), 48 (60), 32 (75), 26 (96), 18 (85)]";5502
TABÚ;50;4;17181;397.0;500;"Maquina 1: [5 (7), 39 (33), 12 (13), 10 (9), 21 (44), 23 (83), 17 (57), 33 (11), 34 (47), 19 (77), 24 (71), 38 (93), 13 (83)]";3929;"Maquina 2: [3 (27), 45 (12), 27 (34), 47 (45), 0 (14), 35 (38), 37 (50), 42 (94), 22 (77), 41 (63), 14 (49), 26 (96), 20 (89)]";4443;"Maquina 3: [36 (33), 44 (13), 48 (60), 32 (75), 6 (34), 7 (81), 16 (47), 4 (83), 8 (31), 15 (87), 29 (62), 40 (92)]";4436;"Maquina 4: [30 (31), 31 (20), 25 (61), 43 (13), 46 (87), 2 (56), 28 (48), 9 (58), 1 (64), 49 (56), 18 (85), 11 (94)]";4373
VNS;50;4;17640;12579.0;500;"Maquina 1: [5 (7), 44 (13), 47 (45), 14 (49), 17 (57), 36 (33), 4 (83), 41 (63), 34 (47), 24 (71), 15 (87), 38 (93)]";4036;"Maquina 2: [10 (9), 29 (62), 39 (33), 3 (27), 35 (38), 1 (64), 11 (94), 16 (47), 23 (83), 42 (94), 22 (77)]";3739;"Maquina 3: [21 (44), 45 (12), 27 (34), 8 (31), 7 (81), 12 (13), 46 (87), 2 (56), 49 (56), 13 (83), 26 (96), 25 (61), 20 (89)]";5134;"Maquina 4: [43 (13), 30 (31), 31 (20), 33 (11), 9 (58), 0 (14), 28 (48), 6 (34), 37 (50), 40 (92), 48 (60), 32 (75), 19 (77), 18 (85)]";4731
Multiarranque;50;4;17468;1579.0;500;"Maquina 1: [5 (7), 39 (33), 12 (13), 10 (9), 21 (44), 34 (47), 19 (77), 18 (85), 17 (57), 48 (60), 46 (87), 42 (94), 38 (93)]";4573;"Maquina 2: [6 (34), 31 (20), 33 (11), 27 (34), 47 (45), 9 (58), 3 (27), 7 (81), 24 (71), 13 (83), 26 (96), 41 (63)]";4005;"Maquina 3: [0 (14), 35 (38), 1 (64), 44 (13), 37 (50), 25 (61), 49 (56), 15 (87), 16 (47), 20 (89), 4 (83), 11 (94)]";4360;"Maquina 4: [45 (12), 43 (13), 30 (31), 8 (31), 36 (33), 28 (48), 32 (75), 2 (56), 14 (49), 29 (62), 40 (92), 22 (77), 23 (83)]";4530
