GREEDY;40;8;7892;0.0;1;"Maquina 1: [1 (2), 19 (52), 17 (83), 3 (29), 16 (68)]";865;"Maquina 2: [25 (2), 7 (99), 22 (29), 9 (83), 0 (61)]";1129;"Maquina 3: [5 (11), 26 (32), 13 (57), 11 (91), 36 (68)]";931;"Maquina 4: [29 (32), 27 (15), 37 (84), 10 (53), 18 (68)]";973;"Maquina 5: [39 (57), 12 (16), 34 (34), 30 (71), 24 (83)]";884;"Maquina 6: [8 (44), 21 (18), 35 (53), 23 (91), 14 (77)]";1053;"Maquina 7: [4 (23), 32 (57), 2 (50), 20 (92), 6 (81)]";1081;"Maquina 8: [15 (53), 28 (25), 38 (50), 31 (78), 33 (89)]";976
GRASP;40;8;6073;908.0;500;"Maquina 1: [35 (53), 5 (11), 33 (89), 15 (53), 6 (81)]";827;"Maquina 2: [29 (32), 25 (2), 2 (50), 13 (57), 20 (92)]";590;"Maquina 3: [1 (2), 27 (15), 14 (77), 31 (78), 17 (83)]";660;"Maquina 4: [39 (57), 21 (18), 19 (52), 8 (44), 16 (68)]";771;"Maquina 5: [4 (23), 12 (16), 0 (61), 11 (91), 7 (99)]";811;"Maquina 6: [28 (25), 38 (50), 30 (71), 32 (57), 37 (84)]";792;"Maquina 7: [34 (34), 26 (32), 10 (53), 18 (68), 24 (83)]";775;"Maquina 8: [22 (29), 3 (29), 9 (83), 36 (68), 23 (91)]";847
LNS;40;8;7803;14.0;500;"Maquina 1: [1 (2), 19 (52), 17 (83), 3 (29), 16 (68)]";865;"Maquina 2: [22 (29), 7 (99), 25 (2), 9 (83), 0 (61)]";1058;"Maquina 3: [5 (11), 26 (32), 13 (57), 11 (91), 36 (68)]";931;"Maquina 4: [29 (32), 27 (15), 37 (84), 10 (53), 18 (68)]";973;"Maquina 5: [39 (57), 12 (16), 34 (34), 30 (71), 24 (83)]";884;"Maquina 6: [21 (18), 8 (44), 35 (53), 23 (91), 14 (77)]";1035;"Maquina 7: [4 (23), 32 (57), 2 (50), 20 (92), 6 (81)]";1081;"Maquina 8: [15 (53), 28 (25), 38 (50), 31 (78), 33 (89)]";976
TABÚ;40;8;6224;286.0;500;"Maquina 1: [3 (29), 27 (15), 32 (57), 18 (68), 11 (91)]";689;"Maquina 2: [25 (2), 35 (53), 22 (29), 37 (84), 14 (77)]";668;"Maquina 3: [29 (32), 5 (11), 34 (34), 30 (71), 33 (89)]";687;"Maquina 4: [21 (18), 2 (50), 36 (68), 15 (53), 17 (83)]";834;"Maquina 5: [12 (16), 9 (83), 20 (92), 13 (57), 6 (81)]";976;"Maquina 6: [4 (23), 8 (44), 16 (68), 7 (99), 38 (50)]";835;"Maquina 7: [1 (2), 10 (53), 39 (57), 23 (91), 24 (83)]";703;"Maquina 8: [28 (25), 0 (61), 26 (32), 19 (52), 31 (78)]";832
VNS;40;8;5963;8633.0;500;"Maquina 1: [12 (16), 1 (2), 10 (53), 16 (68), 20 (92), 33 (89)]";878;"Maquina 2: [15 (53), 35 (53), 22 (29), 9 (83), 0 (61)]";913;"Maquina 3: [5 (11), 3 (29), 2 (50), 13 (57), 11 (91)]";625;"Maquina 4: [26 (32), 27 (15), 36 (68), 30 (71), 24 (83)]";728;"Maquina 5: [29 (32), 25 (2), 39 (57), 23 (91), 7 (99)]";676;"Maquina 6: [8 (44), 21 (18), 19 (52), 37 (84), 14 (77)]";782;"Maquina 7: [4 (23), 32 (57), 18 (68), 34 (34), 6 (81)]";842;"Maquina 8: [28 (25), 38 (50), 31 (78), 17 (83)]";519
Multiarranque;40;8;6497;912.0;500;"Maquina 1: [5 (11), 10 (53), 16 (68), 9 (83), 20 (92)]";946;"Maquina 2: [34 (34), 22 (29), 12 (16), 11 (91), 18 (68)]";770;"Maquina 3: [3 (29), 4 (23), 32 (57), 19 (52), 39 (57)]";767;"Maquina 4: [8 (44), 26 (32), 15 (53), 6 (81), 36 (68)]";958;"Maquina 5: [21 (18), 13 (57), 2 (50), 31 (78), 37 (84)]";760;"Maquina 6: [25 (2), 33 (89), 28 (25), 0 (61), 7 (99)]";790;"Maquina 7: [1 (2), 27 (15), 35 (53), 30 (71), 23 (91), 24 (83)]";894;"Maquina 8: [29 (32), 38 (50), 17 (83), 14 (77)]";612
GREEDY;40;8;7333;0.0;1;"Maquina 1: [9 (1), 22 (59), 6 (71), 20 (28), 5 (91)]";961;"Maquina 2: [23 (2), 25 (28), 7 (60), 18 (37), 35 (79)]";686;"Maquina 3: [28 (2), 17 (30), 15 (63), 34 (42), 14 (81)]";864;"Maquina 4: [31 (4), 27 (32), 30 (85), 10 (38), 0 (61)]";908;"Maquina 5: [2 (7), 26 (46), 12 (63), 11 (33), 39 (79)]";711;"Maquina 6: [4 (34), 24 (11), 8 (68), 29 (53), 32 (88)]";942;"Maquina 7: [21 (34), 1 (98), 3 (20), 38 (59), 16 (73)]";1078;"Maquina 8: [37 (34), 19 (23), 36 (59), 33 (74), 13 (98)]";1183
GRASP;40;8;5455;884.0;500;"Maquina 1: [23 (2), 20 (28), 30 (85), 10 (38), 1 (98)]";729;"Maquina 2: [9 (1), 34 (42), 17 (30), 0 (61), 13 (98)]";586;"Maquina 3: [2 (7), 27 (32), 26 (46), 15 (63), 33 (74)]";624;"Maquina 4: [4 (34), 24 (11), 16 (73), 39 (79), 36 (59)]";721;"Maquina 5: [37 (34), 31 (4), 8 (68), 32 (88), 5 (91)]";740;"Maquina 6: [21 (34), 6 (71), 3 (20), 7 (60), 12 (63)]";789;"Maquina 7: [18 (37), 19 (23), 22 (59), 38 (59)]";444;"Maquina 8: [28 (2), 25 (28), 11 (33), 14 (81), 29 (53), 35 (79)]";822
LNS;40;8;7119;15.0;500;"Maquina 1: [22 (59), 9 (1), 6 (71), 20 (28), 5 (91)]";932;"Maquina 2: [23 (2), 25 (28), 7 (60), 18 (37), 35 (79)]";686;"Maquina 3: [17 (30), 28 (2), 15 (63), 34 (42), 14 (81)]";829;"Maquina 4: [27 (32), 31 (4), 30 (85), 10 (38), 0 (61)]";880;"Maquina 5: [2 (7), 26 (46), 12 (63), 11 (33), 39 (79)]";711;"Maquina 6: [4 (34), 24 (11), 8 (68), 29 (53), 32 (88)]";942;"Maquina 7: [21 (34), 1 (98), 3 (20), 38 (59), 16 (73)]";1078;"Maquina 8: [36 (59), 37 (34), 19 (23), 33 (74), 13 (98)]";1061
TABÚ;40;8;5645;278.0;500;"Maquina 1: [29 (53), 10 (38), 34 (42), 23 (2), 35 (79)]";723;"Maquina 2: [9 (1), 2 (7), 24 (11), 16 (73), 39 (79)]";362;"Maquina 3: [28 (2), 25 (28), 27 (32), 14 (81), 38 (59)]";523;"Maquina 4: [31 (4), 6 (71), 4 (34), 13 (98), 12 (63)]";739;"Maquina 5: [7 (60), 18 (37), 32 (88), 5 (91), 33 (74)]";1033;"Maquina 6: [26 (46), 20 (28), 3 (20), 0 (61), 15 (63)]";699;"Maquina 7: [11 (33), 36 (59), 21 (34), 8 (68), 22 (59)]";781;"Maquina 8: [37 (34), 17 (30), 19 (23), 30 (85), 1 (98)]";785
VNS;40;8;5597;8281.0;500;"Maquina 1: [9 (1), 36 (59), 21 (34), 15 (63), 5 (91)]";670;"Maquina 2: [23 (2), 25 (28), 11 (33), 0 (61), 35 (79), 39 (79)]";850;"Maquina 3: [22 (59), 20 (28), 30 (85), 1 (98)]";637;"Maquina 4: [37 (34), 31 (4), 8 (68), 10 (38), 6 (71)]";595;"Maquina 5: [2 (7), 26 (46), 18 (37), 7 (60), 12 (63), 16 (73)]";993;"Maquina 6: [4 (34), 24 (11), 3 (20), 34 (42), 29 (53)]";602;"Maquina 7: [17 (30), 14 (81), 38 (59), 32 (88)]";660;"Maquina 8: [27 (32), 19 (23), 28 (2), 13 (98), 33 (74)]";590
Multiarranque;40;8;6072;1002.0;500;"Maquina 1: [37 (34), 31 (4), 20 (28), 11 (33), 13 (98)]";693;"Maquina 2: [10 (38), 25 (28), 12 (63), 29 (53), 22 (59)]";769;"Maquina 3: [0 (61), 34 (42), 8 (68), 30 (85)]";752;"Maquina 4: [21 (34), 17 (30), 33 (74), 14 (81), 35 (79)]";891;"Maquina 5: [9 (1), 2 (7), 4 (34), 23 (2), 3 (20), 5 (91), 36 (59)]";775;"Maquina 6: [38 (59), 24 (11), 15 (63), 1 (98), 39 (79)]";1019;"Maquina 7: [27 (32), 26 (46), 18 (37), 32 (88)]";489;"Maquina 8: [19 (23), 28 (2), 7 (60), 6 (71), 16 (73)]";684
GREEDY;40;8;5353;0.0;1;"Maquina 1: [2 (34), 26 (2), 21 (63), 25 (19), 20 (92)]";620;"Maquina 2: [35 (6), 32 (21), 10 (36), 27 (74), 0 (97)]";736;"Maquina 3: [36 (6), 16 (23), 22 (33), 1 (58), 24 (89)]";587;"Maquina 4: [28 (25), 11 (7), 38 (34), 39 (91), 3 (61)]";583;"Maquina 5: [9 (12), 8 (51), 31 (86), 5 (29), 30 (99)]";786;"Maquina 6: [17 (13), 13 (44), 18 (30), 14 (79), 7 (94)]";677;"Maquina 7: [37 (15), 23 (32), 15 (43), 12 (83), 33 (98)]";736;"Maquina 8: [4 (19), 34 (32), 19 (43), 29 (66), 6 (94)]";628
GRASP;40;8;4847;917.0;500;"Maquina 1: [35 (6), 16 (23), 22 (33), 19 (43), 20 (92), 24 (89)]";775;"Maquina 2: [36 (6), 5 (29), 8 (51), 14 (79), 7 (94)]";632;"Maquina 3: [2 (34), 4 (19), 26 (2), 29 (66), 27 (74)]";493;"Maquina 4: [17 (13), 32 (21), 21 (63), 10 (36), 33 (98)]";650;"Maquina 5: [9 (12), 13 (44), 3 (61), 39 (91)]";407;"Maquina 6: [37 (15), 1 (58), 18 (30), 6 (94), 31 (86)]";706;"Maquina 7: [34 (32), 25 (19), 15 (43), 30 (99), 0 (97)]";711;"Maquina 8: [28 (25), 11 (7), 38 (34), 23 (32), 12 (83)]";473
LNS;40;8;5336;15.0;500;"Maquina 1: [2 (34), 26 (2), 21 (63), 25 (19), 20 (92)]";620;"Maquina 2: [35 (6), 32 (21), 10 (36), 27 (74), 0 (97)]";736;"Maquina 3: [36 (6), 22 (33), 16 (23), 1 (58), 24 (89)]";580;"Maquina 4: [28 (25), 11 (7), 38 (34), 39 (91), 3 (61)]";583;"Maquina 5: [9 (12), 8 (51), 31 (86), 5 (29), 30 (99)]";786;"Maquina 6: [17 (13), 13 (44), 18 (30), 14 (79), 7 (94)]";677;"Maquina 7: [37 (15), 15 (43), 23 (32), 12 (83), 33 (98)]";726;"Maquina 8: [4 (19), 34 (32), 19 (43), 29 (66), 6 (94)]";628
TABÚ;40;8;4754;282.0;500;"Maquina 1: [36 (6), 16 (23), 22 (33), 15 (43), 33 (98)]";487;"Maquina 2: [35 (6), 17 (13), 8 (51), 3 (61), 39 (91)]";514;"Maquina 3: [9 (12), 1 (58), 18 (30), 6 (94), 0 (97)]";707;"Maquina 4: [11 (7), 23 (32), 19 (43), 27 (74), 24 (89)]";598;"Maquina 5: [37 (15), 26 (2), 29 (66), 21 (63), 30 (99)]";564;"Maquina 6: [13 (44), 32 (21), 5 (29), 31 (86), 20 (92)]";722;"Maquina 7: [25 (19), 28 (25), 38 (34), 12 (83), 7 (94)]";625;"Maquina 8: [2 (34), 4 (19), 34 (32), 10 (36), 14 (79)]";537
VNS;40;8;4890;12449.0;500;"Maquina 1: [2 (34), 26 (2), 21 (63), 8 (51), 20 (92)]";617;"Maquina 2: [32 (21), 5 (29), 18 (30), 6 (94), 0 (97)]";671;"Maquina 3: [36 (6), 16 (23), 22 (33), 31 (86), 33 (98)]";579;"Maquina 4: [28 (25), 11 (7), 38 (34), 1 (58), 29 (66)]";520;"Maquina 5: [9 (12), 34 (32), 25 (19), 15 (43), 3 (61), 30 (99)]";738;"Maquina 6: [17 (13), 13 (44), 27 (74), 7 (94)]";489;"Maquina 7: [37 (15), 23 (32), 12 (83), 10 (36), 24 (89)]";719;"Maquina 8: [4 (19), 35 (6), 19 (43), 14 (79), 39 (91)]";557
Multiarranque;40;8;5112;1153.0;500;"Maquina 1: [11 (7), 35 (6), 1 (58), 6 (94), 0 (97)]";645;"Maquina 2: [36 (6), 18 (30), 13 (44), 3 (61)]";378;"Maquina 3: [38 (34), 8 (51), 31 (86), 33 (98)]";677;"Maquina 4: [32 (21), 5 (29), 28 (25), 2 (34), 14 (79), 7 (94)]";805;"Maquina 5: [4 (19), 26 (2), 10 (36), 25 (19), 39 (91), 24 (89)]";681;"Maquina 6: [34 (32), 15 (43), 29 (66), 20 (92)]";574;"Maquina 7: [9 (12), 22 (33), 17 (13), 19 (43), 27 (74), 12 (83)]";796;"Maquina 8: [16 (23), 37 (15), 23 (32), 21 (63), 30 (99)]";556
GREEDY;40;8;5987;0.0;1;"Maquina 1: [31 (5), 10 (27), 15 (49), 17 (62), 25 (74)]";626;"Maquina 2: [0 (10), 6 (28), 12 (50), 30 (74), 34 (63)]";668;"Maquina 3: [4 (29), 2 (14), 3 (75), 27 (50), 32 (65)]";624;"Maquina 4: [38 (16), 16 (29), 18 (50), 9 (64), 26 (77)]";725;"Maquina 5: [19 (31), 7 (17), 24 (69), 37 (51), 36 (98)]";844;"Maquina 6: [20 (20), 8 (59), 29 (38), 23 (70), 14 (88)]";791;"Maquina 7: [39 (24), 22 (39), 11 (53), 1 (74), 28 (99)]";905;"Maquina 8: [35 (25), 5 (61), 33 (46), 13 (71), 21 (95)]";804
GRASP;40;8;5403;1038.0;500;"Maquina 1: [10 (27), 35 (25), 22 (39), 25 (74), 3 (75)]";654;"Maquina 2: [7 (17), 4 (29), 16 (29), 13 (71), 23 (70)]";552;"Maquina 3: [19 (31), 18 (50), 6 (28), 30 (74), 24 (69)]";729;"Maquina 4: [20 (20), 33 (46), 5 (61), 32 (65), 1 (74)]";730;"Maquina 5: [2 (14), 0 (10), 27 (50), 9 (64), 21 (95)]";546;"Maquina 6: [29 (38), 8 (59), 38 (16), 36 (98), 26 (77)]";779;"Maquina 7: [39 (24), 37 (51), 17 (62), 15 (49), 34 (63)]";712;"Maquina 8: [31 (5), 12 (50), 11 (53), 14 (88), 28 (99)]";701
LNS;40;8;5959;15.0;500;"Maquina 1: [31 (5), 10 (27), 15 (49), 17 (62), 25 (74)]";626;"Maquina 2: [0 (10), 6 (28), 12 (50), 30 (74), 34 (63)]";668;"Maquina 3: [4 (29), 2 (14), 3 (75), 27 (50), 32 (65)]";624;"Maquina 4: [38 (16), 16 (29), 18 (50), 9 (64), 26 (77)]";725;"Maquina 5: [7 (17), 19 (31), 24 (69), 37 (51), 36 (98)]";823;"Maquina 6: [20 (20), 8 (59), 29 (38), 23 (70), 14 (88)]";791;"Maquina 7: [39 (24), 1 (74), 11 (53), 22 (39), 28 (99)]";898;"Maquina 8: [35 (25), 5 (61), 33 (46), 13 (71), 21 (95)]";804
TABÚ;40;8;5516;362.0;500;"Maquina 1: [0 (10), 16 (29), 19 (31), 37 (51), 34 (63)]";479;"Maquina 2: [10 (27), 2 (14), 1 (74), 11 (53), 14 (88)]";722;"Maquina 3: [22 (39), 8 (59), 7 (17), 30 (74), 36 (98)]";746;"Maquina 4: [20 (20), 33 (46), 5 (61), 26 (77), 28 (99)]";769;"Maquina 5: [31 (5), 24 (69), 29 (38), 23 (70), 17 (62)]";667;"Maquina 6: [35 (25), 4 (29), 13 (71), 3 (75), 9 (64)]";757;"Maquina 7: [39 (24), 38 (16), 25 (74), 15 (49), 21 (95)]";653;"Maquina 8: [6 (28), 18 (50), 12 (50), 27 (50), 32 (65)]";723
VNS;40;8;5385;12174.0;500;"Maquina 1: [10 (27), 15 (49), 34 (63), 37 (51)]";463;"Maquina 2: [22 (39), 12 (50), 11 (53), 14 (88)]";548;"Maquina 3: [4 (29), 2 (14), 3 (75), 9 (64), 25 (74)]";667;"Maquina 4: [38 (16), 16 (29), 0 (10), 8 (59), 26 (77), 1 (74)]";767;"Maquina 5: [19 (31), 7 (17), 32 (65), 17 (62), 36 (98)]";698;"Maquina 6: [31 (5), 20 (20), 27 (50), 29 (38), 23 (70), 24 (69)]";724;"Maquina 7: [39 (24), 6 (28), 18 (50), 21 (95), 28 (99)]";731;"Maquina 8: [35 (25), 5 (61), 33 (46), 13 (71), 30 (74)]";787
Multiarranque;40;8;5724;1940.0;500;"Maquina 1: [2 (14), 10 (27), 27 (50), 17 (62), 24 (69)]";568;"Maquina 2: [20 (20), 33 (46), 13 (71), 23 (70), 15 (49)]";717;"Maquina 3: [39 (24), 29 (38), 32 (65), 26 (77)]";583;"Maquina 4: [4 (29), 38 (16), 12 (50), 37 (51), 1 (74)]";653;"Maquina 5: [35 (25), 31 (5), 30 (74), 3 (75), 28 (99)]";738;"Maquina 6: [18 (50), 6 (28), 11 (53), 14 (88), 21 (95)]";842;"Maquina 7: [34 (63), 22 (39), 8 (59), 25 (74), 5 (61)]";909;"Maquina 8: [7 (17), 0 (10), 16 (29), 19 (31), 9 (64), 36 (98)]";714
GREEDY;40;8;5063;0.0;1;"Maquina 1: [19 (9), 9 (2), 18 (29), 32 (80), 25 (56)]";553;"Maquina 2: [31 (10), 30 (2), 6 (43), 16 (67), 24 (90)]";653;"Maquina 3: [10 (13), 3 (4), 35 (31), 15 (56), 22 (98), 37 (77)]";828;"Maquina 4: [7 (4), 38 (18), 0 (34), 1 (66), 5 (85)]";641;"Maquina 5: [26 (33), 12 (5), 20 (20), 36 (82), 14 (67)]";563;"Maquina 6: [33 (20), 17 (6), 34 (67), 28 (46), 29 (89)]";647;"Maquina 7: [4 (23), 23 (7), 11 (48), 27 (74), 39 (96)]";703;"Maquina 8: [8 (8), 2 (27), 13 (52), 21 (76)]";475
GRASP;40;8;4207;2082.0;500;"Maquina 1: [3 (4), 23 (7), 26 (33), 25 (56), 29 (89), 37 (77)]";688;"Maquina 2: [10 (13), 33 (20), 19 (9), 34 (67), 21 (76)]";440;"Maquina 3: [9 (2), 6 (43), 16 (67), 15 (56), 22 (98)]";679;"Maquina 4: [12 (5), 28 (46), 20 (20), 5 (85), 13 (52)]";542;"Maquina 5: [8 (8), 30 (2), 1 (66), 11 (48), 32 (80)]";449;"Maquina 6: [2 (27), 17 (6), 4 (23), 35 (31), 39 (96)]";484;"Maquina 7: [0 (34), 38 (18), 27 (74), 36 (82)]";488;"Maquina 8: [7 (4), 31 (10), 18 (29), 14 (67), 24 (90)]";437
LNS;40;8;5054;18.0;500;"Maquina 1: [19 (9), 9 (2), 18 (29), 32 (80), 25 (56)]";553;"Maquina 2: [31 (10), 30 (2), 16 (67), 6 (43), 24 (90)]";644;"Maquina 3: [10 (13), 3 (4), 35 (31), 15 (56), 22 (98), 37 (77)]";828;"Maquina 4: [7 (4), 38 (18), 0 (34), 1 (66), 5 (85)]";641;"Maquina 5: [26 (33), 12 (5), 20 (20), 36 (82), 14 (67)]";563;"Maquina 6: [33 (20), 17 (6), 34 (67), 28 (46), 29 (89)]";647;"Maquina 7: [4 (23), 23 (7), 11 (48), 27 (74), 39 (96)]";703;"Maquina 8: [8 (8), 2 (27), 13 (52), 21 (76)]";475
TABÚ;40;8;4154;529.0;500;"Maquina 1: [8 (8), 30 (2), 33 (20), 21 (76), 32 (80)]";387;"Maquina 2: [19 (9), 7 (4), 26 (33), 16 (67), 15 (56)]";416;"Maquina 3: [12 (5), 28 (46), 13 (52), 4 (23), 36 (82)]";553;"Maquina 4: [3 (4), 38 (18), 25 (56), 29 (89), 37 (77)]";588;"Maquina 5: [9 (2), 17 (6), 14 (67), 35 (31), 1 (66)]";419;"Maquina 6: [10 (13), 11 (48), 2 (27), 39 (96), 22 (98)]";655;"Maquina 7: [23 (7), 6 (43), 20 (20), 5 (85), 24 (90)]";578;"Maquina 8: [31 (10), 18 (29), 34 (67), 0 (34), 27 (74)]";558
VNS;40;8;4107;10225.0;500;"Maquina 1: [9 (2), 17 (6), 31 (10), 18 (29), 32 (80), 24 (90)]";464;"Maquina 2: [8 (8), 30 (2), 1 (66), 25 (56), 29 (89)]";463;"Maquina 3: [7 (4), 3 (4), 35 (31), 15 (56), 27 (74), 36 (82)]";694;"Maquina 4: [10 (13), 2 (27), 28 (46), 16 (67)]";348;"Maquina 5: [26 (33), 12 (5), 20 (20), 37 (77), 14 (67)]";522;"Maquina 6: [33 (20), 19 (9), 34 (67), 0 (34), 39 (96)]";576;"Maquina 7: [38 (18), 4 (23), 6 (43), 22 (98)]";392;"Maquina 8: [23 (7), 13 (52), 11 (48), 21 (76), 5 (85)]";648
Multiarranque;40;8;4470;943.0;500;"Maquina 1: [31 (10), 18 (29), 30 (2), 16 (67), 15 (56)]";431;"Maquina 2: [17 (6), 19 (9), 1 (66), 11 (48), 36 (82)]";589;"Maquina 3: [9 (2), 33 (20), 21 (76), 4 (23), 13 (52)]";516;"Maquina 4: [3 (4), 38 (18), 14 (67), 6 (43), 22 (98)]";590;"Maquina 5: [35 (31), 20 (20), 8 (8), 32 (80), 24 (90)]";562;"Maquina 6: [7 (4), 25 (56), 0 (34), 34 (67), 29 (89)]";648;"Maquina 7: [12 (5), 10 (13), 2 (27), 5 (85), 37 (77)]";480;"Maquina 8: [23 (7), 26 (33), 28 (46), 27 (74), 39 (96)]";654
GREEDY;40;8;6805;0.0;1;"Maquina 1: [32 (17), 19 (45), 18 (1), 4 (66), 36 (83), 11 (97)]";1041;"Maquina 2: [9 (9), 0 (59), 7 (18), 39 (93), 28 (76)]";989;"Maquina 3: [10 (10), 38 (23), 16 (37), 14 (64), 29 (84)]";695;"Maquina 4: [3 (24), 15 (13), 12 (56), 37 (72), 13 (88)]";923;"Maquina 5: [31 (39), 33 (31), 6 (16), 27 (70), 5 (87)]";810;"Maquina 6: [30 (16), 22 (34), 35 (38), 25 (67), 1 (86)]";808;"Maquina 7: [34 (40), 8 (36), 21 (17), 23 (70), 2 (86)]";868;"Maquina 8: [20 (78), 24 (17), 26 (36), 17 (63)]";671
GRASP;40;8;5507;991.0;500;"Maquina 1: [32 (17), 22 (34), 12 (56), 23 (70), 5 (87)]";825;"Maquina 2: [9 (9), 38 (23), 36 (83), 21 (17), 27 (70)]";581;"Maquina 3: [16 (37), 31 (39), 34 (40), 20 (78), 13 (88)]";828;"Maquina 4: [24 (17), 35 (38), 3 (24), 1 (86), 37 (72)]";660;"Maquina 5: [19 (45), 10 (10), 26 (36), 14 (64), 11 (97)]";696;"Maquina 6: [7 (18), 39 (93), 4 (66), 2 (86)]";615;"Maquina 7: [15 (13), 18 (1), 6 (16), 25 (67), 28 (76)]";390;"Maquina 8: [30 (16), 8 (36), 33 (31), 0 (59), 17 (63), 29 (84)]";912
LNS;40;8;6805;15.0;500;"Maquina 1: [32 (17), 19 (45), 18 (1), 4 (66), 36 (83), 11 (97)]";1041;"Maquina 2: [9 (9), 0 (59), 7 (18), 39 (93), 28 (76)]";989;"Maquina 3: [10 (10), 38 (23), 16 (37), 14 (64), 29 (84)]";695;"Maquina 4: [3 (24), 15 (13), 12 (56), 37 (72), 13 (88)]";923;"Maquina 5: [31 (39), 33 (31), 6 (16), 27 (70), 5 (87)]";810;"Maquina 6: [30 (16), 22 (34), 35 (38), 25 (67), 1 (86)]";808;"Maquina 7: [34 (40), 8 (36), 21 (17), 23 (70), 2 (86)]";868;"Maquina 8: [20 (78), 24 (17), 26 (36), 17 (63)]";671
TABÚ;40;8;5740;316.0;500;"Maquina 1: [18 (1), 38 (23), 0 (59), 23 (70), 5 (87)]";630;"Maquina 2: [3 (24), 15 (13), 6 (16), 12 (56), 4 (66)]";606;"Maquina 3: [33 (31), 26 (36), 35 (38), 17 (63), 29 (84)]";827;"Maquina 4: [10 (10), 34 (40), 19 (45), 2 (86), 1 (86)]";675;"Maquina 5: [7 (18), 22 (34), 36 (83), 25 (67), 28 (76)]";826;"Maquina 6: [24 (17), 9 (9), 39 (93), 31 (39), 27 (70)]";662;"Maquina 7: [32 (17), 20 (78), 16 (37), 14 (64), 11 (97)]";898;"Maquina 8: [30 (16), 8 (36), 21 (17), 37 (72), 13 (88)]";616
VNS;40;8;5576;10372.0;500;"Maquina 1: [32 (17), 19 (45), 10 (10), 26 (36), 4 (66), 14 (64)]";817;"Maquina 2: [9 (9), 38 (23), 0 (59), 7 (18), 39 (93), 20 (78)]";896;"Maquina 3: [18 (1), 16 (37), 31 (39), 17 (63), 29 (84), 2 (86)]";877;"Maquina 4: [3 (24), 15 (13), 6 (16), 37 (72), 1 (86)]";688;"Maquina 5: [33 (31), 12 (56), 27 (70), 28 (76)]";632;"Maquina 6: [22 (34), 25 (67), 13 (88)]";345;"Maquina 7: [30 (16), 8 (36), 21 (17), 35 (38), 23 (70), 5 (87)]";801;"Maquina 8: [34 (40), 24 (17), 36 (83), 11 (97)]";520
Multiarranque;40;8;6179;935.0;500;"Maquina 1: [31 (39), 9 (9), 38 (23), 0 (59), 36 (83), 11 (97)]";921;"Maquina 2: [7 (18), 10 (10), 35 (38), 23 (70), 2 (86)]";773;"Maquina 3: [15 (13), 18 (1), 16 (37), 17 (63), 19 (45), 13 (88)]";846;"Maquina 4: [33 (31), 6 (16), 12 (56), 1 (86), 37 (72)]";772;"Maquina 5: [30 (16), 3 (24), 4 (66), 29 (84)]";634;"Maquina 6: [8 (36), 21 (17), 20 (78), 28 (76)]";541;"Maquina 7: [34 (40), 24 (17), 22 (34), 27 (70), 5 (87)]";735;"Maquina 8: [26 (36), 32 (17), 14 (64), 25 (67), 39 (93)]";957
GREEDY;40;8;7760;0.0;1;"Maquina 1: [16 (19), 7 (2), 31 (49), 33 (91), 11 (74)]";1013;"Maquina 2: [25 (25), 22 (8), 23 (39), 2 (74), 6 (91)]";984;"Maquina 3: [12 (27), 30 (8), 38 (69), 4 (41), 5 (88)]";968;"Maquina 4: [26 (45), 17 (10), 13 (29), 24 (63), 8 (85)]";815;"Maquina 5: [19 (10), 18 (55), 3 (31), 15 (69), 14 (87)]";806;"Maquina 6: [39 (32), 28 (16), 9 (54), 36 (94), 27 (74)]";1067;"Maquina 7: [29 (16), 21 (56), 35 (96), 34 (33), 37 (79)]";1111;"Maquina 8: [10 (39), 20 (59), 32 (18), 1 (94), 0 (79)]";996
GRASP;40;8;5695;978.0;500;"Maquina 1: [39 (32), 22 (8), 32 (18), 0 (79), 9 (54)]";587;"Maquina 2: [12 (27), 30 (8), 3 (31), 27 (74), 8 (85)]";802;"Maquina 3: [19 (10), 21 (56), 35 (96), 34 (33), 5 (88)]";781;"Maquina 4: [10 (39), 16 (19), 28 (16), 33 (91), 1 (94)]";643;"Maquina 5: [13 (29), 7 (2), 38 (69), 2 (74), 20 (59)]";604;"Maquina 6: [26 (45), 17 (10), 18 (55), 15 (69), 37 (79)]";689;"Maquina 7: [31 (49), 25 (25), 14 (87), 24 (63), 6 (91)]";866;"Maquina 8: [29 (16), 4 (41), 23 (39), 36 (94), 11 (74)]";723
LNS;40;8;7665;16.0;500;"Maquina 1: [16 (19), 7 (2), 31 (49), 33 (91), 11 (74)]";1013;"Maquina 2: [25 (25), 22 (8), 23 (39), 2 (74), 6 (91)]";984;"Maquina 3: [4 (41), 30 (8), 38 (69), 12 (27), 5 (88)]";890;"Maquina 4: [26 (45), 17 (10), 13 (29), 24 (63), 8 (85)]";815;"Maquina 5: [19 (10), 18 (55), 3 (31), 15 (69), 14 (87)]";806;"Maquina 6: [39 (32), 28 (16), 9 (54), 36 (94), 27 (74)]";1067;"Maquina 7: [34 (33), 21 (56), 35 (96), 29 (16), 37 (79)]";1094;"Maquina 8: [10 (39), 20 (59), 32 (18), 1 (94), 0 (79)]";996
TABÚ;40;8;6115;322.0;500;"Maquina 1: [31 (49), 25 (25), 22 (8), 27 (74), 24 (63)]";728;"Maquina 2: [30 (8), 34 (33), 0 (79), 38 (69), 36 (94)]";851;"Maquina 3: [13 (29), 19 (10), 2 (74), 5 (88), 37 (79)]";760;"Maquina 4: [9 (54), 28 (16), 33 (91), 16 (19), 6 (91)]";845;"Maquina 5: [7 (2), 12 (27), 23 (39), 8 (85), 14 (87)]";632;"Maquina 6: [32 (18), 26 (45), 39 (32), 21 (56), 35 (96)]";756;"Maquina 7: [17 (10), 11 (74), 3 (31), 15 (69), 10 (39)]";756;"Maquina 8: [29 (16), 18 (55), 4 (41), 20 (59), 1 (94)]";787
VNS;40;8;5793;8864.0;500;"Maquina 1: [7 (2), 13 (29), 24 (63), 36 (94), 11 (74)]";605;"Maquina 2: [4 (41), 23 (39), 31 (49), 37 (79), 5 (88)]";797;"Maquina 3: [30 (8), 38 (69), 2 (74), 27 (74)]";529;"Maquina 4: [25 (25), 22 (8), 26 (45), 17 (10), 10 (39), 8 (85)]";883;"Maquina 5: [12 (27), 19 (10), 18 (55), 3 (31), 33 (91)]";651;"Maquina 6: [16 (19), 28 (16), 9 (54), 34 (33), 14 (87)]";602;"Maquina 7: [20 (59), 39 (32), 21 (56), 35 (96), 6 (91)]";948;"Maquina 8: [32 (18), 29 (16), 1 (94), 0 (79), 15 (69)]";778
Multiarranque;40;8;6443;964.0;500;"Maquina 1: [34 (33), 17 (10), 11 (74), 10 (39), 35 (96)]";828;"Maquina 2: [26 (45), 25 (25), 7 (2), 27 (74), 33 (91)]";790;"Maquina 3: [30 (8), 39 (32), 31 (49), 2 (74), 21 (56)]";608;"Maquina 4: [22 (8), 28 (16), 9 (54), 37 (79), 18 (55)]";756;"Maquina 5: [23 (39), 36 (94), 32 (18), 24 (63), 6 (91)]";1016;"Maquina 6: [13 (29), 19 (10), 0 (79), 5 (88), 15 (69)]";741;"Maquina 7: [38 (69), 12 (27), 3 (31), 1 (94), 8 (85)]";1023;"Maquina 8: [29 (16), 16 (19), 4 (41), 20 (59), 14 (87)]";681
GREEDY;40;8;5623;0.0;1;"Maquina 1: [19 (2), 23 (25), 29 (73), 5 (54), 24 (41)]";576;"Maquina 2: [8 (3), 16 (44), 21 (28), 0 (64), 32 (85)]";686;"Maquina 3: [1 (4), 27 (28), 33 (44), 38 (67), 20 (92)]";723;"Maquina 4: [15 (4), 34 (41), 6 (29), 30 (84), 22 (55)]";678;"Maquina 5: [35 (9), 28 (29), 25 (48), 17 (36), 2 (80)]";605;"Maquina 6: [7 (10), 37 (44), 4 (30), 11 (58), 39 (90)]";713;"Maquina 7: [3 (35), 10 (25), 26 (45), 36 (72), 9 (98)]";851;"Maquina 8: [18 (25), 14 (46), 13 (72), 31 (35), 12 (97)]";791
GRASP;40;8;4690;876.0;500;"Maquina 1: [1 (4), 10 (25), 17 (36), 11 (58), 12 (97)]";483;"Maquina 2: [8 (3), 27 (28), 21 (28), 13 (72), 2 (80)]";483;"Maquina 3: [15 (4), 19 (2), 33 (44), 22 (55), 25 (48), 39 (90)]";616;"Maquina 4: [35 (9), 6 (29), 29 (73), 16 (44), 32 (85)]";605;"Maquina 5: [23 (25), 4 (30), 3 (35), 0 (64), 37 (44)]";590;"Maquina 6: [7 (10), 5 (54), 36 (72), 38 (67), 30 (84)]";770;"Maquina 7: [28 (29), 18 (25), 14 (46), 26 (45), 20 (92)]";636;"Maquina 8: [24 (41), 31 (35), 34 (41), 9 (98)]";507
LNS;40;8;5623;13.0;500;"Maquina 1: [19 (2), 23 (25), 29 (73), 5 (54), 24 (41)]";576;"Maquina 2: [8 (3), 16 (44), 21 (28), 0 (64), 32 (85)]";686;"Maquina 3: [1 (4), 27 (28), 33 (44), 38 (67), 20 (92)]";723;"Maquina 4: [15 (4), 34 (41), 6 (29), 30 (84), 22 (55)]";678;"Maquina 5: [35 (9), 28 (29), 25 (48), 17 (36), 2 (80)]";605;"Maquina 6: [7 (10), 37 (44), 4 (30), 11 (58), 39 (90)]";713;"Maquina 7: [3 (35), 10 (25), 26 (45), 36 (72), 9 (98)]";851;"Maquina 8: [18 (25), 14 (46), 13 (72), 31 (35), 12 (97)]";791
TABÚ;40;8;4730;268.0;500;"Maquina 1: [15 (4), 3 (35), 25 (48), 37 (44), 30 (84)]";575;"Maquina 2: [1 (4), 17 (36), 33 (44), 36 (72), 38 (67)]";571;"Maquina 3: [19 (2), 34 (41), 23 (25), 6 (29), 11 (58), 12 (97)]";699;"Maquina 4: [10 (25), 7 (10), 5 (54), 26 (45), 9 (98)]";623;"Maquina 5: [35 (9), 21 (28), 4 (30), 13 (72), 2 (80)]";543;"Maquina 6: [18 (25), 14 (46), 28 (29), 20 (92), 39 (90)]";709;"Maquina 7: [8 (3), 27 (28), 31 (35), 16 (44), 32 (85)]";446;"Maquina 8: [22 (55), 24 (41), 0 (64), 29 (73)]";564
VNS;40;8;4732;11522.0;500;"Maquina 1: [10 (25), 22 (55), 21 (28), 9 (98)]";463;"Maquina 2: [7 (10), 8 (3), 5 (54), 24 (41), 0 (64), 30 (84)]";712;"Maquina 3: [1 (4), 6 (29), 27 (28), 31 (35), 33 (44), 38 (67), 39 (90)]";952;"Maquina 4: [19 (2), 18 (25), 37 (44), 26 (45), 36 (72)]";472;"Maquina 5: [35 (9), 28 (29), 25 (48), 29 (73), 20 (92)]";595;"Maquina 6: [4 (30), 23 (25), 34 (41), 11 (58), 12 (97)]";649;"Maquina 7: [3 (35), 17 (36), 16 (44), 2 (80)]";453;"Maquina 8: [15 (4), 14 (46), 13 (72), 32 (85)]";436
Multiarranque;40;8;5059;1713.0;500;"Maquina 1: [19 (2), 18 (25), 5 (54), 24 (41), 30 (84)]";546;"Maquina 2: [8 (3), 27 (28), 31 (35), 14 (46), 36 (72)]";488;"Maquina 3: [1 (4), 16 (44), 21 (28), 13 (72), 12 (97)]";718;"Maquina 4: [35 (9), 37 (44), 4 (30), 22 (55), 2 (80)]";609;"Maquina 5: [15 (4), 6 (29), 0 (64), 29 (73), 20 (92)]";661;"Maquina 6: [3 (35), 25 (48), 10 (25), 38 (67), 9 (98)]";816;"Maquina 7: [7 (10), 28 (29), 34 (41), 11 (58), 32 (85)]";577;"Maquina 8: [23 (25), 17 (36), 33 (44), 26 (45), 39 (90)]";644
GREEDY;40;8;7019;0.0;1;"Maquina 1: [22 (46), 28 (19), 11 (78), 0 (3), 7 (86)]";823;"Maquina 2: [35 (5), 29 (46), 15 (20), 37 (87), 2 (76)]";843;"Maquina 3: [3 (6), 25 (80), 18 (21), 23 (60), 39 (82)]";779;"Maquina 4: [1 (50), 4 (6), 38 (89), 31 (26), 13 (78)]";864;"Maquina 5: [20 (7), 9 (60), 30 (91), 32 (28), 14 (79)]";948;"Maquina 6: [27 (31), 5 (61), 6 (10), 33 (80), 16 (91)]";892;"Maquina 7: [34 (93), 26 (15), 36 (61), 8 (40), 19 (82)]";1098;"Maquina 8: [10 (17), 24 (41), 12 (48), 21 (68), 17 (83)]";772
GRASP;40;8;5739;1277.0;500;"Maquina 1: [27 (31), 11 (78), 32 (28), 1 (50), 25 (80)]";852;"Maquina 2: [20 (7), 7 (86), 29 (46), 23 (60), 19 (82)]";832;"Maquina 3: [4 (6), 3 (6), 38 (89), 13 (78), 30 (91)]";681;"Maquina 4: [35 (5), 28 (19), 21 (68), 39 (82), 14 (79)]";594;"Maquina 5: [18 (21), 9 (60), 22 (46), 8 (40), 2 (76)]";760;"Maquina 6: [10 (17), 24 (41), 31 (26), 34 (93), 17 (83)]";752;"Maquina 7: [26 (15), 0 (3), 33 (80), 12 (48), 36 (61)]";637;"Maquina 8: [6 (10), 15 (20), 37 (87), 5 (61), 16 (91)]";631
LNS;40;8;7019;14.0;500;"Maquina 1: [22 (46), 28 (19), 11 (78), 0 (3), 7 (86)]";823;"Maquina 2: [35 (5), 29 (46), 15 (20), 37 (87), 2 (76)]";843;"Maquina 3: [3 (6), 25 (80), 18 (21), 23 (60), 39 (82)]";779;"Maquina 4: [1 (50), 4 (6), 38 (89), 31 (26), 13 (78)]";864;"Maquina 5: [20 (7), 9 (60), 30 (91), 32 (28), 14 (79)]";948;"Maquina 6: [27 (31), 5 (61), 6 (10), 33 (80), 16 (91)]";892;"Maquina 7: [34 (93), 26 (15), 36 (61), 8 (40), 19 (82)]";1098;"Maquina 8: [10 (17), 24 (41), 12 (48), 21 (68), 17 (83)]";772
TABÚ;40;8;5840;286.0;500;"Maquina 1: [28 (19), 0 (3), 32 (28), 17 (83), 2 (76)]";637;"Maquina 2: [29 (46), 13 (78), 18 (21), 39 (82), 7 (86)]";983;"Maquina 3: [4 (6), 27 (31), 19 (82), 21 (68), 14 (79)]";680;"Maquina 4: [6 (10), 33 (80), 25 (80), 8 (40), 30 (91)]";867;"Maquina 5: [9 (60), 15 (20), 37 (87), 5 (61), 11 (78)]";884;"Maquina 6: [3 (6), 10 (17), 22 (46), 36 (61), 38 (89)]";590;"Maquina 7: [20 (7), 26 (15), 24 (41), 31 (26), 34 (93)]";449;"Maquina 8: [35 (5), 23 (60), 1 (50), 12 (48), 16 (91)]";750
VNS;40;8;5718;10975.0;500;"Maquina 1: [1 (50), 11 (78), 16 (91), 34 (93)]";741;"Maquina 2: [28 (19), 15 (20), 8 (40), 37 (87), 5 (61)]";713;"Maquina 3: [3 (6), 25 (80), 18 (21), 23 (60), 7 (86)]";713;"Maquina 4: [22 (46), 4 (6), 32 (28), 31 (26), 30 (91)]";561;"Maquina 5: [0 (3), 9 (60), 20 (7), 13 (78), 21 (68), 39 (82)]";909;"Maquina 6: [6 (10), 2 (76), 14 (79), 19 (82)]";555;"Maquina 7: [26 (15), 35 (5), 29 (46), 36 (61), 17 (83), 33 (80)]";816;"Maquina 8: [10 (17), 24 (41), 12 (48), 38 (89), 27 (31)]";710
Multiarranque;40;8;6025;1055.0;500;"Maquina 1: [24 (41), 16 (91), 39 (82), 7 (86)]";759;"Maquina 2: [35 (5), 29 (46), 36 (61), 38 (89), 19 (82)]";754;"Maquina 3: [6 (10), 15 (20), 21 (68), 14 (79), 34 (93)]";671;"Maquina 4: [31 (26), 25 (80), 28 (19), 5 (61), 23 (60)]";881;"Maquina 5: [4 (6), 27 (31), 0 (3), 32 (28), 13 (78), 11 (78)]";740;"Maquina 6: [18 (21), 9 (60), 12 (48), 33 (80), 30 (91)]";966;"Maquina 7: [20 (7), 26 (15), 1 (50), 8 (40), 2 (76)]";554;"Maquina 8: [3 (6), 10 (17), 17 (83), 22 (46), 37 (87)]";700
GREEDY;40;8;7684;0.0;1;"Maquina 1: [10 (23), 26 (3), 19 (76), 1 (58), 11 (90)]";1002;"Maquina 2: [21 (23), 8 (5), 35 (58), 15 (91), 5 (71)]";912;"Maquina 3: [31 (24), 29 (70), 22 (5), 0 (85), 13 (41)]";722;"Maquina 4: [12 (75), 6 (7), 18 (43), 4 (32), 32 (98)]";988;"Maquina 5: [7 (34), 39 (10), 17 (42), 14 (84), 23 (68)]";872;"Maquina 6: [27 (99), 2 (37), 20 (12), 33 (54), 38 (79)]";1194;"Maquina 7: [25 (12), 30 (49), 28 (40), 16 (71), 24 (89)]";881;"Maquina 8: [34 (63), 9 (17), 3 (99), 36 (80), 37 (40)]";1113
GRASP;40;8;5976;1086.0;500;"Maquina 1: [26 (3), 8 (5), 5 (71), 38 (79), 16 (71)]";591;"Maquina 2: [18 (43), 7 (34), 4 (32), 28 (40), 29 (70)]";677;"Maquina 3: [22 (5), 6 (7), 37 (40), 12 (75), 23 (68), 19 (76)]";878;"Maquina 4: [13 (41), 20 (12), 21 (23), 9 (17), 32 (98)]";595;"Maquina 5: [25 (12), 17 (42), 0 (85), 15 (91)]";482;"Maquina 6: [39 (10), 2 (37), 1 (58), 24 (89), 11 (90)]";829;"Maquina 7: [31 (24), 10 (23), 14 (84), 30 (49), 27 (99)]";878;"Maquina 8: [33 (54), 35 (58), 34 (63), 3 (99), 36 (80)]";1046
LNS;40;8;7684;16.0;500;"Maquina 1: [10 (23), 26 (3), 19 (76), 1 (58), 11 (90)]";1002;"Maquina 2: [21 (23), 8 (5), 35 (58), 15 (91), 5 (71)]";912;"Maquina 3: [31 (24), 29 (70), 22 (5), 0 (85), 13 (41)]";722;"Maquina 4: [12 (75), 6 (7), 18 (43), 4 (32), 32 (98)]";988;"Maquina 5: [7 (34), 39 (10), 17 (42), 14 (84), 23 (68)]";872;"Maquina 6: [27 (99), 2 (37), 20 (12), 33 (54), 38 (79)]";1194;"Maquina 7: [25 (12), 30 (49), 28 (40), 16 (71), 24 (89)]";881;"Maquina 8: [34 (63), 9 (17), 3 (99), 36 (80), 37 (40)]";1113
TABÚ;40;8;6262;292.0;500;"Maquina 1: [18 (43), 26 (3), 34 (63), 31 (24), 12 (75)]";748;"Maquina 2: [2 (37), 1 (58), 15 (91), 21 (23), 0 (85)]";1013;"Maquina 3: [7 (34), 39 (10), 3 (99), 16 (71), 38 (79)]";819;"Maquina 4: [22 (5), 6 (7), 24 (89), 11 (90), 33 (54)]";628;"Maquina 5: [10 (23), 20 (12), 4 (32), 13 (41), 5 (71)]";574;"Maquina 6: [37 (40), 35 (58), 9 (17), 32 (98), 29 (70)]";858;"Maquina 7: [30 (49), 19 (76), 28 (40), 23 (68)]";656;"Maquina 8: [8 (5), 25 (12), 17 (42), 36 (80), 14 (84), 27 (99)]";966
VNS;40;8;6041;9391.0;500;"Maquina 1: [2 (37), 10 (23), 20 (12), 26 (3), 11 (90), 35 (58)]";850;"Maquina 2: [8 (5), 13 (41), 33 (54), 7 (34), 18 (43), 5 (71)]";841;"Maquina 3: [31 (24), 29 (70), 22 (5), 0 (85), 15 (91)]";773;"Maquina 4: [23 (68), 12 (75), 27 (99)]";495;"Maquina 5: [6 (7), 17 (42), 1 (58), 39 (10), 37 (40), 32 (98)]";769;"Maquina 6: [4 (32), 25 (12), 14 (84), 19 (76), 38 (79)]";805;"Maquina 7: [30 (49), 3 (99), 16 (71), 24 (89)]";784;"Maquina 8: [21 (23), 34 (63), 9 (17), 28 (40), 36 (80)]";724
Multiarranque;40;8;6645;904.0;500;"Maquina 1: [10 (23), 28 (40), 9 (17), 32 (98), 33 (54)]";782;"Maquina 2: [22 (5), 1 (58), 25 (12), 6 (7), 24 (89), 19 (76)]";783;"Maquina 3: [2 (37), 20 (12), 13 (41), 14 (84), 27 (99)]";810;"Maquina 4: [30 (49), 3 (99), 4 (32), 39 (10), 15 (91)]";1033;"Maquina 5: [26 (3), 16 (71), 7 (34), 12 (75), 38 (79)]";787;"Maquina 6: [17 (42), 31 (24), 29 (70), 35 (58), 23 (68)]";958;"Maquina 7: [21 (23), 34 (63), 8 (5), 0 (85), 11 (90)]";787;"Maquina 8: [18 (43), 37 (40), 5 (71), 36 (80)]";705
GREEDY;40;8;4435;0.0;1;"Maquina 1: [0 (3), 19 (14), 9 (29), 21 (51), 10 (65)]";459;"Maquina 2: [8 (3), 30 (15), 16 (40), 14 (55), 17 (90)]";602;"Maquina 3: [12 (3), 27 (16), 3 (52), 31 (69), 23 (29)]";447;"Maquina 4: [37 (4), 24 (29), 38 (16), 36 (54), 2 (71)]";526;"Maquina 5: [26 (18), 7 (5), 4 (42), 20 (55), 15 (81)]";502;"Maquina 6: [13 (5), 29 (19), 6 (31), 28 (55), 11 (90)]";567;"Maquina 7: [35 (6), 1 (22), 32 (99), 33 (45), 18 (61)]";730;"Maquina 8: [25 (10), 39 (27), 22 (60), 5 (49), 34 (95)]";602
GRASP;40;8;3990;869.0;500;"Maquina 1: [9 (29), 30 (15), 37 (4), 20 (55), 15 (81)]";476;"Maquina 2: [12 (3), 33 (45), 0 (3), 22 (60), 11 (90)]";462;"Maquina 3: [35 (6), 6 (31), 3 (52), 29 (19), 17 (90)]";519;"Maquina 4: [1 (22), 38 (16), 8 (3), 36 (54), 31 (69)]";435;"Maquina 5: [24 (29), 26 (18), 14 (55), 5 (49), 18 (61)]";586;"Maquina 6: [7 (5), 27 (16), 39 (27), 21 (51), 10 (65)]";405;"Maquina 7: [13 (5), 25 (10), 16 (40), 28 (55), 32 (99)]";436;"Maquina 8: [19 (14), 23 (29), 4 (42), 2 (71), 34 (95)]";671
LNS;40;8;4435;13.0;500;"Maquina 1: [0 (3), 19 (14), 9 (29), 21 (51), 10 (65)]";459;"Maquina 2: [8 (3), 30 (15), 16 (40), 14 (55), 17 (90)]";602;"Maquina 3: [12 (3), 27 (16), 3 (52), 31 (69), 23 (29)]";447;"Maquina 4: [37 (4), 24 (29), 38 (16), 36 (54), 2 (71)]";526;"Maquina 5: [26 (18), 7 (5), 4 (42), 20 (55), 15 (81)]";502;"Maquina 6: [13 (5), 29 (19), 6 (31), 28 (55), 11 (90)]";567;"Maquina 7: [35 (6), 1 (22), 32 (99), 33 (45), 18 (61)]";730;"Maquina 8: [25 (10), 39 (27), 22 (60), 5 (49), 34 (95)]";602
TABÚ;40;8;3999;265.0;500;"Maquina 1: [8 (3), 13 (5), 30 (15), 18 (61), 21 (51)]";326;"Maquina 2: [0 (3), 38 (16), 23 (29), 20 (55), 15 (81)]";474;"Maquina 3: [26 (18), 12 (3), 16 (40), 4 (42), 2 (71), 34 (95)]";710;"Maquina 4: [37 (4), 1 (22), 29 (19), 33 (45), 28 (55)]";388;"Maquina 5: [27 (16), 3 (52), 35 (6), 31 (69), 17 (90)]";617;"Maquina 6: [25 (10), 22 (60), 5 (49), 11 (90)]";432;"Maquina 7: [39 (27), 19 (14), 9 (29), 14 (55), 36 (54)]";486;"Maquina 8: [24 (29), 7 (5), 6 (31), 10 (65), 32 (99)]";566
VNS;40;8;3924;10980.0;500;"Maquina 1: [0 (3), 19 (14), 1 (22), 38 (16), 34 (95), 32 (99)]";573;"Maquina 2: [13 (5), 25 (10), 16 (40), 28 (55), 17 (90)]";425;"Maquina 3: [12 (3), 7 (5), 27 (16), 3 (52), 31 (69), 10 (65)]";551;"Maquina 4: [37 (4), 36 (54), 21 (51), 11 (90)]";404;"Maquina 5: [26 (18), 4 (42), 2 (71), 22 (60)]";471;"Maquina 6: [23 (29), 29 (19), 18 (61), 24 (29), 20 (55)]";637;"Maquina 7: [8 (3), 35 (6), 6 (31), 14 (55), 33 (45)]";331;"Maquina 8: [30 (15), 39 (27), 9 (29), 5 (49), 15 (81)]";532
Multiarranque;40;8;4207;1000.0;500;"Maquina 1: [25 (10), 0 (3), 23 (29), 21 (51), 31 (69)]";426;"Maquina 2: [12 (3), 27 (16), 28 (55), 33 (45), 34 (95)]";480;"Maquina 3: [8 (3), 30 (15), 3 (52), 9 (29), 2 (71)]";487;"Maquina 4: [26 (18), 7 (5), 6 (31), 14 (55), 15 (81)]";449;"Maquina 5: [13 (5), 29 (19), 20 (55), 16 (40), 17 (90)]";607;"Maquina 6: [37 (4), 24 (29), 38 (16), 36 (54), 11 (90)]";499;"Maquina 7: [35 (6), 22 (60), 1 (22), 4 (42), 18 (61)]";570;"Maquina 8: [39 (27), 19 (14), 32 (99), 5 (49), 10 (65)]";689
GREEDY;40;8;5763;0.0;1;"Maquina 1: [14 (19), 2 (2), 37 (69), 21 (40), 11 (80)]";734;"Maquina 2: [35 (20), 23 (3), 8 (63), 13 (48), 12 (94)]";840;"Maquina 3: [24 (3), 31 (31), 32 (22), 29 (75), 0 (58)]";620;"Maquina 4: [15 (25), 38 (3), 18 (35), 7 (58), 26 (86)]";705;"Maquina 5: [28 (5), 30 (25), 10 (35), 16 (55), 27 (73)]";562;"Maquina 6: [4 (6), 6 (27), 22 (38), 33 (56), 20 (84)]";667;"Maquina 7: [36 (46), 39 (13), 19 (29), 17 (91), 3 (63)]";777;"Maquina 8: [25 (14), 9 (31), 34 (49), 5 (97), 1 (67)]";858
GRASP;40;8;4514;992.0;500;"Maquina 1: [4 (6), 18 (35), 22 (38), 37 (69), 1 (67)]";574;"Maquina 2: [39 (13), 38 (3), 36 (46), 29 (75), 11 (80)]";536;"Maquina 3: [35 (20), 28 (5), 15 (25), 0 (58), 5 (97)]";519;"Maquina 4: [2 (2), 9 (31), 13 (48), 30 (25), 26 (86)]";513;"Maquina 5: [10 (35), 34 (49), 23 (3), 33 (56), 20 (84)]";675;"Maquina 6: [24 (3), 32 (22), 3 (63), 16 (55), 27 (73)]";536;"Maquina 7: [6 (27), 14 (19), 31 (31), 21 (40), 17 (91)]";526;"Maquina 8: [25 (14), 19 (29), 7 (58), 8 (63), 12 (94)]";635
LNS;40;8;5760;13.0;500;"Maquina 1: [14 (19), 2 (2), 37 (69), 21 (40), 11 (80)]";734;"Maquina 2: [35 (20), 23 (3), 13 (48), 8 (63), 12 (94)]";837;"Maquina 3: [24 (3), 31 (31), 32 (22), 29 (75), 0 (58)]";620;"Maquina 4: [15 (25), 38 (3), 18 (35), 7 (58), 26 (86)]";705;"Maquina 5: [28 (5), 30 (25), 10 (35), 16 (55), 27 (73)]";562;"Maquina 6: [4 (6), 6 (27), 22 (38), 33 (56), 20 (84)]";667;"Maquina 7: [36 (46), 39 (13), 19 (29), 17 (91), 3 (63)]";777;"Maquina 8: [25 (14), 9 (31), 34 (49), 5 (97), 1 (67)]";858
TABÚ;40;8;4821;288.0;500;"Maquina 1: [24 (3), 16 (55), 1 (67), 0 (58), 5 (97)]";713;"Maquina 2: [14 (19), 2 (2), 31 (31), 8 (63), 29 (75)]";624;"Maquina 3: [28 (5), 30 (25), 10 (35), 21 (40), 27 (73)]";511;"Maquina 4: [38 (3), 9 (31), 7 (58), 6 (27), 12 (94)]";619;"Maquina 5: [4 (6), 36 (46), 35 (20), 18 (35), 11 (80)]";520;"Maquina 6: [15 (25), 23 (3), 34 (49), 33 (56), 20 (84)]";579;"Maquina 7: [39 (13), 32 (22), 3 (63), 26 (86), 13 (48)]";649;"Maquina 8: [19 (29), 25 (14), 22 (38), 37 (69), 17 (91)]";606
VNS;40;8;4650;10110.0;500;"Maquina 1: [19 (29), 2 (2), 35 (20), 1 (67), 0 (58), 5 (97)]";752;"Maquina 2: [23 (3), 34 (49), 24 (3), 33 (56), 37 (69)]";521;"Maquina 3: [9 (31), 31 (31), 32 (22), 20 (84), 10 (35)]";608;"Maquina 4: [15 (25), 38 (3), 6 (27), 7 (58), 26 (86)]";508;"Maquina 5: [28 (5), 30 (25), 3 (63), 16 (55), 12 (94)]";557;"Maquina 6: [18 (35), 22 (38), 14 (19), 27 (73)]";457;"Maquina 7: [4 (6), 36 (46), 39 (13), 13 (48), 17 (91)]";516;"Maquina 8: [21 (40), 25 (14), 8 (63), 29 (75), 11 (80)]";731
Multiarranque;40;8;5241;933.0;500;"Maquina 1: [35 (20), 28 (5), 30 (25), 3 (63), 10 (35), 16 (55)]";644;"Maquina 2: [14 (19), 20 (84), 0 (58), 18 (35)]";562;"Maquina 3: [23 (3), 34 (49), 21 (40), 22 (38), 27 (73)]";560;"Maquina 4: [24 (3), 7 (58), 26 (86), 5 (97)]";636;"Maquina 5: [39 (13), 25 (14), 4 (6), 36 (46), 29 (75), 13 (48)]";728;"Maquina 6: [32 (22), 37 (69), 1 (67), 17 (91)]";671;"Maquina 7: [38 (3), 6 (27), 19 (29), 12 (94), 9 (31), 33 (56)]";835;"Maquina 8: [15 (25), 2 (2), 31 (31), 8 (63), 11 (80)]";605
GREEDY;40;8;7816;0.0;1;"Maquina 1: [24 (3), 38 (31), 18 (22), 10 (71), 28 (58)]";792;"Maquina 2: [3 (5), 34 (89), 19 (37), 7 (24), 20 (67)]";1011;"Maquina 3: [16 (11), 12 (34), 35 (25), 4 (56), 14 (71), 15 (94)]";1190;"Maquina 4: [32 (11), 2 (72), 1 (48), 13 (26)]";789;"Maquina 5: [22 (26), 27 (59), 17 (19), 31 (64), 39 (73)]";910;"Maquina 6: [6 (20), 8 (50), 29 (26), 37 (66), 9 (80)]";1016;"Maquina 7: [21 (21), 11 (44), 26 (92), 0 (27), 33 (69)]";1211;"Maquina 8: [30 (27), 5 (22), 36 (43), 23 (72), 25 (63)]";897
GRASP;40;8;5441;866.0;500;"Maquina 1: [5 (22), 36 (43), 9 (80), 33 (69), 34 (89)]";821;"Maquina 2: [32 (11), 8 (50), 22 (26), 27 (59), 25 (63)]";549;"Maquina 3: [18 (22), 16 (11), 12 (34), 11 (44), 28 (58), 23 (72)]";786;"Maquina 4: [1 (48), 0 (27), 10 (71), 37 (66), 31 (64)]";849;"Maquina 5: [24 (3), 35 (25), 20 (67), 19 (37), 39 (73)]";593;"Maquina 6: [13 (26), 21 (21), 3 (5), 26 (92), 15 (94)]";708;"Maquina 7: [6 (20), 38 (31), 17 (19), 14 (71)]";443;"Maquina 8: [4 (56), 7 (24), 30 (27), 29 (26), 2 (72)]";692
LNS;40;8;7762;14.0;500;"Maquina 1: [24 (3), 38 (31), 18 (22), 10 (71), 28 (58)]";792;"Maquina 2: [3 (5), 34 (89), 19 (37), 7 (24), 20 (67)]";1011;"Maquina 3: [16 (11), 12 (34), 35 (25), 4 (56), 14 (71), 15 (94)]";1190;"Maquina 4: [32 (11), 2 (72), 1 (48), 13 (26)]";789;"Maquina 5: [22 (26), 27 (59), 17 (19), 31 (64), 39 (73)]";910;"Maquina 6: [29 (26), 8 (50), 6 (20), 37 (66), 9 (80)]";962;"Maquina 7: [21 (21), 11 (44), 26 (92), 0 (27), 33 (69)]";1211;"Maquina 8: [30 (27), 5 (22), 36 (43), 23 (72), 25 (63)]";897
TABÚ;40;8;5444;287.0;500;"Maquina 1: [4 (56), 24 (3), 38 (31), 39 (73), 27 (59)]";762;"Maquina 2: [5 (22), 16 (11), 33 (69), 28 (58), 34 (89)]";815;"Maquina 3: [21 (21), 13 (26), 11 (44), 31 (64), 2 (72)]";647;"Maquina 4: [6 (20), 12 (34), 25 (63), 10 (71), 26 (92)]";846;"Maquina 5: [36 (43), 7 (24), 30 (27), 29 (26), 20 (67)]";636;"Maquina 6: [3 (5), 0 (27), 19 (37), 37 (66), 9 (80)]";573;"Maquina 7: [32 (11), 8 (50), 22 (26), 1 (48), 15 (94)]";575;"Maquina 8: [35 (25), 18 (22), 17 (19), 14 (71), 23 (72)]";590
VNS;40;8;5562;7899.0;500;"Maquina 1: [24 (3), 35 (25), 36 (43), 28 (58), 23 (72), 10 (71)]";889;"Maquina 2: [3 (5), 5 (22), 7 (24), 39 (73), 25 (63)]";679;"Maquina 3: [19 (37), 8 (50), 17 (19), 18 (22), 14 (71)]";618;"Maquina 4: [32 (11), 2 (72), 38 (31), 9 (80), 4 (56)]";872;"Maquina 5: [1 (48), 22 (26), 27 (59), 34 (89)]";562;"Maquina 6: [6 (20), 16 (11), 12 (34), 33 (69), 37 (66)]";590;"Maquina 7: [21 (21), 13 (26), 11 (44), 26 (92), 15 (94)]";736;"Maquina 8: [30 (27), 29 (26), 20 (67), 0 (27), 31 (64)]";616
Multiarranque;40;8;6166;908.0;500;"Maquina 1: [22 (26), 27 (59), 6 (20), 12 (34), 3 (5), 2 (72)]";902;"Maquina 2: [30 (27), 5 (22), 25 (63), 13 (26), 26 (92)]";807;"Maquina 3: [29 (26), 16 (11), 8 (50), 34 (89), 0 (27)]";739;"Maquina 4: [24 (3), 20 (67), 21 (21), 38 (31), 23 (72)]";765;"Maquina 5: [11 (44), 15 (94), 7 (24), 39 (73)]";710;"Maquina 6: [18 (22), 17 (19), 14 (71), 1 (48), 10 (71)]";699;"Maquina 7: [32 (11), 31 (64), 19 (37), 9 (80), 4 (56)]";726;"Maquina 8: [35 (25), 36 (43), 33 (69), 37 (66), 28 (58)]";818
GREEDY;40;8;8309;0.0;1;"Maquina 1: [10 (4), 6 (75), 1 (30), 26 (91), 11 (54)]";890;"Maquina 2: [17 (5), 30 (59), 28 (30), 19 (72), 12 (90)]";963;"Maquina 3: [20 (83), 39 (30), 35 (8), 27 (61), 18 (97)]";1083;"Maquina 4: [38 (12), 13 (35), 16 (61), 7 (77), 24 (92)]";1018;"Maquina 5: [29 (17), 34 (37), 9 (81), 23 (55), 4 (90)]";861;"Maquina 6: [22 (20), 5 (88), 0 (38), 14 (70), 25 (95)]";1025;"Maquina 7: [31 (71), 33 (20), 3 (90), 8 (44), 37 (99)]";1192;"Maquina 8: [2 (49), 15 (25), 32 (68), 21 (97), 36 (83)]";1277
GRASP;40;8;6843;858.0;500;"Maquina 1: [17 (5), 35 (8), 16 (61), 4 (90), 3 (90)]";657;"Maquina 2: [13 (35), 34 (37), 8 (44), 2 (49), 26 (91), 25 (95)]";1144;"Maquina 3: [28 (30), 31 (71), 10 (4), 5 (88), 14 (70)]";795;"Maquina 4: [0 (38), 33 (20), 27 (61), 24 (92), 18 (97)]";905;"Maquina 5: [19 (72), 38 (12), 9 (81), 21 (97)]";661;"Maquina 6: [29 (17), 22 (20), 20 (83), 36 (83), 7 (77)]";875;"Maquina 7: [15 (25), 30 (59), 39 (30), 6 (75), 32 (68)]";814;"Maquina 8: [11 (54), 1 (30), 23 (55), 37 (99), 12 (90)]";992
LNS;40;8;8309;14.0;500;"Maquina 1: [10 (4), 6 (75), 1 (30), 26 (91), 11 (54)]";890;"Maquina 2: [17 (5), 30 (59), 28 (30), 19 (72), 12 (90)]";963;"Maquina 3: [20 (83), 39 (30), 35 (8), 27 (61), 18 (97)]";1083;"Maquina 4: [38 (12), 13 (35), 16 (61), 7 (77), 24 (92)]";1018;"Maquina 5: [29 (17), 34 (37), 9 (81), 23 (55), 4 (90)]";861;"Maquina 6: [22 (20), 5 (88), 0 (38), 14 (70), 25 (95)]";1025;"Maquina 7: [31 (71), 33 (20), 3 (90), 8 (44), 37 (99)]";1192;"Maquina 8: [2 (49), 15 (25), 32 (68), 21 (97), 36 (83)]";1277
TABÚ;40;8;6773;277.0;500;"Maquina 1: [10 (4), 29 (17), 2 (49), 16 (61), 12 (90)]";610;"Maquina 2: [38 (12), 39 (30), 22 (20), 6 (75), 4 (90), 26 (91)]";944;"Maquina 3: [13 (35), 11 (54), 27 (61), 3 (90), 21 (97)]";1002;"Maquina 4: [30 (59), 9 (81), 7 (77), 14 (70), 25 (95)]";1262;"Maquina 5: [0 (38), 36 (83), 33 (20), 37 (99), 18 (97)]";949;"Maquina 6: [15 (25), 31 (71), 5 (88), 34 (37), 19 (72)]";899;"Maquina 7: [28 (30), 1 (30), 23 (55), 24 (92)]";552;"Maquina 8: [17 (5), 35 (8), 32 (68), 8 (44), 20 (83)]";555
VNS;40;8;6583;8241.0;500;"Maquina 1: [10 (4), 1 (30), 28 (30), 5 (88), 37 (99), 21 (97)]";1027;"Maquina 2: [17 (5), 35 (8), 15 (25), 31 (71), 20 (83)]";516;"Maquina 3: [34 (37), 8 (44), 30 (59), 19 (72), 18 (97)]";907;"Maquina 4: [38 (12), 39 (30), 13 (35), 16 (61), 4 (90), 26 (91)]";858;"Maquina 5: [29 (17), 2 (49), 9 (81), 7 (77), 12 (90)]";872;"Maquina 6: [22 (20), 27 (61), 24 (92), 23 (55), 3 (90)]";932;"Maquina 7: [14 (70), 36 (83), 33 (20), 0 (38), 6 (75)]";989;"Maquina 8: [11 (54), 25 (95), 32 (68)]";482
Multiarranque;40;8;7128;910.0;500;"Maquina 1: [10 (4), 1 (30), 25 (95), 13 (35), 20 (83)]";821;"Maquina 2: [38 (12), 8 (44), 32 (68), 31 (71), 11 (54)]";768;"Maquina 3: [35 (8), 23 (55), 0 (38), 21 (97), 7 (77)]";901;"Maquina 4: [22 (20), 39 (30), 6 (75), 4 (90), 14 (70)]";864;"Maquina 5: [17 (5), 16 (61), 28 (30), 5 (88), 24 (92)]";765;"Maquina 6: [15 (25), 30 (59), 26 (91), 9 (81), 18 (97)]";1029;"Maquina 7: [29 (17), 34 (37), 36 (83), 27 (61), 3 (90)]";946;"Maquina 8: [2 (49), 33 (20), 37 (99), 12 (90), 19 (72)]";1034
GREEDY;40;8;7685;0.0;1;"Maquina 1: [15 (47), 29 (25), 38 (5), 2 (68), 35 (86)]";889;"Maquina 2: [37 (13), 26 (31), 20 (44), 33 (59), 39 (90)]";981;"Maquina 3: [22 (17), 12 (46), 0 (70), 19 (96), 5 (33)]";1043;"Maquina 4: [21 (48), 28 (34), 25 (17), 23 (62), 16 (82)]";893;"Maquina 5: [18 (18), 24 (55), 13 (50), 32 (34), 1 (82)]";758;"Maquina 6: [9 (22), 11 (41), 27 (70), 7 (93), 34 (46)]";942;"Maquina 7: [4 (23), 10 (76), 36 (43), 6 (55), 14 (98)]";1204;"Maquina 8: [8 (51), 17 (25), 30 (70), 3 (44), 31 (94)]";975
GRASP;40;8;6113;873.0;500;"Maquina 1: [28 (34), 37 (13), 15 (47), 35 (86), 10 (76)]";720;"Maquina 2: [5 (33), 38 (5), 13 (50), 14 (98), 30 (70)]";753;"Maquina 3: [18 (18), 24 (55), 29 (25), 25 (17), 39 (90)]";575;"Maquina 4: [22 (17), 19 (96), 8 (51), 33 (59), 6 (55)]";907;"Maquina 5: [4 (23), 1 (82), 2 (68), 34 (46), 16 (82)]";889;"Maquina 6: [9 (22), 12 (46), 21 (48), 27 (70), 7 (93)]";752;"Maquina 7: [17 (25), 11 (41), 0 (70), 32 (34), 31 (94)]";743;"Maquina 8: [20 (44), 3 (44), 26 (31), 23 (62), 36 (43)]";774
LNS;40;8;7548;14.0;500;"Maquina 1: [15 (47), 29 (25), 38 (5), 2 (68), 35 (86)]";889;"Maquina 2: [26 (31), 37 (13), 20 (44), 33 (59), 39 (90)]";915;"Maquina 3: [22 (17), 12 (46), 0 (70), 19 (96), 5 (33)]";1043;"Maquina 4: [21 (48), 28 (34), 25 (17), 23 (62), 16 (82)]";893;"Maquina 5: [18 (18), 24 (55), 13 (50), 32 (34), 1 (82)]";758;"Maquina 6: [9 (22), 27 (70), 11 (41), 7 (93), 34 (46)]";939;"Maquina 7: [10 (76), 6 (55), 36 (43), 4 (23), 14 (98)]";1136;"Maquina 8: [8 (51), 17 (25), 30 (70), 3 (44), 31 (94)]";975
TABÚ;40;8;6121;274.0;500;"Maquina 1: [5 (33), 29 (25), 8 (51), 33 (59), 36 (43)]";712;"Maquina 2: [37 (13), 26 (31), 2 (68), 34 (46), 14 (98)]";798;"Maquina 3: [28 (34), 18 (18), 23 (62), 15 (47), 16 (82), 0 (70)]";1065;"Maquina 4: [21 (48), 12 (46), 24 (55), 30 (70), 35 (86)]";889;"Maquina 5: [13 (50), 20 (44), 3 (44), 1 (82), 32 (34)]";829;"Maquina 6: [17 (25), 11 (41), 4 (23), 22 (17), 31 (94)]";627;"Maquina 7: [25 (17), 9 (22), 27 (70), 7 (93), 39 (90)]";704;"Maquina 8: [38 (5), 10 (76), 6 (55), 19 (96)]";497
VNS;40;8;5893;7582.0;500;"Maquina 1: [15 (47), 29 (25), 8 (51), 2 (68), 7 (93)]";923;"Maquina 2: [37 (13), 12 (46), 21 (48), 27 (70), 1 (82)]";709;"Maquina 3: [4 (23), 17 (25), 25 (17), 36 (43), 23 (62)]";528;"Maquina 4: [26 (31), 28 (34), 22 (17), 34 (46), 19 (96)]";620;"Maquina 5: [18 (18), 24 (55), 13 (50), 30 (70), 14 (98)]";781;"Maquina 6: [9 (22), 11 (41), 0 (70), 32 (34), 31 (94)]";724;"Maquina 7: [38 (5), 10 (76), 33 (59), 6 (55), 16 (82)]";772;"Maquina 8: [5 (33), 20 (44), 3 (44), 39 (90), 35 (86)]";836
Multiarranque;40;8;6437;930.0;500;"Maquina 1: [6 (55), 20 (44), 2 (68), 7 (93), 13 (50)]";963;"Maquina 2: [22 (17), 37 (13), 32 (34), 14 (98), 30 (70)]";743;"Maquina 3: [17 (25), 11 (41), 26 (31), 35 (86), 8 (51)]";763;"Maquina 4: [4 (23), 38 (5), 27 (70), 3 (44), 1 (82), 10 (76)]";1077;"Maquina 5: [21 (48), 12 (46), 25 (17), 9 (22), 19 (96)]";780;"Maquina 6: [28 (34), 18 (18), 24 (55), 34 (46), 39 (90)]";648;"Maquina 7: [5 (33), 29 (25), 23 (62), 15 (47), 16 (82)]";765;"Maquina 8: [33 (59), 36 (43), 0 (70), 31 (94)]";698
