GREEDY;40;4;7675;5.0;1;"Maquina 1: [7 (5), 27 (16), 0 (3), 23 (29), 21 (51), 26 (18), 16 (40), 10 (65), 20 (55), 11 (90)]";1715;"Maquina 2: [8 (3), 19 (14), 1 (22), 13 (5), 24 (29), 22 (60), 36 (54), 33 (45), 2 (71), 34 (95)]";1917;"Maquina 3: [35 (6), 12 (3), 30 (15), 3 (52), 9 (29), 29 (19), 17 (90), 28 (55), 4 (42), 31 (69)]";1839;"Maquina 4: [25 (10), 37 (4), 38 (16), 6 (31), 5 (49), 39 (27), 14 (55), 15 (81), 18 (61), 32 (99)]";2204
GRASP;40;4;7226;1147.0;500;"Maquina 1: [0 (3), 19 (14), 1 (22), 38 (16), 39 (27), 16 (40), 4 (42), 22 (60), 3 (52), 11 (90)]";1575;"Maquina 2: [37 (4), 12 (3), 29 (19), 27 (16), 33 (45), 9 (29), 36 (54), 21 (51), 10 (65), 32 (99)]";1829;"Maquina 3: [8 (3), 13 (5), 30 (15), 25 (10), 14 (55), 23 (29), 28 (55), 15 (81), 20 (55), 34 (95)]";1844;"Maquina 4: [24 (29), 26 (18), 35 (6), 6 (31), 7 (5), 5 (49), 31 (69), 17 (90), 18 (61), 2 (71)]";1978
LNS;40;4;7675;74.0;500;"Maquina 1: [7 (5), 27 (16), 0 (3), 23 (29), 21 (51), 26 (18), 16 (40), 10 (65), 20 (55), 11 (90)]";1715;"Maquina 2: [8 (3), 19 (14), 1 (22), 13 (5), 24 (29), 22 (60), 36 (54), 33 (45), 2 (71), 34 (95)]";1917;"Maquina 3: [35 (6), 12 (3), 30 (15), 3 (52), 9 (29), 29 (19), 17 (90), 28 (55), 4 (42), 31 (69)]";1839;"Maquina 4: [25 (10), 37 (4), 38 (16), 6 (31), 5 (49), 39 (27), 14 (55), 15 (81), 18 (61), 32 (99)]";2204
TABÚ;40;4;7410;356.0;500;"Maquina 1: [8 (3), 35 (6), 1 (22), 3 (52), 30 (15), 24 (29), 10 (65), 33 (45), 17 (90), 11 (90)]";1975;"Maquina 2: [29 (19), 37 (4), 38 (16), 7 (5), 23 (29), 22 (60), 5 (49), 31 (69), 34 (95)]";1508;"Maquina 3: [25 (10), 6 (31), 19 (14), 9 (29), 26 (18), 14 (55), 36 (54), 21 (51), 32 (99), 15 (81)]";2076;"Maquina 4: [0 (3), 13 (5), 12 (3), 27 (16), 39 (27), 16 (40), 28 (55), 4 (42), 20 (55), 18 (61), 2 (71)]";1851
VNS;40;4;7045;13858.0;500;"Maquina 1: [38 (16), 7 (5), 27 (16), 0 (3), 23 (29), 21 (51), 26 (18), 36 (54), 31 (69), 11 (90)]";1518;"Maquina 2: [19 (14), 1 (22), 37 (4), 24 (29), 20 (55), 16 (40), 4 (42), 2 (71), 33 (45), 10 (65)]";1941;"Maquina 3: [8 (3), 35 (6), 12 (3), 30 (15), 3 (52), 29 (19), 22 (60), 28 (55), 18 (61), 17 (90), 32 (99)]";2098;"Maquina 4: [13 (5), 25 (10), 6 (31), 5 (49), 39 (27), 9 (29), 14 (55), 15 (81), 34 (95)]";1488
Multiarranque;40;4;7249;1759.0;500;"Maquina 1: [0 (3), 19 (14), 13 (5), 29 (19), 27 (16), 3 (52), 14 (55), 4 (42), 22 (60), 32 (99)]";1642;"Maquina 2: [26 (18), 35 (6), 8 (3), 30 (15), 16 (40), 28 (55), 5 (49), 18 (61), 2 (71), 11 (90)]";1952;"Maquina 3: [12 (3), 1 (22), 38 (16), 39 (27), 9 (29), 36 (54), 33 (45), 20 (55), 10 (65), 17 (90)]";1867;"Maquina 4: [24 (29), 37 (4), 7 (5), 25 (10), 6 (31), 31 (69), 23 (29), 21 (51), 15 (81), 34 (95)]";1788
GREEDY;40;4;9548;0.0;1;"Maquina 1: [19 (2), 4 (30), 35 (9), 6 (29), 5 (54), 24 (41), 37 (44), 2 (80), 38 (67), 20 (92)]";2350;"Maquina 2: [7 (10), 8 (3), 28 (29), 23 (25), 17 (36), 33 (44), 25 (48), 29 (73), 0 (64), 32 (85), 9 (98)]";2649;"Maquina 3: [1 (4), 10 (25), 16 (44), 3 (35), 21 (28), 11 (58), 26 (45), 36 (72), 39 (90)]";2040;"Maquina 4: [15 (4), 34 (41), 27 (28), 18 (25), 14 (46), 13 (72), 31 (35), 22 (55), 12 (97), 30 (84)]";2509
GRASP;40;4;8744;797.0;500;"Maquina 1: [1 (4), 10 (25), 7 (10), 28 (29), 18 (25), 14 (46), 11 (58), 32 (85), 0 (64), 29 (73)]";2004;"Maquina 2: [15 (4), 19 (2), 34 (41), 4 (30), 17 (36), 16 (44), 23 (25), 25 (48), 30 (84), 9 (98), 20 (92)]";2432;"Maquina 3: [37 (44), 8 (3), 24 (41), 3 (35), 22 (55), 21 (28), 13 (72), 38 (67), 39 (90), 12 (97)]";2626;"Maquina 4: [35 (9), 6 (29), 27 (28), 31 (35), 33 (44), 26 (45), 36 (72), 5 (54), 2 (80)]";1682
LNS;40;4;9548;53.0;500;"Maquina 1: [19 (2), 4 (30), 35 (9), 6 (29), 5 (54), 24 (41), 37 (44), 2 (80), 38 (67), 20 (92)]";2350;"Maquina 2: [7 (10), 8 (3), 28 (29), 23 (25), 17 (36), 33 (44), 25 (48), 29 (73), 0 (64), 32 (85), 9 (98)]";2649;"Maquina 3: [1 (4), 10 (25), 16 (44), 3 (35), 21 (28), 11 (58), 26 (45), 36 (72), 39 (90)]";2040;"Maquina 4: [15 (4), 34 (41), 27 (28), 18 (25), 14 (46), 13 (72), 31 (35), 22 (55), 12 (97), 30 (84)]";2509
TABÚ;40;4;8625;308.0;500;"Maquina 1: [6 (29), 1 (4), 10 (25), 17 (36), 16 (44), 27 (28), 36 (72), 11 (58), 25 (48), 39 (90)]";1994;"Maquina 2: [18 (25), 19 (2), 34 (41), 29 (73), 3 (35), 37 (44), 5 (54), 24 (41), 30 (84), 9 (98)]";2331;"Maquina 3: [31 (35), 35 (9), 23 (25), 4 (30), 38 (67), 22 (55), 28 (29), 0 (64), 32 (85), 12 (97)]";2426;"Maquina 4: [7 (10), 8 (3), 15 (4), 21 (28), 14 (46), 26 (45), 33 (44), 13 (72), 2 (80), 20 (92)]";1874
VNS;40;4;8849;11570.0;500;"Maquina 1: [19 (2), 3 (35), 4 (30), 6 (29), 5 (54), 24 (41), 14 (46), 39 (90), 32 (85)]";1862;"Maquina 2: [7 (10), 8 (3), 27 (28), 28 (29), 35 (9), 21 (28), 17 (36), 33 (44), 34 (41), 29 (73), 13 (72), 2 (80)]";2467;"Maquina 3: [1 (4), 10 (25), 16 (44), 23 (25), 11 (58), 26 (45), 36 (72), 38 (67), 12 (97), 30 (84)]";2427;"Maquina 4: [15 (4), 25 (48), 18 (25), 37 (44), 0 (64), 31 (35), 20 (92), 22 (55), 9 (98)]";2093
Multiarranque;40;4;8878;785.0;500;"Maquina 1: [8 (3), 1 (4), 10 (25), 7 (10), 5 (54), 24 (41), 3 (35), 17 (36), 11 (58), 9 (98), 30 (84)]";2199;"Maquina 2: [35 (9), 31 (35), 33 (44), 36 (72), 27 (28), 37 (44), 0 (64), 29 (73), 20 (92)]";2070;"Maquina 3: [15 (4), 21 (28), 23 (25), 4 (30), 25 (48), 13 (72), 32 (85), 26 (45), 22 (55), 39 (90)]";2401;"Maquina 4: [6 (29), 19 (2), 18 (25), 14 (46), 16 (44), 34 (41), 28 (29), 38 (67), 12 (97), 2 (80)]";2208
GREEDY;40;4;12835;0.0;1;"Maquina 1: [28 (34), 18 (18), 8 (51), 23 (62), 34 (46), 38 (5), 36 (43), 30 (70), 35 (86), 19 (96)]";3221;"Maquina 2: [37 (13), 26 (31), 9 (22), 7 (93), 32 (34), 20 (44), 21 (48), 1 (82), 0 (70), 24 (55)]";2976;"Maquina 3: [4 (23), 22 (17), 33 (59), 29 (25), 27 (70), 11 (41), 13 (50), 16 (82), 12 (46), 31 (94)]";3182;"Maquina 4: [17 (25), 25 (17), 3 (44), 6 (55), 15 (47), 10 (76), 5 (33), 39 (90), 14 (98), 2 (68)]";3456
GRASP;40;4;11103;667.0;500;"Maquina 1: [22 (17), 3 (44), 2 (68), 29 (25), 21 (48), 12 (46), 31 (94), 7 (93), 10 (76), 36 (43)]";3164;"Maquina 2: [25 (17), 37 (13), 9 (22), 11 (41), 20 (44), 34 (46), 6 (55), 16 (82), 39 (90), 19 (96)]";2525;"Maquina 3: [17 (25), 26 (31), 28 (34), 18 (18), 24 (55), 13 (50), 27 (70), 8 (51), 23 (62), 14 (98)]";2650;"Maquina 4: [15 (47), 4 (23), 38 (5), 30 (70), 5 (33), 32 (34), 0 (70), 33 (59), 1 (82), 35 (86)]";2764
LNS;40;4;12752;41.0;500;"Maquina 1: [28 (34), 18 (18), 8 (51), 23 (62), 34 (46), 36 (43), 38 (5), 30 (70), 35 (86), 19 (96)]";3200;"Maquina 2: [37 (13), 26 (31), 9 (22), 7 (93), 32 (34), 0 (70), 21 (48), 1 (82), 20 (44), 24 (55)]";2914;"Maquina 3: [4 (23), 22 (17), 33 (59), 29 (25), 27 (70), 11 (41), 13 (50), 16 (82), 12 (46), 31 (94)]";3182;"Maquina 4: [17 (25), 25 (17), 3 (44), 6 (55), 15 (47), 10 (76), 5 (33), 39 (90), 14 (98), 2 (68)]";3456
TABÚ;40;4;11960;189.0;500;"Maquina 1: [34 (46), 12 (46), 18 (18), 6 (55), 15 (47), 29 (25), 24 (55), 27 (70), 7 (93), 19 (96)]";3231;"Maquina 2: [38 (5), 13 (50), 25 (17), 4 (23), 16 (82), 5 (33), 21 (48), 11 (41), 0 (70), 31 (94)]";2721;"Maquina 3: [26 (31), 28 (34), 37 (13), 8 (51), 20 (44), 22 (17), 3 (44), 30 (70), 14 (98), 39 (90)]";2633;"Maquina 4: [9 (22), 23 (62), 32 (34), 17 (25), 33 (59), 36 (43), 10 (76), 2 (68), 1 (82), 35 (86)]";3375
VNS;40;4;11198;8433.0;500;"Maquina 1: [28 (34), 18 (18), 27 (70), 8 (51), 20 (44), 34 (46), 38 (5), 30 (70), 3 (44), 1 (82), 35 (86)]";3274;"Maquina 2: [37 (13), 26 (31), 9 (22), 7 (93), 32 (34), 0 (70), 21 (48), 11 (41), 10 (76), 2 (68)]";2757;"Maquina 3: [4 (23), 22 (17), 33 (59), 29 (25), 24 (55), 13 (50), 12 (46), 31 (94), 19 (96), 39 (90)]";2761;"Maquina 4: [17 (25), 25 (17), 36 (43), 6 (55), 15 (47), 23 (62), 5 (33), 14 (98), 16 (82)]";2406
Multiarranque;40;4;11352;812.0;500;"Maquina 1: [4 (23), 22 (17), 26 (31), 28 (34), 32 (34), 0 (70), 19 (96), 8 (51), 23 (62), 39 (90)]";2511;"Maquina 2: [37 (13), 9 (22), 11 (41), 13 (50), 20 (44), 3 (44), 33 (59), 6 (55), 27 (70), 7 (93)]";2885;"Maquina 3: [38 (5), 17 (25), 29 (25), 21 (48), 15 (47), 34 (46), 1 (82), 2 (68), 16 (82), 14 (98)]";3107;"Maquina 4: [18 (18), 24 (55), 30 (70), 5 (33), 25 (17), 36 (43), 12 (46), 31 (94), 35 (86), 10 (76)]";2849
GREEDY;40;4;10904;0.0;1;"Maquina 1: [31 (31), 28 (5), 30 (25), 14 (19), 2 (2), 33 (56), 21 (40), 7 (58), 29 (75), 12 (94)]";2775;"Maquina 2: [4 (6), 16 (55), 6 (27), 23 (3), 10 (35), 35 (20), 36 (46), 8 (63), 27 (73), 26 (86)]";2567;"Maquina 3: [15 (25), 39 (13), 22 (38), 19 (29), 11 (80), 13 (48), 24 (3), 1 (67), 0 (58), 17 (91)]";2555;"Maquina 4: [34 (49), 38 (3), 9 (31), 32 (22), 3 (63), 25 (14), 37 (69), 5 (97), 18 (35), 20 (84)]";3007
GRASP;40;4;9004;769.0;500;"Maquina 1: [25 (14), 24 (3), 16 (55), 30 (25), 17 (91), 27 (73), 33 (56), 20 (84), 37 (69), 5 (97)]";2839;"Maquina 2: [38 (3), 6 (27), 22 (38), 8 (63), 19 (29), 18 (35), 32 (22), 29 (75), 11 (80)]";1976;"Maquina 3: [35 (20), 28 (5), 15 (25), 2 (2), 9 (31), 13 (48), 23 (3), 10 (35), 1 (67), 3 (63), 26 (86)]";1994;"Maquina 4: [4 (6), 21 (40), 39 (13), 7 (58), 14 (19), 31 (31), 36 (46), 34 (49), 0 (58), 12 (94)]";2195
LNS;40;4;10663;39.0;500;"Maquina 1: [31 (31), 28 (5), 30 (25), 21 (40), 2 (2), 33 (56), 7 (58), 14 (19), 29 (75), 12 (94)]";2549;"Maquina 2: [4 (6), 16 (55), 6 (27), 23 (3), 10 (35), 8 (63), 36 (46), 35 (20), 27 (73), 26 (86)]";2552;"Maquina 3: [15 (25), 39 (13), 22 (38), 19 (29), 11 (80), 13 (48), 24 (3), 1 (67), 0 (58), 17 (91)]";2555;"Maquina 4: [34 (49), 38 (3), 9 (31), 32 (22), 3 (63), 25 (14), 37 (69), 5 (97), 18 (35), 20 (84)]";3007
TABÚ;40;4;8629;208.0;500;"Maquina 1: [19 (29), 4 (6), 24 (3), 30 (25), 1 (67), 0 (58), 5 (97), 26 (86), 18 (35), 17 (91)]";2392;"Maquina 2: [15 (25), 38 (3), 2 (2), 9 (31), 31 (31), 11 (80), 13 (48), 32 (22), 37 (69), 16 (55)]";1933;"Maquina 3: [14 (19), 35 (20), 28 (5), 36 (46), 21 (40), 3 (63), 10 (35), 12 (94), 8 (63), 29 (75)]";2126;"Maquina 4: [39 (13), 25 (14), 23 (3), 34 (49), 7 (58), 6 (27), 22 (38), 27 (73), 33 (56), 20 (84)]";2178
VNS;40;4;8737;6826.0;500;"Maquina 1: [31 (31), 28 (5), 30 (25), 15 (25), 2 (2), 33 (56), 34 (49), 7 (58), 26 (86), 12 (94)]";1963;"Maquina 2: [4 (6), 16 (55), 6 (27), 19 (29), 35 (20), 1 (67), 27 (73), 8 (63), 5 (97)]";2005;"Maquina 3: [14 (19), 39 (13), 25 (14), 23 (3), 11 (80), 13 (48), 0 (58), 20 (84), 17 (91)]";1825;"Maquina 4: [24 (3), 38 (3), 21 (40), 22 (38), 32 (22), 3 (63), 10 (35), 18 (35), 36 (46), 9 (31), 37 (69), 29 (75)]";2944
Multiarranque;40;4;9035;809.0;500;"Maquina 1: [25 (14), 4 (6), 24 (3), 33 (56), 36 (46), 35 (20), 1 (67), 15 (25), 11 (80), 17 (91)]";2045;"Maquina 2: [9 (31), 31 (31), 7 (58), 30 (25), 3 (63), 16 (55), 29 (75), 5 (97), 26 (86)]";2516;"Maquina 3: [19 (29), 14 (19), 39 (13), 38 (3), 6 (27), 23 (3), 10 (35), 34 (49), 21 (40), 13 (48), 0 (58), 12 (94)]";2558;"Maquina 4: [32 (22), 2 (2), 18 (35), 28 (5), 22 (38), 27 (73), 8 (63), 37 (69), 20 (84)]";1916
GREEDY;40;4;10541;0.0;1;"Maquina 1: [31 (5), 19 (31), 7 (17), 10 (27), 15 (49), 37 (51), 17 (62), 24 (69), 14 (88), 25 (74)]";2389;"Maquina 2: [20 (20), 0 (10), 6 (28), 11 (53), 12 (50), 29 (38), 34 (63), 30 (74), 23 (70), 21 (95)]";2630;"Maquina 3: [4 (29), 2 (14), 18 (50), 39 (24), 22 (39), 9 (64), 8 (59), 26 (77), 13 (71), 36 (98)]";2769;"Maquina 4: [35 (25), 5 (61), 38 (16), 16 (29), 27 (50), 32 (65), 33 (46), 1 (74), 3 (75), 28 (99)]";2753
GRASP;40;4;9928;751.0;500;"Maquina 1: [16 (29), 0 (10), 27 (50), 29 (38), 35 (25), 30 (74), 9 (64), 23 (70), 28 (99), 14 (88)]";2502;"Maquina 2: [7 (17), 10 (27), 4 (29), 2 (14), 18 (50), 34 (63), 5 (61), 33 (46), 13 (71), 1 (74)]";2264;"Maquina 3: [39 (24), 6 (28), 38 (16), 19 (31), 37 (51), 17 (62), 24 (69), 36 (98), 21 (95), 32 (65)]";2698;"Maquina 4: [31 (5), 20 (20), 22 (39), 15 (49), 12 (50), 11 (53), 8 (59), 26 (77), 3 (75), 25 (74)]";2464
LNS;40;4;10541;37.0;500;"Maquina 1: [31 (5), 19 (31), 7 (17), 10 (27), 15 (49), 37 (51), 17 (62), 24 (69), 14 (88), 25 (74)]";2389;"Maquina 2: [20 (20), 0 (10), 6 (28), 11 (53), 12 (50), 29 (38), 34 (63), 30 (74), 23 (70), 21 (95)]";2630;"Maquina 3: [4 (29), 2 (14), 18 (50), 39 (24), 22 (39), 9 (64), 8 (59), 26 (77), 13 (71), 36 (98)]";2769;"Maquina 4: [35 (25), 5 (61), 38 (16), 16 (29), 27 (50), 32 (65), 33 (46), 1 (74), 3 (75), 28 (99)]";2753
TABÚ;40;4;10119;188.0;500;"Maquina 1: [38 (16), 2 (14), 0 (10), 35 (25), 22 (39), 18 (50), 34 (63), 11 (53), 17 (62), 24 (69), 21 (95)]";2466;"Maquina 2: [10 (27), 15 (49), 16 (29), 37 (51), 14 (88), 25 (74), 5 (61), 30 (74), 3 (75), 28 (99)]";3262;"Maquina 3: [19 (31), 4 (29), 31 (5), 12 (50), 27 (50), 9 (64), 13 (71), 23 (70), 36 (98)]";2086;"Maquina 4: [20 (20), 7 (17), 29 (38), 8 (59), 39 (24), 6 (28), 33 (46), 1 (74), 32 (65), 26 (77)]";2305
VNS;40;4;9879;11641.0;500;"Maquina 1: [31 (5), 19 (31), 7 (17), 20 (20), 37 (51), 3 (75), 25 (74), 17 (62), 23 (70), 28 (99)]";2339;"Maquina 2: [10 (27), 15 (49), 6 (28), 18 (50), 29 (38), 22 (39), 34 (63), 30 (74), 24 (69), 21 (95)]";2649;"Maquina 3: [39 (24), 38 (16), 2 (14), 0 (10), 12 (50), 9 (64), 11 (53), 8 (59), 26 (77), 13 (71), 36 (98)]";2656;"Maquina 4: [35 (25), 5 (61), 4 (29), 16 (29), 27 (50), 32 (65), 33 (46), 1 (74), 14 (88)]";2235
Multiarranque;40;4;10114;846.0;500;"Maquina 1: [29 (38), 35 (25), 31 (5), 19 (31), 37 (51), 34 (63), 5 (61), 18 (50), 21 (95), 25 (74)]";2488;"Maquina 2: [22 (39), 7 (17), 4 (29), 2 (14), 10 (27), 27 (50), 9 (64), 23 (70), 17 (62), 36 (98)]";2157;"Maquina 3: [16 (29), 0 (10), 38 (16), 32 (65), 1 (74), 11 (53), 8 (59), 15 (49), 26 (77), 30 (74)]";2698;"Maquina 4: [20 (20), 39 (24), 6 (28), 33 (46), 13 (71), 12 (50), 3 (75), 24 (69), 14 (88), 28 (99)]";2771
GREEDY;40;4;9049;1.0;1;"Maquina 1: [26 (2), 9 (12), 34 (32), 25 (19), 28 (25), 8 (51), 31 (86), 10 (36), 29 (66), 6 (94), 30 (99)]";2515;"Maquina 2: [35 (6), 17 (13), 32 (21), 38 (34), 23 (32), 21 (63), 13 (44), 20 (92), 33 (98), 12 (83)]";2313;"Maquina 3: [37 (15), 36 (6), 16 (23), 22 (33), 18 (30), 19 (43), 3 (61), 14 (79), 7 (94), 24 (89)]";2054;"Maquina 4: [11 (7), 2 (34), 4 (19), 5 (29), 15 (43), 1 (58), 27 (74), 0 (97), 39 (91)]";2167
GRASP;40;4;8674;749.0;500;"Maquina 1: [4 (19), 9 (12), 13 (44), 10 (36), 5 (29), 22 (33), 31 (86), 14 (79), 7 (94), 0 (97)]";2322;"Maquina 2: [37 (15), 26 (2), 38 (34), 17 (13), 19 (43), 29 (66), 23 (32), 30 (99), 27 (74), 33 (98)]";2102;"Maquina 3: [36 (6), 34 (32), 25 (19), 1 (58), 2 (34), 18 (30), 21 (63), 12 (83), 20 (92)]";1721;"Maquina 4: [11 (7), 35 (6), 16 (23), 28 (25), 32 (21), 8 (51), 15 (43), 3 (61), 39 (91), 24 (89), 6 (94)]";2529
LNS;40;4;9029;38.0;500;"Maquina 1: [26 (2), 9 (12), 34 (32), 25 (19), 28 (25), 8 (51), 31 (86), 10 (36), 29 (66), 6 (94), 30 (99)]";2515;"Maquina 2: [35 (6), 17 (13), 32 (21), 38 (34), 23 (32), 21 (63), 13 (44), 20 (92), 33 (98), 12 (83)]";2313;"Maquina 3: [37 (15), 36 (6), 16 (23), 22 (33), 18 (30), 19 (43), 3 (61), 14 (79), 7 (94), 24 (89)]";2054;"Maquina 4: [1 (58), 2 (34), 4 (19), 5 (29), 15 (43), 11 (7), 27 (74), 0 (97), 39 (91)]";2147
TABÚ;40;4;8844;230.0;500;"Maquina 1: [4 (19), 9 (12), 28 (25), 8 (51), 15 (43), 29 (66), 1 (58), 38 (34), 39 (91), 24 (89)]";2286;"Maquina 2: [11 (7), 35 (6), 16 (23), 37 (15), 36 (6), 5 (29), 6 (94), 27 (74), 33 (98), 7 (94)]";1719;"Maquina 3: [32 (21), 26 (2), 10 (36), 23 (32), 34 (32), 19 (43), 3 (61), 21 (63), 12 (83), 20 (92)]";2174;"Maquina 4: [22 (33), 17 (13), 2 (34), 18 (30), 13 (44), 25 (19), 31 (86), 14 (79), 30 (99), 0 (97)]";2665
VNS;40;4;8457;14238.0;500;"Maquina 1: [26 (2), 9 (12), 34 (32), 25 (19), 28 (25), 8 (51), 31 (86), 14 (79), 7 (94), 0 (97)]";1962;"Maquina 2: [11 (7), 35 (6), 17 (13), 18 (30), 38 (34), 23 (32), 21 (63), 10 (36), 20 (92), 30 (99)]";1915;"Maquina 3: [37 (15), 36 (6), 16 (23), 5 (29), 22 (33), 19 (43), 3 (61), 12 (83), 33 (98), 6 (94)]";2016;"Maquina 4: [2 (34), 4 (19), 32 (21), 15 (43), 29 (66), 1 (58), 13 (44), 27 (74), 24 (89), 39 (91)]";2564
Multiarranque;40;4;8810;818.0;500;"Maquina 1: [26 (2), 9 (12), 34 (32), 25 (19), 28 (25), 8 (51), 31 (86), 10 (36), 1 (58), 6 (94), 30 (99)]";2469;"Maquina 2: [35 (6), 17 (13), 32 (21), 38 (34), 23 (32), 21 (63), 13 (44), 20 (92), 33 (98), 12 (83)]";2313;"Maquina 3: [37 (15), 36 (6), 16 (23), 22 (33), 18 (30), 19 (43), 3 (61), 14 (79), 7 (94), 24 (89)]";2054;"Maquina 4: [11 (7), 2 (34), 4 (19), 5 (29), 15 (43), 29 (66), 27 (74), 0 (97), 39 (91)]";1974
GREEDY;40;4;8373;0.0;1;"Maquina 1: [10 (13), 12 (5), 9 (2), 0 (34), 4 (23), 13 (52), 27 (74), 22 (98), 1 (66), 5 (85)]";2381;"Maquina 2: [30 (2), 20 (20), 17 (6), 31 (10), 18 (29), 16 (67), 15 (56), 6 (43), 29 (89), 37 (77)]";1790;"Maquina 3: [3 (4), 23 (7), 33 (20), 19 (9), 35 (31), 32 (80), 25 (56), 28 (46), 34 (67), 24 (90)]";1996;"Maquina 4: [7 (4), 2 (27), 38 (18), 8 (8), 14 (67), 11 (48), 21 (76), 26 (33), 36 (82), 39 (96)]";2206
GRASP;40;4;7617;703.0;500;"Maquina 1: [35 (31), 9 (2), 38 (18), 3 (4), 23 (7), 26 (33), 29 (89), 37 (77), 14 (67), 32 (80)]";1772;"Maquina 2: [18 (29), 8 (8), 19 (9), 20 (20), 6 (43), 16 (67), 15 (56), 39 (96), 22 (98)]";1695;"Maquina 3: [12 (5), 17 (6), 31 (10), 13 (52), 0 (34), 4 (23), 1 (66), 25 (56), 24 (90), 5 (85)]";2009;"Maquina 4: [30 (2), 33 (20), 7 (4), 10 (13), 11 (48), 2 (27), 28 (46), 27 (74), 36 (82), 34 (67), 21 (76)]";2141
LNS;40;4;8284;38.0;500;"Maquina 1: [10 (13), 12 (5), 9 (2), 0 (34), 27 (74), 13 (52), 4 (23), 22 (98), 1 (66), 5 (85)]";2361;"Maquina 2: [30 (2), 20 (20), 17 (6), 31 (10), 18 (29), 16 (67), 15 (56), 6 (43), 29 (89), 37 (77)]";1790;"Maquina 3: [3 (4), 23 (7), 33 (20), 19 (9), 35 (31), 34 (67), 28 (46), 25 (56), 32 (80), 24 (90)]";1927;"Maquina 4: [7 (4), 2 (27), 38 (18), 8 (8), 14 (67), 11 (48), 21 (76), 26 (33), 36 (82), 39 (96)]";2206
TABÚ;40;4;7584;198.0;500;"Maquina 1: [17 (6), 9 (2), 7 (4), 26 (33), 25 (56), 11 (48), 21 (76), 4 (23), 13 (52), 24 (90)]";1658;"Maquina 2: [3 (4), 23 (7), 18 (29), 8 (8), 16 (67), 6 (43), 0 (34), 22 (98), 29 (89)]";1511;"Maquina 3: [30 (2), 20 (20), 19 (9), 35 (31), 1 (66), 2 (27), 38 (18), 15 (56), 5 (85), 27 (74), 36 (82)]";2214;"Maquina 4: [12 (5), 10 (13), 33 (20), 37 (77), 28 (46), 31 (10), 14 (67), 32 (80), 34 (67), 39 (96)]";2201
VNS;40;4;7430;9156.0;500;"Maquina 1: [10 (13), 3 (4), 9 (2), 38 (18), 28 (46), 13 (52), 4 (23), 16 (67), 32 (80), 6 (43), 22 (98)]";2063;"Maquina 2: [30 (2), 20 (20), 17 (6), 31 (10), 18 (29), 14 (67), 15 (56), 5 (85), 29 (89), 37 (77)]";1861;"Maquina 3: [12 (5), 23 (7), 33 (20), 19 (9), 35 (31), 34 (67), 26 (33), 25 (56), 24 (90), 39 (96)]";1757;"Maquina 4: [7 (4), 2 (27), 0 (34), 8 (8), 1 (66), 11 (48), 21 (76), 27 (74), 36 (82)]";1749
Multiarranque;40;4;7678;794.0;500;"Maquina 1: [8 (8), 30 (2), 0 (34), 13 (52), 4 (23), 26 (33), 37 (77), 14 (67), 32 (80), 27 (74)]";2049;"Maquina 2: [7 (4), 23 (7), 10 (13), 28 (46), 20 (20), 6 (43), 25 (56), 29 (89), 36 (82), 34 (67)]";1885;"Maquina 3: [12 (5), 17 (6), 9 (2), 38 (18), 3 (4), 35 (31), 31 (10), 11 (48), 16 (67), 15 (56), 24 (90)]";1510;"Maquina 4: [33 (20), 19 (9), 1 (66), 2 (27), 18 (29), 21 (76), 39 (96), 22 (98), 5 (85)]";2234
GREEDY;40;4;12039;1.0;1;"Maquina 1: [18 (1), 6 (16), 32 (17), 22 (34), 35 (38), 25 (67), 38 (23), 0 (59), 39 (93), 28 (76), 1 (86)]";3078;"Maquina 2: [34 (40), 9 (9), 3 (24), 26 (36), 17 (63), 30 (16), 20 (78), 13 (88), 23 (70)]";2779;"Maquina 3: [8 (36), 21 (17), 10 (10), 31 (39), 7 (18), 4 (66), 29 (84), 19 (45), 37 (72), 2 (86), 11 (97)]";3403;"Maquina 4: [33 (31), 24 (17), 16 (37), 12 (56), 27 (70), 15 (13), 14 (64), 5 (87), 36 (83)]";2779
GRASP;40;4;11589;700.0;500;"Maquina 1: [10 (10), 31 (39), 30 (16), 19 (45), 3 (24), 38 (23), 36 (83), 11 (97), 5 (87), 23 (70)]";3046;"Maquina 2: [16 (37), 9 (9), 15 (13), 22 (34), 0 (59), 7 (18), 39 (93), 17 (63), 25 (67), 28 (76)]";2702;"Maquina 3: [8 (36), 21 (17), 13 (88), 18 (1), 6 (16), 34 (40), 14 (64), 20 (78), 29 (84), 2 (86)]";2836;"Maquina 4: [26 (36), 32 (17), 1 (86), 37 (72), 24 (17), 35 (38), 33 (31), 4 (66), 12 (56), 27 (70)]";3005
LNS;40;4;12039;39.0;500;"Maquina 1: [18 (1), 6 (16), 32 (17), 22 (34), 35 (38), 25 (67), 38 (23), 0 (59), 39 (93), 28 (76), 1 (86)]";3078;"Maquina 2: [34 (40), 9 (9), 3 (24), 26 (36), 17 (63), 30 (16), 20 (78), 13 (88), 23 (70)]";2779;"Maquina 3: [8 (36), 21 (17), 10 (10), 31 (39), 7 (18), 4 (66), 29 (84), 19 (45), 37 (72), 2 (86), 11 (97)]";3403;"Maquina 4: [33 (31), 24 (17), 16 (37), 12 (56), 27 (70), 15 (13), 14 (64), 5 (87), 36 (83)]";2779
TABÚ;40;4;11085;216.0;500;"Maquina 1: [30 (16), 19 (45), 3 (24), 24 (17), 22 (34), 25 (67), 39 (93), 4 (66), 17 (63)]";2359;"Maquina 2: [33 (31), 6 (16), 10 (10), 26 (36), 32 (17), 27 (70), 34 (40), 5 (87), 29 (84), 20 (78), 13 (88)]";3433;"Maquina 3: [9 (9), 15 (13), 18 (1), 38 (23), 8 (36), 23 (70), 0 (59), 36 (83), 14 (64), 11 (97)]";2360;"Maquina 4: [21 (17), 35 (38), 16 (37), 31 (39), 7 (18), 28 (76), 12 (56), 37 (72), 2 (86), 1 (86)]";2933
VNS;40;4;10623;12434.0;500;"Maquina 1: [18 (1), 6 (16), 30 (16), 32 (17), 22 (34), 25 (67), 38 (23), 0 (59), 7 (18), 1 (86), 33 (31), 28 (76)]";2755;"Maquina 2: [34 (40), 9 (9), 39 (93), 31 (39), 17 (63), 29 (84), 36 (83), 23 (70)]";2169;"Maquina 3: [8 (36), 21 (17), 10 (10), 26 (36), 4 (66), 35 (38), 19 (45), 37 (72), 2 (86), 11 (97)]";2443;"Maquina 4: [3 (24), 24 (17), 16 (37), 12 (56), 27 (70), 15 (13), 14 (64), 5 (87), 20 (78), 13 (88)]";3256
Multiarranque;40;4;10975;835.0;500;"Maquina 1: [33 (31), 0 (59), 30 (16), 22 (34), 7 (18), 23 (70), 5 (87), 20 (78), 11 (97)]";2563;"Maquina 2: [10 (10), 17 (63), 29 (84), 26 (36), 32 (17), 3 (24), 4 (66), 2 (86), 28 (76), 13 (88)]";3353;"Maquina 3: [15 (13), 18 (1), 6 (16), 12 (56), 8 (36), 21 (17), 35 (38), 19 (45), 39 (93), 31 (39), 36 (83), 1 (86)]";2835;"Maquina 4: [34 (40), 24 (17), 16 (37), 9 (9), 38 (23), 14 (64), 37 (72), 25 (67), 27 (70)]";2224
GREEDY;40;4;13604;0.0;1;"Maquina 1: [19 (10), 7 (2), 18 (55), 4 (41), 16 (19), 39 (32), 15 (69), 1 (94), 14 (87), 27 (74)]";3376;"Maquina 2: [3 (31), 25 (25), 22 (8), 28 (16), 23 (39), 8 (85), 9 (54), 11 (74), 24 (63), 35 (96), 6 (91)]";3701;"Maquina 3: [29 (16), 13 (29), 30 (8), 34 (33), 20 (59), 26 (45), 37 (79), 33 (91), 38 (69)]";2959;"Maquina 4: [17 (10), 32 (18), 12 (27), 31 (49), 2 (74), 0 (79), 10 (39), 21 (56), 36 (94), 5 (88)]";3568
GRASP;40;4;11130;721.0;500;"Maquina 1: [3 (31), 17 (10), 38 (69), 12 (27), 30 (8), 23 (39), 27 (74), 33 (91), 31 (49), 1 (94)]";2810;"Maquina 2: [19 (10), 21 (56), 7 (2), 13 (29), 11 (74), 29 (16), 32 (18), 6 (91), 18 (55), 15 (69), 0 (79)]";2884;"Maquina 3: [10 (39), 16 (19), 25 (25), 22 (8), 35 (96), 34 (33), 14 (87), 24 (63), 37 (79), 5 (88)]";2864;"Maquina 4: [39 (32), 4 (41), 28 (16), 8 (85), 9 (54), 26 (45), 2 (74), 20 (59), 36 (94)]";2572
LNS;40;4;13056;41.0;500;"Maquina 1: [19 (10), 7 (2), 18 (55), 4 (41), 16 (19), 39 (32), 15 (69), 1 (94), 14 (87), 27 (74)]";3376;"Maquina 2: [3 (31), 25 (25), 22 (8), 28 (16), 23 (39), 8 (85), 9 (54), 11 (74), 24 (63), 35 (96), 6 (91)]";3701;"Maquina 3: [29 (16), 13 (29), 20 (59), 34 (33), 30 (8), 26 (45), 37 (79), 33 (91), 38 (69)]";2412;"Maquina 4: [21 (56), 32 (18), 12 (27), 31 (49), 2 (74), 0 (79), 10 (39), 17 (10), 36 (94), 5 (88)]";3567
TABÚ;40;4;11390;203.0;500;"Maquina 1: [29 (16), 30 (8), 23 (39), 34 (33), 31 (49), 25 (25), 2 (74), 5 (88), 27 (74), 6 (91)]";2695;"Maquina 2: [26 (45), 17 (10), 38 (69), 12 (27), 19 (10), 21 (56), 36 (94), 11 (74), 35 (96), 8 (85)]";3156;"Maquina 3: [16 (19), 22 (8), 32 (18), 9 (54), 39 (32), 4 (41), 20 (59), 1 (94), 14 (87), 18 (55)]";2725;"Maquina 4: [3 (31), 7 (2), 13 (29), 24 (63), 28 (16), 0 (79), 33 (91), 15 (69), 10 (39), 37 (79)]";2814
VNS;40;4;11259;7596.0;500;"Maquina 1: [19 (10), 7 (2), 27 (74), 39 (32), 4 (41), 16 (19), 6 (91), 18 (55), 1 (94), 8 (85)]";2859;"Maquina 2: [3 (31), 17 (10), 25 (25), 22 (8), 32 (18), 38 (69), 12 (27), 23 (39), 9 (54), 11 (74), 20 (59), 36 (94)]";3246;"Maquina 3: [13 (29), 24 (63), 34 (33), 30 (8), 26 (45), 15 (69), 37 (79), 33 (91), 10 (39)]";2551;"Maquina 4: [29 (16), 28 (16), 31 (49), 2 (74), 0 (79), 5 (88), 14 (87), 21 (56), 35 (96)]";2603
Multiarranque;40;4;11128;816.0;500;"Maquina 1: [7 (2), 13 (29), 32 (18), 26 (45), 12 (27), 14 (87), 18 (55), 1 (94), 6 (91)]";1972;"Maquina 2: [22 (8), 33 (91), 19 (10), 10 (39), 37 (79), 23 (39), 8 (85), 9 (54), 2 (74), 5 (88)]";3298;"Maquina 3: [30 (8), 34 (33), 31 (49), 3 (31), 29 (16), 16 (19), 38 (69), 27 (74), 24 (63), 15 (69)]";2610;"Maquina 4: [17 (10), 25 (25), 39 (32), 4 (41), 28 (16), 0 (79), 11 (74), 20 (59), 21 (56), 35 (96), 36 (94)]";3248
GREEDY;40;4;12217;1.0;1;"Maquina 1: [24 (3), 35 (25), 18 (22), 17 (19), 36 (43), 8 (50), 34 (89), 30 (27), 20 (67), 14 (71)]";3002;"Maquina 2: [3 (5), 2 (72), 22 (26), 1 (48), 27 (59), 6 (20), 25 (63), 38 (31), 9 (80)]";2773;"Maquina 3: [21 (21), 13 (26), 39 (73), 16 (11), 19 (37), 37 (66), 10 (71), 26 (92), 4 (56), 29 (26)]";3260;"Maquina 4: [5 (22), 7 (24), 0 (27), 32 (11), 15 (94), 12 (34), 11 (44), 31 (64), 33 (69), 28 (58), 23 (72)]";3182
GRASP;40;4;10924;709.0;500;"Maquina 1: [3 (5), 2 (72), 35 (25), 5 (22), 33 (69), 10 (71), 26 (92), 23 (72), 34 (89)]";2730;"Maquina 2: [13 (26), 21 (21), 38 (31), 29 (26), 16 (11), 19 (37), 37 (66), 27 (59), 25 (63), 4 (56)]";2597;"Maquina 3: [1 (48), 22 (26), 30 (27), 32 (11), 8 (50), 6 (20), 12 (34), 11 (44), 9 (80), 7 (24), 39 (73)]";2937;"Maquina 4: [17 (19), 18 (22), 24 (3), 0 (27), 31 (64), 36 (43), 28 (58), 14 (71), 15 (94), 20 (67)]";2660
LNS;40;4;12210;38.0;500;"Maquina 1: [24 (3), 35 (25), 18 (22), 17 (19), 36 (43), 8 (50), 34 (89), 30 (27), 20 (67), 14 (71)]";3002;"Maquina 2: [3 (5), 2 (72), 22 (26), 1 (48), 27 (59), 25 (63), 6 (20), 38 (31), 9 (80)]";2766;"Maquina 3: [21 (21), 13 (26), 39 (73), 16 (11), 19 (37), 37 (66), 10 (71), 26 (92), 4 (56), 29 (26)]";3260;"Maquina 4: [5 (22), 7 (24), 0 (27), 32 (11), 15 (94), 12 (34), 11 (44), 31 (64), 33 (69), 28 (58), 23 (72)]";3182
TABÚ;40;4;11098;202.0;500;"Maquina 1: [4 (56), 24 (3), 38 (31), 35 (25), 21 (21), 13 (26), 26 (92), 31 (64), 17 (19), 36 (43)]";2508;"Maquina 2: [18 (22), 30 (27), 3 (5), 16 (11), 12 (34), 11 (44), 9 (80), 37 (66), 14 (71), 23 (72), 34 (89)]";2782;"Maquina 3: [28 (58), 5 (22), 7 (24), 8 (50), 22 (26), 20 (67), 19 (37), 25 (63), 39 (73), 33 (69)]";3178;"Maquina 4: [6 (20), 32 (11), 15 (94), 27 (59), 1 (48), 0 (27), 10 (71), 29 (26), 2 (72)]";2630
VNS;40;4;10397;9993.0;500;"Maquina 1: [24 (3), 35 (25), 18 (22), 17 (19), 27 (59), 38 (31), 29 (26), 20 (67), 39 (73), 8 (50)]";2364;"Maquina 2: [30 (27), 3 (5), 2 (72), 22 (26), 7 (24), 1 (48), 36 (43), 28 (58), 23 (72), 10 (71)]";2653;"Maquina 3: [21 (21), 13 (26), 6 (20), 16 (11), 19 (37), 37 (66), 9 (80), 4 (56), 14 (71), 25 (63)]";2547;"Maquina 4: [5 (22), 0 (27), 32 (11), 15 (94), 12 (34), 11 (44), 31 (64), 33 (69), 34 (89), 26 (92)]";2833
Multiarranque;40;4;10790;854.0;500;"Maquina 1: [3 (5), 0 (27), 38 (31), 30 (27), 29 (26), 5 (22), 25 (63), 4 (56), 39 (73), 27 (59), 10 (71)]";2876;"Maquina 2: [24 (3), 32 (11), 31 (64), 17 (19), 14 (71), 20 (67), 37 (66), 7 (24), 9 (80)]";2440;"Maquina 3: [21 (21), 13 (26), 36 (43), 33 (69), 22 (26), 1 (48), 23 (72), 19 (37), 2 (72), 15 (94)]";2899;"Maquina 4: [11 (44), 12 (34), 35 (25), 18 (22), 6 (20), 16 (11), 8 (50), 34 (89), 28 (58), 26 (92)]";2575
GREEDY;40;4;14097;0.0;1;"Maquina 1: [10 (4), 29 (17), 14 (70), 8 (44), 30 (59), 28 (30), 7 (77), 26 (91), 5 (88), 21 (97)]";3716;"Maquina 2: [17 (5), 9 (81), 2 (49), 22 (20), 13 (35), 16 (61), 3 (90), 31 (71), 37 (99), 24 (92)]";3841;"Maquina 3: [35 (8), 1 (30), 36 (83), 33 (20), 34 (37), 19 (72), 18 (97), 11 (54), 12 (90), 27 (61)]";3382;"Maquina 4: [23 (55), 0 (38), 38 (12), 39 (30), 6 (75), 32 (68), 15 (25), 20 (83), 25 (95), 4 (90)]";3158
GRASP;40;4;12584;727.0;500;"Maquina 1: [17 (5), 31 (71), 38 (12), 8 (44), 32 (68), 14 (70), 39 (30), 6 (75), 25 (95), 36 (83)]";3061;"Maquina 2: [29 (17), 35 (8), 33 (20), 2 (49), 28 (30), 7 (77), 11 (54), 12 (90), 18 (97), 16 (61), 21 (97)]";3488;"Maquina 3: [10 (4), 15 (25), 22 (20), 27 (61), 24 (92), 23 (55), 4 (90), 5 (88), 37 (99)]";2551;"Maquina 4: [13 (35), 0 (38), 34 (37), 19 (72), 30 (59), 26 (91), 9 (81), 1 (30), 3 (90), 20 (83)]";3484
LNS;40;4;14097;41.0;500;"Maquina 1: [10 (4), 29 (17), 14 (70), 8 (44), 30 (59), 28 (30), 7 (77), 26 (91), 5 (88), 21 (97)]";3716;"Maquina 2: [17 (5), 9 (81), 2 (49), 22 (20), 13 (35), 16 (61), 3 (90), 31 (71), 37 (99), 24 (92)]";3841;"Maquina 3: [35 (8), 1 (30), 36 (83), 33 (20), 34 (37), 19 (72), 18 (97), 11 (54), 12 (90), 27 (61)]";3382;"Maquina 4: [23 (55), 0 (38), 38 (12), 39 (30), 6 (75), 32 (68), 15 (25), 20 (83), 25 (95), 4 (90)]";3158
TABÚ;40;4;12570;214.0;500;"Maquina 1: [8 (44), 32 (68), 29 (17), 39 (30), 16 (61), 28 (30), 27 (61), 3 (90), 21 (97), 24 (92)]";3226;"Maquina 2: [13 (35), 35 (8), 0 (38), 36 (83), 37 (99), 15 (25), 30 (59), 6 (75), 11 (54), 12 (90)]";3075;"Maquina 3: [2 (49), 5 (88), 31 (71), 10 (4), 1 (30), 23 (55), 19 (72), 18 (97), 25 (95)]";2819;"Maquina 4: [33 (20), 38 (12), 34 (37), 22 (20), 26 (91), 17 (5), 4 (90), 9 (81), 7 (77), 14 (70), 20 (83)]";3450
VNS;40;4;12415;8817.0;500;"Maquina 1: [10 (4), 29 (17), 2 (49), 26 (91), 9 (81), 11 (54), 7 (77), 15 (25), 31 (71), 3 (90)]";3249;"Maquina 2: [17 (5), 30 (59), 14 (70), 22 (20), 13 (35), 16 (61), 28 (30), 5 (88), 37 (99), 21 (97)]";2832;"Maquina 3: [35 (8), 1 (30), 36 (83), 33 (20), 34 (37), 19 (72), 27 (61), 24 (92), 12 (90), 4 (90)]";3178;"Maquina 4: [23 (55), 0 (38), 38 (12), 39 (30), 6 (75), 32 (68), 8 (44), 20 (83), 25 (95), 18 (97)]";3156
Multiarranque;40;4;12571;838.0;500;"Maquina 1: [10 (4), 32 (68), 29 (17), 2 (49), 28 (30), 31 (71), 20 (83), 24 (92), 23 (55), 3 (90), 21 (97)]";3576;"Maquina 2: [13 (35), 35 (8), 8 (44), 37 (99), 15 (25), 16 (61), 4 (90), 7 (77), 12 (90), 27 (61)]";3286;"Maquina 3: [33 (20), 0 (38), 38 (12), 34 (37), 19 (72), 5 (88), 39 (30), 9 (81), 36 (83), 18 (97)]";3203;"Maquina 4: [11 (54), 1 (30), 17 (5), 30 (59), 14 (70), 22 (20), 6 (75), 25 (95), 26 (91)]";2506
GREEDY;40;4;11756;0.0;1;"Maquina 1: [0 (3), 20 (7), 28 (19), 11 (78), 32 (28), 17 (83), 22 (46), 23 (60), 25 (80), 16 (91)]";2718;"Maquina 2: [6 (10), 35 (5), 18 (21), 29 (46), 9 (60), 27 (31), 19 (82), 21 (68), 13 (78), 34 (93), 37 (87)]";3284;"Maquina 3: [3 (6), 26 (15), 39 (82), 1 (50), 15 (20), 8 (40), 36 (61), 38 (89), 14 (79)]";2763;"Maquina 4: [10 (17), 4 (6), 24 (41), 31 (26), 12 (48), 5 (61), 2 (76), 33 (80), 30 (91), 7 (86)]";2991
GRASP;40;4;10767;698.0;500;"Maquina 1: [22 (46), 28 (19), 3 (6), 30 (91), 31 (26), 37 (87), 5 (61), 16 (91), 21 (68), 14 (79)]";3186;"Maquina 2: [27 (31), 0 (3), 24 (41), 12 (48), 6 (10), 33 (80), 25 (80), 19 (82), 39 (82), 11 (78)]";2733;"Maquina 3: [32 (28), 10 (17), 9 (60), 15 (20), 8 (40), 2 (76), 36 (61), 13 (78), 23 (60), 7 (86)]";2934;"Maquina 4: [20 (7), 26 (15), 35 (5), 18 (21), 29 (46), 1 (50), 4 (6), 34 (93), 38 (89), 17 (83)]";1914
LNS;40;4;11683;39.0;500;"Maquina 1: [0 (3), 20 (7), 28 (19), 11 (78), 32 (28), 17 (83), 22 (46), 23 (60), 25 (80), 16 (91)]";2718;"Maquina 2: [6 (10), 35 (5), 18 (21), 29 (46), 9 (60), 27 (31), 19 (82), 21 (68), 13 (78), 34 (93), 37 (87)]";3284;"Maquina 3: [3 (6), 26 (15), 39 (82), 36 (61), 15 (20), 8 (40), 1 (50), 38 (89), 14 (79)]";2690;"Maquina 4: [10 (17), 4 (6), 24 (41), 31 (26), 12 (48), 5 (61), 2 (76), 33 (80), 30 (91), 7 (86)]";2991
TABÚ;40;4;11048;218.0;500;"Maquina 1: [0 (3), 2 (76), 3 (6), 12 (48), 5 (61), 11 (78), 31 (26), 27 (31), 17 (83), 33 (80)]";2693;"Maquina 2: [6 (10), 26 (15), 35 (5), 18 (21), 23 (60), 13 (78), 34 (93), 22 (46), 21 (68), 25 (80), 39 (82)]";3126;"Maquina 3: [1 (50), 4 (6), 32 (28), 10 (17), 9 (60), 8 (40), 19 (82), 36 (61), 38 (89)]";2124;"Maquina 4: [20 (7), 28 (19), 15 (20), 24 (41), 16 (91), 14 (79), 7 (86), 29 (46), 30 (91), 37 (87)]";3105
VNS;40;4;10595;14668.0;500;"Maquina 1: [0 (3), 20 (7), 28 (19), 11 (78), 32 (28), 17 (83), 22 (46), 36 (61), 14 (79), 16 (91)]";2651;"Maquina 2: [35 (5), 18 (21), 29 (46), 9 (60), 27 (31), 21 (68), 13 (78), 34 (93), 38 (89)]";2288;"Maquina 3: [3 (6), 10 (17), 26 (15), 39 (82), 1 (50), 4 (6), 8 (40), 19 (82), 23 (60), 25 (80), 37 (87)]";2992;"Maquina 4: [6 (10), 15 (20), 24 (41), 31 (26), 12 (48), 5 (61), 2 (76), 33 (80), 30 (91), 7 (86)]";2664
Multiarranque;40;4;10963;848.0;500;"Maquina 1: [0 (3), 24 (41), 12 (48), 5 (61), 32 (28), 38 (89), 29 (46), 13 (78), 7 (86)]";2335;"Maquina 2: [6 (10), 26 (15), 35 (5), 20 (7), 8 (40), 2 (76), 36 (61), 37 (87), 23 (60), 19 (82), 39 (82)]";2996;"Maquina 3: [31 (26), 28 (19), 15 (20), 10 (17), 27 (31), 18 (21), 25 (80), 30 (91), 34 (93), 17 (83)]";2726;"Maquina 4: [4 (6), 3 (6), 14 (79), 9 (60), 22 (46), 1 (50), 11 (78), 16 (91), 33 (80), 21 (68)]";2906
GREEDY;40;4;11970;0.0;1;"Maquina 1: [9 (1), 2 (7), 11 (33), 29 (53), 18 (37), 20 (28), 5 (91), 39 (79), 7 (60), 8 (68)]";3017;"Maquina 2: [4 (34), 24 (11), 35 (79), 23 (2), 25 (28), 34 (42), 0 (61), 22 (59), 6 (71), 32 (88)]";2754;"Maquina 3: [3 (20), 28 (2), 33 (74), 37 (34), 17 (30), 26 (46), 15 (63), 1 (98), 38 (59), 14 (81)]";3086;"Maquina 4: [31 (4), 27 (32), 19 (23), 21 (34), 30 (85), 36 (59), 10 (38), 16 (73), 13 (98), 12 (63)]";3113
GRASP;40;4;10209;724.0;500;"Maquina 1: [28 (2), 9 (1), 34 (42), 29 (53), 37 (34), 17 (30), 0 (61), 15 (63), 33 (74), 30 (85)]";2082;"Maquina 2: [31 (4), 27 (32), 19 (23), 10 (38), 26 (46), 12 (63), 16 (73), 1 (98), 38 (59), 35 (79)]";2837;"Maquina 3: [2 (7), 4 (34), 23 (2), 25 (28), 11 (33), 36 (59), 21 (34), 8 (68), 13 (98), 14 (81), 39 (79)]";2792;"Maquina 4: [18 (37), 20 (28), 24 (11), 22 (59), 6 (71), 3 (20), 7 (60), 32 (88), 5 (91)]";2498
LNS;40;4;11650;38.0;500;"Maquina 1: [9 (1), 2 (7), 11 (33), 7 (60), 18 (37), 20 (28), 5 (91), 29 (53), 39 (79), 8 (68)]";2882;"Maquina 2: [4 (34), 24 (11), 35 (79), 23 (2), 25 (28), 34 (42), 0 (61), 22 (59), 6 (71), 32 (88)]";2754;"Maquina 3: [3 (20), 28 (2), 33 (74), 37 (34), 17 (30), 26 (46), 15 (63), 1 (98), 38 (59), 14 (81)]";3086;"Maquina 4: [31 (4), 27 (32), 19 (23), 21 (34), 30 (85), 10 (38), 16 (73), 36 (59), 13 (98), 12 (63)]";2928
TABÚ;40;4;10706;197.0;500;"Maquina 1: [18 (37), 4 (34), 24 (11), 23 (2), 3 (20), 38 (59), 15 (63), 32 (88), 5 (91), 33 (74)]";2582;"Maquina 2: [28 (2), 10 (38), 25 (28), 11 (33), 9 (1), 39 (79), 37 (34), 36 (59), 27 (32), 13 (98), 12 (63)]";2622;"Maquina 3: [21 (34), 20 (28), 34 (42), 2 (7), 26 (46), 7 (60), 6 (71), 8 (68), 30 (85), 16 (73)]";2973;"Maquina 4: [19 (23), 22 (59), 31 (4), 35 (79), 0 (61), 17 (30), 14 (81), 29 (53), 1 (98)]";2529
VNS;40;4;10236;7991.0;500;"Maquina 1: [9 (1), 2 (7), 23 (2), 25 (28), 11 (33), 29 (53), 10 (38), 7 (60), 18 (37), 32 (88), 5 (91), 15 (63)]";2827;"Maquina 2: [20 (28), 4 (34), 24 (11), 35 (79), 3 (20), 0 (61), 22 (59), 6 (71), 8 (68), 30 (85)]";2770;"Maquina 3: [28 (2), 33 (74), 17 (30), 26 (46), 21 (34), 14 (81), 38 (59), 34 (42), 36 (59)]";2321;"Maquina 4: [31 (4), 27 (32), 19 (23), 39 (79), 37 (34), 12 (63), 16 (73), 1 (98), 13 (98)]";2318
Multiarranque;40;4;10868;829.0;500;"Maquina 1: [20 (28), 23 (2), 36 (59), 35 (79), 15 (63), 12 (63), 8 (68), 6 (71), 30 (85)]";2802;"Maquina 2: [28 (2), 9 (1), 39 (79), 37 (34), 17 (30), 33 (74), 4 (34), 16 (73), 38 (59), 7 (60)]";2490;"Maquina 3: [25 (28), 31 (4), 24 (11), 22 (59), 18 (37), 0 (61), 1 (98), 11 (33), 14 (81), 5 (91)]";2749;"Maquina 4: [3 (20), 2 (7), 27 (32), 19 (23), 21 (34), 32 (88), 34 (42), 29 (53), 10 (38), 26 (46), 13 (98)]";2827
GREEDY;40;4;13101;0.0;1;"Maquina 1: [12 (16), 1 (2), 18 (68), 3 (29), 34 (34), 11 (91), 13 (57), 19 (52), 17 (83), 14 (77)]";2990;"Maquina 2: [21 (18), 8 (44), 25 (2), 26 (32), 10 (53), 16 (68), 32 (57), 31 (78), 24 (83), 23 (91)]";3269;"Maquina 3: [35 (53), 29 (32), 5 (11), 33 (89), 30 (71), 4 (23), 39 (57), 7 (99), 38 (50), 9 (83)]";3489;"Maquina 4: [27 (15), 28 (25), 0 (61), 15 (53), 22 (29), 37 (84), 2 (50), 36 (68), 6 (81), 20 (92)]";3353
GRASP;40;4;11365;734.0;500;"Maquina 1: [21 (18), 13 (57), 0 (61), 4 (23), 8 (44), 9 (83), 32 (57), 18 (68), 36 (68)]";2406;"Maquina 2: [3 (29), 27 (15), 34 (34), 30 (71), 19 (52), 38 (50), 7 (99), 23 (91), 37 (84), 6 (81)]";3255;"Maquina 3: [26 (32), 22 (29), 12 (16), 39 (57), 2 (50), 15 (53), 35 (53), 17 (83), 14 (77), 24 (83)]";2905;"Maquina 4: [1 (2), 25 (2), 33 (89), 28 (25), 29 (32), 5 (11), 31 (78), 10 (53), 16 (68), 20 (92), 11 (91)]";2799
LNS;40;4;13041;37.0;500;"Maquina 1: [12 (16), 1 (2), 18 (68), 3 (29), 34 (34), 11 (91), 13 (57), 19 (52), 17 (83), 14 (77)]";2990;"Maquina 2: [25 (2), 8 (44), 21 (18), 26 (32), 10 (53), 16 (68), 32 (57), 31 (78), 24 (83), 23 (91)]";3209;"Maquina 3: [35 (53), 29 (32), 5 (11), 33 (89), 30 (71), 4 (23), 39 (57), 7 (99), 38 (50), 9 (83)]";3489;"Maquina 4: [27 (15), 28 (25), 0 (61), 15 (53), 22 (29), 37 (84), 2 (50), 36 (68), 6 (81), 20 (92)]";3353
TABÚ;40;4;11329;199.0;500;"Maquina 1: [12 (16), 1 (2), 8 (44), 26 (32), 18 (68), 3 (29), 31 (78), 37 (84), 7 (99), 23 (91)]";2523;"Maquina 2: [27 (15), 28 (25), 29 (32), 38 (50), 13 (57), 6 (81), 16 (68), 20 (92), 10 (53), 11 (91)]";3039;"Maquina 3: [25 (2), 2 (50), 4 (23), 39 (57), 0 (61), 15 (53), 35 (53), 17 (83), 14 (77), 33 (89)]";2927;"Maquina 4: [5 (11), 21 (18), 19 (52), 34 (34), 22 (29), 24 (83), 30 (71), 32 (57), 9 (83), 36 (68)]";2840
VNS;40;4;11330;7801.0;500;"Maquina 1: [12 (16), 1 (2), 18 (68), 3 (29), 27 (15), 34 (34), 30 (71), 13 (57), 19 (52), 39 (57), 23 (91), 14 (77)]";3335;"Maquina 2: [4 (23), 8 (44), 21 (18), 15 (53), 10 (53), 16 (68), 32 (57), 9 (83), 24 (83), 20 (92)]";2999;"Maquina 3: [35 (53), 29 (32), 5 (11), 31 (78), 25 (2), 2 (50), 11 (91), 17 (83), 6 (81)]";2294;"Maquina 4: [28 (25), 38 (50), 0 (61), 26 (32), 22 (29), 37 (84), 36 (68), 33 (89), 7 (99)]";2702
Multiarranque;40;4;11584;889.0;500;"Maquina 1: [27 (15), 26 (32), 22 (29), 13 (57), 2 (50), 15 (53), 37 (84), 17 (83), 20 (92)]";2630;"Maquina 2: [28 (25), 38 (50), 31 (78), 10 (53), 18 (68), 36 (68), 33 (89), 14 (77), 24 (83)]";2894;"Maquina 3: [25 (2), 12 (16), 4 (23), 8 (44), 21 (18), 19 (52), 34 (34), 7 (99), 23 (91), 32 (57), 0 (61)]";2901;"Maquina 4: [29 (32), 39 (57), 1 (2), 5 (11), 3 (29), 6 (81), 16 (68), 9 (83), 35 (53), 30 (71), 11 (91)]";3159
GREEDY;40;4;12877;0.0;1;"Maquina 1: [26 (3), 39 (10), 1 (58), 17 (42), 28 (40), 16 (71), 10 (23), 29 (70), 36 (80), 15 (91)]";2923;"Maquina 2: [31 (24), 8 (5), 13 (41), 20 (12), 7 (34), 12 (75), 34 (63), 14 (84), 27 (99), 30 (49), 11 (90)]";3727;"Maquina 3: [21 (23), 25 (12), 22 (5), 35 (58), 18 (43), 24 (89), 5 (71), 38 (79), 2 (37), 3 (99)]";3178;"Maquina 4: [4 (32), 9 (17), 33 (54), 6 (7), 37 (40), 32 (98), 23 (68), 19 (76), 0 (85)]";3049
GRASP;40;4;11551;720.0;500;"Maquina 1: [4 (32), 25 (12), 22 (5), 1 (58), 39 (10), 27 (99), 2 (37), 23 (68), 3 (99), 16 (71)]";2621;"Maquina 2: [21 (23), 9 (17), 28 (40), 7 (34), 37 (40), 5 (71), 38 (79), 11 (90), 32 (98), 29 (70)]";3052;"Maquina 3: [6 (7), 18 (43), 8 (5), 13 (41), 10 (23), 17 (42), 15 (91), 35 (58), 14 (84), 36 (80)]";2818;"Maquina 4: [30 (49), 20 (12), 26 (3), 33 (54), 31 (24), 12 (75), 19 (76), 34 (63), 0 (85), 24 (89)]";3060
LNS;40;4;12877;47.0;500;"Maquina 1: [26 (3), 39 (10), 1 (58), 17 (42), 28 (40), 16 (71), 10 (23), 29 (70), 36 (80), 15 (91)]";2923;"Maquina 2: [31 (24), 8 (5), 13 (41), 20 (12), 7 (34), 12 (75), 34 (63), 14 (84), 27 (99), 30 (49), 11 (90)]";3727;"Maquina 3: [21 (23), 25 (12), 22 (5), 35 (58), 18 (43), 24 (89), 5 (71), 38 (79), 2 (37), 3 (99)]";3178;"Maquina 4: [4 (32), 9 (17), 33 (54), 6 (7), 37 (40), 32 (98), 23 (68), 19 (76), 0 (85)]";3049
TABÚ;40;4;12038;290.0;500;"Maquina 1: [39 (10), 20 (12), 25 (12), 17 (42), 1 (58), 30 (49), 19 (76), 0 (85), 11 (90), 35 (58), 15 (91)]";3145;"Maquina 2: [21 (23), 9 (17), 7 (34), 22 (5), 37 (40), 23 (68), 3 (99), 12 (75), 27 (99), 36 (80)]";3075;"Maquina 3: [31 (24), 26 (3), 8 (5), 34 (63), 16 (71), 4 (32), 28 (40), 29 (70), 5 (71), 32 (98)]";2885;"Maquina 4: [6 (7), 2 (37), 10 (23), 14 (84), 13 (41), 33 (54), 18 (43), 38 (79), 24 (89)]";2933
VNS;40;4;10841;9402.0;500;"Maquina 1: [25 (12), 17 (42), 28 (40), 21 (23), 16 (71), 10 (23), 30 (49), 19 (76), 0 (85), 15 (91)]";2762;"Maquina 2: [31 (24), 8 (5), 13 (41), 33 (54), 7 (34), 39 (10), 37 (40), 12 (75), 14 (84), 27 (99), 36 (80)]";2842;"Maquina 3: [26 (3), 22 (5), 6 (7), 18 (43), 24 (89), 5 (71), 38 (79), 1 (58), 23 (68), 11 (90)]";2653;"Maquina 4: [4 (32), 9 (17), 2 (37), 20 (12), 35 (58), 34 (63), 3 (99), 32 (98), 29 (70)]";2584
Multiarranque;40;4;11587;930.0;500;"Maquina 1: [10 (23), 20 (12), 26 (3), 33 (54), 35 (58), 18 (43), 37 (40), 34 (63), 3 (99), 32 (98)]";2713;"Maquina 2: [21 (23), 39 (10), 2 (37), 30 (49), 29 (70), 9 (17), 15 (91), 38 (79), 16 (71)]";2374;"Maquina 3: [7 (34), 4 (32), 25 (12), 17 (42), 36 (80), 28 (40), 24 (89), 14 (84), 19 (76), 11 (90)]";3009;"Maquina 4: [31 (24), 22 (5), 6 (7), 8 (5), 13 (41), 5 (71), 23 (68), 12 (75), 0 (85), 1 (58), 27 (99)]";3491
