GREEDY;50;6;14472;0.0;1;"Maquina 1: [5 (7), 44 (13), 49 (56), 36 (33), 15 (87), 16 (47), 29 (62), 42 (94), 22 (77)]";2578;"Maquina 2: [21 (44), 37 (50), 0 (14), 19 (77), 10 (9), 25 (61), 18 (85), 11 (94)]";2530;"Maquina 3: [31 (20), 39 (33), 28 (48), 24 (71), 33 (11), 17 (57), 46 (87), 13 (83), 26 (96)]";2786;"Maquina 4: [45 (12), 27 (34), 47 (45), 4 (83), 3 (27), 20 (89), 2 (56), 1 (64)]";2088;"Maquina 5: [12 (13), 8 (31), 48 (60), 32 (75), 35 (38), 23 (83), 14 (49), 38 (93)]";2388;"Maquina 6: [43 (13), 30 (31), 6 (34), 9 (58), 34 (47), 40 (92), 41 (63), 7 (81)]";2102
GRASP;50;6;11889;1444.0;500;"Maquina 1: [5 (7), 44 (13), 14 (49), 25 (61), 1 (64), 49 (56), 4 (83), 13 (83), 20 (89)]";2319;"Maquina 2: [45 (12), 27 (34), 8 (31), 43 (13), 6 (34), 17 (57), 41 (63), 46 (87)]";1267;"Maquina 3: [31 (20), 33 (11), 9 (58), 23 (83), 12 (13), 34 (47), 24 (71), 38 (93), 26 (96)]";2204;"Maquina 4: [39 (33), 36 (33), 16 (47), 47 (45), 22 (77), 18 (85), 29 (62), 11 (94)]";2267;"Maquina 5: [0 (14), 28 (48), 3 (27), 48 (60), 35 (38), 42 (94), 32 (75), 2 (56)]";1927;"Maquina 6: [10 (9), 30 (31), 21 (44), 40 (92), 37 (50), 19 (77), 7 (81), 15 (87)]";1905
LNS;50;6;14147;44.0;500;"Maquina 1: [5 (7), 44 (13), 49 (56), 36 (33), 15 (87), 16 (47), 29 (62), 42 (94), 22 (77)]";2578;"Maquina 2: [21 (44), 0 (14), 37 (50), 19 (77), 10 (9), 25 (61), 18 (85), 11 (94)]";2497;"Maquina 3: [31 (20), 39 (33), 28 (48), 24 (71), 33 (11), 17 (57), 46 (87), 13 (83), 26 (96)]";2786;"Maquina 4: [3 (27), 27 (34), 47 (45), 2 (56), 45 (12), 20 (89), 4 (83), 1 (64)]";1934;"Maquina 5: [12 (13), 8 (31), 48 (60), 32 (75), 35 (38), 23 (83), 14 (49), 38 (93)]";2388;"Maquina 6: [30 (31), 43 (13), 6 (34), 9 (58), 34 (47), 40 (92), 41 (63), 7 (81)]";1964
TABÚ;50;6;12091;423.0;500;"Maquina 1: [12 (13), 10 (9), 47 (45), 7 (81), 6 (34), 9 (58), 23 (83), 25 (61), 32 (75)]";2176;"Maquina 2: [21 (44), 45 (12), 27 (34), 5 (7), 29 (62), 19 (77), 15 (87), 42 (94)]";1734;"Maquina 3: [31 (20), 33 (11), 17 (57), 35 (38), 11 (94), 13 (83), 14 (49), 40 (92)]";1920;"Maquina 4: [43 (13), 30 (31), 39 (33), 48 (60), 34 (47), 24 (71), 38 (93), 4 (83)]";1955;"Maquina 5: [44 (13), 3 (27), 36 (33), 16 (47), 1 (64), 20 (89), 2 (56), 26 (96), 18 (85)]";2382;"Maquina 6: [37 (50), 0 (14), 49 (56), 8 (31), 28 (48), 22 (77), 41 (63), 46 (87)]";1924
VNS;50;6;11732;13200.0;500;"Maquina 1: [5 (7), 44 (13), 3 (27), 36 (33), 15 (87), 16 (47), 1 (64), 19 (77), 24 (71), 42 (94)]";2423;"Maquina 2: [35 (38), 37 (50), 0 (14), 29 (62), 18 (85), 21 (44), 28 (48), 48 (60)]";1892;"Maquina 3: [31 (20), 39 (33), 20 (89), 33 (11), 17 (57), 23 (83), 26 (96)]";1453;"Maquina 4: [2 (56), 45 (12), 27 (34), 47 (45), 14 (49), 25 (61), 49 (56), 41 (63), 4 (83)]";2300;"Maquina 5: [12 (13), 10 (9), 30 (31), 8 (31), 22 (77), 32 (75), 7 (81), 11 (94)]";1540;"Maquina 6: [43 (13), 6 (34), 9 (58), 34 (47), 40 (92), 46 (87), 38 (93), 13 (83)]";2124
Multiarranque;50;6;12553;1563.0;500;"Maquina 1: [0 (14), 29 (62), 10 (9), 31 (20), 34 (47), 24 (71), 38 (93), 2 (56), 46 (87)]";2222;"Maquina 2: [3 (27), 27 (34), 47 (45), 33 (11), 48 (60), 32 (75), 11 (94), 23 (83)]";2017;"Maquina 3: [21 (44), 45 (12), 4 (83), 8 (31), 22 (77), 28 (48), 25 (61), 20 (89)]";2135;"Maquina 4: [43 (13), 30 (31), 39 (33), 6 (34), 17 (57), 1 (64), 7 (81), 26 (96), 15 (87)]";2331;"Maquina 5: [35 (38), 36 (33), 12 (13), 9 (58), 37 (50), 49 (56), 40 (92), 13 (83)]";1851;"Maquina 6: [16 (47), 19 (77), 5 (7), 44 (13), 14 (49), 41 (63), 18 (85), 42 (94)]";1997
GREEDY;50;6;15050;0.0;1;"Maquina 1: [7 (21), 41 (53), 3 (2), 29 (48), 33 (65), 4 (75), 36 (35), 15 (91), 26 (97)]";2717;"Maquina 2: [34 (9), 40 (36), 8 (26), 30 (54), 16 (66), 25 (50), 28 (75), 27 (91)]";2198;"Maquina 3: [24 (64), 49 (11), 13 (71), 46 (44), 43 (28), 14 (89), 48 (52), 0 (96)]";2666;"Maquina 4: [32 (14), 2 (32), 11 (39), 18 (60), 35 (50), 38 (69), 44 (80), 42 (91), 20 (99)]";2832;"Maquina 5: [21 (32), 39 (19), 45 (91), 19 (52), 12 (41), 47 (57), 10 (85), 37 (67)]";2198;"Maquina 6: [6 (21), 5 (71), 1 (35), 9 (87), 23 (53), 22 (47), 31 (60), 17 (93)]";2439
GRASP;50;6;12838;1466.0;500;"Maquina 1: [7 (21), 12 (41), 46 (44), 6 (21), 43 (28), 31 (60), 33 (65), 26 (97), 15 (91)]";2307;"Maquina 2: [29 (48), 49 (11), 2 (32), 30 (54), 21 (32), 47 (57), 20 (99), 28 (75), 27 (91)]";2298;"Maquina 3: [1 (35), 25 (50), 37 (67), 17 (93), 32 (14), 48 (52), 16 (66), 0 (96)]";2329;"Maquina 4: [34 (9), 35 (50), 5 (71), 11 (39), 19 (52), 38 (69), 45 (91), 10 (85)]";2051;"Maquina 5: [40 (36), 3 (2), 8 (26), 24 (64), 4 (75), 23 (53), 42 (91), 44 (80)]";1874;"Maquina 6: [36 (35), 39 (19), 41 (53), 14 (89), 22 (47), 18 (60), 9 (87), 13 (71)]";1979
LNS;50;6;14749;55.0;500;"Maquina 1: [7 (21), 41 (53), 3 (2), 29 (48), 33 (65), 4 (75), 36 (35), 15 (91), 26 (97)]";2717;"Maquina 2: [34 (9), 25 (50), 8 (26), 30 (54), 40 (36), 16 (66), 28 (75), 27 (91)]";2047;"Maquina 3: [24 (64), 49 (11), 13 (71), 43 (28), 46 (44), 14 (89), 48 (52), 0 (96)]";2516;"Maquina 4: [32 (14), 2 (32), 11 (39), 18 (60), 35 (50), 38 (69), 44 (80), 42 (91), 20 (99)]";2832;"Maquina 5: [21 (32), 39 (19), 45 (91), 19 (52), 12 (41), 47 (57), 10 (85), 37 (67)]";2198;"Maquina 6: [6 (21), 5 (71), 1 (35), 9 (87), 23 (53), 22 (47), 31 (60), 17 (93)]";2439
TABÚ;50;6;12719;417.0;500;"Maquina 1: [32 (14), 3 (2), 16 (66), 25 (50), 42 (91), 33 (65), 38 (69), 44 (80), 26 (97)]";2341;"Maquina 2: [49 (11), 21 (32), 1 (35), 11 (39), 29 (48), 48 (52), 19 (52), 4 (75)]";1635;"Maquina 3: [34 (9), 43 (28), 28 (75), 2 (32), 47 (57), 13 (71), 45 (91), 17 (93)]";1978;"Maquina 4: [30 (54), 39 (19), 41 (53), 23 (53), 31 (60), 46 (44), 20 (99), 14 (89), 10 (85)]";2876;"Maquina 5: [8 (26), 6 (21), 40 (36), 37 (67), 22 (47), 18 (60), 15 (91), 0 (96)]";1885;"Maquina 6: [36 (35), 7 (21), 12 (41), 24 (64), 35 (50), 5 (71), 27 (91), 9 (87)]";2004
VNS;50;6;13109;14446.0;500;"Maquina 1: [21 (32), 39 (19), 41 (53), 3 (2), 29 (48), 33 (65), 26 (97), 15 (91), 44 (80)]";2246;"Maquina 2: [34 (9), 25 (50), 8 (26), 30 (54), 37 (67), 40 (36), 16 (66), 20 (99)]";1889;"Maquina 3: [24 (64), 49 (11), 13 (71), 9 (87), 43 (28), 36 (35), 14 (89), 10 (85)]";2212;"Maquina 4: [2 (32), 47 (57), 11 (39), 18 (60), 35 (50), 38 (69), 28 (75), 17 (93)]";2056;"Maquina 5: [32 (14), 7 (21), 48 (52), 19 (52), 12 (41), 6 (21), 45 (91), 0 (96), 42 (91)]";2412;"Maquina 6: [46 (44), 22 (47), 5 (71), 1 (35), 4 (75), 23 (53), 31 (60), 27 (91)]";2294
Multiarranque;50;6;13199;1574.0;500;"Maquina 1: [32 (14), 6 (21), 46 (44), 1 (35), 22 (47), 18 (60), 42 (91), 20 (99), 28 (75)]";2357;"Maquina 2: [49 (11), 8 (26), 36 (35), 39 (19), 2 (32), 37 (67), 31 (60), 14 (89), 10 (85)]";2087;"Maquina 3: [34 (9), 25 (50), 43 (28), 30 (54), 13 (71), 45 (91), 23 (53), 17 (93)]";1968;"Maquina 4: [35 (50), 19 (52), 12 (41), 47 (57), 11 (39), 4 (75), 9 (87), 5 (71)]";2225;"Maquina 5: [40 (36), 3 (2), 29 (48), 48 (52), 24 (64), 16 (66), 33 (65), 26 (97), 0 (96)]";2549;"Maquina 6: [21 (32), 38 (69), 44 (80), 27 (91), 7 (21), 41 (53), 15 (91)]";2013
GREEDY;50;6;14130;1.0;1;"Maquina 1: [32 (1), 34 (20), 33 (38), 14 (56), 42 (47), 21 (29), 20 (95), 37 (67), 6 (83)]";2488;"Maquina 2: [13 (30), 24 (22), 18 (4), 31 (37), 11 (48), 16 (70), 39 (58), 22 (79), 30 (91)]";2303;"Maquina 3: [41 (34), 26 (4), 9 (59), 15 (48), 44 (74), 29 (99), 35 (24), 43 (85)]";2580;"Maquina 4: [28 (31), 7 (5), 45 (75), 17 (43), 48 (24), 38 (52), 3 (60), 0 (89)]";1980;"Maquina 5: [4 (28), 36 (13), 8 (55), 5 (44), 23 (30), 46 (77), 27 (91), 12 (62)]";2247;"Maquina 6: [10 (29), 49 (32), 1 (18), 19 (85), 2 (47), 47 (96), 25 (54), 40 (64)]";2532
GRASP;50;6;12166;1473.0;500;"Maquina 1: [10 (29), 18 (4), 48 (24), 13 (30), 7 (5), 45 (75), 46 (77), 27 (91)]";1508;"Maquina 2: [26 (4), 12 (62), 39 (58), 34 (20), 9 (59), 38 (52), 5 (44), 0 (89)]";1915;"Maquina 3: [14 (56), 4 (28), 36 (13), 25 (54), 23 (30), 6 (83), 15 (48), 44 (74), 19 (85)]";2380;"Maquina 4: [2 (47), 33 (38), 41 (34), 8 (55), 21 (29), 30 (91), 47 (96), 37 (67)]";1966;"Maquina 5: [11 (48), 1 (18), 31 (37), 42 (47), 28 (31), 16 (70), 43 (85), 20 (95)]";1955;"Maquina 6: [49 (32), 24 (22), 32 (1), 29 (99), 35 (24), 17 (43), 40 (64), 3 (60), 22 (79)]";2442
LNS;50;6;14118;52.0;500;"Maquina 1: [32 (1), 34 (20), 33 (38), 14 (56), 42 (47), 21 (29), 20 (95), 37 (67), 6 (83)]";2488;"Maquina 2: [13 (30), 24 (22), 18 (4), 31 (37), 11 (48), 16 (70), 39 (58), 22 (79), 30 (91)]";2303;"Maquina 3: [41 (34), 26 (4), 9 (59), 15 (48), 44 (74), 29 (99), 35 (24), 43 (85)]";2580;"Maquina 4: [28 (31), 7 (5), 45 (75), 17 (43), 48 (24), 38 (52), 3 (60), 0 (89)]";1980;"Maquina 5: [8 (55), 36 (13), 4 (28), 5 (44), 23 (30), 46 (77), 27 (91), 12 (62)]";2235;"Maquina 6: [10 (29), 49 (32), 1 (18), 19 (85), 2 (47), 47 (96), 25 (54), 40 (64)]";2532
TABÚ;50;6;12213;413.0;500;"Maquina 1: [18 (4), 11 (48), 1 (18), 14 (56), 45 (75), 19 (85), 0 (89), 40 (64)]";1904;"Maquina 2: [49 (32), 38 (52), 7 (5), 12 (62), 9 (59), 30 (91), 35 (24), 47 (96)]";2013;"Maquina 3: [26 (4), 24 (22), 41 (34), 21 (29), 17 (43), 28 (31), 6 (83), 3 (60), 43 (85)]";2221;"Maquina 4: [4 (28), 36 (13), 25 (54), 32 (1), 2 (47), 44 (74), 39 (58), 22 (79)]";1556;"Maquina 5: [34 (20), 5 (44), 13 (30), 15 (48), 31 (37), 42 (47), 29 (99), 16 (70), 27 (91)]";2554;"Maquina 6: [33 (38), 10 (29), 23 (30), 48 (24), 8 (55), 20 (95), 37 (67), 46 (77)]";1965
VNS;50;6;11718;14974.0;500;"Maquina 1: [34 (20), 33 (38), 14 (56), 21 (29), 20 (95), 17 (43), 37 (67), 6 (83)]";1964;"Maquina 2: [10 (29), 18 (4), 31 (37), 11 (48), 16 (70), 39 (58), 22 (79), 30 (91)]";1807;"Maquina 3: [32 (1), 41 (34), 9 (59), 28 (31), 44 (74), 8 (55), 29 (99), 19 (85), 15 (48)]";2391;"Maquina 4: [13 (30), 7 (5), 45 (75), 12 (62), 48 (24), 38 (52), 47 (96), 43 (85)]";1801;"Maquina 5: [26 (4), 4 (28), 36 (13), 25 (54), 5 (44), 23 (30), 46 (77), 27 (91), 0 (89)]";2038;"Maquina 6: [49 (32), 24 (22), 3 (60), 1 (18), 42 (47), 2 (47), 35 (24), 40 (64)]";1717
Multiarranque;50;6;12787;1571.0;500;"Maquina 1: [23 (30), 13 (30), 7 (5), 21 (29), 5 (44), 24 (22), 12 (62), 9 (59), 27 (91)]";1657;"Maquina 2: [41 (34), 42 (47), 11 (48), 34 (20), 16 (70), 39 (58), 20 (95), 15 (48)]";2368;"Maquina 3: [10 (29), 2 (47), 35 (24), 28 (31), 6 (83), 3 (60), 38 (52), 22 (79)]";2031;"Maquina 4: [48 (24), 4 (28), 45 (75), 46 (77), 43 (85), 19 (85), 29 (99)]";2477;"Maquina 5: [49 (32), 26 (4), 33 (38), 17 (43), 1 (18), 31 (37), 14 (56), 0 (89), 40 (64)]";2111;"Maquina 6: [18 (4), 32 (1), 8 (55), 44 (74), 36 (13), 25 (54), 37 (67), 30 (91), 47 (96)]";2143
GREEDY;50;6;14348;0.0;1;"Maquina 1: [2 (28), 6 (2), 47 (88), 18 (55), 20 (51), 49 (62), 0 (72), 4 (41)]";1926;"Maquina 2: [22 (2), 3 (57), 10 (31), 38 (42), 19 (71), 21 (45), 44 (61), 24 (80), 39 (96)]";2646;"Maquina 3: [32 (7), 41 (32), 36 (80), 12 (44), 27 (38), 37 (56), 1 (72), 46 (61), 17 (96)]";2517;"Maquina 4: [28 (16), 34 (59), 48 (49), 30 (33), 8 (43), 45 (73), 16 (68), 25 (93)]";2397;"Maquina 5: [9 (24), 42 (33), 13 (43), 33 (76), 29 (60), 7 (48), 11 (95), 40 (70)]";2447;"Maquina 6: [14 (25), 31 (36), 15 (43), 26 (76), 35 (48), 5 (58), 43 (90), 23 (67)]";2415
GRASP;50;6;13072;1502.0;500;"Maquina 1: [10 (31), 32 (7), 21 (45), 44 (61), 40 (70), 8 (43), 11 (95), 47 (88)]";2119;"Maquina 2: [9 (24), 42 (33), 48 (49), 13 (43), 16 (68), 5 (58), 24 (80), 35 (48)]";1921;"Maquina 3: [37 (56), 3 (57), 31 (36), 14 (25), 18 (55), 41 (32), 1 (72), 45 (73), 17 (96)]";2573;"Maquina 4: [28 (16), 20 (51), 27 (38), 4 (41), 46 (61), 33 (76), 49 (62), 23 (67)]";2145;"Maquina 5: [30 (33), 22 (2), 34 (59), 38 (42), 7 (48), 43 (90), 0 (72), 12 (44), 39 (96)]";2494;"Maquina 6: [2 (28), 6 (2), 15 (43), 19 (71), 29 (60), 36 (80), 26 (76), 25 (93)]";1820
LNS;50;6;14348;49.0;500;"Maquina 1: [2 (28), 6 (2), 47 (88), 18 (55), 20 (51), 49 (62), 0 (72), 4 (41)]";1926;"Maquina 2: [22 (2), 3 (57), 10 (31), 38 (42), 19 (71), 21 (45), 44 (61), 24 (80), 39 (96)]";2646;"Maquina 3: [32 (7), 41 (32), 36 (80), 12 (44), 27 (38), 37 (56), 1 (72), 46 (61), 17 (96)]";2517;"Maquina 4: [28 (16), 34 (59), 48 (49), 30 (33), 8 (43), 45 (73), 16 (68), 25 (93)]";2397;"Maquina 5: [9 (24), 42 (33), 13 (43), 33 (76), 29 (60), 7 (48), 11 (95), 40 (70)]";2447;"Maquina 6: [14 (25), 31 (36), 15 (43), 26 (76), 35 (48), 5 (58), 43 (90), 23 (67)]";2415
TABÚ;50;6;12937;419.0;500;"Maquina 1: [27 (38), 22 (2), 12 (44), 37 (56), 28 (16), 48 (49), 47 (88), 38 (42), 11 (95)]";2184;"Maquina 2: [13 (43), 10 (31), 45 (73), 8 (43), 23 (67), 0 (72), 49 (62), 33 (76)]";2123;"Maquina 3: [32 (7), 41 (32), 29 (60), 20 (51), 42 (33), 18 (55), 21 (45), 19 (71), 17 (96)]";2265;"Maquina 4: [34 (59), 15 (43), 4 (41), 14 (25), 3 (57), 25 (93), 39 (96), 43 (90)]";2134;"Maquina 5: [7 (48), 30 (33), 1 (72), 35 (48), 24 (80), 5 (58), 46 (61), 36 (80)]";2654;"Maquina 6: [9 (24), 31 (36), 2 (28), 6 (2), 26 (76), 16 (68), 44 (61), 40 (70)]";1577
VNS;50;6;12685;18031.0;500;"Maquina 1: [2 (28), 6 (2), 47 (88), 18 (55), 20 (51), 23 (67), 0 (72), 45 (73), 17 (96)]";2505;"Maquina 2: [22 (2), 3 (57), 10 (31), 38 (42), 7 (48), 48 (49), 44 (61), 26 (76), 16 (68)]";2267;"Maquina 3: [32 (7), 41 (32), 36 (80), 33 (76), 27 (38), 37 (56), 1 (72), 29 (60)]";1930;"Maquina 4: [28 (16), 34 (59), 21 (45), 40 (70), 8 (43), 4 (41), 25 (93), 39 (96)]";2106;"Maquina 5: [9 (24), 42 (33), 13 (43), 12 (44), 43 (90), 30 (33), 11 (95), 49 (62)]";1926;"Maquina 6: [14 (25), 31 (36), 15 (43), 24 (80), 35 (48), 5 (58), 46 (61), 19 (71)]";1951
Multiarranque;50;6;13721;2646.0;500;"Maquina 1: [2 (28), 6 (2), 0 (72), 28 (16), 48 (49), 33 (76), 23 (67), 24 (80), 37 (56)]";2419;"Maquina 2: [7 (48), 32 (7), 26 (76), 35 (48), 5 (58), 36 (80), 16 (68), 39 (96)]";2307;"Maquina 3: [41 (32), 38 (42), 9 (24), 13 (43), 21 (45), 44 (61), 45 (73), 11 (95)]";2177;"Maquina 4: [30 (33), 20 (51), 42 (33), 18 (55), 27 (38), 19 (71), 29 (60), 49 (62)]";2011;"Maquina 5: [34 (59), 22 (2), 3 (57), 10 (31), 46 (61), 25 (93), 8 (43), 43 (90)]";2168;"Maquina 6: [4 (41), 14 (25), 31 (36), 15 (43), 17 (96), 47 (88), 12 (44), 40 (70), 1 (72)]";2639
GREEDY;50;6;12728;0.0;1;"Maquina 1: [32 (12), 1 (5), 40 (44), 19 (33), 48 (77), 9 (51), 8 (64), 6 (88)]";2096;"Maquina 2: [38 (13), 12 (7), 18 (19), 41 (49), 29 (45), 5 (73), 28 (33), 37 (61), 36 (82)]";1968;"Maquina 3: [22 (36), 0 (14), 31 (66), 13 (10), 30 (48), 45 (89), 33 (59), 17 (77)]";2294;"Maquina 4: [23 (10), 16 (15), 44 (28), 24 (40), 15 (48), 35 (51), 2 (66), 43 (81), 25 (98)]";2530;"Maquina 5: [39 (10), 27 (15), 20 (24), 7 (45), 21 (50), 10 (62), 34 (84), 11 (71)]";2000;"Maquina 6: [4 (12), 3 (36), 46 (46), 49 (18), 14 (49), 42 (60), 26 (82), 47 (66)]";1840
GRASP;50;6;11108;1494.0;500;"Maquina 1: [21 (50), 13 (10), 27 (15), 43 (81), 19 (33), 32 (12), 2 (66), 34 (84)]";1851;"Maquina 2: [38 (13), 12 (7), 44 (28), 41 (49), 29 (45), 5 (73), 33 (59), 48 (77)]";1767;"Maquina 3: [23 (10), 16 (15), 20 (24), 14 (49), 24 (40), 25 (98), 10 (62), 15 (48), 42 (60)]";1967;"Maquina 4: [49 (18), 1 (5), 0 (14), 8 (64), 40 (44), 11 (71), 45 (89), 31 (66), 36 (82)]";2170;"Maquina 5: [4 (12), 39 (10), 30 (48), 7 (45), 28 (33), 9 (51), 26 (82), 17 (77)]";1551;"Maquina 6: [18 (19), 3 (36), 22 (36), 37 (61), 46 (46), 35 (51), 6 (88), 47 (66)]";1802
LNS;50;6;12728;47.0;500;"Maquina 1: [32 (12), 1 (5), 40 (44), 19 (33), 48 (77), 9 (51), 8 (64), 6 (88)]";2096;"Maquina 2: [38 (13), 12 (7), 18 (19), 41 (49), 29 (45), 5 (73), 28 (33), 37 (61), 36 (82)]";1968;"Maquina 3: [22 (36), 0 (14), 31 (66), 13 (10), 30 (48), 45 (89), 33 (59), 17 (77)]";2294;"Maquina 4: [23 (10), 16 (15), 44 (28), 24 (40), 15 (48), 35 (51), 2 (66), 43 (81), 25 (98)]";2530;"Maquina 5: [39 (10), 27 (15), 20 (24), 7 (45), 21 (50), 10 (62), 34 (84), 11 (71)]";2000;"Maquina 6: [4 (12), 3 (36), 46 (46), 49 (18), 14 (49), 42 (60), 26 (82), 47 (66)]";1840
TABÚ;50;6;10875;440.0;500;"Maquina 1: [1 (5), 14 (49), 32 (12), 24 (40), 43 (81), 33 (59), 48 (77), 36 (82)]";1802;"Maquina 2: [0 (14), 23 (10), 16 (15), 20 (24), 7 (45), 6 (88), 11 (71), 45 (89)]";1460;"Maquina 3: [3 (36), 38 (13), 12 (7), 17 (77), 35 (51), 21 (50), 46 (46), 34 (84), 10 (62)]";2141;"Maquina 4: [39 (10), 13 (10), 28 (33), 8 (64), 42 (60), 44 (28), 41 (49), 31 (66)]";1420;"Maquina 5: [49 (18), 27 (15), 4 (12), 15 (48), 9 (51), 19 (33), 26 (82), 25 (98), 5 (73)]";2047;"Maquina 6: [30 (48), 22 (36), 40 (44), 18 (19), 29 (45), 47 (66), 2 (66), 37 (61)]";2005
VNS;50;6;10873;19533.0;500;"Maquina 1: [32 (12), 19 (33), 35 (51), 5 (73), 3 (36), 36 (82), 6 (88)]";1546;"Maquina 2: [38 (13), 12 (7), 18 (19), 41 (49), 43 (81), 29 (45), 47 (66), 33 (59), 48 (77)]";1991;"Maquina 3: [1 (5), 0 (14), 28 (33), 31 (66), 13 (10), 30 (48), 15 (48), 34 (84)]";1623;"Maquina 4: [23 (10), 16 (15), 44 (28), 24 (40), 22 (36), 14 (49), 45 (89), 8 (64), 25 (98)]";2029;"Maquina 5: [4 (12), 39 (10), 27 (15), 17 (77), 20 (24), 7 (45), 21 (50), 10 (62), 2 (66)]";1737;"Maquina 6: [40 (44), 37 (61), 46 (46), 49 (18), 42 (60), 11 (71), 9 (51), 26 (82)]";1947
Multiarranque;50;6;11461;1562.0;500;"Maquina 1: [12 (7), 16 (15), 2 (66), 18 (19), 46 (46), 6 (88), 21 (50), 26 (82)]";1783;"Maquina 2: [30 (48), 7 (45), 28 (33), 8 (64), 40 (44), 49 (18), 42 (60), 5 (73)]";1998;"Maquina 3: [1 (5), 0 (14), 23 (10), 29 (45), 3 (36), 37 (61), 41 (49), 14 (49), 45 (89), 31 (66)]";2167;"Maquina 4: [32 (12), 47 (66), 38 (13), 25 (98), 33 (59), 44 (28), 43 (81)]";1695;"Maquina 5: [4 (12), 39 (10), 10 (62), 35 (51), 24 (40), 11 (71), 17 (77), 34 (84)]";1741;"Maquina 6: [13 (10), 27 (15), 9 (51), 22 (36), 20 (24), 19 (33), 48 (77), 36 (82), 15 (48)]";2077
GREEDY;50;6;14443;0.0;1;"Maquina 1: [48 (19), 10 (56), 19 (2), 22 (59), 27 (68), 15 (40), 46 (75), 24 (94)]";2218;"Maquina 2: [7 (10), 38 (21), 36 (44), 44 (33), 32 (73), 29 (47), 35 (88), 33 (63), 30 (95)]";2489;"Maquina 3: [13 (43), 1 (24), 8 (52), 39 (14), 20 (60), 12 (85), 4 (69), 21 (95)]";2411;"Maquina 4: [5 (15), 0 (40), 6 (45), 47 (27), 18 (54), 45 (69), 40 (89), 42 (97), 11 (62)]";2510;"Maquina 5: [49 (60), 16 (47), 34 (17), 26 (28), 17 (69), 23 (96), 9 (37), 37 (92)]";2426;"Maquina 6: [3 (58), 2 (30), 28 (64), 41 (89), 25 (43), 43 (17), 14 (97), 31 (70)]";2389
GRASP;50;6;13063;1457.0;500;"Maquina 1: [19 (2), 1 (24), 12 (85), 0 (40), 20 (60), 16 (47), 40 (89), 4 (69), 35 (88)]";2478;"Maquina 2: [5 (15), 7 (10), 38 (21), 24 (94), 17 (69), 49 (60), 11 (62), 36 (44), 46 (75)]";2122;"Maquina 3: [43 (17), 22 (59), 15 (40), 8 (52), 2 (30), 33 (63), 29 (47), 41 (89)]";2008;"Maquina 4: [25 (43), 34 (17), 6 (45), 14 (97), 9 (37), 32 (73), 42 (97), 23 (96)]";2269;"Maquina 5: [39 (14), 3 (58), 26 (28), 13 (43), 27 (68), 28 (64), 21 (95), 30 (95)]";2143;"Maquina 6: [47 (27), 18 (54), 45 (69), 48 (19), 10 (56), 44 (33), 31 (70), 37 (92)]";2043
LNS;50;6;14443;47.0;500;"Maquina 1: [48 (19), 10 (56), 19 (2), 22 (59), 27 (68), 15 (40), 46 (75), 24 (94)]";2218;"Maquina 2: [7 (10), 38 (21), 36 (44), 44 (33), 32 (73), 29 (47), 35 (88), 33 (63), 30 (95)]";2489;"Maquina 3: [13 (43), 1 (24), 8 (52), 39 (14), 20 (60), 12 (85), 4 (69), 21 (95)]";2411;"Maquina 4: [5 (15), 0 (40), 6 (45), 47 (27), 18 (54), 45 (69), 40 (89), 42 (97), 11 (62)]";2510;"Maquina 5: [49 (60), 16 (47), 34 (17), 26 (28), 17 (69), 23 (96), 9 (37), 37 (92)]";2426;"Maquina 6: [3 (58), 2 (30), 28 (64), 41 (89), 25 (43), 43 (17), 14 (97), 31 (70)]";2389
TABÚ;50;6;12943;417.0;500;"Maquina 1: [8 (52), 48 (19), 2 (30), 28 (64), 44 (33), 17 (69), 11 (62), 23 (96)]";1837;"Maquina 2: [46 (75), 20 (60), 16 (47), 7 (10), 40 (89), 30 (95), 14 (97), 31 (70)]";2609;"Maquina 3: [26 (28), 5 (15), 0 (40), 25 (43), 35 (88), 22 (59), 45 (69), 37 (92), 21 (95)]";2433;"Maquina 4: [29 (47), 13 (43), 43 (17), 4 (69), 12 (85), 18 (54), 32 (73)]";1768;"Maquina 5: [19 (2), 1 (24), 9 (37), 38 (21), 47 (27), 24 (94), 27 (68), 6 (45), 41 (89), 42 (97)]";2514;"Maquina 6: [34 (17), 15 (40), 36 (44), 39 (14), 3 (58), 10 (56), 49 (60), 33 (63)]";1782
VNS;50;6;12577;18958.0;500;"Maquina 1: [43 (17), 10 (56), 34 (17), 19 (2), 25 (43), 13 (43), 4 (69), 15 (40), 45 (69), 37 (92)]";2497;"Maquina 2: [7 (10), 38 (21), 36 (44), 44 (33), 22 (59), 35 (88), 11 (62), 42 (97)]";1729;"Maquina 3: [26 (28), 1 (24), 28 (64), 39 (14), 23 (96), 20 (60), 46 (75), 41 (89)]";1926;"Maquina 4: [5 (15), 0 (40), 6 (45), 47 (27), 18 (54), 29 (47), 32 (73), 30 (95), 21 (95)]";2281;"Maquina 5: [49 (60), 16 (47), 14 (97), 9 (37), 33 (63), 24 (94), 27 (68)]";2001;"Maquina 6: [3 (58), 2 (30), 8 (52), 48 (19), 12 (85), 31 (70), 40 (89), 17 (69)]";2143
Multiarranque;50;6;13614;1600.0;500;"Maquina 1: [7 (10), 38 (21), 18 (54), 10 (56), 11 (62), 14 (97), 9 (37), 32 (73), 37 (92)]";2535;"Maquina 2: [44 (33), 25 (43), 19 (2), 43 (17), 46 (75), 41 (89), 3 (58), 42 (97), 28 (64)]";2575;"Maquina 3: [1 (24), 36 (44), 39 (14), 29 (47), 17 (69), 49 (60), 31 (70), 30 (95)]";2290;"Maquina 4: [26 (28), 5 (15), 0 (40), 20 (60), 13 (43), 12 (85), 6 (45), 21 (95)]";1728;"Maquina 5: [47 (27), 34 (17), 15 (40), 16 (47), 33 (63), 40 (89), 45 (69), 23 (96)]";2367;"Maquina 6: [48 (19), 2 (30), 8 (52), 35 (88), 22 (59), 27 (68), 24 (94), 4 (69)]";2119
GREEDY;50;6;14394;0.0;1;"Maquina 1: [3 (4), 8 (41), 43 (23), 37 (51), 2 (43), 16 (73), 13 (58), 26 (84), 34 (93)]";2402;"Maquina 2: [32 (24), 20 (44), 30 (11), 9 (51), 29 (55), 36 (62), 18 (77), 12 (86)]";2139;"Maquina 3: [23 (17), 46 (51), 47 (65), 21 (25), 19 (79), 15 (58), 10 (39), 33 (92)]";2305;"Maquina 4: [31 (19), 5 (43), 7 (30), 49 (50), 6 (55), 14 (60), 39 (76), 0 (98), 1 (85)]";2792;"Maquina 5: [38 (67), 4 (45), 44 (84), 41 (30), 28 (58), 11 (21), 48 (54), 25 (93)]";2440;"Maquina 6: [45 (22), 22 (34), 17 (56), 27 (63), 40 (35), 35 (51), 42 (80), 24 (92)]";2316
GRASP;50;6;12927;1454.0;500;"Maquina 1: [11 (21), 29 (55), 41 (30), 32 (24), 49 (50), 14 (60), 39 (76), 33 (92)]";1818;"Maquina 2: [46 (51), 31 (19), 4 (45), 22 (34), 27 (63), 36 (62), 47 (65), 34 (93)]";2249;"Maquina 3: [45 (22), 3 (4), 8 (41), 23 (17), 35 (51), 13 (58), 2 (43), 18 (77), 24 (92)]";1903;"Maquina 4: [40 (35), 20 (44), 5 (43), 16 (73), 6 (55), 12 (86), 44 (84), 26 (84)]";2144;"Maquina 5: [43 (23), 37 (51), 30 (11), 9 (51), 7 (30), 19 (79), 1 (85), 38 (67)]";2000;"Maquina 6: [48 (54), 10 (39), 21 (25), 17 (56), 28 (58), 42 (80), 15 (58), 25 (93), 0 (98)]";2813
LNS;50;6;14132;47.0;500;"Maquina 1: [3 (4), 8 (41), 43 (23), 37 (51), 2 (43), 16 (73), 13 (58), 26 (84), 34 (93)]";2402;"Maquina 2: [30 (11), 20 (44), 32 (24), 36 (62), 29 (55), 9 (51), 18 (77), 12 (86)]";2069;"Maquina 3: [21 (25), 46 (51), 47 (65), 23 (17), 19 (79), 15 (58), 10 (39), 33 (92)]";2113;"Maquina 4: [31 (19), 5 (43), 7 (30), 49 (50), 6 (55), 14 (60), 39 (76), 0 (98), 1 (85)]";2792;"Maquina 5: [38 (67), 4 (45), 44 (84), 41 (30), 28 (58), 11 (21), 48 (54), 25 (93)]";2440;"Maquina 6: [45 (22), 22 (34), 17 (56), 27 (63), 40 (35), 35 (51), 42 (80), 24 (92)]";2316
TABÚ;50;6;13163;413.0;500;"Maquina 1: [45 (22), 3 (4), 48 (54), 18 (77), 22 (34), 17 (56), 49 (50), 1 (85), 24 (92)]";2194;"Maquina 2: [32 (24), 38 (67), 4 (45), 30 (11), 20 (44), 9 (51), 33 (92), 34 (93)]";1978;"Maquina 3: [2 (43), 21 (25), 46 (51), 31 (19), 40 (35), 35 (51), 42 (80), 27 (63)]";1747;"Maquina 4: [23 (17), 29 (55), 41 (30), 28 (58), 16 (73), 6 (55), 14 (60), 39 (76), 25 (93)]";2444;"Maquina 5: [43 (23), 37 (51), 15 (58), 47 (65), 10 (39), 26 (84), 0 (98), 12 (86)]";2642;"Maquina 6: [8 (41), 7 (30), 36 (62), 11 (21), 13 (58), 19 (79), 5 (43), 44 (84)]";2158
VNS;50;6;13341;20939.0;500;"Maquina 1: [8 (41), 43 (23), 37 (51), 2 (43), 16 (73), 26 (84), 18 (77), 24 (92)]";2357;"Maquina 2: [32 (24), 27 (63), 20 (44), 30 (11), 46 (51), 36 (62), 29 (55), 9 (51), 12 (86)]";2458;"Maquina 3: [3 (4), 21 (25), 47 (65), 23 (17), 19 (79), 48 (54), 10 (39), 35 (51), 33 (92)]";1936;"Maquina 4: [31 (19), 5 (43), 7 (30), 49 (50), 6 (55), 14 (60), 39 (76), 15 (58), 25 (93)]";2599;"Maquina 5: [38 (67), 4 (45), 40 (35), 41 (30), 28 (58), 11 (21), 0 (98), 1 (85)]";2220;"Maquina 6: [45 (22), 13 (58), 22 (34), 17 (56), 34 (93), 42 (80), 44 (84)]";1771
Multiarranque;50;6;13313;1609.0;500;"Maquina 1: [31 (19), 41 (30), 14 (60), 2 (43), 16 (73), 13 (58), 6 (55), 18 (77), 34 (93)]";2472;"Maquina 2: [4 (45), 40 (35), 46 (51), 38 (67), 45 (22), 22 (34), 17 (56), 28 (58), 33 (92)]";2468;"Maquina 3: [10 (39), 29 (55), 8 (41), 19 (79), 1 (85), 44 (84), 0 (98)]";2071;"Maquina 4: [11 (21), 43 (23), 5 (43), 48 (54), 30 (11), 9 (51), 12 (86), 42 (80)]";1945;"Maquina 5: [7 (30), 3 (4), 32 (24), 20 (44), 47 (65), 36 (62), 15 (58), 24 (92), 26 (84)]";2285;"Maquina 6: [23 (17), 35 (51), 21 (25), 37 (51), 49 (50), 27 (63), 39 (76), 25 (93)]";2072
GREEDY;50;6;12849;1.0;1;"Maquina 1: [2 (4), 49 (56), 43 (31), 0 (14), 35 (51), 3 (74), 45 (43), 5 (91)]";2174;"Maquina 2: [18 (48), 7 (14), 11 (10), 8 (23), 42 (69), 10 (53), 9 (79), 26 (37), 28 (94)]";2402;"Maquina 3: [23 (10), 6 (44), 39 (28), 40 (14), 33 (52), 36 (49), 31 (58), 41 (78), 27 (92)]";2219;"Maquina 4: [14 (12), 16 (17), 46 (53), 20 (65), 22 (42), 37 (27), 17 (50), 4 (81)]";1867;"Maquina 5: [24 (12), 34 (34), 12 (42), 1 (53), 38 (18), 47 (86), 25 (64), 48 (45)]";1880;"Maquina 6: [29 (21), 19 (28), 15 (43), 21 (51), 13 (78), 32 (55), 30 (13), 44 (92)]";2307
GRASP;50;6;10649;1460.0;500;"Maquina 1: [7 (14), 19 (28), 23 (10), 36 (49), 42 (69), 48 (45), 49 (56), 31 (58), 44 (92)]";2195;"Maquina 2: [24 (12), 8 (23), 11 (10), 12 (42), 45 (43), 22 (42), 25 (64), 1 (53), 5 (91)]";1710;"Maquina 3: [40 (14), 14 (12), 38 (18), 17 (50), 46 (53), 15 (43), 3 (74), 32 (55)]";1715;"Maquina 4: [39 (28), 29 (21), 35 (51), 6 (44), 10 (53), 9 (79), 41 (78), 47 (86)]";1984;"Maquina 5: [2 (4), 16 (17), 43 (31), 21 (51), 34 (34), 20 (65), 33 (52), 27 (92)]";1394;"Maquina 6: [30 (13), 26 (37), 13 (78), 37 (27), 0 (14), 28 (94), 18 (48), 4 (81)]";1651
LNS;50;6;12849;47.0;500;"Maquina 1: [2 (4), 49 (56), 43 (31), 0 (14), 35 (51), 3 (74), 45 (43), 5 (91)]";2174;"Maquina 2: [18 (48), 7 (14), 11 (10), 8 (23), 42 (69), 10 (53), 9 (79), 26 (37), 28 (94)]";2402;"Maquina 3: [23 (10), 6 (44), 39 (28), 40 (14), 33 (52), 36 (49), 31 (58), 41 (78), 27 (92)]";2219;"Maquina 4: [14 (12), 16 (17), 46 (53), 20 (65), 22 (42), 37 (27), 17 (50), 4 (81)]";1867;"Maquina 5: [24 (12), 34 (34), 12 (42), 1 (53), 38 (18), 47 (86), 25 (64), 48 (45)]";1880;"Maquina 6: [29 (21), 19 (28), 15 (43), 21 (51), 13 (78), 32 (55), 30 (13), 44 (92)]";2307
TABÚ;50;6;10593;431.0;500;"Maquina 1: [7 (14), 40 (14), 17 (50), 46 (53), 39 (28), 3 (74), 27 (92), 44 (92)]";1834;"Maquina 2: [43 (31), 14 (12), 19 (28), 0 (14), 22 (42), 8 (23), 42 (69), 9 (79)]";1300;"Maquina 3: [29 (21), 23 (10), 16 (17), 33 (52), 15 (43), 18 (48), 4 (81), 5 (91), 41 (78)]";1998;"Maquina 4: [34 (34), 38 (18), 30 (13), 45 (43), 35 (51), 25 (64), 49 (56), 13 (78)]";1555;"Maquina 5: [2 (4), 6 (44), 24 (12), 26 (37), 36 (49), 10 (53), 20 (65), 31 (58), 28 (94)]";2162;"Maquina 6: [11 (10), 21 (51), 37 (27), 48 (45), 32 (55), 12 (42), 1 (53), 47 (86)]";1744
VNS;50;6;10580;13158.0;500;"Maquina 1: [24 (12), 16 (17), 43 (31), 48 (45), 30 (13), 14 (12), 9 (79), 32 (55), 27 (92)]";1737;"Maquina 2: [0 (14), 21 (51), 7 (14), 19 (28), 8 (23), 42 (69), 25 (64), 49 (56)]";1579;"Maquina 3: [2 (4), 39 (28), 40 (14), 33 (52), 36 (49), 6 (44), 17 (50), 28 (94), 5 (91)]";1803;"Maquina 4: [26 (37), 20 (65), 22 (42), 37 (27), 38 (18), 47 (86), 31 (58), 45 (43)]";1890;"Maquina 5: [46 (53), 34 (34), 12 (42), 1 (53), 41 (78), 35 (51), 10 (53), 44 (92)]";2061;"Maquina 6: [23 (10), 29 (21), 11 (10), 15 (43), 18 (48), 4 (81), 13 (78), 3 (74)]";1510
Multiarranque;50;6;11086;1568.0;500;"Maquina 1: [14 (12), 34 (34), 2 (4), 26 (37), 13 (78), 22 (42), 47 (86)]";1347;"Maquina 2: [38 (18), 17 (50), 11 (10), 15 (43), 46 (53), 48 (45), 3 (74), 42 (69)]";1635;"Maquina 3: [24 (12), 16 (17), 33 (52), 23 (10), 45 (43), 29 (21), 6 (44), 35 (51), 4 (81), 44 (92)]";2203;"Maquina 4: [7 (14), 30 (13), 37 (27), 0 (14), 21 (51), 25 (64), 36 (49), 41 (78), 28 (94)]";1891;"Maquina 5: [39 (28), 19 (28), 10 (53), 27 (92), 43 (31), 12 (42), 9 (79), 5 (91)]";2162;"Maquina 6: [40 (14), 8 (23), 32 (55), 18 (48), 20 (65), 31 (58), 49 (56), 1 (53)]";1848
GREEDY;50;6;11570;0.0;1;"Maquina 1: [33 (1), 9 (20), 2 (36), 22 (72), 39 (53), 41 (60), 13 (46), 19 (88)]";1789;"Maquina 2: [30 (22), 31 (7), 12 (44), 48 (32), 29 (51), 14 (66), 23 (57), 0 (97), 6 (81)]";2079;"Maquina 3: [40 (12), 24 (51), 7 (56), 36 (40), 3 (28), 25 (64), 4 (79), 47 (92)]";1882;"Maquina 4: [49 (13), 1 (29), 17 (35), 11 (45), 16 (81), 38 (67), 34 (59), 43 (52), 18 (99)]";2233;"Maquina 5: [8 (14), 15 (29), 5 (56), 37 (49), 26 (37), 44 (60), 20 (91), 27 (76)]";1792;"Maquina 6: [46 (30), 21 (19), 10 (40), 35 (54), 28 (49), 42 (60), 32 (90), 45 (72)]";1795
GRASP;50;6;10733;1465.0;500;"Maquina 1: [21 (19), 30 (22), 48 (32), 11 (45), 20 (91), 3 (28), 41 (60), 19 (88), 22 (72)]";2059;"Maquina 2: [49 (13), 1 (29), 17 (35), 28 (49), 2 (36), 45 (72), 23 (57), 47 (92), 18 (99)]";2095;"Maquina 3: [40 (12), 12 (44), 27 (76), 13 (46), 29 (51), 34 (59), 6 (81), 0 (97)]";1893;"Maquina 4: [31 (7), 46 (30), 5 (56), 37 (49), 39 (53), 38 (67), 35 (54), 32 (90)]";1549;"Maquina 5: [9 (20), 10 (40), 33 (1), 7 (56), 42 (60), 25 (64), 24 (51), 16 (81)]";1535;"Maquina 6: [8 (14), 36 (40), 26 (37), 4 (79), 15 (29), 44 (60), 43 (52), 14 (66)]";1602
LNS;50;6;11570;49.0;500;"Maquina 1: [33 (1), 9 (20), 2 (36), 22 (72), 39 (53), 41 (60), 13 (46), 19 (88)]";1789;"Maquina 2: [30 (22), 31 (7), 12 (44), 48 (32), 29 (51), 14 (66), 23 (57), 0 (97), 6 (81)]";2079;"Maquina 3: [40 (12), 24 (51), 7 (56), 36 (40), 3 (28), 25 (64), 4 (79), 47 (92)]";1882;"Maquina 4: [49 (13), 1 (29), 17 (35), 11 (45), 16 (81), 38 (67), 34 (59), 43 (52), 18 (99)]";2233;"Maquina 5: [8 (14), 15 (29), 5 (56), 37 (49), 26 (37), 44 (60), 20 (91), 27 (76)]";1792;"Maquina 6: [46 (30), 21 (19), 10 (40), 35 (54), 28 (49), 42 (60), 32 (90), 45 (72)]";1795
TABÚ;50;6;10634;430.0;500;"Maquina 1: [2 (36), 11 (45), 46 (30), 5 (56), 38 (67), 7 (56), 19 (88), 27 (76)]";1821;"Maquina 2: [31 (7), 40 (12), 1 (29), 45 (72), 13 (46), 26 (37), 4 (79), 37 (49), 22 (72)]";1784;"Maquina 3: [33 (1), 3 (28), 34 (59), 43 (52), 44 (60), 39 (53), 36 (40), 20 (91), 32 (90)]";2141;"Maquina 4: [8 (14), 10 (40), 35 (54), 17 (35), 24 (51), 28 (49), 47 (92), 16 (81)]";1671;"Maquina 5: [48 (32), 21 (19), 30 (22), 12 (44), 25 (64), 41 (60), 6 (81), 0 (97)]";1613;"Maquina 6: [49 (13), 9 (20), 42 (60), 14 (66), 15 (29), 23 (57), 29 (51), 18 (99)]";1604
VNS;50;6;10699;18322.0;500;"Maquina 1: [49 (13), 9 (20), 2 (36), 22 (72), 41 (60), 13 (46), 47 (92), 18 (99)]";1642;"Maquina 2: [30 (22), 31 (7), 48 (32), 29 (51), 45 (72), 34 (59), 27 (76), 6 (81)]";1539;"Maquina 3: [40 (12), 11 (45), 39 (53), 7 (56), 36 (40), 35 (54), 4 (79), 19 (88)]";1749;"Maquina 4: [8 (14), 1 (29), 17 (35), 24 (51), 16 (81), 23 (57), 25 (64), 0 (97)]";1768;"Maquina 5: [33 (1), 15 (29), 12 (44), 5 (56), 37 (49), 26 (37), 44 (60), 20 (91), 38 (67)]";2030;"Maquina 6: [3 (28), 46 (30), 21 (19), 43 (52), 10 (40), 28 (49), 42 (60), 32 (90), 14 (66)]";1971
Multiarranque;50;6;10942;1573.0;500;"Maquina 1: [9 (20), 34 (59), 30 (22), 14 (66), 15 (29), 29 (51), 23 (57), 18 (99)]";1660;"Maquina 2: [49 (13), 1 (29), 13 (46), 26 (37), 10 (40), 0 (97), 7 (56), 39 (53), 38 (67)]";2082;"Maquina 3: [33 (1), 28 (49), 40 (12), 6 (81), 17 (35), 22 (72), 35 (54), 19 (88), 47 (92)]";1998;"Maquina 4: [31 (7), 46 (30), 24 (51), 37 (49), 44 (60), 4 (79), 36 (40), 20 (91)]";1677;"Maquina 5: [8 (14), 3 (28), 21 (19), 12 (44), 5 (56), 48 (32), 42 (60), 32 (90), 27 (76)]";1918;"Maquina 6: [43 (52), 2 (36), 11 (45), 25 (64), 41 (60), 45 (72), 16 (81)]";1607
GREEDY;50;6;11873;0.0;1;"Maquina 1: [29 (13), 48 (2), 16 (64), 40 (34), 6 (43), 19 (55), 32 (84), 11 (90)]";1771;"Maquina 2: [13 (3), 2 (19), 38 (56), 15 (36), 22 (68), 3 (87), 37 (49), 35 (92)]";1941;"Maquina 3: [47 (5), 14 (53), 41 (22), 25 (57), 43 (38), 39 (65), 12 (85), 4 (92)]";1847;"Maquina 4: [44 (7), 45 (22), 1 (59), 7 (34), 31 (42), 9 (55), 46 (79), 26 (94), 8 (90)]";2095;"Maquina 5: [36 (8), 33 (37), 5 (49), 42 (24), 49 (55), 17 (61), 27 (82), 10 (90), 0 (97)]";2288;"Maquina 6: [34 (50), 21 (27), 20 (9), 18 (57), 30 (89), 24 (42), 28 (73), 23 (93)]";1931
GRASP;50;6;10612;1463.0;500;"Maquina 1: [47 (5), 40 (34), 34 (50), 45 (22), 25 (57), 22 (68), 23 (93), 8 (90), 11 (90)]";2170;"Maquina 2: [29 (13), 13 (3), 6 (43), 42 (24), 49 (55), 0 (97), 30 (89), 3 (87), 32 (84)]";2077;"Maquina 3: [15 (36), 41 (22), 37 (49), 48 (2), 28 (73), 46 (79), 39 (65), 12 (85)]";1639;"Maquina 4: [20 (9), 36 (8), 14 (53), 33 (37), 38 (56), 19 (55), 1 (59), 4 (92)]";1391;"Maquina 5: [44 (7), 9 (55), 21 (27), 43 (38), 5 (49), 18 (57), 16 (64), 35 (92)]";1539;"Maquina 6: [2 (19), 7 (34), 31 (42), 24 (42), 17 (61), 27 (82), 10 (90), 26 (94)]";1796
LNS;50;6;11625;44.0;500;"Maquina 1: [29 (13), 48 (2), 16 (64), 6 (43), 40 (34), 19 (55), 32 (84), 11 (90)]";1748;"Maquina 2: [2 (19), 38 (56), 13 (3), 15 (36), 22 (68), 3 (87), 37 (49), 35 (92)]";1734;"Maquina 3: [47 (5), 14 (53), 41 (22), 25 (57), 43 (38), 39 (65), 12 (85), 4 (92)]";1847;"Maquina 4: [44 (7), 45 (22), 1 (59), 7 (34), 31 (42), 9 (55), 46 (79), 26 (94), 8 (90)]";2095;"Maquina 5: [36 (8), 33 (37), 5 (49), 49 (55), 42 (24), 17 (61), 27 (82), 10 (90), 0 (97)]";2270;"Maquina 6: [34 (50), 21 (27), 20 (9), 18 (57), 30 (89), 24 (42), 28 (73), 23 (93)]";1931
TABÚ;50;6;10306;418.0;500;"Maquina 1: [33 (37), 13 (3), 43 (38), 17 (61), 14 (53), 8 (90), 10 (90), 3 (87)]";1846;"Maquina 2: [20 (9), 15 (36), 41 (22), 24 (42), 40 (34), 34 (50), 35 (92), 27 (82), 11 (90)]";1812;"Maquina 3: [2 (19), 29 (13), 38 (56), 19 (55), 1 (59), 37 (49), 18 (57), 23 (93)]";1515;"Maquina 4: [47 (5), 45 (22), 9 (55), 49 (55), 22 (68), 30 (89), 39 (65), 46 (79)]";1757;"Maquina 5: [42 (24), 21 (27), 5 (49), 16 (64), 25 (57), 28 (73), 12 (85), 0 (97)]";1889;"Maquina 6: [48 (2), 44 (7), 6 (43), 36 (8), 31 (42), 7 (34), 32 (84), 4 (92), 26 (94)]";1487
VNS;50;6;10532;14454.0;500;"Maquina 1: [31 (42), 48 (2), 44 (7), 14 (53), 6 (43), 28 (73), 38 (56), 19 (55), 0 (97)]";1766;"Maquina 2: [13 (3), 15 (36), 22 (68), 30 (89), 3 (87), 5 (49), 46 (79)]";1546;"Maquina 3: [47 (5), 40 (34), 41 (22), 25 (57), 45 (22), 18 (57), 27 (82), 26 (94), 23 (93)]";1890;"Maquina 4: [2 (19), 29 (13), 1 (59), 7 (34), 9 (55), 32 (84), 11 (90), 8 (90)]";1687;"Maquina 5: [20 (9), 36 (8), 33 (37), 37 (49), 42 (24), 17 (61), 39 (65), 10 (90), 35 (92)]";1784;"Maquina 6: [34 (50), 21 (27), 43 (38), 49 (55), 24 (42), 16 (64), 12 (85), 4 (92)]";1859
Multiarranque;50;6;10846;1566.0;500;"Maquina 1: [36 (8), 41 (22), 25 (57), 31 (42), 34 (50), 21 (27), 49 (55), 32 (84), 26 (94)]";1954;"Maquina 2: [44 (7), 43 (38), 16 (64), 20 (9), 37 (49), 5 (49), 46 (79), 17 (61), 27 (82)]";1890;"Maquina 3: [29 (13), 24 (42), 38 (56), 30 (89), 8 (90), 10 (90), 4 (92)]";1682;"Maquina 4: [15 (36), 48 (2), 28 (73), 9 (55), 33 (37), 39 (65), 3 (87), 22 (68)]";1781;"Maquina 5: [47 (5), 42 (24), 1 (59), 2 (19), 7 (34), 40 (34), 14 (53), 11 (90), 0 (97)]";1686;"Maquina 6: [13 (3), 6 (43), 23 (93), 45 (22), 19 (55), 18 (57), 35 (92), 12 (85)]";1853
GREEDY;50;6;10791;0.0;1;"Maquina 1: [6 (9), 16 (1), 29 (42), 1 (21), 47 (53), 21 (64), 31 (94), 14 (74), 34 (99)]";2032;"Maquina 2: [22 (9), 26 (2), 18 (32), 3 (48), 36 (70), 12 (84), 5 (59), 46 (97)]";1758;"Maquina 3: [24 (9), 35 (2), 19 (44), 9 (28), 7 (54), 17 (65), 20 (95), 39 (76)]";1606;"Maquina 4: [8 (3), 48 (9), 25 (20), 32 (33), 10 (71), 42 (62), 45 (48), 30 (99), 11 (90)]";1976;"Maquina 5: [15 (11), 27 (32), 38 (6), 33 (61), 37 (96), 23 (47), 44 (68), 40 (79)]";1599;"Maquina 6: [4 (15), 49 (6), 41 (61), 43 (28), 0 (70), 13 (46), 28 (80), 2 (99)]";1820
GRASP;50;6;9373;1441.0;500;"Maquina 1: [16 (1), 33 (61), 22 (9), 27 (32), 3 (48), 0 (70), 2 (99), 34 (99)]";1547;"Maquina 2: [35 (2), 48 (9), 4 (15), 29 (42), 43 (28), 36 (70), 14 (74), 12 (84), 11 (90)]";1522;"Maquina 3: [15 (11), 8 (3), 6 (9), 13 (46), 21 (64), 17 (65), 7 (54), 31 (94), 28 (80)]";1773;"Maquina 4: [25 (20), 38 (6), 1 (21), 42 (62), 23 (47), 44 (68), 39 (76), 37 (96)]";1569;"Maquina 5: [49 (6), 32 (33), 9 (28), 45 (48), 5 (59), 41 (61), 20 (95), 40 (79)]";1554;"Maquina 6: [26 (2), 24 (9), 19 (44), 18 (32), 47 (53), 10 (71), 30 (99), 46 (97)]";1408
LNS;50;6;10544;49.0;500;"Maquina 1: [6 (9), 16 (1), 29 (42), 1 (21), 47 (53), 21 (64), 31 (94), 14 (74), 34 (99)]";2032;"Maquina 2: [22 (9), 26 (2), 18 (32), 3 (48), 36 (70), 12 (84), 5 (59), 46 (97)]";1758;"Maquina 3: [35 (2), 19 (44), 24 (9), 9 (28), 7 (54), 17 (65), 20 (95), 39 (76)]";1426;"Maquina 4: [25 (20), 48 (9), 8 (3), 32 (33), 10 (71), 30 (99), 45 (48), 42 (62), 11 (90)]";1909;"Maquina 5: [15 (11), 27 (32), 38 (6), 33 (61), 37 (96), 23 (47), 44 (68), 40 (79)]";1599;"Maquina 6: [4 (15), 49 (6), 41 (61), 43 (28), 0 (70), 13 (46), 28 (80), 2 (99)]";1820
TABÚ;50;6;9554;416.0;500;"Maquina 1: [8 (3), 6 (9), 23 (47), 43 (28), 36 (70), 0 (70), 17 (65), 20 (95)]";1426;"Maquina 2: [26 (2), 16 (1), 32 (33), 9 (28), 47 (53), 29 (42), 40 (79), 5 (59), 46 (97)]";1503;"Maquina 3: [25 (20), 38 (6), 1 (21), 7 (54), 11 (90), 14 (74), 41 (61), 34 (99)]";1682;"Maquina 4: [35 (2), 15 (11), 33 (61), 21 (64), 42 (62), 3 (48), 31 (94), 28 (80)]";1703;"Maquina 5: [4 (15), 49 (6), 44 (68), 18 (32), 45 (48), 30 (99), 10 (71), 2 (99)]";1628;"Maquina 6: [48 (9), 24 (9), 22 (9), 27 (32), 13 (46), 19 (44), 37 (96), 39 (76), 12 (84)]";1612
VNS;50;6;9433;13682.0;500;"Maquina 1: [24 (9), 1 (21), 9 (28), 47 (53), 23 (47), 44 (68), 39 (76), 11 (90)]";1434;"Maquina 2: [6 (9), 16 (1), 41 (61), 26 (2), 18 (32), 43 (28), 36 (70), 0 (70), 12 (84), 46 (97)]";1820;"Maquina 3: [8 (3), 3 (48), 19 (44), 45 (48), 29 (42), 14 (74), 20 (95), 28 (80)]";1745;"Maquina 4: [25 (20), 32 (33), 15 (11), 10 (71), 42 (62), 7 (54), 31 (94)]";1265;"Maquina 5: [35 (2), 48 (9), 27 (32), 38 (6), 33 (61), 37 (96), 17 (65), 40 (79), 34 (99)]";1719;"Maquina 6: [4 (15), 49 (6), 22 (9), 21 (64), 13 (46), 5 (59), 2 (99), 30 (99)]";1450
Multiarranque;50;6;9852;1567.0;500;"Maquina 1: [8 (3), 29 (42), 42 (62), 46 (97), 34 (99), 11 (90), 30 (99)]";1782;"Maquina 2: [35 (2), 48 (9), 26 (2), 16 (1), 24 (9), 3 (48), 38 (6), 13 (46), 5 (59), 0 (70), 36 (70)]";1510;"Maquina 3: [15 (11), 6 (9), 18 (32), 43 (28), 1 (21), 40 (79), 33 (61), 21 (64), 39 (76)]";1529;"Maquina 4: [9 (28), 49 (6), 44 (68), 4 (15), 10 (71), 28 (80), 19 (44), 31 (94)]";1667;"Maquina 5: [25 (20), 32 (33), 23 (47), 47 (53), 7 (54), 37 (96), 20 (95)]";1366;"Maquina 6: [27 (32), 41 (61), 22 (9), 14 (74), 45 (48), 12 (84), 17 (65), 2 (99)]";1998
GREEDY;50;6;12626;0.0;1;"Maquina 1: [47 (2), 15 (30), 48 (60), 17 (17), 23 (51), 37 (72), 19 (80), 46 (97), 8 (89)]";2404;"Maquina 2: [25 (4), 16 (41), 43 (17), 9 (53), 40 (90), 27 (81), 34 (61), 26 (94), 2 (73)]";2341;"Maquina 3: [10 (7), 39 (21), 1 (38), 32 (57), 42 (62), 24 (91), 6 (74), 12 (84)]";1896;"Maquina 4: [5 (44), 45 (8), 28 (75), 20 (24), 11 (70), 13 (59), 49 (92), 14 (88)]";2071;"Maquina 5: [29 (24), 7 (15), 41 (49), 4 (68), 44 (76), 31 (59), 3 (92), 18 (87)]";1965;"Maquina 6: [0 (27), 38 (15), 33 (42), 35 (84), 36 (65), 21 (74), 30 (91), 22 (58)]";1949
GRASP;50;6;11592;1444.0;500;"Maquina 1: [38 (15), 43 (17), 16 (41), 10 (7), 13 (59), 40 (90), 37 (72), 2 (73), 26 (94)]";1920;"Maquina 2: [0 (27), 20 (24), 4 (68), 35 (84), 41 (49), 18 (87), 6 (74), 44 (76)]";2142;"Maquina 3: [5 (44), 45 (8), 39 (21), 11 (70), 34 (61), 22 (58), 12 (84), 30 (91), 46 (97)]";2304;"Maquina 4: [7 (15), 33 (42), 32 (57), 15 (30), 48 (60), 36 (65), 21 (74), 24 (91)]";1769;"Maquina 5: [47 (2), 29 (24), 27 (81), 31 (59), 9 (53), 8 (89), 42 (62), 49 (92)]";1820;"Maquina 6: [25 (4), 17 (17), 1 (38), 19 (80), 23 (51), 28 (75), 14 (88), 3 (92)]";1637
LNS;50;6;12626;52.0;500;"Maquina 1: [47 (2), 15 (30), 48 (60), 17 (17), 23 (51), 37 (72), 19 (80), 46 (97), 8 (89)]";2404;"Maquina 2: [25 (4), 16 (41), 43 (17), 9 (53), 40 (90), 27 (81), 34 (61), 26 (94), 2 (73)]";2341;"Maquina 3: [10 (7), 39 (21), 1 (38), 32 (57), 42 (62), 24 (91), 6 (74), 12 (84)]";1896;"Maquina 4: [5 (44), 45 (8), 28 (75), 20 (24), 11 (70), 13 (59), 49 (92), 14 (88)]";2071;"Maquina 5: [29 (24), 7 (15), 41 (49), 4 (68), 44 (76), 31 (59), 3 (92), 18 (87)]";1965;"Maquina 6: [0 (27), 38 (15), 33 (42), 35 (84), 36 (65), 21 (74), 30 (91), 22 (58)]";1949
TABÚ;50;6;11685;410.0;500;"Maquina 1: [10 (7), 39 (21), 11 (70), 0 (27), 31 (59), 9 (53), 44 (76), 26 (94), 12 (84)]";2220;"Maquina 2: [20 (24), 43 (17), 33 (42), 41 (49), 4 (68), 35 (84), 3 (92), 18 (87)]";1744;"Maquina 3: [45 (8), 47 (2), 5 (44), 42 (62), 28 (75), 36 (65), 21 (74), 14 (88)]";1610;"Maquina 4: [25 (4), 34 (61), 38 (15), 23 (51), 29 (24), 48 (60), 19 (80), 49 (92), 30 (91)]";2081;"Maquina 5: [15 (30), 7 (15), 13 (59), 40 (90), 2 (73), 27 (81), 22 (58), 46 (97)]";2108;"Maquina 6: [17 (17), 1 (38), 37 (72), 16 (41), 32 (57), 24 (91), 6 (74), 8 (89)]";1922
VNS;50;6;11435;17137.0;500;"Maquina 1: [15 (30), 48 (60), 29 (24), 23 (51), 28 (75), 19 (80), 24 (91), 21 (74)]";2094;"Maquina 2: [25 (4), 16 (41), 47 (2), 43 (17), 31 (59), 9 (53), 40 (90), 2 (73), 35 (84), 8 (89)]";2222;"Maquina 3: [39 (21), 13 (59), 1 (38), 22 (58), 32 (57), 27 (81), 6 (74), 18 (87)]";1952;"Maquina 4: [5 (44), 45 (8), 42 (62), 34 (61), 11 (70), 30 (91), 46 (97)]";1589;"Maquina 5: [0 (27), 7 (15), 41 (49), 4 (68), 44 (76), 3 (92), 12 (84), 26 (94)]";1919;"Maquina 6: [17 (17), 38 (15), 10 (7), 33 (42), 20 (24), 37 (72), 36 (65), 14 (88), 49 (92)]";1659
Multiarranque;50;6;11772;1600.0;500;"Maquina 1: [47 (2), 25 (4), 23 (51), 0 (27), 42 (62), 33 (42), 12 (84), 14 (88), 3 (92)]";1955;"Maquina 2: [7 (15), 20 (24), 31 (59), 9 (53), 4 (68), 44 (76), 26 (94), 8 (89)]";1941;"Maquina 3: [45 (8), 39 (21), 13 (59), 5 (44), 30 (91), 36 (65), 27 (81), 6 (74), 46 (97)]";2292;"Maquina 4: [43 (17), 17 (17), 16 (41), 32 (57), 34 (61), 18 (87), 28 (75), 21 (74)]";1732;"Maquina 5: [38 (15), 1 (38), 35 (84), 15 (30), 48 (60), 19 (80), 49 (92), 37 (72)]";1917;"Maquina 6: [10 (7), 29 (24), 11 (70), 22 (58), 2 (73), 41 (49), 40 (90), 24 (91)]";1935
GREEDY;50;6;10074;1.0;1;"Maquina 1: [11 (1), 30 (9), 14 (23), 44 (43), 10 (30), 27 (77), 29 (70), 40 (60), 26 (97)]";1903;"Maquina 2: [48 (9), 6 (2), 31 (17), 32 (58), 20 (29), 46 (69), 15 (77), 41 (39), 17 (97)]";1829;"Maquina 3: [35 (12), 45 (6), 36 (26), 7 (33), 12 (54), 37 (69), 39 (90), 9 (77)]";1641;"Maquina 4: [2 (7), 3 (14), 21 (25), 23 (84), 13 (50), 24 (31), 43 (75), 0 (69)]";1621;"Maquina 5: [28 (16), 42 (8), 5 (48), 16 (24), 49 (30), 25 (72), 19 (62), 22 (79)]";1534;"Maquina 6: [47 (8), 1 (17), 33 (25), 34 (32), 38 (53), 18 (82), 8 (68), 4 (74)]";1546
GRASP;50;6;8853;1477.0;500;"Maquina 1: [45 (6), 6 (2), 32 (58), 49 (30), 40 (60), 34 (32), 0 (69), 37 (69), 39 (90)]";1723;"Maquina 2: [21 (25), 3 (14), 38 (53), 29 (70), 2 (7), 24 (31), 19 (62), 9 (77)]";1440;"Maquina 3: [12 (54), 16 (24), 41 (39), 47 (8), 31 (17), 4 (74), 17 (97), 43 (75)]";1514;"Maquina 4: [30 (9), 35 (12), 44 (43), 36 (26), 33 (25), 15 (77), 27 (77), 23 (84)]";1328;"Maquina 5: [28 (16), 42 (8), 20 (29), 7 (33), 8 (68), 10 (30), 18 (82), 26 (97)]";1241;"Maquina 6: [48 (9), 1 (17), 14 (23), 5 (48), 11 (1), 46 (69), 13 (50), 25 (72), 22 (79)]";1607
LNS;50;6;10069;48.0;500;"Maquina 1: [11 (1), 30 (9), 40 (60), 44 (43), 10 (30), 27 (77), 29 (70), 14 (23), 26 (97)]";1900;"Maquina 2: [48 (9), 6 (2), 31 (17), 32 (58), 20 (29), 46 (69), 15 (77), 41 (39), 17 (97)]";1829;"Maquina 3: [35 (12), 36 (26), 45 (6), 7 (33), 12 (54), 37 (69), 39 (90), 9 (77)]";1639;"Maquina 4: [2 (7), 3 (14), 21 (25), 23 (84), 13 (50), 24 (31), 43 (75), 0 (69)]";1621;"Maquina 5: [28 (16), 42 (8), 5 (48), 16 (24), 49 (30), 25 (72), 19 (62), 22 (79)]";1534;"Maquina 6: [47 (8), 1 (17), 33 (25), 34 (32), 38 (53), 18 (82), 8 (68), 4 (74)]";1546
TABÚ;50;6;8699;425.0;500;"Maquina 1: [45 (6), 6 (2), 3 (14), 20 (29), 16 (24), 7 (33), 23 (84), 15 (77), 9 (77)]";1328;"Maquina 2: [2 (7), 35 (12), 40 (60), 5 (48), 24 (31), 29 (70), 37 (69), 39 (90)]";1489;"Maquina 3: [42 (8), 36 (26), 44 (43), 33 (25), 21 (25), 43 (75), 46 (69), 17 (97)]";1384;"Maquina 4: [11 (1), 28 (16), 1 (17), 12 (54), 38 (53), 25 (72), 32 (58), 4 (74)]";1408;"Maquina 5: [47 (8), 31 (17), 30 (9), 19 (62), 41 (39), 34 (32), 0 (69), 8 (68), 26 (97)]";1515;"Maquina 6: [48 (9), 49 (30), 14 (23), 10 (30), 18 (82), 13 (50), 22 (79), 27 (77)]";1575
VNS;50;6;8490;13417.0;500;"Maquina 1: [3 (14), 30 (9), 35 (12), 44 (43), 38 (53), 29 (70), 40 (60), 39 (90)]";1220;"Maquina 2: [48 (9), 6 (2), 32 (58), 14 (23), 20 (29), 43 (75), 46 (69), 27 (77)]";1298;"Maquina 3: [47 (8), 45 (6), 31 (17), 7 (33), 12 (54), 37 (69), 23 (84), 26 (97)]";1247;"Maquina 4: [11 (1), 49 (30), 36 (26), 21 (25), 18 (82), 13 (50), 24 (31), 19 (62), 9 (77)]";1659;"Maquina 5: [28 (16), 42 (8), 34 (32), 16 (24), 10 (30), 15 (77), 25 (72), 22 (79), 17 (97)]";1725;"Maquina 6: [2 (7), 1 (17), 33 (25), 41 (39), 0 (69), 5 (48), 8 (68), 4 (74)]";1341
Multiarranque;50;6;9061;1724.0;500;"Maquina 1: [6 (2), 48 (9), 49 (30), 16 (24), 41 (39), 19 (62), 18 (82), 4 (74)]";1253;"Maquina 2: [11 (1), 2 (7), 1 (17), 44 (43), 10 (30), 27 (77), 13 (50), 43 (75), 26 (97)]";1529;"Maquina 3: [14 (23), 45 (6), 3 (14), 39 (90), 34 (32), 37 (69), 12 (54), 15 (77)]";1582;"Maquina 4: [28 (16), 42 (8), 36 (26), 33 (25), 25 (72), 5 (48), 40 (60), 17 (97), 22 (79)]";1844;"Maquina 5: [47 (8), 35 (12), 38 (53), 24 (31), 29 (70), 21 (25), 8 (68), 0 (69)]";1337;"Maquina 6: [31 (17), 30 (9), 32 (58), 20 (29), 7 (33), 23 (84), 46 (69), 9 (77)]";1516
GREEDY;50;6;13987;0.0;1;"Maquina 1: [3 (6), 6 (59), 29 (17), 22 (29), 24 (47), 39 (91), 18 (64), 7 (81)]";2022;"Maquina 2: [37 (8), 48 (17), 12 (28), 45 (39), 14 (54), 20 (73), 35 (83), 21 (94), 38 (61)]";2638;"Maquina 3: [44 (10), 23 (46), 28 (36), 40 (21), 32 (57), 31 (70), 5 (82), 0 (92)]";2354;"Maquina 4: [19 (29), 1 (14), 34 (24), 46 (42), 47 (94), 25 (57), 9 (62), 13 (75), 16 (85)]";2605;"Maquina 5: [49 (16), 30 (93), 11 (25), 42 (71), 10 (29), 2 (83), 43 (46), 41 (57)]";2369;"Maquina 6: [26 (25), 15 (39), 33 (59), 8 (17), 17 (67), 4 (80), 36 (47), 27 (87)]";1999
GRASP;50;6;11716;1511.0;500;"Maquina 1: [40 (21), 15 (39), 29 (17), 33 (59), 25 (57), 3 (6), 35 (83), 38 (61), 16 (85)]";2008;"Maquina 2: [11 (25), 2 (83), 26 (25), 45 (39), 36 (47), 9 (62), 41 (57), 0 (92)]";2119;"Maquina 3: [37 (8), 43 (46), 19 (29), 31 (70), 46 (42), 47 (94), 17 (67), 39 (91)]";1809;"Maquina 4: [44 (10), 49 (16), 23 (46), 28 (36), 18 (64), 34 (24), 7 (81), 32 (57), 27 (87)]";1995;"Maquina 5: [1 (14), 12 (28), 42 (71), 24 (47), 6 (59), 48 (17), 13 (75), 5 (82)]";1865;"Maquina 6: [22 (29), 10 (29), 14 (54), 20 (73), 8 (17), 4 (80), 30 (93), 21 (94)]";1920
LNS;50;6;13987;45.0;500;"Maquina 1: [3 (6), 6 (59), 29 (17), 22 (29), 24 (47), 39 (91), 18 (64), 7 (81)]";2022;"Maquina 2: [37 (8), 48 (17), 12 (28), 45 (39), 14 (54), 20 (73), 35 (83), 21 (94), 38 (61)]";2638;"Maquina 3: [44 (10), 23 (46), 28 (36), 40 (21), 32 (57), 31 (70), 5 (82), 0 (92)]";2354;"Maquina 4: [19 (29), 1 (14), 34 (24), 46 (42), 47 (94), 25 (57), 9 (62), 13 (75), 16 (85)]";2605;"Maquina 5: [49 (16), 30 (93), 11 (25), 42 (71), 10 (29), 2 (83), 43 (46), 41 (57)]";2369;"Maquina 6: [26 (25), 15 (39), 33 (59), 8 (17), 17 (67), 4 (80), 36 (47), 27 (87)]";1999
TABÚ;50;6;12044;414.0;500;"Maquina 1: [19 (29), 37 (8), 40 (21), 25 (57), 23 (46), 17 (67), 10 (29), 5 (82), 21 (94)]";2274;"Maquina 2: [3 (6), 15 (39), 24 (47), 41 (57), 29 (17), 6 (59), 7 (81), 0 (92)]";1597;"Maquina 3: [8 (17), 22 (29), 26 (25), 9 (62), 30 (93), 14 (54), 35 (83), 47 (94)]";2055;"Maquina 4: [1 (14), 49 (16), 12 (28), 36 (47), 18 (64), 31 (70), 16 (85), 42 (71), 2 (83)]";2334;"Maquina 5: [44 (10), 28 (36), 34 (24), 32 (57), 46 (42), 38 (61), 33 (59), 27 (87)]";1854;"Maquina 6: [11 (25), 45 (39), 48 (17), 43 (46), 4 (80), 20 (73), 13 (75), 39 (91)]";1930
VNS;50;6;12371;17132.0;500;"Maquina 1: [3 (6), 6 (59), 29 (17), 10 (29), 39 (91), 18 (64), 7 (81), 5 (82)]";1917;"Maquina 2: [37 (8), 48 (17), 12 (28), 0 (92), 45 (39), 28 (36), 14 (54), 20 (73), 16 (85)]";2216;"Maquina 3: [46 (42), 44 (10), 32 (57), 27 (87), 2 (83), 38 (61), 31 (70)]";1659;"Maquina 4: [19 (29), 1 (14), 34 (24), 40 (21), 25 (57), 9 (62), 23 (46), 13 (75), 35 (83)]";2315;"Maquina 5: [36 (47), 49 (16), 11 (25), 42 (71), 24 (47), 41 (57), 30 (93), 43 (46), 21 (94)]";2556;"Maquina 6: [22 (29), 26 (25), 15 (39), 33 (59), 8 (17), 47 (94), 17 (67), 4 (80)]";1708
Multiarranque;50;6;12324;1573.0;500;"Maquina 1: [3 (6), 8 (17), 28 (36), 14 (54), 19 (29), 31 (70), 46 (42), 21 (94), 17 (67)]";2030;"Maquina 2: [37 (8), 44 (10), 25 (57), 36 (47), 11 (25), 10 (29), 13 (75), 2 (83), 20 (73)]";1927;"Maquina 3: [12 (28), 26 (25), 22 (29), 23 (46), 29 (17), 33 (59), 27 (87), 7 (81)]";1863;"Maquina 4: [45 (39), 48 (17), 43 (46), 6 (59), 32 (57), 35 (83), 47 (94), 30 (93)]";2165;"Maquina 5: [40 (21), 15 (39), 38 (61), 49 (16), 4 (80), 41 (57), 0 (92), 5 (82)]";2009;"Maquina 6: [9 (62), 1 (14), 18 (64), 34 (24), 42 (71), 24 (47), 39 (91), 16 (85)]";2330
GREEDY;50;6;12515;1.0;1;"Maquina 1: [17 (1), 16 (12), 11 (36), 2 (29), 47 (43), 19 (73), 31 (90), 8 (56), 20 (80)]";1884;"Maquina 2: [18 (12), 21 (2), 34 (41), 45 (62), 36 (46), 14 (95), 9 (87), 23 (76)]";2002;"Maquina 3: [5 (3), 29 (12), 46 (34), 7 (42), 6 (56), 24 (71), 35 (89), 27 (79), 1 (97)]";2489;"Maquina 4: [12 (35), 39 (3), 40 (18), 28 (50), 41 (76), 4 (61), 0 (86), 37 (91)]";1916;"Maquina 5: [26 (24), 42 (3), 30 (48), 3 (39), 49 (58), 15 (72), 43 (80), 38 (91)]";2044;"Maquina 6: [48 (41), 13 (5), 32 (53), 10 (25), 25 (70), 22 (79), 44 (96), 33 (88)]";2180
GRASP;50;6;10958;1442.0;500;"Maquina 1: [40 (18), 28 (50), 21 (2), 34 (41), 48 (41), 27 (79), 4 (61), 0 (86), 44 (96)]";2078;"Maquina 2: [17 (1), 39 (3), 47 (43), 31 (90), 32 (53), 20 (80), 9 (87), 41 (76)]";1715;"Maquina 3: [36 (46), 5 (3), 46 (34), 30 (48), 23 (76), 43 (80), 1 (97), 19 (73)]";1912;"Maquina 4: [26 (24), 29 (12), 10 (25), 45 (62), 7 (42), 25 (70), 22 (79), 37 (91), 33 (88)]";2139;"Maquina 5: [18 (12), 42 (3), 6 (56), 11 (36), 2 (29), 8 (56), 38 (91), 49 (58)]";1436;"Maquina 6: [13 (5), 16 (12), 3 (39), 24 (71), 12 (35), 35 (89), 14 (95), 15 (72)]";1678
LNS;50;6;12368;52.0;500;"Maquina 1: [17 (1), 16 (12), 11 (36), 2 (29), 47 (43), 19 (73), 31 (90), 8 (56), 20 (80)]";1884;"Maquina 2: [18 (12), 21 (2), 34 (41), 45 (62), 36 (46), 14 (95), 9 (87), 23 (76)]";2002;"Maquina 3: [5 (3), 29 (12), 46 (34), 7 (42), 6 (56), 24 (71), 35 (89), 27 (79), 1 (97)]";2489;"Maquina 4: [12 (35), 40 (18), 39 (3), 28 (50), 41 (76), 4 (61), 0 (86), 37 (91)]";1769;"Maquina 5: [26 (24), 42 (3), 30 (48), 3 (39), 49 (58), 15 (72), 43 (80), 38 (91)]";2044;"Maquina 6: [48 (41), 13 (5), 32 (53), 10 (25), 25 (70), 22 (79), 44 (96), 33 (88)]";2180
TABÚ;50;6;11441;411.0;500;"Maquina 1: [16 (12), 21 (2), 12 (35), 47 (43), 35 (89), 28 (50), 20 (80), 37 (91), 44 (96)]";2186;"Maquina 2: [26 (24), 29 (12), 34 (41), 40 (18), 8 (56), 25 (70), 31 (90), 33 (88), 43 (80)]";2068;"Maquina 3: [7 (42), 6 (56), 3 (39), 45 (62), 10 (25), 15 (72), 22 (79), 23 (76)]";2155;"Maquina 4: [42 (3), 39 (3), 17 (1), 36 (46), 24 (71), 4 (61), 27 (79), 1 (97)]";1561;"Maquina 5: [5 (3), 18 (12), 49 (58), 2 (29), 11 (36), 41 (76), 9 (87), 38 (91)]";1559;"Maquina 6: [30 (48), 46 (34), 48 (41), 13 (5), 32 (53), 19 (73), 0 (86), 14 (95)]";1912
VNS;50;6;10844;19715.0;500;"Maquina 1: [17 (1), 16 (12), 21 (2), 11 (36), 2 (29), 47 (43), 19 (73), 31 (90), 8 (56), 33 (88)]";1981;"Maquina 2: [5 (3), 18 (12), 48 (41), 34 (41), 45 (62), 14 (95), 9 (87), 38 (91)]";1558;"Maquina 3: [29 (12), 36 (46), 6 (56), 7 (42), 24 (71), 35 (89), 43 (80)]";1550;"Maquina 4: [26 (24), 12 (35), 40 (18), 28 (50), 41 (76), 4 (61), 23 (76), 1 (97)]";1906;"Maquina 5: [39 (3), 42 (3), 46 (34), 30 (48), 3 (39), 49 (58), 15 (72), 0 (86), 44 (96)]";1822;"Maquina 6: [13 (5), 32 (53), 10 (25), 25 (70), 22 (79), 27 (79), 20 (80), 37 (91)]";2027
Multiarranque;50;6;11996;1570.0;500;"Maquina 1: [17 (1), 16 (12), 11 (36), 2 (29), 47 (43), 19 (73), 31 (90), 8 (56), 20 (80)]";1884;"Maquina 2: [18 (12), 48 (41), 34 (41), 45 (62), 36 (46), 14 (95), 9 (87), 23 (76)]";1928;"Maquina 3: [5 (3), 29 (12), 46 (34), 7 (42), 6 (56), 24 (71), 35 (89), 27 (79), 1 (97)]";2489;"Maquina 4: [12 (35), 40 (18), 39 (3), 28 (50), 41 (76), 4 (61), 0 (86), 37 (91)]";1769;"Maquina 5: [26 (24), 42 (3), 30 (48), 3 (39), 49 (58), 15 (72), 43 (80), 38 (91)]";2044;"Maquina 6: [21 (2), 13 (5), 32 (53), 10 (25), 25 (70), 22 (79), 44 (96), 33 (88)]";1882
