GREEDY;40;2;16721;1.0;1;"Maquina 1: [37 (15), 36 (6), 26 (2), 9 (12), 25 (19), 23 (32), 1 (58), 38 (34), 5 (29), 22 (33), 16 (23), 21 (63), 13 (44), 27 (74), 24 (89), 15 (43), 12 (83), 20 (92), 33 (98), 7 (94)]";8022;"Maquina 2: [28 (25), 11 (7), 35 (6), 2 (34), 4 (19), 32 (21), 18 (30), 17 (13), 10 (36), 34 (32), 19 (43), 3 (61), 8 (51), 31 (86), 14 (79), 39 (91), 29 (66), 6 (94), 0 (97), 30 (99)]";8699
GRASP;40;2;16762;499.0;500;"Maquina 1: [16 (23), 37 (15), 36 (6), 26 (2), 38 (34), 34 (32), 25 (19), 28 (25), 2 (34), 13 (44), 11 (7), 29 (66), 23 (32), 21 (63), 8 (51), 6 (94), 3 (61), 14 (79), 39 (91), 24 (89), 0 (97)]";8342;"Maquina 2: [35 (6), 4 (19), 9 (12), 22 (33), 17 (13), 32 (21), 18 (30), 19 (43), 15 (43), 5 (29), 31 (86), 10 (36), 33 (98), 27 (74), 7 (94), 12 (83), 1 (58), 20 (92), 30 (99)]";8420
LNS;40;2;16687;81.0;500;"Maquina 1: [37 (15), 36 (6), 26 (2), 9 (12), 25 (19), 23 (32), 1 (58), 38 (34), 5 (29), 22 (33), 16 (23), 21 (63), 13 (44), 27 (74), 33 (98), 15 (43), 12 (83), 20 (92), 24 (89), 7 (94)]";7988;"Maquina 2: [28 (25), 11 (7), 35 (6), 2 (34), 4 (19), 32 (21), 18 (30), 17 (13), 10 (36), 34 (32), 19 (43), 3 (61), 8 (51), 31 (86), 14 (79), 39 (91), 29 (66), 6 (94), 0 (97), 30 (99)]";8699
TABÚ;40;2;16601;139.0;500;"Maquina 1: [25 (19), 37 (15), 26 (2), 38 (34), 28 (25), 11 (7), 35 (6), 2 (34), 4 (19), 10 (36), 23 (32), 19 (43), 3 (61), 8 (51), 14 (79), 39 (91), 6 (94), 31 (86), 20 (92), 0 (97), 30 (99)]";8550;"Maquina 2: [36 (6), 16 (23), 5 (29), 32 (21), 15 (43), 9 (12), 34 (32), 27 (74), 22 (33), 17 (13), 1 (58), 18 (30), 13 (44), 24 (89), 21 (63), 12 (83), 33 (98), 7 (94), 29 (66)]";8051
VNS;40;2;16191;12061.0;500;"Maquina 1: [25 (19), 37 (15), 36 (6), 26 (2), 9 (12), 34 (32), 1 (58), 38 (34), 5 (29), 22 (33), 16 (23), 21 (63), 13 (44), 27 (74), 33 (98), 15 (43), 12 (83), 20 (92), 24 (89), 39 (91)]";7883;"Maquina 2: [28 (25), 11 (7), 35 (6), 2 (34), 4 (19), 32 (21), 18 (30), 17 (13), 10 (36), 23 (32), 19 (43), 3 (61), 8 (51), 31 (86), 14 (79), 7 (94), 29 (66), 6 (94), 0 (97), 30 (99)]";8308
Multiarranque;40;2;16140;785.0;500;"Maquina 1: [37 (15), 36 (6), 26 (2), 9 (12), 34 (32), 25 (19), 1 (58), 38 (34), 5 (29), 22 (33), 16 (23), 21 (63), 13 (44), 27 (74), 33 (98), 15 (43), 12 (83), 20 (92), 24 (89), 7 (94)]";7786;"Maquina 2: [28 (25), 11 (7), 35 (6), 2 (34), 4 (19), 32 (21), 18 (30), 17 (13), 10 (36), 23 (32), 19 (43), 3 (61), 8 (51), 31 (86), 14 (79), 39 (91), 29 (66), 6 (94), 0 (97), 30 (99)]";8354
GREEDY;40;2;19956;1.0;1;"Maquina 1: [2 (14), 31 (5), 20 (20), 39 (24), 25 (74), 4 (29), 10 (27), 22 (39), 8 (59), 15 (49), 19 (31), 37 (51), 17 (62), 24 (69), 18 (50), 9 (64), 13 (71), 3 (75), 36 (98), 14 (88)]";9767;"Maquina 2: [7 (17), 0 (10), 38 (16), 16 (29), 6 (28), 35 (25), 5 (61), 33 (46), 27 (50), 29 (38), 34 (63), 11 (53), 12 (50), 32 (65), 1 (74), 26 (77), 30 (74), 23 (70), 28 (99), 21 (95)]";10189
GRASP;40;2;19308;508.0;500;"Maquina 1: [0 (10), 38 (16), 39 (24), 6 (28), 35 (25), 4 (29), 13 (71), 19 (31), 37 (51), 27 (50), 29 (38), 23 (70), 17 (62), 24 (69), 11 (53), 3 (75), 26 (77), 1 (74), 21 (95), 28 (99)]";9977;"Maquina 2: [2 (14), 31 (5), 20 (20), 22 (39), 7 (17), 16 (29), 8 (59), 10 (27), 15 (49), 12 (50), 32 (65), 33 (46), 18 (50), 34 (63), 30 (74), 9 (64), 5 (61), 14 (88), 25 (74), 36 (98)]";9331
LNS;40;2;19792;82.0;500;"Maquina 1: [4 (29), 31 (5), 20 (20), 39 (24), 25 (74), 2 (14), 10 (27), 22 (39), 8 (59), 15 (49), 19 (31), 37 (51), 17 (62), 24 (69), 18 (50), 9 (64), 13 (71), 3 (75), 36 (98), 14 (88)]";9668;"Maquina 2: [7 (17), 0 (10), 38 (16), 16 (29), 6 (28), 35 (25), 5 (61), 33 (46), 27 (50), 29 (38), 1 (74), 11 (53), 12 (50), 32 (65), 26 (77), 34 (63), 30 (74), 23 (70), 28 (99), 21 (95)]";10124
TABÚ;40;2;19243;146.0;500;"Maquina 1: [2 (14), 31 (5), 8 (59), 29 (38), 4 (29), 16 (29), 27 (50), 15 (49), 6 (28), 35 (25), 5 (61), 33 (46), 13 (71), 3 (75), 25 (74), 34 (63), 30 (74), 24 (69), 21 (95), 28 (99)]";9912;"Maquina 2: [0 (10), 38 (16), 20 (20), 7 (17), 10 (27), 39 (24), 22 (39), 9 (64), 19 (31), 37 (51), 18 (50), 23 (70), 11 (53), 17 (62), 12 (50), 32 (65), 1 (74), 14 (88), 36 (98), 26 (77)]";9331
VNS;40;2;18623;8406.0;500;"Maquina 1: [4 (29), 2 (14), 31 (5), 20 (20), 39 (24), 6 (28), 33 (46), 22 (39), 8 (59), 15 (49), 19 (31), 37 (51), 17 (62), 24 (69), 27 (50), 9 (64), 13 (71), 23 (70), 28 (99), 14 (88), 21 (95)]";9852;"Maquina 2: [7 (17), 0 (10), 38 (16), 16 (29), 10 (27), 35 (25), 5 (61), 18 (50), 29 (38), 1 (74), 11 (53), 12 (50), 32 (65), 25 (74), 34 (63), 3 (75), 30 (74), 36 (98), 26 (77)]";8771
Multiarranque;40;2;18599;797.0;500;"Maquina 1: [2 (14), 0 (10), 6 (28), 35 (25), 22 (39), 33 (46), 13 (71), 29 (38), 27 (50), 8 (59), 10 (27), 12 (50), 11 (53), 17 (62), 23 (70), 28 (99), 32 (65), 1 (74), 14 (88), 21 (95)]";10139;"Maquina 2: [31 (5), 20 (20), 7 (17), 4 (29), 38 (16), 16 (29), 19 (31), 37 (51), 39 (24), 25 (74), 5 (61), 18 (50), 34 (63), 30 (74), 15 (49), 26 (77), 3 (75), 9 (64), 24 (69), 36 (98)]";8460
GREEDY;40;2;21937;1.0;1;"Maquina 1: [25 (25), 19 (10), 7 (2), 13 (29), 35 (96), 30 (8), 10 (39), 39 (32), 4 (41), 29 (16), 31 (49), 2 (74), 20 (59), 6 (91), 18 (55), 15 (69), 37 (79), 27 (74), 1 (94), 14 (87)]";11222;"Maquina 2: [22 (8), 32 (18), 26 (45), 12 (27), 16 (19), 28 (16), 33 (91), 23 (39), 34 (33), 17 (10), 11 (74), 3 (31), 0 (79), 5 (88), 9 (54), 36 (94), 38 (69), 21 (56), 8 (85), 24 (63)]";10715
GRASP;40;2;21772;519.0;500;"Maquina 1: [19 (10), 21 (56), 30 (8), 39 (32), 22 (8), 32 (18), 29 (16), 13 (29), 16 (19), 4 (41), 26 (45), 31 (49), 2 (74), 5 (88), 27 (74), 1 (94), 38 (69), 36 (94), 8 (85), 33 (91)]";10001;"Maquina 2: [23 (39), 34 (33), 3 (31), 25 (25), 7 (2), 12 (27), 15 (69), 10 (39), 28 (16), 11 (74), 9 (54), 14 (87), 17 (10), 35 (96), 0 (79), 24 (63), 37 (79), 20 (59), 6 (91), 18 (55)]";11771
LNS;40;2;21937;81.0;500;"Maquina 1: [25 (25), 19 (10), 7 (2), 13 (29), 35 (96), 30 (8), 10 (39), 39 (32), 4 (41), 29 (16), 31 (49), 2 (74), 20 (59), 6 (91), 18 (55), 15 (69), 37 (79), 27 (74), 1 (94), 14 (87)]";11222;"Maquina 2: [22 (8), 32 (18), 26 (45), 12 (27), 16 (19), 28 (16), 33 (91), 23 (39), 34 (33), 17 (10), 11 (74), 3 (31), 0 (79), 5 (88), 9 (54), 36 (94), 38 (69), 21 (56), 8 (85), 24 (63)]";10715
TABÚ;40;2;21944;148.0;500;"Maquina 1: [13 (29), 7 (2), 22 (8), 28 (16), 23 (39), 4 (41), 12 (27), 20 (59), 3 (31), 29 (16), 26 (45), 15 (69), 33 (91), 31 (49), 37 (79), 5 (88), 27 (74), 38 (69), 36 (94), 8 (85)]";11357;"Maquina 2: [17 (10), 18 (55), 25 (25), 19 (10), 21 (56), 30 (8), 39 (32), 34 (33), 14 (87), 10 (39), 16 (19), 32 (18), 24 (63), 6 (91), 11 (74), 9 (54), 2 (74), 0 (79), 35 (96), 1 (94)]";10587
VNS;40;2;20509;11328.0;500;"Maquina 1: [19 (10), 7 (2), 13 (29), 12 (27), 30 (8), 10 (39), 39 (32), 4 (41), 26 (45), 24 (63), 31 (49), 2 (74), 20 (59), 6 (91), 18 (55), 15 (69), 21 (56), 35 (96), 37 (79), 1 (94)]";10670;"Maquina 2: [25 (25), 22 (8), 32 (18), 29 (16), 16 (19), 28 (16), 33 (91), 23 (39), 34 (33), 17 (10), 11 (74), 3 (31), 0 (79), 5 (88), 9 (54), 36 (94), 38 (69), 27 (74), 8 (85), 14 (87)]";9839
Multiarranque;40;2;20713;801.0;500;"Maquina 1: [32 (18), 29 (16), 13 (29), 19 (10), 21 (56), 30 (8), 38 (69), 7 (2), 34 (33), 3 (31), 17 (10), 18 (55), 15 (69), 0 (79), 9 (54), 14 (87), 33 (91), 1 (94), 8 (85), 27 (74), 6 (91)]";10988;"Maquina 2: [10 (39), 16 (19), 25 (25), 39 (32), 22 (8), 28 (16), 23 (39), 4 (41), 26 (45), 12 (27), 31 (49), 2 (74), 20 (59), 24 (63), 37 (79), 5 (88), 36 (94), 11 (74), 35 (96)]";9725
GREEDY;40;2;14179;1.0;1;"Maquina 1: [13 (5), 12 (3), 30 (15), 26 (18), 35 (6), 27 (16), 0 (3), 22 (60), 1 (22), 16 (40), 10 (65), 33 (45), 24 (29), 20 (55), 21 (51), 9 (29), 36 (54), 11 (90), 34 (95), 2 (71)]";6957;"Maquina 2: [37 (4), 7 (5), 25 (10), 39 (27), 38 (16), 8 (3), 19 (14), 6 (31), 23 (29), 29 (19), 3 (52), 18 (61), 14 (55), 5 (49), 31 (69), 28 (55), 4 (42), 17 (90), 15 (81), 32 (99)]";7222
GRASP;40;2;13546;514.0;500;"Maquina 1: [8 (3), 0 (3), 38 (16), 39 (27), 9 (29), 30 (15), 26 (18), 25 (10), 16 (40), 4 (42), 22 (60), 28 (55), 5 (49), 18 (61), 3 (52), 31 (69), 11 (90), 15 (81), 32 (99)]";6691;"Maquina 2: [37 (4), 7 (5), 27 (16), 19 (14), 13 (5), 12 (3), 1 (22), 24 (29), 35 (6), 6 (31), 14 (55), 36 (54), 21 (51), 23 (29), 29 (19), 33 (45), 20 (55), 2 (71), 34 (95), 10 (65), 17 (90)]";6855
LNS;40;2;13896;81.0;500;"Maquina 1: [13 (5), 12 (3), 30 (15), 26 (18), 35 (6), 27 (16), 0 (3), 22 (60), 1 (22), 16 (40), 10 (65), 33 (45), 24 (29), 20 (55), 21 (51), 9 (29), 36 (54), 11 (90), 34 (95), 2 (71)]";6957;"Maquina 2: [37 (4), 7 (5), 25 (10), 39 (27), 19 (14), 8 (3), 38 (16), 6 (31), 23 (29), 29 (19), 3 (52), 18 (61), 14 (55), 5 (49), 31 (69), 28 (55), 4 (42), 17 (90), 15 (81), 32 (99)]";6939
TABÚ;40;2;13673;147.0;500;"Maquina 1: [8 (3), 35 (6), 6 (31), 7 (5), 25 (10), 0 (3), 19 (14), 1 (22), 3 (52), 29 (19), 33 (45), 24 (29), 37 (4), 21 (51), 32 (99), 31 (69), 10 (65), 22 (60), 15 (81), 2 (71)]";6362;"Maquina 2: [13 (5), 30 (15), 27 (16), 12 (3), 23 (29), 26 (18), 39 (27), 9 (29), 38 (16), 16 (40), 4 (42), 20 (55), 18 (61), 14 (55), 5 (49), 36 (54), 11 (90), 17 (90), 28 (55), 34 (95)]";7311
VNS;40;2;13704;11073.0;500;"Maquina 1: [12 (3), 30 (15), 26 (18), 35 (6), 6 (31), 27 (16), 39 (27), 22 (60), 1 (22), 16 (40), 10 (65), 33 (45), 24 (29), 21 (51), 9 (29), 36 (54), 11 (90), 17 (90), 32 (99)]";6816;"Maquina 2: [37 (4), 7 (5), 25 (10), 0 (3), 38 (16), 8 (3), 19 (14), 13 (5), 23 (29), 29 (19), 3 (52), 18 (61), 14 (55), 5 (49), 31 (69), 2 (71), 28 (55), 4 (42), 20 (55), 15 (81), 34 (95)]";6888
Multiarranque;40;2;12941;803.0;500;"Maquina 1: [8 (3), 35 (6), 25 (10), 0 (3), 19 (14), 1 (22), 38 (16), 13 (5), 23 (29), 21 (51), 6 (31), 28 (55), 33 (45), 20 (55), 18 (61), 16 (40), 10 (65), 17 (90), 2 (71), 34 (95)]";6299;"Maquina 2: [37 (4), 7 (5), 27 (16), 12 (3), 30 (15), 26 (18), 39 (27), 9 (29), 29 (19), 3 (52), 31 (69), 24 (29), 4 (42), 22 (60), 5 (49), 36 (54), 14 (55), 15 (81), 11 (90), 32 (99)]";6642
GREEDY;40;2;22661;0.0;1;"Maquina 1: [26 (31), 9 (22), 11 (41), 38 (5), 17 (25), 22 (17), 3 (44), 13 (50), 28 (34), 6 (55), 34 (46), 12 (46), 0 (70), 1 (82), 24 (55), 30 (70), 23 (62), 35 (86), 7 (93), 19 (96)]";11082;"Maquina 2: [5 (33), 21 (48), 29 (25), 25 (17), 37 (13), 15 (47), 18 (18), 4 (23), 32 (34), 8 (51), 33 (59), 2 (68), 36 (43), 10 (76), 31 (94), 27 (70), 20 (44), 16 (82), 39 (90), 14 (98)]";11579
GRASP;40;2;22130;504.0;500;"Maquina 1: [4 (23), 38 (5), 17 (25), 11 (41), 26 (31), 28 (34), 32 (34), 0 (70), 24 (55), 29 (25), 15 (47), 23 (62), 6 (55), 36 (43), 39 (90), 10 (76), 2 (68), 31 (94), 35 (86), 19 (96)]";11345;"Maquina 2: [5 (33), 25 (17), 37 (13), 9 (22), 13 (50), 21 (48), 12 (46), 18 (18), 8 (51), 33 (59), 22 (17), 20 (44), 34 (46), 1 (82), 3 (44), 30 (70), 27 (70), 7 (93), 14 (98), 16 (82)]";10785
LNS;40;2;21419;79.0;500;"Maquina 1: [26 (31), 9 (22), 11 (41), 38 (5), 17 (25), 22 (17), 24 (55), 13 (50), 28 (34), 6 (55), 34 (46), 12 (46), 0 (70), 1 (82), 3 (44), 30 (70), 23 (62), 35 (86), 7 (93), 19 (96)]";10688;"Maquina 2: [5 (33), 21 (48), 29 (25), 25 (17), 37 (13), 15 (47), 4 (23), 18 (18), 27 (70), 8 (51), 33 (59), 2 (68), 36 (43), 10 (76), 31 (94), 32 (34), 20 (44), 16 (82), 39 (90), 14 (98)]";10731
TABÚ;40;2;21729;145.0;500;"Maquina 1: [4 (23), 22 (17), 26 (31), 37 (13), 17 (25), 29 (25), 8 (51), 9 (22), 11 (41), 20 (44), 15 (47), 16 (82), 33 (59), 1 (82), 3 (44), 2 (68), 12 (46), 31 (94), 27 (70), 7 (93), 14 (98)]";11334;"Maquina 2: [18 (18), 6 (55), 38 (5), 13 (50), 28 (34), 25 (17), 36 (43), 30 (70), 5 (33), 21 (48), 24 (55), 34 (46), 19 (96), 32 (34), 23 (62), 39 (90), 35 (86), 0 (70), 10 (76)]";10395
VNS;40;2;20527;7273.0;500;"Maquina 1: [26 (31), 9 (22), 11 (41), 38 (5), 10 (76), 22 (17), 24 (55), 13 (50), 28 (34), 18 (18), 6 (55), 20 (44), 15 (47), 4 (23), 1 (82), 3 (44), 2 (68), 30 (70), 31 (94), 27 (70), 19 (96)]";10821;"Maquina 2: [5 (33), 21 (48), 29 (25), 25 (17), 37 (13), 12 (46), 8 (51), 17 (25), 32 (34), 23 (62), 36 (43), 0 (70), 33 (59), 7 (93), 35 (86), 34 (46), 16 (82), 39 (90), 14 (98)]";9706
Multiarranque;40;2;20422;803.0;500;"Maquina 1: [4 (23), 17 (25), 29 (25), 25 (17), 37 (13), 26 (31), 28 (34), 38 (5), 10 (76), 22 (17), 3 (44), 2 (68), 34 (46), 12 (46), 21 (48), 11 (41), 0 (70), 1 (82), 32 (34), 31 (94), 7 (93), 35 (86)]";10373;"Maquina 2: [5 (33), 20 (44), 15 (47), 18 (18), 23 (62), 9 (22), 13 (50), 30 (70), 27 (70), 8 (51), 33 (59), 36 (43), 24 (55), 6 (55), 16 (82), 39 (90), 19 (96), 14 (98)]";10049
GREEDY;40;2;22507;1.0;1;"Maquina 1: [18 (1), 10 (10), 34 (40), 24 (17), 16 (37), 30 (16), 8 (36), 35 (38), 3 (24), 7 (18), 4 (66), 17 (63), 37 (72), 29 (84), 12 (56), 23 (70), 20 (78), 13 (88), 11 (97), 2 (86)]";11502;"Maquina 2: [38 (23), 9 (9), 15 (13), 6 (16), 32 (17), 14 (64), 33 (31), 0 (59), 26 (36), 21 (17), 31 (39), 22 (34), 25 (67), 28 (76), 1 (86), 19 (45), 39 (93), 36 (83), 27 (70), 5 (87)]";11005
GRASP;40;2;19986;523.0;500;"Maquina 1: [21 (17), 10 (10), 34 (40), 12 (56), 6 (16), 24 (17), 22 (34), 7 (18), 35 (38), 16 (37), 3 (24), 25 (67), 17 (63), 36 (83), 14 (64), 11 (97), 20 (78), 28 (76), 1 (86)]";9136;"Maquina 2: [9 (9), 15 (13), 18 (1), 26 (36), 38 (23), 0 (59), 32 (17), 23 (70), 33 (31), 30 (16), 8 (36), 19 (45), 37 (72), 2 (86), 31 (39), 39 (93), 4 (66), 29 (84), 27 (70), 5 (87), 13 (88)]";10850
LNS;40;2;21847;81.0;500;"Maquina 1: [18 (1), 10 (10), 34 (40), 24 (17), 16 (37), 30 (16), 8 (36), 35 (38), 3 (24), 4 (66), 7 (18), 17 (63), 37 (72), 29 (84), 12 (56), 23 (70), 20 (78), 13 (88), 11 (97), 2 (86)]";11441;"Maquina 2: [31 (39), 9 (9), 15 (13), 6 (16), 32 (17), 14 (64), 33 (31), 0 (59), 36 (83), 21 (17), 38 (23), 22 (34), 25 (67), 28 (76), 1 (86), 19 (45), 26 (36), 39 (93), 27 (70), 5 (87)]";10406
TABÚ;40;2;20014;154.0;500;"Maquina 1: [15 (13), 18 (1), 6 (16), 30 (16), 32 (17), 3 (24), 26 (36), 38 (23), 0 (59), 31 (39), 34 (40), 22 (34), 36 (83), 25 (67), 17 (63), 29 (84), 28 (76), 2 (86), 27 (70), 14 (64), 5 (87)]";10022;"Maquina 2: [9 (9), 10 (10), 16 (37), 24 (17), 21 (17), 19 (45), 7 (18), 4 (66), 35 (38), 11 (97), 33 (31), 12 (56), 8 (36), 23 (70), 20 (78), 37 (72), 1 (86), 39 (93), 13 (88)]";9992
VNS;40;2;19731;7134.0;500;"Maquina 1: [19 (45), 10 (10), 34 (40), 24 (17), 16 (37), 31 (39), 27 (70), 21 (17), 35 (38), 3 (24), 7 (18), 4 (66), 29 (84), 12 (56), 23 (70), 17 (63), 36 (83), 11 (97), 20 (78), 8 (36)]";10765;"Maquina 2: [38 (23), 9 (9), 15 (13), 18 (1), 6 (16), 30 (16), 32 (17), 14 (64), 33 (31), 26 (36), 0 (59), 39 (93), 22 (34), 25 (67), 28 (76), 37 (72), 2 (86), 1 (86), 5 (87), 13 (88)]";8966
Multiarranque;40;2;19670;809.0;500;"Maquina 1: [9 (9), 10 (10), 26 (36), 38 (23), 6 (16), 24 (17), 16 (37), 31 (39), 34 (40), 22 (34), 25 (67), 28 (76), 12 (56), 14 (64), 11 (97), 2 (86), 1 (86), 17 (63), 36 (83), 13 (88)]";9777;"Maquina 2: [32 (17), 3 (24), 15 (13), 18 (1), 4 (66), 7 (18), 8 (36), 21 (17), 35 (38), 33 (31), 0 (59), 30 (16), 29 (84), 19 (45), 23 (70), 5 (87), 20 (78), 37 (72), 27 (70), 39 (93)]";9893
GREEDY;40;2;22377;1.0;1;"Maquina 1: [24 (3), 35 (25), 21 (21), 17 (19), 18 (22), 16 (11), 13 (26), 36 (43), 28 (58), 37 (66), 12 (34), 29 (26), 25 (63), 39 (73), 20 (67), 10 (71), 2 (72), 26 (92), 1 (48)]";10607;"Maquina 2: [3 (5), 0 (27), 22 (26), 5 (22), 7 (24), 30 (27), 32 (11), 8 (50), 34 (89), 38 (31), 14 (71), 6 (20), 19 (37), 27 (59), 9 (80), 4 (56), 11 (44), 31 (64), 33 (69), 15 (94), 23 (72)]";11770
GRASP;40;2;18835;522.0;500;"Maquina 1: [3 (5), 0 (27), 22 (26), 5 (22), 6 (20), 17 (19), 18 (22), 16 (11), 31 (64), 19 (37), 37 (66), 1 (48), 10 (71), 29 (26), 34 (89), 11 (44), 9 (80), 33 (69), 14 (71), 2 (72)]";8917;"Maquina 2: [38 (31), 35 (25), 21 (21), 13 (26), 36 (43), 7 (24), 30 (27), 32 (11), 15 (94), 12 (34), 24 (3), 28 (58), 27 (59), 25 (63), 4 (56), 8 (50), 39 (73), 20 (67), 26 (92), 23 (72)]";9918
LNS;40;2;20670;84.0;500;"Maquina 1: [24 (3), 13 (26), 21 (21), 17 (19), 18 (22), 16 (11), 12 (34), 36 (43), 28 (58), 37 (66), 35 (25), 29 (26), 20 (67), 39 (73), 25 (63), 10 (71), 2 (72), 26 (92), 1 (48)]";9388;"Maquina 2: [3 (5), 0 (27), 22 (26), 5 (22), 7 (24), 30 (27), 32 (11), 8 (50), 34 (89), 27 (59), 14 (71), 6 (20), 38 (31), 19 (37), 9 (80), 4 (56), 11 (44), 31 (64), 33 (69), 15 (94), 23 (72)]";11282
TABÚ;40;2;20635;153.0;500;"Maquina 1: [13 (26), 21 (21), 3 (5), 0 (27), 38 (31), 17 (19), 18 (22), 6 (20), 12 (34), 24 (3), 32 (11), 8 (50), 31 (64), 2 (72), 15 (94), 34 (89), 11 (44), 26 (92), 23 (72), 10 (71)]";8752;"Maquina 2: [29 (26), 16 (11), 33 (69), 22 (26), 5 (22), 36 (43), 4 (56), 7 (24), 39 (73), 35 (25), 19 (37), 27 (59), 28 (58), 37 (66), 1 (48), 20 (67), 14 (71), 30 (27), 25 (63), 9 (80)]";11883
VNS;40;2;19341;7652.0;500;"Maquina 1: [24 (3), 13 (26), 21 (21), 17 (19), 18 (22), 16 (11), 12 (34), 35 (25), 5 (22), 36 (43), 11 (44), 9 (80), 4 (56), 38 (31), 29 (26), 25 (63), 10 (71), 26 (92), 6 (20), 15 (94), 33 (69)]";9863;"Maquina 2: [3 (5), 0 (27), 22 (26), 7 (24), 39 (73), 30 (27), 32 (11), 8 (50), 34 (89), 27 (59), 14 (71), 23 (72), 19 (37), 1 (48), 20 (67), 37 (66), 28 (58), 2 (72), 31 (64)]";9478
Multiarranque;40;2;19865;837.0;500;"Maquina 1: [12 (34), 3 (5), 24 (3), 17 (19), 18 (22), 6 (20), 16 (11), 8 (50), 22 (26), 7 (24), 1 (48), 28 (58), 19 (37), 25 (63), 10 (71), 26 (92), 37 (66), 14 (71), 23 (72), 34 (89)]";9920;"Maquina 2: [38 (31), 35 (25), 21 (21), 13 (26), 0 (27), 30 (27), 29 (26), 20 (67), 5 (22), 36 (43), 11 (44), 31 (64), 2 (72), 32 (11), 15 (94), 27 (59), 9 (80), 4 (56), 39 (73), 33 (69)]";9945
GREEDY;40;2;17120;0.0;1;"Maquina 1: [7 (10), 19 (2), 18 (25), 1 (4), 6 (29), 23 (25), 17 (36), 3 (35), 28 (29), 25 (48), 33 (44), 26 (45), 22 (55), 34 (41), 13 (72), 0 (64), 29 (73), 30 (84), 12 (97), 39 (90)]";8119;"Maquina 2: [8 (3), 15 (4), 21 (28), 14 (46), 10 (25), 35 (9), 31 (35), 16 (44), 27 (28), 4 (30), 38 (67), 24 (41), 37 (44), 5 (54), 36 (72), 11 (58), 32 (85), 2 (80), 20 (92), 9 (98)]";9001
GRASP;40;2;16287;524.0;500;"Maquina 1: [31 (35), 7 (10), 8 (3), 27 (28), 18 (25), 28 (29), 35 (9), 6 (29), 5 (54), 21 (28), 34 (41), 11 (58), 26 (45), 33 (44), 38 (67), 22 (55), 12 (97), 30 (84), 39 (90), 32 (85)]";8054;"Maquina 2: [15 (4), 19 (2), 1 (4), 10 (25), 17 (36), 16 (44), 23 (25), 4 (30), 3 (35), 25 (48), 24 (41), 14 (46), 13 (72), 2 (80), 37 (44), 0 (64), 29 (73), 20 (92), 36 (72), 9 (98)]";8233
LNS;40;2;17119;84.0;500;"Maquina 1: [7 (10), 19 (2), 18 (25), 1 (4), 6 (29), 23 (25), 17 (36), 3 (35), 28 (29), 25 (48), 33 (44), 26 (45), 22 (55), 34 (41), 13 (72), 0 (64), 29 (73), 30 (84), 12 (97), 39 (90)]";8119;"Maquina 2: [8 (3), 15 (4), 21 (28), 14 (46), 10 (25), 35 (9), 31 (35), 16 (44), 27 (28), 38 (67), 4 (30), 24 (41), 37 (44), 5 (54), 36 (72), 11 (58), 32 (85), 2 (80), 20 (92), 9 (98)]";9000
TABÚ;40;2;16757;146.0;500;"Maquina 1: [35 (9), 37 (44), 8 (3), 1 (4), 18 (25), 34 (41), 11 (58), 10 (25), 27 (28), 31 (35), 33 (44), 26 (45), 14 (46), 28 (29), 0 (64), 29 (73), 13 (72), 2 (80), 30 (84), 9 (98)]";8277;"Maquina 2: [7 (10), 15 (4), 21 (28), 6 (29), 23 (25), 17 (36), 16 (44), 19 (2), 3 (35), 4 (30), 25 (48), 5 (54), 24 (41), 22 (55), 20 (92), 36 (72), 38 (67), 12 (97), 39 (90), 32 (85)]";8480
VNS;40;2;16404;9659.0;500;"Maquina 1: [19 (2), 18 (25), 1 (4), 6 (29), 21 (28), 23 (25), 17 (36), 3 (35), 4 (30), 25 (48), 5 (54), 26 (45), 38 (67), 34 (41), 13 (72), 0 (64), 29 (73), 30 (84), 12 (97), 9 (98)]";8445;"Maquina 2: [7 (10), 8 (3), 15 (4), 14 (46), 10 (25), 28 (29), 35 (9), 31 (35), 16 (44), 27 (28), 22 (55), 24 (41), 37 (44), 33 (44), 36 (72), 11 (58), 32 (85), 2 (80), 20 (92), 39 (90)]";7959
Multiarranque;40;2;16205;789.0;500;"Maquina 1: [15 (4), 19 (2), 3 (35), 28 (29), 35 (9), 6 (29), 21 (28), 23 (25), 4 (30), 24 (41), 26 (45), 16 (44), 38 (67), 0 (64), 25 (48), 13 (72), 2 (80), 30 (84), 12 (97), 39 (90)]";8019;"Maquina 2: [31 (35), 7 (10), 8 (3), 27 (28), 18 (25), 14 (46), 1 (4), 10 (25), 17 (36), 37 (44), 33 (44), 22 (55), 5 (54), 34 (41), 11 (58), 29 (73), 20 (92), 36 (72), 9 (98), 32 (85)]";8186
GREEDY;40;2;19956;1.0;1;"Maquina 1: [2 (14), 31 (5), 20 (20), 39 (24), 25 (74), 4 (29), 10 (27), 22 (39), 8 (59), 15 (49), 19 (31), 37 (51), 17 (62), 24 (69), 18 (50), 9 (64), 13 (71), 3 (75), 36 (98), 14 (88)]";9767;"Maquina 2: [7 (17), 0 (10), 38 (16), 16 (29), 6 (28), 35 (25), 5 (61), 33 (46), 27 (50), 29 (38), 34 (63), 11 (53), 12 (50), 32 (65), 1 (74), 26 (77), 30 (74), 23 (70), 28 (99), 21 (95)]";10189
GRASP;40;2;19389;503.0;500;"Maquina 1: [31 (5), 18 (50), 0 (10), 6 (28), 35 (25), 10 (27), 39 (24), 25 (74), 32 (65), 33 (46), 9 (64), 24 (69), 29 (38), 8 (59), 23 (70), 17 (62), 36 (98), 13 (71), 21 (95)]";9449;"Maquina 2: [20 (20), 7 (17), 4 (29), 38 (16), 2 (14), 16 (29), 19 (31), 34 (63), 22 (39), 12 (50), 11 (53), 15 (49), 27 (50), 37 (51), 3 (75), 30 (74), 5 (61), 26 (77), 1 (74), 14 (88), 28 (99)]";9940
LNS;40;2;19792;89.0;500;"Maquina 1: [4 (29), 31 (5), 20 (20), 39 (24), 25 (74), 2 (14), 10 (27), 22 (39), 8 (59), 15 (49), 19 (31), 37 (51), 17 (62), 24 (69), 18 (50), 9 (64), 13 (71), 3 (75), 36 (98), 14 (88)]";9668;"Maquina 2: [7 (17), 0 (10), 38 (16), 16 (29), 6 (28), 35 (25), 5 (61), 33 (46), 27 (50), 29 (38), 1 (74), 11 (53), 12 (50), 32 (65), 26 (77), 34 (63), 30 (74), 23 (70), 28 (99), 21 (95)]";10124
TABÚ;40;2;19096;171.0;500;"Maquina 1: [39 (24), 6 (28), 2 (14), 15 (49), 19 (31), 7 (17), 29 (38), 22 (39), 12 (50), 27 (50), 26 (77), 37 (51), 17 (62), 24 (69), 9 (64), 11 (53), 3 (75), 28 (99), 21 (95)]";9230;"Maquina 2: [31 (5), 20 (20), 0 (10), 38 (16), 16 (29), 10 (27), 33 (46), 4 (29), 13 (71), 23 (70), 35 (25), 5 (61), 18 (50), 34 (63), 30 (74), 8 (59), 25 (74), 32 (65), 1 (74), 14 (88), 36 (98)]";9866
VNS;40;2;19335;8197.0;500;"Maquina 1: [2 (14), 31 (5), 20 (20), 39 (24), 25 (74), 4 (29), 6 (28), 11 (53), 17 (62), 15 (49), 19 (31), 37 (51), 30 (74), 24 (69), 12 (50), 9 (64), 13 (71), 23 (70), 36 (98), 26 (77)]";9690;"Maquina 2: [7 (17), 0 (10), 38 (16), 16 (29), 10 (27), 35 (25), 5 (61), 33 (46), 27 (50), 29 (38), 8 (59), 22 (39), 18 (50), 32 (65), 1 (74), 14 (88), 34 (63), 3 (75), 28 (99), 21 (95)]";9645
Multiarranque;40;2;18457;857.0;500;"Maquina 1: [31 (5), 20 (20), 7 (17), 16 (29), 0 (10), 12 (50), 4 (29), 29 (38), 35 (25), 22 (39), 33 (46), 5 (61), 37 (51), 27 (50), 30 (74), 8 (59), 14 (88), 25 (74), 9 (64), 21 (95), 36 (98)]";9419;"Maquina 2: [39 (24), 38 (16), 2 (14), 10 (27), 15 (49), 26 (77), 19 (31), 18 (50), 34 (63), 6 (28), 32 (65), 1 (74), 11 (53), 3 (75), 17 (62), 24 (69), 13 (71), 23 (70), 28 (99)]";9038
GREEDY;40;2;27223;1.0;1;"Maquina 1: [10 (4), 29 (17), 35 (8), 33 (20), 32 (68), 34 (37), 8 (44), 30 (59), 14 (70), 19 (72), 7 (77), 11 (54), 21 (97), 5 (88), 28 (30), 15 (25), 20 (83), 25 (95), 26 (91), 4 (90)]";13118;"Maquina 2: [0 (38), 38 (12), 39 (30), 6 (75), 1 (30), 17 (5), 9 (81), 2 (49), 22 (20), 31 (71), 13 (35), 16 (61), 23 (55), 36 (83), 27 (61), 3 (90), 37 (99), 12 (90), 18 (97), 24 (92)]";14105
GRASP;40;2;24529;572.0;500;"Maquina 1: [15 (25), 29 (17), 17 (5), 39 (30), 33 (20), 27 (61), 38 (12), 12 (90), 30 (59), 4 (90), 6 (75), 25 (95), 1 (30), 36 (83), 7 (77), 11 (54), 2 (49), 5 (88), 19 (72), 37 (99)]";12433;"Maquina 2: [13 (35), 34 (37), 10 (4), 16 (61), 35 (8), 23 (55), 0 (38), 9 (81), 14 (70), 22 (20), 31 (71), 28 (30), 20 (83), 8 (44), 32 (68), 24 (92), 18 (97), 3 (90), 21 (97), 26 (91)]";12096
LNS;40;2;26877;84.0;500;"Maquina 1: [10 (4), 29 (17), 35 (8), 33 (20), 32 (68), 34 (37), 8 (44), 30 (59), 14 (70), 19 (72), 7 (77), 11 (54), 21 (97), 5 (88), 28 (30), 15 (25), 20 (83), 25 (95), 26 (91), 4 (90)]";13118;"Maquina 2: [0 (38), 38 (12), 39 (30), 6 (75), 1 (30), 17 (5), 18 (97), 2 (49), 22 (20), 31 (71), 13 (35), 16 (61), 23 (55), 36 (83), 27 (61), 3 (90), 37 (99), 12 (90), 9 (81), 24 (92)]";13759
TABÚ;40;2;23374;153.0;500;"Maquina 1: [17 (5), 35 (8), 33 (20), 22 (20), 13 (35), 32 (68), 29 (17), 0 (38), 2 (49), 26 (91), 9 (81), 16 (61), 4 (90), 6 (75), 1 (30), 23 (55), 19 (72), 7 (77), 37 (99), 18 (97), 25 (95)]";12043;"Maquina 2: [34 (37), 10 (4), 15 (25), 30 (59), 8 (44), 38 (12), 39 (30), 28 (30), 31 (71), 5 (88), 14 (70), 20 (83), 36 (83), 27 (61), 24 (92), 11 (54), 12 (90), 3 (90), 21 (97)]";11331
VNS;40;2;24192;8168.0;500;"Maquina 1: [10 (4), 29 (17), 35 (8), 33 (20), 32 (68), 34 (37), 8 (44), 30 (59), 14 (70), 19 (72), 31 (71), 5 (88), 12 (90), 2 (49), 9 (81), 26 (91), 25 (95), 23 (55), 18 (97)]";10886;"Maquina 2: [0 (38), 38 (12), 39 (30), 6 (75), 11 (54), 1 (30), 17 (5), 4 (90), 7 (77), 15 (25), 22 (20), 13 (35), 16 (61), 28 (30), 27 (61), 3 (90), 20 (83), 36 (83), 37 (99), 21 (97), 24 (92)]";13306
Multiarranque;40;2;22986;839.0;500;"Maquina 1: [1 (30), 34 (37), 8 (44), 38 (12), 28 (30), 0 (38), 2 (49), 37 (99), 15 (25), 30 (59), 9 (81), 14 (70), 36 (83), 20 (83), 13 (35), 7 (77), 4 (90), 26 (91), 25 (95)]";10945;"Maquina 2: [16 (61), 10 (4), 32 (68), 29 (17), 17 (5), 39 (30), 33 (20), 22 (20), 35 (8), 11 (54), 27 (61), 24 (92), 23 (55), 19 (72), 31 (71), 5 (88), 12 (90), 21 (97), 6 (75), 18 (97), 3 (90)]";12041
GREEDY;40;2;17957;1.0;1;"Maquina 1: [35 (20), 28 (5), 36 (46), 15 (25), 2 (2), 24 (3), 32 (22), 39 (13), 10 (35), 9 (31), 0 (58), 6 (27), 22 (38), 3 (63), 16 (55), 1 (67), 27 (73), 12 (94), 29 (75), 26 (86)]";8491;"Maquina 2: [38 (3), 4 (6), 21 (40), 25 (14), 23 (3), 30 (25), 34 (49), 19 (29), 14 (19), 31 (31), 7 (58), 18 (35), 11 (80), 13 (48), 17 (91), 8 (63), 33 (56), 20 (84), 37 (69), 5 (97)]";9466
GRASP;40;2;16962;521.0;500;"Maquina 1: [4 (6), 24 (3), 38 (3), 6 (27), 19 (29), 10 (35), 17 (91), 14 (19), 39 (13), 31 (31), 13 (48), 32 (22), 0 (58), 7 (58), 30 (25), 1 (67), 3 (63), 5 (97), 11 (80), 26 (86)]";8156;"Maquina 2: [25 (14), 23 (3), 28 (5), 15 (25), 2 (2), 35 (20), 36 (46), 21 (40), 22 (38), 18 (35), 9 (31), 34 (49), 33 (56), 20 (84), 37 (69), 16 (55), 12 (94), 8 (63), 29 (75), 27 (73)]";8806
LNS;40;2;17878;83.0;500;"Maquina 1: [35 (20), 28 (5), 36 (46), 15 (25), 2 (2), 24 (3), 32 (22), 39 (13), 10 (35), 9 (31), 0 (58), 6 (27), 22 (38), 3 (63), 16 (55), 1 (67), 27 (73), 12 (94), 29 (75), 26 (86)]";8491;"Maquina 2: [19 (29), 4 (6), 21 (40), 25 (14), 23 (3), 30 (25), 34 (49), 38 (3), 14 (19), 31 (31), 7 (58), 18 (35), 11 (80), 13 (48), 17 (91), 8 (63), 33 (56), 20 (84), 37 (69), 5 (97)]";9387
TABÚ;40;2;17004;151.0;500;"Maquina 1: [15 (25), 39 (13), 32 (22), 29 (75), 4 (6), 24 (3), 16 (55), 7 (58), 10 (35), 18 (35), 22 (38), 8 (63), 36 (46), 9 (31), 37 (69), 1 (67), 27 (73), 12 (94), 17 (91)]";8638;"Maquina 2: [14 (19), 35 (20), 28 (5), 38 (3), 2 (2), 19 (29), 6 (27), 25 (14), 30 (25), 3 (63), 34 (49), 21 (40), 31 (31), 11 (80), 13 (48), 23 (3), 33 (56), 20 (84), 0 (58), 5 (97), 26 (86)]";8366
VNS;40;2;16720;13255.0;500;"Maquina 1: [35 (20), 28 (5), 36 (46), 15 (25), 2 (2), 24 (3), 32 (22), 39 (13), 9 (31), 0 (58), 4 (6), 21 (40), 22 (38), 3 (63), 16 (55), 1 (67), 27 (73), 12 (94), 8 (63), 5 (97), 26 (86)]";8696;"Maquina 2: [38 (3), 6 (27), 25 (14), 23 (3), 34 (49), 19 (29), 14 (19), 31 (31), 7 (58), 10 (35), 18 (35), 11 (80), 13 (48), 30 (25), 17 (91), 29 (75), 33 (56), 20 (84), 37 (69)]";8024
Multiarranque;40;2;16352;819.0;500;"Maquina 1: [25 (14), 23 (3), 4 (6), 24 (3), 38 (3), 6 (27), 19 (29), 37 (69), 10 (35), 21 (40), 16 (55), 7 (58), 14 (19), 27 (73), 33 (56), 36 (46), 12 (94), 8 (63), 5 (97), 26 (86)]";8462;"Maquina 2: [2 (2), 35 (20), 28 (5), 30 (25), 15 (25), 39 (13), 9 (31), 31 (31), 22 (38), 18 (35), 11 (80), 13 (48), 32 (22), 3 (63), 34 (49), 20 (84), 0 (58), 17 (91), 29 (75), 1 (67)]";7890
GREEDY;40;2;22994;1.0;1;"Maquina 1: [12 (16), 1 (2), 5 (11), 3 (29), 4 (23), 39 (57), 2 (50), 29 (32), 22 (29), 13 (57), 0 (61), 15 (53), 18 (68), 19 (52), 31 (78), 30 (71), 23 (91), 24 (83), 7 (99), 33 (89), 9 (83)]";12041;"Maquina 2: [21 (18), 34 (34), 25 (2), 26 (32), 27 (15), 28 (25), 38 (50), 6 (81), 36 (68), 10 (53), 8 (44), 16 (68), 35 (53), 32 (57), 37 (84), 14 (77), 17 (83), 11 (91), 20 (92)]";10953
GRASP;40;2;22106;521.0;500;"Maquina 1: [25 (2), 39 (57), 12 (16), 8 (44), 21 (18), 26 (32), 13 (57), 0 (61), 15 (53), 18 (68), 3 (29), 32 (57), 33 (89), 28 (25), 30 (71), 31 (78), 23 (91), 24 (83), 7 (99), 6 (81)]";11363;"Maquina 2: [29 (32), 1 (2), 27 (15), 36 (68), 35 (53), 5 (11), 16 (68), 34 (34), 22 (29), 37 (84), 4 (23), 10 (53), 2 (50), 38 (50), 17 (83), 14 (77), 19 (52), 9 (83), 20 (92), 11 (91)]";10743
LNS;40;2;22914;85.0;500;"Maquina 1: [12 (16), 1 (2), 5 (11), 3 (29), 4 (23), 39 (57), 2 (50), 29 (32), 22 (29), 13 (57), 0 (61), 15 (53), 24 (83), 19 (52), 31 (78), 30 (71), 23 (91), 18 (68), 7 (99), 33 (89), 9 (83)]";12015;"Maquina 2: [21 (18), 34 (34), 25 (2), 26 (32), 27 (15), 28 (25), 38 (50), 6 (81), 36 (68), 10 (53), 8 (44), 16 (68), 32 (57), 35 (53), 37 (84), 11 (91), 17 (83), 14 (77), 20 (92)]";10899
TABÚ;40;2;22159;152.0;500;"Maquina 1: [39 (57), 12 (16), 1 (2), 27 (15), 28 (25), 38 (50), 22 (29), 4 (23), 13 (57), 19 (52), 31 (78), 20 (92), 8 (44), 9 (83), 10 (53), 36 (68), 23 (91), 24 (83), 33 (89), 11 (91)]";11559;"Maquina 2: [34 (34), 21 (18), 5 (11), 16 (68), 25 (2), 26 (32), 18 (68), 29 (32), 3 (29), 2 (50), 0 (61), 15 (53), 35 (53), 30 (71), 32 (57), 37 (84), 14 (77), 7 (99), 17 (83), 6 (81)]";10600
VNS;40;2;21119;10443.0;500;"Maquina 1: [12 (16), 1 (2), 5 (11), 3 (29), 10 (53), 39 (57), 21 (18), 2 (50), 29 (32), 22 (29), 13 (57), 0 (61), 15 (53), 18 (68), 11 (91), 17 (83), 35 (53), 30 (71), 24 (83), 33 (89), 23 (91)]";11194;"Maquina 2: [25 (2), 19 (52), 34 (34), 26 (32), 27 (15), 28 (25), 38 (50), 6 (81), 9 (83), 36 (68), 4 (23), 8 (44), 16 (68), 7 (99), 32 (57), 37 (84), 14 (77), 31 (78), 20 (92)]";9925
Multiarranque;40;2;21234;811.0;500;"Maquina 1: [1 (2), 25 (2), 12 (16), 0 (61), 4 (23), 39 (57), 21 (18), 13 (57), 19 (52), 34 (34), 26 (32), 18 (68), 10 (53), 38 (50), 31 (78), 17 (83), 16 (68), 7 (99), 9 (83), 20 (92), 11 (91)]";10920;"Maquina 2: [28 (25), 29 (32), 27 (15), 35 (53), 30 (71), 5 (11), 3 (29), 15 (53), 24 (83), 22 (29), 8 (44), 2 (50), 36 (68), 23 (91), 32 (57), 37 (84), 33 (89), 14 (77), 6 (81)]";10314
GREEDY;40;2;14873;1.0;1;"Maquina 1: [10 (13), 3 (4), 9 (2), 31 (10), 18 (29), 12 (5), 23 (7), 33 (20), 2 (27), 26 (33), 6 (43), 16 (67), 15 (56), 11 (48), 1 (66), 27 (74), 36 (82), 37 (77), 39 (96), 29 (89)]";7357;"Maquina 2: [8 (8), 30 (2), 38 (18), 17 (6), 4 (23), 7 (4), 13 (52), 19 (9), 35 (31), 20 (20), 22 (98), 25 (56), 0 (34), 34 (67), 21 (76), 28 (46), 14 (67), 32 (80), 24 (90), 5 (85)]";7516
GRASP;40;2;14668;537.0;500;"Maquina 1: [19 (9), 35 (31), 23 (7), 9 (2), 7 (4), 31 (10), 20 (20), 11 (48), 2 (27), 28 (46), 13 (52), 4 (23), 6 (43), 33 (20), 21 (76), 5 (85), 37 (77), 14 (67), 24 (90), 29 (89), 39 (96)]";8304;"Maquina 2: [10 (13), 3 (4), 30 (2), 38 (18), 17 (6), 12 (5), 18 (29), 8 (8), 25 (56), 0 (34), 26 (33), 16 (67), 15 (56), 27 (74), 36 (82), 34 (67), 1 (66), 32 (80), 22 (98)]";6364
LNS;40;2;14721;86.0;500;"Maquina 1: [10 (13), 3 (4), 9 (2), 31 (10), 18 (29), 12 (5), 23 (7), 33 (20), 2 (27), 26 (33), 6 (43), 16 (67), 1 (66), 11 (48), 15 (56), 27 (74), 36 (82), 37 (77), 39 (96), 29 (89)]";7205;"Maquina 2: [8 (8), 30 (2), 38 (18), 17 (6), 4 (23), 7 (4), 13 (52), 19 (9), 35 (31), 20 (20), 22 (98), 25 (56), 0 (34), 34 (67), 21 (76), 28 (46), 14 (67), 32 (80), 24 (90), 5 (85)]";7516
TABÚ;40;2;14041;153.0;500;"Maquina 1: [3 (4), 23 (7), 8 (8), 30 (2), 33 (20), 20 (20), 19 (9), 35 (31), 11 (48), 38 (18), 4 (23), 6 (43), 16 (67), 15 (56), 5 (85), 29 (89), 37 (77), 14 (67), 32 (80), 39 (96)]";6833;"Maquina 2: [12 (5), 17 (6), 9 (2), 7 (4), 10 (13), 2 (27), 28 (46), 31 (10), 13 (52), 0 (34), 18 (29), 34 (67), 26 (33), 25 (56), 24 (90), 21 (76), 27 (74), 36 (82), 1 (66), 22 (98)]";7208
VNS;40;2;14275;10336.0;500;"Maquina 1: [7 (4), 10 (13), 3 (4), 9 (2), 31 (10), 18 (29), 33 (20), 2 (27), 26 (33), 6 (43), 16 (67), 1 (66), 11 (48), 15 (56), 27 (74), 36 (82), 37 (77), 39 (96), 5 (85)]";6728;"Maquina 2: [12 (5), 8 (8), 30 (2), 38 (18), 17 (6), 4 (23), 23 (7), 13 (52), 19 (9), 35 (31), 20 (20), 22 (98), 25 (56), 0 (34), 34 (67), 21 (76), 28 (46), 14 (67), 32 (80), 24 (90), 29 (89)]";7547
Multiarranque;40;2;14131;787.0;500;"Maquina 1: [10 (13), 3 (4), 7 (4), 9 (2), 38 (18), 30 (2), 20 (20), 19 (9), 35 (31), 1 (66), 25 (56), 0 (34), 13 (52), 34 (67), 26 (33), 16 (67), 36 (82), 14 (67), 24 (90), 39 (96), 22 (98)]";7303;"Maquina 2: [4 (23), 23 (7), 33 (20), 17 (6), 12 (5), 6 (43), 31 (10), 18 (29), 8 (8), 15 (56), 11 (48), 2 (27), 28 (46), 27 (74), 21 (76), 32 (80), 29 (89), 37 (77), 5 (85)]";6828
GREEDY;40;2;22319;0.0;1;"Maquina 1: [22 (5), 26 (3), 33 (54), 25 (12), 39 (10), 2 (37), 31 (24), 10 (23), 28 (40), 13 (41), 18 (43), 24 (89), 5 (71), 36 (80), 0 (85), 12 (75), 15 (91), 35 (58), 23 (68), 3 (99)]";11149;"Maquina 2: [6 (7), 8 (5), 4 (32), 9 (17), 30 (49), 20 (12), 21 (23), 37 (40), 7 (34), 1 (58), 17 (42), 32 (98), 29 (70), 27 (99), 19 (76), 34 (63), 38 (79), 16 (71), 14 (84), 11 (90)]";11170
GRASP;40;2;21052;524.0;500;"Maquina 1: [22 (5), 6 (7), 26 (3), 39 (10), 34 (63), 7 (34), 4 (32), 16 (71), 2 (37), 10 (23), 28 (40), 29 (70), 35 (58), 18 (43), 38 (79), 32 (98), 14 (84), 27 (99), 19 (76), 23 (68)]";10247;"Maquina 2: [31 (24), 8 (5), 13 (41), 12 (75), 21 (23), 9 (17), 30 (49), 20 (12), 25 (12), 17 (42), 1 (58), 37 (40), 5 (71), 36 (80), 24 (89), 33 (54), 11 (90), 3 (99), 0 (85), 15 (91)]";10805
LNS;40;2;22319;85.0;500;"Maquina 1: [22 (5), 26 (3), 33 (54), 25 (12), 39 (10), 2 (37), 31 (24), 10 (23), 28 (40), 13 (41), 18 (43), 24 (89), 5 (71), 36 (80), 0 (85), 12 (75), 15 (91), 35 (58), 23 (68), 3 (99)]";11149;"Maquina 2: [6 (7), 8 (5), 4 (32), 9 (17), 30 (49), 20 (12), 21 (23), 37 (40), 7 (34), 1 (58), 17 (42), 32 (98), 29 (70), 27 (99), 19 (76), 34 (63), 38 (79), 16 (71), 14 (84), 11 (90)]";11170
TABÚ;40;2;21589;142.0;500;"Maquina 1: [18 (43), 31 (24), 28 (40), 9 (17), 7 (34), 1 (58), 39 (10), 37 (40), 10 (23), 14 (84), 30 (49), 29 (70), 3 (99), 35 (58), 11 (90), 38 (79), 16 (71), 15 (91), 27 (99)]";11122;"Maquina 2: [8 (5), 26 (3), 33 (54), 22 (5), 6 (7), 21 (23), 20 (12), 4 (32), 25 (12), 13 (41), 12 (75), 23 (68), 17 (42), 0 (85), 36 (80), 2 (37), 34 (63), 19 (76), 24 (89), 5 (71), 32 (98)]";10467
VNS;40;2;21047;13630.0;500;"Maquina 1: [20 (12), 26 (3), 33 (54), 39 (10), 2 (37), 10 (23), 28 (40), 13 (41), 18 (43), 24 (89), 31 (24), 5 (71), 36 (80), 14 (84), 11 (90), 35 (58), 34 (63), 0 (85), 15 (91)]";9482;"Maquina 2: [22 (5), 6 (7), 8 (5), 4 (32), 9 (17), 30 (49), 21 (23), 25 (12), 37 (40), 7 (34), 1 (58), 17 (42), 32 (98), 29 (70), 23 (68), 12 (75), 19 (76), 38 (79), 16 (71), 3 (99), 27 (99)]";11565
Multiarranque;40;2;20842;822.0;500;"Maquina 1: [8 (5), 26 (3), 33 (54), 39 (10), 27 (99), 2 (37), 10 (23), 28 (40), 29 (70), 22 (5), 1 (58), 35 (58), 37 (40), 5 (71), 38 (79), 11 (90), 36 (80), 0 (85), 15 (91), 34 (63)]";10402;"Maquina 2: [21 (23), 9 (17), 20 (12), 25 (12), 6 (7), 18 (43), 31 (24), 7 (34), 4 (32), 16 (71), 13 (41), 12 (75), 23 (68), 19 (76), 17 (42), 24 (89), 14 (84), 30 (49), 3 (99), 32 (98)]";10440
GREEDY;40;2;20515;0.0;1;"Maquina 1: [25 (28), 28 (2), 9 (1), 2 (7), 27 (32), 26 (46), 4 (34), 38 (59), 24 (11), 22 (59), 0 (61), 37 (34), 19 (23), 30 (85), 10 (38), 6 (71), 15 (63), 5 (91), 33 (74), 13 (98), 39 (79)]";10447;"Maquina 2: [18 (37), 20 (28), 23 (2), 3 (20), 11 (33), 36 (59), 14 (81), 31 (4), 34 (42), 29 (53), 21 (34), 17 (30), 35 (79), 8 (68), 12 (63), 7 (60), 32 (88), 16 (73), 1 (98)]";10068
GRASP;40;2;19865;554.0;500;"Maquina 1: [31 (4), 24 (11), 2 (7), 23 (2), 29 (53), 10 (38), 7 (60), 18 (37), 21 (34), 39 (79), 37 (34), 17 (30), 0 (61), 1 (98), 11 (33), 14 (81), 33 (74), 32 (88), 5 (91), 12 (63)]";9521;"Maquina 2: [3 (20), 28 (2), 9 (1), 26 (46), 15 (63), 20 (28), 25 (28), 27 (32), 4 (34), 19 (23), 22 (59), 38 (59), 34 (42), 36 (59), 30 (85), 6 (71), 35 (79), 16 (73), 8 (68), 13 (98)]";10344
LNS;40;2;20470;101.0;500;"Maquina 1: [25 (28), 28 (2), 9 (1), 2 (7), 27 (32), 26 (46), 4 (34), 38 (59), 24 (11), 22 (59), 0 (61), 37 (34), 19 (23), 30 (85), 10 (38), 6 (71), 15 (63), 5 (91), 33 (74), 13 (98), 39 (79)]";10447;"Maquina 2: [18 (37), 20 (28), 23 (2), 3 (20), 11 (33), 36 (59), 14 (81), 31 (4), 34 (42), 29 (53), 21 (34), 17 (30), 35 (79), 8 (68), 7 (60), 12 (63), 16 (73), 32 (88), 1 (98)]";10023
TABÚ;40;2;20777;178.0;500;"Maquina 1: [28 (2), 9 (1), 26 (46), 20 (28), 24 (11), 22 (59), 18 (37), 19 (23), 10 (38), 17 (30), 15 (63), 27 (32), 36 (59), 6 (71), 8 (68), 7 (60), 38 (59), 32 (88), 5 (91), 30 (85)]";10597;"Maquina 2: [3 (20), 2 (7), 23 (2), 25 (28), 11 (33), 14 (81), 31 (4), 4 (34), 33 (74), 21 (34), 0 (61), 34 (42), 29 (53), 37 (34), 13 (98), 12 (63), 16 (73), 1 (98), 35 (79), 39 (79)]";10180
VNS;40;2;19510;14645.0;500;"Maquina 1: [25 (28), 28 (2), 9 (1), 2 (7), 27 (32), 26 (46), 4 (34), 38 (59), 24 (11), 16 (73), 39 (79), 37 (34), 19 (23), 22 (59), 18 (37), 21 (34), 8 (68), 13 (98), 33 (74), 32 (88), 5 (91)]";9953;"Maquina 2: [20 (28), 23 (2), 3 (20), 11 (33), 36 (59), 14 (81), 31 (4), 6 (71), 34 (42), 29 (53), 10 (38), 17 (30), 35 (79), 0 (61), 15 (63), 12 (63), 7 (60), 30 (85), 1 (98)]";9557
Multiarranque;40;2;18808;844.0;500;"Maquina 1: [23 (2), 25 (28), 31 (4), 27 (32), 19 (23), 16 (73), 10 (38), 34 (42), 29 (53), 11 (33), 7 (60), 18 (37), 22 (59), 0 (61), 15 (63), 5 (91), 33 (74), 13 (98), 39 (79)]";9150;"Maquina 2: [28 (2), 9 (1), 2 (7), 4 (34), 24 (11), 35 (79), 36 (59), 21 (34), 37 (34), 17 (30), 26 (46), 20 (28), 3 (20), 38 (59), 32 (88), 6 (71), 8 (68), 30 (85), 1 (98), 14 (81), 12 (63)]";9658
GREEDY;40;2;21444;0.0;1;"Maquina 1: [28 (19), 0 (3), 9 (60), 6 (10), 3 (6), 30 (91), 32 (28), 18 (21), 8 (40), 12 (48), 22 (46), 5 (61), 11 (78), 21 (68), 14 (79), 33 (80), 39 (82), 7 (86), 38 (89)]";10384;"Maquina 2: [26 (15), 35 (5), 20 (7), 1 (50), 4 (6), 27 (31), 31 (26), 19 (82), 15 (20), 10 (17), 24 (41), 2 (76), 36 (61), 13 (78), 29 (46), 23 (60), 25 (80), 37 (87), 34 (93), 17 (83), 16 (91)]";11060
GRASP;40;2;20246;547.0;500;"Maquina 1: [20 (7), 26 (15), 35 (5), 28 (19), 3 (6), 6 (10), 15 (20), 21 (68), 27 (31), 9 (60), 29 (46), 23 (60), 19 (82), 39 (82), 13 (78), 30 (91), 1 (50), 16 (91), 34 (93), 38 (89)]";8930;"Maquina 2: [10 (17), 17 (83), 4 (6), 0 (3), 24 (41), 12 (48), 18 (21), 31 (26), 32 (28), 25 (80), 8 (40), 22 (46), 5 (61), 2 (76), 36 (61), 14 (79), 7 (86), 33 (80), 37 (87), 11 (78)]";11316
LNS;40;2;21444;85.0;500;"Maquina 1: [28 (19), 0 (3), 9 (60), 6 (10), 3 (6), 30 (91), 32 (28), 18 (21), 8 (40), 12 (48), 22 (46), 5 (61), 11 (78), 21 (68), 14 (79), 33 (80), 39 (82), 7 (86), 38 (89)]";10384;"Maquina 2: [26 (15), 35 (5), 20 (7), 1 (50), 4 (6), 27 (31), 31 (26), 19 (82), 15 (20), 10 (17), 24 (41), 2 (76), 36 (61), 13 (78), 29 (46), 23 (60), 25 (80), 37 (87), 34 (93), 17 (83), 16 (91)]";11060
TABÚ;40;2;20782;158.0;500;"Maquina 1: [3 (6), 26 (15), 28 (19), 21 (68), 27 (31), 18 (21), 9 (60), 0 (3), 24 (41), 12 (48), 5 (61), 11 (78), 16 (91), 39 (82), 13 (78), 33 (80), 25 (80), 37 (87), 34 (93)]";10257;"Maquina 2: [6 (10), 35 (5), 20 (7), 1 (50), 4 (6), 32 (28), 31 (26), 19 (82), 15 (20), 10 (17), 17 (83), 22 (46), 8 (40), 2 (76), 14 (79), 29 (46), 23 (60), 7 (86), 36 (61), 38 (89), 30 (91)]";10525
VNS;40;2;20527;12647.0;500;"Maquina 1: [29 (46), 28 (19), 0 (3), 9 (60), 6 (10), 33 (80), 32 (28), 18 (21), 25 (80), 8 (40), 2 (76), 36 (61), 11 (78), 22 (46), 23 (60), 14 (79), 16 (91), 37 (87), 39 (82)]";10661;"Maquina 2: [3 (6), 26 (15), 35 (5), 20 (7), 1 (50), 4 (6), 27 (31), 31 (26), 19 (82), 15 (20), 10 (17), 24 (41), 12 (48), 5 (61), 13 (78), 21 (68), 30 (91), 7 (86), 34 (93), 17 (83), 38 (89)]";9866
Multiarranque;40;2;19911;806.0;500;"Maquina 1: [26 (15), 35 (5), 29 (46), 28 (19), 3 (6), 6 (10), 15 (20), 21 (68), 27 (31), 18 (21), 23 (60), 1 (50), 22 (46), 24 (41), 8 (40), 25 (80), 19 (82), 38 (89), 39 (82), 7 (86), 34 (93)]";9925;"Maquina 2: [0 (3), 20 (7), 4 (6), 32 (28), 17 (83), 10 (17), 9 (60), 12 (48), 5 (61), 2 (76), 36 (61), 13 (78), 31 (26), 37 (87), 11 (78), 33 (80), 30 (91), 14 (79), 16 (91)]";9986
