GREEDY;40;6;8797;1.0;1;"Maquina 1: [1 (2), 30 (71), 13 (57), 19 (52), 4 (23), 7 (99), 24 (83)]";1620;"Maquina 2: [25 (2), 28 (25), 34 (34), 15 (53), 17 (83), 16 (68), 11 (91)]";1503;"Maquina 3: [5 (11), 3 (29), 32 (57), 18 (68), 8 (44), 20 (92), 6 (81)]";1470;"Maquina 4: [38 (50), 27 (15), 0 (61), 22 (29), 31 (78), 33 (89)]";1424;"Maquina 5: [12 (16), 39 (57), 26 (32), 10 (53), 37 (84), 14 (77)]";1268;"Maquina 6: [21 (18), 2 (50), 29 (32), 35 (53), 9 (83), 36 (68), 23 (91)]";1512
GRASP;40;6;8175;790.0;500;"Maquina 1: [5 (11), 3 (29), 2 (50), 4 (23), 32 (57), 18 (68)]";856;"Maquina 2: [1 (2), 8 (44), 28 (25), 34 (34), 30 (71), 13 (57), 33 (89)]";1195;"Maquina 3: [29 (32), 6 (81), 27 (15), 0 (61), 15 (53), 10 (53), 11 (91)]";1591;"Maquina 4: [12 (16), 9 (83), 35 (53), 38 (50), 17 (83), 31 (78)]";1250;"Maquina 5: [21 (18), 19 (52), 26 (32), 22 (29), 14 (77), 24 (83), 7 (99)]";1598;"Maquina 6: [25 (2), 39 (57), 23 (91), 37 (84), 36 (68), 16 (68), 20 (92)]";1685
LNS;40;6;8747;20.0;500;"Maquina 1: [1 (2), 30 (71), 13 (57), 19 (52), 4 (23), 7 (99), 24 (83)]";1620;"Maquina 2: [25 (2), 28 (25), 34 (34), 15 (53), 17 (83), 16 (68), 11 (91)]";1503;"Maquina 3: [5 (11), 3 (29), 32 (57), 18 (68), 8 (44), 20 (92), 6 (81)]";1470;"Maquina 4: [38 (50), 27 (15), 0 (61), 22 (29), 31 (78), 33 (89)]";1424;"Maquina 5: [26 (32), 39 (57), 12 (16), 10 (53), 37 (84), 14 (77)]";1218;"Maquina 6: [21 (18), 2 (50), 29 (32), 35 (53), 9 (83), 36 (68), 23 (91)]";1512
TABÚ;40;6;7952;243.0;500;"Maquina 1: [21 (18), 15 (53), 13 (57), 28 (25), 0 (61), 17 (83), 14 (77)]";1511;"Maquina 2: [5 (11), 3 (29), 27 (15), 32 (57), 18 (68), 34 (34), 11 (91)]";1069;"Maquina 3: [25 (2), 12 (16), 9 (83), 35 (53), 30 (71), 31 (78), 37 (84)]";1374;"Maquina 4: [29 (32), 1 (2), 19 (52), 39 (57), 2 (50), 36 (68), 33 (89)]";1356;"Maquina 5: [22 (29), 4 (23), 8 (44), 20 (92), 23 (91), 24 (83)]";1320;"Maquina 6: [26 (32), 10 (53), 16 (68), 7 (99), 38 (50), 6 (81)]";1322
VNS;40;6;8010;14005.0;500;"Maquina 1: [30 (71), 13 (57), 2 (50), 31 (78), 17 (83)]";1028;"Maquina 2: [29 (32), 25 (2), 28 (25), 0 (61), 15 (53), 6 (81), 16 (68), 7 (99)]";1710;"Maquina 3: [5 (11), 3 (29), 32 (57), 18 (68), 8 (44), 20 (92), 24 (83)]";1488;"Maquina 4: [38 (50), 34 (34), 22 (29), 12 (16), 37 (84), 14 (77), 33 (89)]";1494;"Maquina 5: [4 (23), 39 (57), 1 (2), 10 (53), 11 (91), 26 (32), 19 (52)]";1260;"Maquina 6: [21 (18), 27 (15), 35 (53), 9 (83), 36 (68), 23 (91)]";1030
Multiarranque;40;6;8016;846.0;500;"Maquina 1: [5 (11), 3 (29), 6 (81), 16 (68), 20 (92), 38 (50), 30 (71)]";1550;"Maquina 2: [1 (2), 25 (2), 26 (32), 19 (52), 0 (61), 11 (91), 23 (91), 32 (57)]";1539;"Maquina 3: [21 (18), 27 (15), 36 (68), 10 (53), 18 (68), 17 (83)]";956;"Maquina 4: [13 (57), 28 (25), 2 (50), 31 (78), 7 (99), 33 (89)]";1493;"Maquina 5: [29 (32), 39 (57), 12 (16), 4 (23), 8 (44), 9 (83), 24 (83)]";1273;"Maquina 6: [34 (34), 15 (53), 35 (53), 22 (29), 37 (84), 14 (77)]";1205
GREEDY;40;6;9347;0.0;1;"Maquina 1: [3 (20), 9 (1), 29 (53), 37 (34), 15 (63), 1 (98), 35 (79)]";1757;"Maquina 2: [23 (2), 38 (59), 10 (38), 19 (23), 12 (63), 13 (98), 39 (79)]";1797;"Maquina 3: [28 (2), 20 (28), 4 (34), 7 (60), 34 (42), 32 (88), 16 (73)]";1486;"Maquina 4: [25 (28), 11 (33), 31 (4), 0 (61), 33 (74), 5 (91), 26 (46)]";1641;"Maquina 5: [2 (7), 21 (34), 17 (30), 8 (68), 14 (81), 22 (59)]";1325;"Maquina 6: [27 (32), 24 (11), 36 (59), 6 (71), 18 (37), 30 (85)]";1341
GRASP;40;6;7158;845.0;500;"Maquina 1: [9 (1), 2 (7), 29 (53), 10 (38), 17 (30), 33 (74), 30 (85), 1 (98)]";1553;"Maquina 2: [31 (4), 4 (34), 38 (59), 18 (37), 19 (23), 5 (91)]";820;"Maquina 3: [28 (2), 25 (28), 11 (33), 7 (60), 12 (63), 16 (73), 39 (79)]";1175;"Maquina 4: [23 (2), 34 (42), 36 (59), 21 (34), 0 (61), 13 (98), 14 (81)]";1426;"Maquina 5: [27 (32), 26 (46), 15 (63), 24 (11), 35 (79), 22 (59)]";1074;"Maquina 6: [37 (34), 20 (28), 3 (20), 8 (68), 32 (88), 6 (71)]";1110
LNS;40;6;9283;45.0;500;"Maquina 1: [3 (20), 9 (1), 29 (53), 37 (34), 15 (63), 1 (98), 35 (79)]";1757;"Maquina 2: [23 (2), 38 (59), 10 (38), 19 (23), 12 (63), 13 (98), 39 (79)]";1797;"Maquina 3: [28 (2), 20 (28), 4 (34), 32 (88), 34 (42), 7 (60), 16 (73)]";1422;"Maquina 4: [25 (28), 11 (33), 31 (4), 0 (61), 33 (74), 5 (91), 26 (46)]";1641;"Maquina 5: [2 (7), 21 (34), 17 (30), 8 (68), 14 (81), 22 (59)]";1325;"Maquina 6: [27 (32), 24 (11), 36 (59), 6 (71), 18 (37), 30 (85)]";1341
TABÚ;40;6;7114;338.0;500;"Maquina 1: [9 (1), 2 (7), 26 (46), 21 (34), 6 (71), 1 (98)]";670;"Maquina 2: [37 (34), 31 (4), 4 (34), 38 (59), 34 (42), 36 (59), 14 (81)]";1120;"Maquina 3: [23 (2), 25 (28), 28 (2), 7 (60), 12 (63), 33 (74), 13 (98)]";1131;"Maquina 4: [18 (37), 10 (38), 17 (30), 0 (61), 15 (63), 35 (79), 39 (79)]";1571;"Maquina 5: [24 (11), 3 (20), 11 (33), 29 (53), 32 (88), 5 (91)]";1114;"Maquina 6: [27 (32), 19 (23), 16 (73), 8 (68), 22 (59), 20 (28), 30 (85)]";1508
VNS;40;6;7458;7508.0;500;"Maquina 1: [9 (1), 39 (79), 37 (34), 17 (30), 33 (74), 14 (81), 35 (79)]";1417;"Maquina 2: [10 (38), 34 (42), 18 (37), 19 (23), 22 (59), 16 (73)]";1067;"Maquina 3: [28 (2), 20 (28), 4 (34), 38 (59), 13 (98), 7 (60)]";977;"Maquina 4: [23 (2), 3 (20), 11 (33), 0 (61), 1 (98), 32 (88), 5 (91)]";1376;"Maquina 5: [25 (28), 27 (32), 29 (53), 21 (34), 6 (71), 8 (68), 30 (85)]";1481;"Maquina 6: [2 (7), 26 (46), 31 (4), 24 (11), 15 (63), 12 (63), 36 (59)]";1140
Multiarranque;40;6;7687;899.0;500;"Maquina 1: [9 (1), 23 (2), 36 (59), 31 (4), 8 (68), 18 (37), 7 (60), 32 (88)]";1540;"Maquina 2: [21 (34), 20 (28), 30 (85), 37 (34), 12 (63), 11 (33)]";1095;"Maquina 3: [24 (11), 16 (73), 29 (53), 25 (28), 35 (79), 1 (98)]";1166;"Maquina 4: [27 (32), 4 (34), 38 (59), 34 (42), 22 (59), 6 (71), 13 (98)]";1635;"Maquina 5: [28 (2), 10 (38), 17 (30), 33 (74), 14 (81), 5 (91)]";952;"Maquina 6: [3 (20), 2 (7), 26 (46), 15 (63), 19 (23), 39 (79), 0 (61)]";1299
GREEDY;40;6;7905;0.0;1;"Maquina 1: [2 (2), 19 (29), 39 (13), 18 (35), 17 (91), 33 (56), 37 (69)]";1375;"Maquina 2: [25 (14), 23 (3), 30 (25), 3 (63), 10 (35), 12 (94), 34 (49), 11 (80)]";1510;"Maquina 3: [14 (19), 31 (31), 24 (3), 36 (46), 7 (58), 27 (73)]";1048;"Maquina 4: [6 (27), 38 (3), 35 (20), 21 (40), 20 (84), 0 (58)]";1057;"Maquina 5: [28 (5), 16 (55), 1 (67), 26 (86), 32 (22), 9 (31)]";1355;"Maquina 6: [4 (6), 22 (38), 8 (63), 15 (25), 13 (48), 29 (75), 5 (97)]";1560
GRASP;40;6;5919;862.0;500;"Maquina 1: [2 (2), 19 (29), 6 (27), 22 (38), 33 (56), 37 (69), 17 (91)]";1105;"Maquina 2: [35 (20), 18 (35), 28 (5), 23 (3), 8 (63), 29 (75), 11 (80)]";1029;"Maquina 3: [15 (25), 38 (3), 9 (31), 13 (48), 36 (46), 26 (86)]";750;"Maquina 4: [4 (6), 24 (3), 32 (22), 3 (63), 10 (35), 34 (49), 5 (97)]";865;"Maquina 5: [14 (19), 39 (13), 31 (31), 20 (84), 0 (58), 16 (55)]";818;"Maquina 6: [21 (40), 25 (14), 7 (58), 30 (25), 1 (67), 27 (73), 12 (94)]";1352
LNS;40;6;7631;24.0;500;"Maquina 1: [39 (13), 19 (29), 2 (2), 18 (35), 17 (91), 33 (56), 37 (69)]";1287;"Maquina 2: [25 (14), 23 (3), 30 (25), 3 (63), 10 (35), 12 (94), 34 (49), 11 (80)]";1510;"Maquina 3: [24 (3), 36 (46), 14 (19), 31 (31), 7 (58), 27 (73)]";862;"Maquina 4: [6 (27), 38 (3), 35 (20), 21 (40), 20 (84), 0 (58)]";1057;"Maquina 5: [28 (5), 16 (55), 1 (67), 26 (86), 32 (22), 9 (31)]";1355;"Maquina 6: [4 (6), 22 (38), 8 (63), 15 (25), 13 (48), 29 (75), 5 (97)]";1560
TABÚ;40;6;6221;240.0;500;"Maquina 1: [4 (6), 24 (3), 32 (22), 3 (63), 6 (27), 29 (75), 11 (80)]";932;"Maquina 2: [28 (5), 38 (3), 9 (31), 0 (58), 16 (55), 8 (63), 12 (94)]";1042;"Maquina 3: [14 (19), 2 (2), 35 (20), 1 (67), 27 (73), 33 (56)]";819;"Maquina 4: [13 (48), 23 (3), 22 (38), 19 (29), 7 (58), 34 (49), 20 (84), 17 (91)]";1713;"Maquina 5: [36 (46), 30 (25), 15 (25), 39 (13), 31 (31), 26 (86)]";786;"Maquina 6: [10 (35), 18 (35), 21 (40), 25 (14), 37 (69), 5 (97)]";929
VNS;40;6;5965;7607.0;500;"Maquina 1: [2 (2), 35 (20), 18 (35), 21 (40), 16 (55), 33 (56), 20 (84)]";998;"Maquina 2: [25 (14), 23 (3), 30 (25), 3 (63), 10 (35), 12 (94), 34 (49)]";1077;"Maquina 3: [4 (6), 31 (31), 28 (5), 36 (46), 29 (75), 17 (91)]";747;"Maquina 4: [14 (19), 39 (13), 38 (3), 6 (27), 19 (29), 37 (69), 1 (67), 0 (58), 7 (58)]";1396;"Maquina 5: [22 (38), 8 (63), 9 (31), 26 (86), 27 (73)]";899;"Maquina 6: [24 (3), 32 (22), 15 (25), 11 (80), 13 (48), 5 (97)]";848
Multiarranque;40;6;6546;868.0;500;"Maquina 1: [14 (19), 31 (31), 7 (58), 37 (69), 10 (35), 5 (97)]";1119;"Maquina 2: [23 (3), 8 (63), 19 (29), 2 (2), 13 (48), 17 (91), 27 (73)]";1259;"Maquina 3: [15 (25), 38 (3), 22 (38), 18 (35), 32 (22), 12 (94), 1 (67)]";1101;"Maquina 4: [4 (6), 24 (3), 16 (55), 6 (27), 11 (80), 33 (56)]";789;"Maquina 5: [35 (20), 28 (5), 36 (46), 9 (31), 0 (58), 20 (84), 29 (75)]";1211;"Maquina 6: [39 (13), 25 (14), 30 (25), 34 (49), 21 (40), 3 (63), 26 (86)]";1067
GREEDY;40;6;9632;0.0;1;"Maquina 1: [15 (47), 4 (23), 38 (5), 30 (70), 24 (55), 32 (34), 39 (90)]";1482;"Maquina 2: [37 (13), 17 (25), 11 (41), 31 (94), 10 (76), 33 (59), 34 (46)]";1629;"Maquina 3: [22 (17), 29 (25), 0 (70), 36 (43), 13 (50), 35 (86)]";1326;"Maquina 4: [26 (31), 25 (17), 3 (44), 2 (68), 16 (82), 21 (48), 14 (98)]";1879;"Maquina 5: [12 (46), 5 (33), 18 (18), 6 (55), 27 (70), 7 (93)]";1480;"Maquina 6: [9 (22), 8 (51), 28 (34), 23 (62), 1 (82), 20 (44), 19 (96)]";1836
GRASP;40;6;7684;790.0;500;"Maquina 1: [25 (17), 37 (13), 21 (48), 17 (25), 29 (25), 2 (68), 1 (82)]";1120;"Maquina 2: [26 (31), 28 (34), 18 (18), 27 (70), 8 (51), 23 (62), 35 (86)]";1236;"Maquina 3: [15 (47), 33 (59), 32 (34), 7 (93), 30 (70), 31 (94)]";1429;"Maquina 4: [22 (17), 5 (33), 20 (44), 12 (46), 24 (55), 13 (50), 14 (98)]";1302;"Maquina 5: [9 (22), 34 (46), 6 (55), 16 (82), 39 (90), 3 (44)]";1246;"Maquina 6: [4 (23), 11 (41), 38 (5), 10 (76), 36 (43), 0 (70), 19 (96)]";1351
LNS;40;6;9534;22.0;500;"Maquina 1: [15 (47), 4 (23), 38 (5), 30 (70), 24 (55), 32 (34), 39 (90)]";1482;"Maquina 2: [37 (13), 17 (25), 11 (41), 31 (94), 10 (76), 33 (59), 34 (46)]";1629;"Maquina 3: [22 (17), 29 (25), 0 (70), 36 (43), 13 (50), 35 (86)]";1326;"Maquina 4: [26 (31), 25 (17), 3 (44), 2 (68), 16 (82), 21 (48), 14 (98)]";1879;"Maquina 5: [12 (46), 18 (18), 6 (55), 5 (33), 27 (70), 7 (93)]";1382;"Maquina 6: [9 (22), 8 (51), 28 (34), 23 (62), 1 (82), 20 (44), 19 (96)]";1836
TABÚ;40;6;7930;263.0;500;"Maquina 1: [37 (13), 7 (93), 36 (43), 2 (68), 29 (25), 15 (47), 14 (98)]";1619;"Maquina 2: [25 (17), 9 (22), 12 (46), 8 (51), 17 (25), 16 (82), 39 (90)]";1176;"Maquina 3: [22 (17), 31 (94), 23 (62), 5 (33), 21 (48), 35 (86), 30 (70)]";1629;"Maquina 4: [18 (18), 24 (55), 26 (31), 28 (34), 27 (70), 0 (70)]";935;"Maquina 5: [38 (5), 10 (76), 33 (59), 32 (34), 6 (55), 34 (46), 19 (96)]";1515;"Maquina 6: [4 (23), 11 (41), 13 (50), 20 (44), 3 (44), 1 (82)]";1056
VNS;40;6;7620;7578.0;500;"Maquina 1: [15 (47), 4 (23), 38 (5), 30 (70), 5 (33), 3 (44), 35 (86)]";1224;"Maquina 2: [32 (34), 17 (25), 11 (41), 0 (70), 1 (82), 19 (96)]";1153;"Maquina 3: [22 (17), 28 (34), 10 (76), 36 (43), 13 (50), 20 (44), 14 (98)]";1500;"Maquina 4: [25 (17), 33 (59), 29 (25), 24 (55), 16 (82), 39 (90)]";1040;"Maquina 5: [37 (13), 12 (46), 21 (48), 18 (18), 6 (55), 34 (46), 2 (68), 7 (93)]";1645;"Maquina 6: [26 (31), 9 (22), 8 (51), 23 (62), 27 (70), 31 (94)]";1058
Multiarranque;40;6;8246;861.0;500;"Maquina 1: [18 (18), 37 (13), 15 (47), 23 (62), 32 (34), 31 (94), 10 (76)]";1336;"Maquina 2: [38 (5), 17 (25), 11 (41), 33 (59), 34 (46), 16 (82), 39 (90)]";1629;"Maquina 3: [21 (48), 29 (25), 25 (17), 3 (44), 2 (68), 30 (70), 19 (96)]";1528;"Maquina 4: [5 (33), 22 (17), 24 (55), 36 (43), 0 (70), 7 (93)]";1083;"Maquina 5: [26 (31), 9 (22), 13 (50), 20 (44), 14 (98), 6 (55), 1 (82)]";1520;"Maquina 6: [4 (23), 12 (46), 8 (51), 28 (34), 27 (70), 35 (86)]";1150
GREEDY;40;6;7350;0.0;1;"Maquina 1: [31 (35), 19 (2), 11 (58), 10 (25), 37 (44), 2 (80), 9 (98)]";1449;"Maquina 2: [33 (44), 18 (25), 8 (3), 36 (72), 3 (35), 22 (55), 20 (92)]";1236;"Maquina 3: [1 (4), 23 (25), 4 (30), 34 (41), 25 (48), 13 (72), 39 (90)]";1143;"Maquina 4: [15 (4), 21 (28), 28 (29), 16 (44), 5 (54), 29 (73), 12 (97)]";1406;"Maquina 5: [35 (9), 24 (41), 0 (64), 27 (28), 26 (45), 30 (84)]";1020;"Maquina 6: [7 (10), 14 (46), 6 (29), 17 (36), 32 (85), 38 (67)]";1096
GRASP;40;6;5855;801.0;500;"Maquina 1: [1 (4), 6 (29), 27 (28), 31 (35), 33 (44), 13 (72), 2 (80)]";945;"Maquina 2: [4 (30), 28 (29), 35 (9), 29 (73), 16 (44), 38 (67), 39 (90)]";1178;"Maquina 3: [19 (2), 18 (25), 14 (46), 26 (45), 36 (72), 5 (54)]";721;"Maquina 4: [7 (10), 8 (3), 24 (41), 22 (55), 25 (48), 30 (84), 9 (98)]";1029;"Maquina 5: [15 (4), 21 (28), 23 (25), 34 (41), 11 (58), 12 (97), 20 (92)]";1097;"Maquina 6: [10 (25), 17 (36), 3 (35), 37 (44), 0 (64), 32 (85)]";885
LNS;40;6;7278;26.0;500;"Maquina 1: [31 (35), 19 (2), 11 (58), 10 (25), 37 (44), 2 (80), 9 (98)]";1449;"Maquina 2: [33 (44), 18 (25), 8 (3), 36 (72), 3 (35), 22 (55), 20 (92)]";1236;"Maquina 3: [1 (4), 4 (30), 23 (25), 34 (41), 13 (72), 25 (48), 39 (90)]";1115;"Maquina 4: [15 (4), 29 (73), 16 (44), 21 (28), 28 (29), 5 (54), 12 (97)]";1362;"Maquina 5: [35 (9), 24 (41), 0 (64), 27 (28), 26 (45), 30 (84)]";1020;"Maquina 6: [7 (10), 14 (46), 6 (29), 17 (36), 32 (85), 38 (67)]";1096
TABÚ;40;6;5946;244.0;500;"Maquina 1: [7 (10), 8 (3), 24 (41), 14 (46), 33 (44), 12 (97), 9 (98)]";1051;"Maquina 2: [35 (9), 28 (29), 23 (25), 31 (35), 16 (44), 38 (67), 39 (90)]";976;"Maquina 3: [1 (4), 10 (25), 17 (36), 3 (35), 37 (44), 0 (64), 32 (85)]";931;"Maquina 4: [15 (4), 21 (28), 4 (30), 6 (29), 5 (54), 29 (73), 30 (84)]";1061;"Maquina 5: [27 (28), 36 (72), 34 (41), 11 (58), 26 (45), 20 (92)]";1125;"Maquina 6: [19 (2), 18 (25), 22 (55), 25 (48), 13 (72), 2 (80)]";802
VNS;40;6;6159;7884.0;500;"Maquina 1: [15 (4), 19 (2), 1 (4), 10 (25), 17 (36), 37 (44), 0 (64), 30 (84), 9 (98)]";1322;"Maquina 2: [27 (28), 18 (25), 8 (3), 24 (41), 3 (35), 22 (55), 12 (97)]";998;"Maquina 3: [23 (25), 4 (30), 13 (72), 2 (80), 20 (92)]";765;"Maquina 4: [35 (9), 21 (28), 6 (29), 5 (54), 29 (73), 16 (44), 38 (67)]";1082;"Maquina 5: [31 (35), 33 (44), 26 (45), 36 (72), 39 (90)]";770;"Maquina 6: [7 (10), 34 (41), 14 (46), 28 (29), 25 (48), 11 (58), 32 (85)]";1222
Multiarranque;40;6;6378;867.0;500;"Maquina 1: [31 (35), 7 (10), 28 (29), 35 (9), 21 (28), 12 (97), 11 (58)]";912;"Maquina 2: [8 (3), 27 (28), 4 (30), 23 (25), 29 (73), 20 (92), 22 (55)]";1077;"Maquina 3: [17 (36), 3 (35), 37 (44), 0 (64), 25 (48), 9 (98)]";1047;"Maquina 4: [1 (4), 18 (25), 14 (46), 33 (44), 10 (25), 5 (54), 36 (72)]";1049;"Maquina 5: [6 (29), 38 (67), 34 (41), 13 (72), 2 (80), 32 (85)]";1270;"Maquina 6: [15 (4), 19 (2), 24 (41), 26 (45), 16 (44), 30 (84), 39 (90)]";1023
GREEDY;40;6;5832;0.0;1;"Maquina 1: [35 (6), 0 (3), 5 (49), 39 (27), 14 (55), 10 (65), 32 (99)]";1162;"Maquina 2: [8 (3), 25 (10), 33 (45), 23 (29), 28 (55), 15 (81)]";848;"Maquina 3: [19 (14), 12 (3), 1 (22), 24 (29), 22 (60), 17 (90), 21 (51)]";966;"Maquina 4: [30 (15), 37 (4), 9 (29), 4 (42), 20 (55), 2 (71)]";807;"Maquina 5: [26 (18), 7 (5), 27 (16), 3 (52), 18 (61), 6 (31), 11 (90)]";918;"Maquina 6: [13 (5), 38 (16), 16 (40), 31 (69), 29 (19), 36 (54), 34 (95)]";1131
GRASP;40;6;5091;779.0;500;"Maquina 1: [26 (18), 12 (3), 16 (40), 9 (29), 28 (55), 14 (55), 15 (81)]";972;"Maquina 2: [8 (3), 35 (6), 22 (60), 1 (22), 6 (31), 5 (49), 11 (90)]";854;"Maquina 3: [27 (16), 0 (3), 29 (19), 20 (55), 4 (42), 2 (71), 34 (95)]";1050;"Maquina 4: [25 (10), 39 (27), 19 (14), 36 (54), 3 (52), 18 (61)]";666;"Maquina 5: [13 (5), 30 (15), 37 (4), 24 (29), 10 (65), 33 (45), 17 (90)]";818;"Maquina 6: [38 (16), 7 (5), 23 (29), 21 (51), 32 (99), 31 (69)]";731
LNS;40;6;5750;22.0;500;"Maquina 1: [35 (6), 0 (3), 5 (49), 39 (27), 14 (55), 10 (65), 32 (99)]";1162;"Maquina 2: [8 (3), 28 (55), 33 (45), 25 (10), 23 (29), 15 (81)]";773;"Maquina 3: [19 (14), 12 (3), 1 (22), 24 (29), 22 (60), 17 (90), 21 (51)]";966;"Maquina 4: [30 (15), 37 (4), 20 (55), 9 (29), 4 (42), 2 (71)]";800;"Maquina 5: [26 (18), 7 (5), 27 (16), 3 (52), 18 (61), 6 (31), 11 (90)]";918;"Maquina 6: [13 (5), 38 (16), 16 (40), 31 (69), 29 (19), 36 (54), 34 (95)]";1131
TABÚ;40;6;4934;255.0;500;"Maquina 1: [13 (5), 12 (3), 1 (22), 29 (19), 22 (60), 15 (81), 11 (90)]";771;"Maquina 2: [23 (29), 30 (15), 37 (4), 3 (52), 28 (55), 34 (95)]";756;"Maquina 3: [38 (16), 7 (5), 25 (10), 16 (40), 4 (42), 21 (51), 32 (99)]";790;"Maquina 4: [8 (3), 39 (27), 19 (14), 9 (29), 26 (18), 14 (55), 36 (54)]";718;"Maquina 5: [24 (29), 35 (6), 6 (31), 5 (49), 31 (69), 10 (65)]";748;"Maquina 6: [27 (16), 0 (3), 2 (71), 33 (45), 20 (55), 18 (61), 17 (90)]";1151
VNS;40;6;5022;7922.0;500;"Maquina 1: [19 (14), 0 (3), 5 (49), 39 (27), 9 (29), 26 (18), 10 (65), 17 (90)]";1068;"Maquina 2: [8 (3), 35 (6), 6 (31), 23 (29), 4 (42), 21 (51), 32 (99)]";796;"Maquina 3: [12 (3), 1 (22), 29 (19), 22 (60), 28 (55), 15 (81)]";685;"Maquina 4: [13 (5), 24 (29), 37 (4), 36 (54), 33 (45), 20 (55), 2 (71)]";902;"Maquina 5: [7 (5), 27 (16), 30 (15), 3 (52), 18 (61), 14 (55)]";597;"Maquina 6: [38 (16), 16 (40), 25 (10), 31 (69), 34 (95), 11 (90)]";974
Multiarranque;40;6;5212;908.0;500;"Maquina 1: [13 (5), 25 (10), 22 (60), 15 (81), 34 (95)]";524;"Maquina 2: [27 (16), 0 (3), 19 (14), 1 (22), 24 (29), 35 (6), 20 (55), 2 (71)]";865;"Maquina 3: [30 (15), 37 (4), 7 (5), 23 (29), 21 (51), 4 (42), 17 (90)]";761;"Maquina 4: [5 (49), 8 (3), 36 (54), 16 (40), 11 (90), 31 (69)]";1023;"Maquina 5: [26 (18), 12 (3), 33 (45), 28 (55), 14 (55), 6 (31), 10 (65)]";982;"Maquina 6: [38 (16), 39 (27), 9 (29), 29 (19), 3 (52), 18 (61), 32 (99)]";1057
GREEDY;40;6;6095;0.0;1;"Maquina 1: [4 (23), 23 (7), 9 (2), 28 (46), 14 (67), 37 (77), 22 (98)]";1204;"Maquina 2: [8 (8), 30 (2), 20 (20), 15 (56), 27 (74), 26 (33), 29 (89)]";951;"Maquina 3: [18 (29), 3 (4), 19 (9), 11 (48), 16 (67), 36 (82)]";820;"Maquina 4: [33 (20), 7 (4), 31 (10), 6 (43), 1 (66), 32 (80), 39 (96)]";1161;"Maquina 5: [12 (5), 10 (13), 2 (27), 0 (34), 25 (56), 24 (90), 21 (76)]";1068;"Maquina 6: [38 (18), 17 (6), 34 (67), 35 (31), 13 (52), 5 (85)]";891
GRASP;40;6;5518;816.0;500;"Maquina 1: [0 (34), 30 (2), 20 (20), 19 (9), 22 (98), 29 (89), 37 (77)]";1007;"Maquina 2: [23 (7), 6 (43), 33 (20), 18 (29), 34 (67), 5 (85)]";821;"Maquina 3: [3 (4), 35 (31), 12 (5), 28 (46), 13 (52), 24 (90), 36 (82)]";1101;"Maquina 4: [9 (2), 7 (4), 2 (27), 26 (33), 21 (76), 25 (56), 39 (96)]";852;"Maquina 5: [38 (18), 17 (6), 10 (13), 14 (67), 1 (66), 32 (80)]";761;"Maquina 6: [8 (8), 31 (10), 11 (48), 4 (23), 16 (67), 15 (56), 27 (74)]";976
LNS;40;6;6095;20.0;500;"Maquina 1: [4 (23), 23 (7), 9 (2), 28 (46), 14 (67), 37 (77), 22 (98)]";1204;"Maquina 2: [8 (8), 30 (2), 20 (20), 15 (56), 27 (74), 26 (33), 29 (89)]";951;"Maquina 3: [18 (29), 3 (4), 19 (9), 11 (48), 16 (67), 36 (82)]";820;"Maquina 4: [33 (20), 7 (4), 31 (10), 6 (43), 1 (66), 32 (80), 39 (96)]";1161;"Maquina 5: [12 (5), 10 (13), 2 (27), 0 (34), 25 (56), 24 (90), 21 (76)]";1068;"Maquina 6: [38 (18), 17 (6), 34 (67), 35 (31), 13 (52), 5 (85)]";891
TABÚ;40;6;5082;261.0;500;"Maquina 1: [8 (8), 30 (2), 18 (29), 3 (4), 1 (66), 14 (67), 32 (80)]";721;"Maquina 2: [19 (9), 9 (2), 38 (18), 25 (56), 0 (34), 22 (98), 37 (77)]";864;"Maquina 3: [33 (20), 20 (20), 6 (43), 16 (67), 15 (56), 39 (96)]";861;"Maquina 4: [7 (4), 2 (27), 31 (10), 11 (48), 21 (76), 27 (74), 36 (82)]";987;"Maquina 5: [10 (13), 4 (23), 35 (31), 17 (6), 34 (67), 5 (85), 29 (89)]";1035;"Maquina 6: [23 (7), 26 (33), 12 (5), 28 (46), 13 (52), 24 (90)]";614
VNS;40;6;5310;9427.0;500;"Maquina 1: [4 (23), 23 (7), 25 (56), 39 (96), 22 (98)]";652;"Maquina 2: [8 (8), 15 (56), 0 (34), 27 (74), 36 (82)]";686;"Maquina 3: [30 (2), 18 (29), 3 (4), 20 (20), 6 (43), 16 (67), 34 (67), 37 (77)]";1031;"Maquina 4: [33 (20), 19 (9), 9 (2), 7 (4), 31 (10), 11 (48), 21 (76), 5 (85), 29 (89)]";1179;"Maquina 5: [12 (5), 10 (13), 2 (27), 26 (33), 28 (46), 1 (66), 32 (80)]";928;"Maquina 6: [38 (18), 17 (6), 14 (67), 35 (31), 13 (52), 24 (90)]";834
Multiarranque;40;6;5551;911.0;500;"Maquina 1: [12 (5), 20 (20), 19 (9), 35 (31), 34 (67), 15 (56), 22 (98)]";877;"Maquina 2: [3 (4), 9 (2), 7 (4), 26 (33), 6 (43), 0 (34), 39 (96), 21 (76)]";934;"Maquina 3: [31 (10), 18 (29), 30 (2), 1 (66), 32 (80), 37 (77)]";746;"Maquina 4: [38 (18), 17 (6), 14 (67), 11 (48), 27 (74), 29 (89)]";921;"Maquina 5: [8 (8), 16 (67), 2 (27), 28 (46), 24 (90), 36 (82)]";1103;"Maquina 6: [4 (23), 23 (7), 10 (13), 33 (20), 13 (52), 25 (56), 5 (85)]";970
GREEDY;40;6;6965;0.0;1;"Maquina 1: [37 (15), 26 (2), 38 (34), 5 (29), 13 (44), 27 (74), 20 (92)]";1011;"Maquina 2: [4 (19), 35 (6), 18 (30), 10 (36), 3 (61), 31 (86), 0 (97)]";1260;"Maquina 3: [36 (6), 25 (19), 23 (32), 19 (43), 39 (91), 21 (63), 30 (99)]";1275;"Maquina 4: [11 (7), 32 (21), 34 (32), 8 (51), 14 (79), 7 (94)]";1047;"Maquina 5: [9 (12), 22 (33), 16 (23), 15 (43), 33 (98), 29 (66), 24 (89)]";1296;"Maquina 6: [17 (13), 1 (58), 2 (34), 28 (25), 12 (83), 6 (94)]";1076
GRASP;40;6;6110;788.0;500;"Maquina 1: [32 (21), 26 (2), 10 (36), 13 (44), 24 (89), 21 (63), 12 (83)]";1112;"Maquina 2: [11 (7), 35 (6), 16 (23), 37 (15), 30 (99), 20 (92), 14 (79)]";963;"Maquina 3: [9 (12), 28 (25), 15 (43), 23 (32), 1 (58), 6 (94), 33 (98)]";1150;"Maquina 4: [36 (6), 34 (32), 25 (19), 31 (86), 2 (34), 29 (66), 0 (97)]";1134;"Maquina 5: [38 (34), 4 (19), 17 (13), 8 (51), 3 (61), 39 (91)]";849;"Maquina 6: [5 (29), 22 (33), 18 (30), 19 (43), 27 (74), 7 (94)]";902
LNS;40;6;6965;24.0;500;"Maquina 1: [37 (15), 26 (2), 38 (34), 5 (29), 13 (44), 27 (74), 20 (92)]";1011;"Maquina 2: [4 (19), 35 (6), 18 (30), 10 (36), 3 (61), 31 (86), 0 (97)]";1260;"Maquina 3: [36 (6), 25 (19), 23 (32), 19 (43), 39 (91), 21 (63), 30 (99)]";1275;"Maquina 4: [11 (7), 32 (21), 34 (32), 8 (51), 14 (79), 7 (94)]";1047;"Maquina 5: [9 (12), 22 (33), 16 (23), 15 (43), 33 (98), 29 (66), 24 (89)]";1296;"Maquina 6: [17 (13), 1 (58), 2 (34), 28 (25), 12 (83), 6 (94)]";1076
TABÚ;40;6;6066;257.0;500;"Maquina 1: [36 (6), 5 (29), 17 (13), 8 (51), 3 (61), 12 (83)]";715;"Maquina 2: [35 (6), 16 (23), 34 (32), 23 (32), 21 (63), 33 (98), 7 (94)]";1064;"Maquina 3: [9 (12), 28 (25), 2 (34), 13 (44), 24 (89), 0 (97), 30 (99)]";1243;"Maquina 4: [25 (19), 15 (43), 11 (7), 29 (66), 1 (58), 20 (92)]";878;"Maquina 5: [37 (15), 26 (2), 38 (34), 22 (33), 10 (36), 6 (94), 31 (86)]";982;"Maquina 6: [4 (19), 32 (21), 18 (30), 19 (43), 14 (79), 39 (91), 27 (74)]";1184
VNS;40;6;6088;8955.0;500;"Maquina 1: [37 (15), 26 (2), 38 (34), 18 (30), 15 (43), 20 (92), 0 (97)]";1048;"Maquina 2: [11 (7), 35 (6), 16 (23), 3 (61), 27 (74), 33 (98), 6 (94)]";1106;"Maquina 3: [36 (6), 34 (32), 23 (32), 19 (43), 39 (91), 31 (86)]";783;"Maquina 4: [28 (25), 32 (21), 5 (29), 21 (63), 8 (51), 14 (79), 7 (94)]";1187;"Maquina 5: [4 (19), 9 (12), 22 (33), 10 (36), 25 (19), 29 (66), 30 (99)]";948;"Maquina 6: [17 (13), 1 (58), 2 (34), 13 (44), 24 (89), 12 (83)]";1016
Multiarranque;40;6;6446;894.0;500;"Maquina 1: [37 (15), 26 (2), 38 (34), 1 (58), 18 (30), 39 (91), 24 (89)]";975;"Maquina 2: [35 (6), 25 (19), 28 (25), 21 (63), 10 (36), 31 (86), 0 (97)]";1136;"Maquina 3: [11 (7), 23 (32), 4 (19), 13 (44), 14 (79), 6 (94)]";935;"Maquina 4: [36 (6), 34 (32), 32 (21), 15 (43), 3 (61), 12 (83), 33 (98)]";1158;"Maquina 5: [5 (29), 17 (13), 8 (51), 2 (34), 29 (66), 7 (94)]";986;"Maquina 6: [9 (12), 22 (33), 19 (43), 16 (23), 20 (92), 30 (99), 27 (74)]";1256
GREEDY;40;6;8237;0.0;1;"Maquina 1: [31 (5), 33 (46), 11 (53), 39 (24), 32 (65), 30 (74), 28 (99)]";1622;"Maquina 2: [0 (10), 35 (25), 37 (51), 29 (38), 34 (63), 13 (71), 14 (88)]";1388;"Maquina 3: [2 (14), 10 (27), 17 (62), 19 (31), 18 (50), 21 (95), 1 (74)]";1389;"Maquina 4: [6 (28), 38 (16), 24 (69), 8 (59), 15 (49), 3 (75)]";1188;"Maquina 5: [7 (17), 4 (29), 27 (50), 22 (39), 9 (64), 25 (74), 36 (98)]";1399;"Maquina 6: [20 (20), 16 (29), 12 (50), 5 (61), 26 (77), 23 (70)]";1251
GRASP;40;6;6912;878.0;500;"Maquina 1: [31 (5), 20 (20), 27 (50), 29 (38), 1 (74), 13 (71), 23 (70)]";1113;"Maquina 2: [0 (10), 12 (50), 10 (27), 33 (46), 11 (53), 17 (62), 36 (98)]";1215;"Maquina 3: [19 (31), 4 (29), 2 (14), 3 (75), 30 (74), 24 (69), 21 (95)]";1277;"Maquina 4: [22 (39), 7 (17), 16 (29), 8 (59), 26 (77), 9 (64)]";966;"Maquina 5: [39 (24), 38 (16), 25 (74), 15 (49), 34 (63), 32 (65)]";951;"Maquina 6: [18 (50), 6 (28), 35 (25), 5 (61), 37 (51), 14 (88), 28 (99)]";1390
LNS;40;6;8182;22.0;500;"Maquina 1: [31 (5), 33 (46), 11 (53), 39 (24), 32 (65), 30 (74), 28 (99)]";1622;"Maquina 2: [0 (10), 35 (25), 13 (71), 29 (38), 34 (63), 37 (51), 14 (88)]";1376;"Maquina 3: [2 (14), 10 (27), 17 (62), 19 (31), 18 (50), 21 (95), 1 (74)]";1389;"Maquina 4: [6 (28), 38 (16), 24 (69), 15 (49), 8 (59), 3 (75)]";1147;"Maquina 5: [7 (17), 4 (29), 27 (50), 22 (39), 9 (64), 25 (74), 36 (98)]";1399;"Maquina 6: [12 (50), 16 (29), 20 (20), 5 (61), 26 (77), 23 (70)]";1249
TABÚ;40;6;7131;258.0;500;"Maquina 1: [6 (28), 2 (14), 17 (62), 15 (49), 26 (77), 1 (74), 21 (95)]";1426;"Maquina 2: [4 (29), 31 (5), 34 (63), 35 (25), 22 (39), 9 (64), 24 (69)]";1222;"Maquina 3: [39 (24), 38 (16), 19 (31), 37 (51), 5 (61), 30 (74), 36 (98)]";1207;"Maquina 4: [7 (17), 10 (27), 12 (50), 11 (53), 3 (75), 25 (74)]";945;"Maquina 5: [16 (29), 0 (10), 27 (50), 32 (65), 18 (50), 23 (70), 28 (99)]";1294;"Maquina 6: [20 (20), 33 (46), 13 (71), 29 (38), 8 (59), 14 (88)]";1037
VNS;40;6;7050;7212.0;500;"Maquina 1: [12 (50), 11 (53), 15 (49), 21 (95), 14 (88)]";979;"Maquina 2: [0 (10), 35 (25), 37 (51), 29 (38), 22 (39), 8 (59), 26 (77)]";1188;"Maquina 3: [2 (14), 10 (27), 27 (50), 18 (50), 23 (70), 17 (62), 36 (98)]";1233;"Maquina 4: [39 (24), 38 (16), 16 (29), 30 (74), 34 (63), 3 (75), 28 (99)]";1288;"Maquina 5: [7 (17), 4 (29), 9 (64), 19 (31), 25 (74), 32 (65), 24 (69)]";1328;"Maquina 6: [31 (5), 20 (20), 33 (46), 5 (61), 6 (28), 13 (71), 1 (74)]";1034
Multiarranque;40;6;7234;884.0;500;"Maquina 1: [6 (28), 33 (46), 4 (29), 5 (61), 3 (75), 23 (70)]";1048;"Maquina 2: [31 (5), 7 (17), 32 (65), 1 (74), 37 (51), 9 (64), 28 (99)]";1407;"Maquina 3: [20 (20), 39 (24), 12 (50), 11 (53), 14 (88), 34 (63), 21 (95)]";1428;"Maquina 4: [2 (14), 10 (27), 15 (49), 19 (31), 17 (62), 22 (39), 30 (74)]";1100;"Maquina 5: [29 (38), 35 (25), 26 (77), 13 (71), 18 (50), 24 (69)]";1150;"Maquina 6: [0 (10), 38 (16), 16 (29), 27 (50), 8 (59), 25 (74), 36 (98)]";1101
GREEDY;40;6;9026;0.0;1;"Maquina 1: [26 (15), 27 (31), 0 (3), 2 (76), 19 (82), 1 (50), 16 (91)]";1528;"Maquina 2: [10 (17), 35 (5), 32 (28), 11 (78), 12 (48), 39 (82), 30 (91)]";1634;"Maquina 3: [28 (19), 3 (6), 38 (89), 9 (60), 21 (68), 33 (80), 8 (40)]";1454;"Maquina 4: [17 (83), 4 (6), 15 (20), 24 (41), 23 (60), 13 (78)]";1332;"Maquina 5: [20 (7), 18 (21), 25 (80), 37 (87), 5 (61), 22 (46), 34 (93)]";1787;"Maquina 6: [31 (26), 6 (10), 36 (61), 14 (79), 7 (86), 29 (46)]";1291
GRASP;40;6;7242;795.0;500;"Maquina 1: [6 (10), 2 (76), 36 (61), 32 (28), 1 (50), 38 (89), 39 (82)]";1644;"Maquina 2: [4 (6), 27 (31), 18 (21), 29 (46), 23 (60), 13 (78), 33 (80)]";1147;"Maquina 3: [35 (5), 28 (19), 9 (60), 25 (80), 37 (87), 17 (83)]";988;"Maquina 4: [0 (3), 20 (7), 26 (15), 24 (41), 12 (48), 5 (61), 16 (91)]";836;"Maquina 5: [11 (78), 15 (20), 21 (68), 30 (91), 31 (26), 34 (93)]";1397;"Maquina 6: [3 (6), 10 (17), 22 (46), 8 (40), 19 (82), 14 (79), 7 (86)]";1230
LNS;40;6;8936;21.0;500;"Maquina 1: [26 (15), 27 (31), 0 (3), 2 (76), 19 (82), 1 (50), 16 (91)]";1528;"Maquina 2: [10 (17), 35 (5), 32 (28), 11 (78), 12 (48), 39 (82), 30 (91)]";1634;"Maquina 3: [28 (19), 3 (6), 38 (89), 9 (60), 21 (68), 33 (80), 8 (40)]";1454;"Maquina 4: [17 (83), 15 (20), 24 (41), 4 (6), 23 (60), 13 (78)]";1242;"Maquina 5: [20 (7), 18 (21), 25 (80), 37 (87), 5 (61), 22 (46), 34 (93)]";1787;"Maquina 6: [31 (26), 6 (10), 36 (61), 14 (79), 7 (86), 29 (46)]";1291
TABÚ;40;6;7448;236.0;500;"Maquina 1: [35 (5), 29 (46), 28 (19), 37 (87), 11 (78), 16 (91), 39 (82)]";1405;"Maquina 2: [4 (6), 32 (28), 26 (15), 17 (83), 22 (46), 23 (60), 1 (50)]";1206;"Maquina 3: [20 (7), 7 (86), 36 (61), 13 (78), 34 (93), 38 (89)]";1418;"Maquina 4: [6 (10), 15 (20), 10 (17), 24 (41), 8 (40), 25 (80), 19 (82)]";1064;"Maquina 5: [31 (26), 27 (31), 0 (3), 2 (76), 14 (79), 33 (80)]";941;"Maquina 6: [5 (61), 3 (6), 12 (48), 18 (21), 9 (60), 21 (68), 30 (91)]";1414
VNS;40;6;7451;8239.0;500;"Maquina 1: [20 (7), 26 (15), 27 (31), 0 (3), 2 (76), 13 (78), 11 (78)]";1003;"Maquina 2: [10 (17), 35 (5), 32 (28), 22 (46), 23 (60), 19 (82), 17 (83)]";1350;"Maquina 3: [28 (19), 3 (6), 14 (79), 9 (60), 21 (68), 39 (82)]";997;"Maquina 4: [1 (50), 4 (6), 8 (40), 30 (91), 31 (26), 25 (80), 37 (87)]";1421;"Maquina 5: [6 (10), 15 (20), 24 (41), 18 (21), 29 (46), 5 (61), 16 (91), 34 (93)]";1478;"Maquina 6: [36 (61), 12 (48), 38 (89), 7 (86), 33 (80)]";1202
Multiarranque;40;6;7911;890.0;500;"Maquina 1: [22 (46), 4 (6), 32 (28), 25 (80), 23 (60), 12 (48), 16 (91)]";1390;"Maquina 2: [6 (10), 26 (15), 27 (31), 34 (93), 31 (26), 36 (61), 39 (82)]";1360;"Maquina 3: [10 (17), 24 (41), 18 (21), 15 (20), 37 (87), 5 (61), 33 (80)]";1386;"Maquina 4: [35 (5), 14 (79), 7 (86), 11 (78), 2 (76), 17 (83)]";1443;"Maquina 5: [0 (3), 9 (60), 1 (50), 29 (46), 30 (91), 8 (40)]";1040;"Maquina 6: [20 (7), 28 (19), 3 (6), 38 (89), 19 (82), 21 (68), 13 (78)]";1292
GREEDY;40;6;9622;0.0;1;"Maquina 1: [26 (3), 25 (12), 30 (49), 7 (34), 5 (71), 24 (89)]";1463;"Maquina 2: [8 (5), 37 (40), 35 (58), 9 (17), 32 (98), 36 (80), 23 (68)]";1498;"Maquina 3: [22 (5), 13 (41), 10 (23), 34 (63), 19 (76), 11 (90)]";1491;"Maquina 4: [6 (7), 27 (99), 2 (37), 1 (58), 21 (23), 0 (85), 12 (75)]";1813;"Maquina 5: [33 (54), 39 (10), 17 (42), 31 (24), 16 (71), 3 (99), 14 (84)]";1743;"Maquina 6: [20 (12), 4 (32), 28 (40), 29 (70), 18 (43), 38 (79), 15 (91)]";1614
GRASP;40;6;7794;809.0;500;"Maquina 1: [28 (40), 29 (70), 22 (5), 0 (85), 13 (41), 33 (54)]";1140;"Maquina 2: [2 (37), 10 (23), 14 (84), 26 (3), 16 (71), 38 (79), 11 (90)]";1596;"Maquina 3: [8 (5), 4 (32), 9 (17), 30 (49), 35 (58), 15 (91)]";884;"Maquina 4: [21 (23), 34 (63), 7 (34), 37 (40), 5 (71), 32 (98), 36 (80)]";1541;"Maquina 5: [20 (12), 25 (12), 6 (7), 17 (42), 1 (58), 23 (68), 3 (99)]";967;"Maquina 6: [39 (10), 18 (43), 24 (89), 31 (24), 12 (75), 27 (99), 19 (76)]";1666
LNS;40;6;9622;22.0;500;"Maquina 1: [26 (3), 25 (12), 30 (49), 7 (34), 5 (71), 24 (89)]";1463;"Maquina 2: [8 (5), 37 (40), 35 (58), 9 (17), 32 (98), 36 (80), 23 (68)]";1498;"Maquina 3: [22 (5), 13 (41), 10 (23), 34 (63), 19 (76), 11 (90)]";1491;"Maquina 4: [6 (7), 27 (99), 2 (37), 1 (58), 21 (23), 0 (85), 12 (75)]";1813;"Maquina 5: [33 (54), 39 (10), 17 (42), 31 (24), 16 (71), 3 (99), 14 (84)]";1743;"Maquina 6: [20 (12), 4 (32), 28 (40), 29 (70), 18 (43), 38 (79), 15 (91)]";1614
TABÚ;40;6;8266;261.0;500;"Maquina 1: [7 (34), 39 (10), 2 (37), 30 (49), 19 (76), 38 (79), 29 (70)]";1499;"Maquina 2: [22 (5), 17 (42), 1 (58), 13 (41), 12 (75), 27 (99)]";992;"Maquina 3: [6 (7), 24 (89), 14 (84), 26 (3), 37 (40), 5 (71), 11 (90)]";1594;"Maquina 4: [20 (12), 25 (12), 35 (58), 18 (43), 28 (40), 10 (23), 3 (99)]";1239;"Maquina 5: [31 (24), 8 (5), 34 (63), 0 (85), 33 (54), 16 (71), 15 (91)]";1719;"Maquina 6: [23 (68), 21 (23), 9 (17), 32 (98), 36 (80), 4 (32)]";1223
VNS;40;6;7752;8388.0;500;"Maquina 1: [6 (7), 26 (3), 33 (54), 25 (12), 30 (49), 29 (70), 5 (71), 24 (89)]";1503;"Maquina 2: [22 (5), 37 (40), 35 (58), 9 (17), 32 (98), 36 (80)]";981;"Maquina 3: [20 (12), 4 (32), 28 (40), 10 (23), 14 (84), 19 (76), 34 (63), 3 (99)]";1745;"Maquina 4: [7 (34), 39 (10), 27 (99), 2 (37), 21 (23), 12 (75), 23 (68)]";1440;"Maquina 5: [17 (42), 31 (24), 16 (71), 0 (85), 11 (90)]";1038;"Maquina 6: [8 (5), 13 (41), 18 (43), 38 (79), 1 (58), 15 (91)]";1045
Multiarranque;40;6;8355;873.0;500;"Maquina 1: [26 (3), 9 (17), 2 (37), 29 (70), 32 (98), 38 (79)]";1239;"Maquina 2: [31 (24), 22 (5), 17 (42), 18 (43), 34 (63), 12 (75), 15 (91)]";1654;"Maquina 3: [8 (5), 4 (32), 13 (41), 33 (54), 35 (58), 19 (76)]";906;"Maquina 4: [10 (23), 20 (12), 21 (23), 16 (71), 0 (85), 36 (80), 23 (68)]";1428;"Maquina 5: [1 (58), 25 (12), 39 (10), 37 (40), 5 (71), 11 (90), 27 (99)]";1394;"Maquina 6: [7 (34), 6 (7), 24 (89), 14 (84), 30 (49), 3 (99), 28 (40)]";1734
GREEDY;40;6;8436;1.0;1;"Maquina 1: [22 (26), 24 (3), 21 (21), 19 (37), 9 (80), 33 (69), 4 (56)]";1287;"Maquina 2: [3 (5), 0 (27), 5 (22), 36 (43), 27 (59), 20 (67), 39 (73)]";1337;"Maquina 3: [18 (22), 16 (11), 8 (50), 29 (26), 25 (63), 26 (92), 14 (71)]";1537;"Maquina 4: [10 (71), 7 (24), 32 (11), 12 (34), 28 (58), 34 (89)]";1572;"Maquina 5: [38 (31), 35 (25), 17 (19), 31 (64), 2 (72), 15 (94), 11 (44)]";1571;"Maquina 6: [13 (26), 6 (20), 30 (27), 23 (72), 37 (66), 1 (48)]";1132
GRASP;40;6;7268;801.0;500;"Maquina 1: [22 (26), 24 (3), 18 (22), 27 (59), 1 (48), 21 (21), 2 (72)]";1227;"Maquina 2: [32 (11), 15 (94), 34 (89), 11 (44), 31 (64), 33 (69)]";1346;"Maquina 3: [38 (31), 17 (19), 13 (26), 25 (63), 10 (71), 37 (66), 7 (24)]";1385;"Maquina 4: [6 (20), 12 (34), 36 (43), 28 (58), 19 (37), 9 (80)]";885;"Maquina 5: [30 (27), 3 (5), 0 (27), 16 (11), 4 (56), 39 (73), 23 (72)]";1066;"Maquina 6: [8 (50), 35 (25), 5 (22), 14 (71), 29 (26), 20 (67), 26 (92)]";1359
LNS;40;6;8436;25.0;500;"Maquina 1: [22 (26), 24 (3), 21 (21), 19 (37), 9 (80), 33 (69), 4 (56)]";1287;"Maquina 2: [3 (5), 0 (27), 5 (22), 36 (43), 27 (59), 20 (67), 39 (73)]";1337;"Maquina 3: [18 (22), 16 (11), 8 (50), 29 (26), 25 (63), 26 (92), 14 (71)]";1537;"Maquina 4: [10 (71), 7 (24), 32 (11), 12 (34), 28 (58), 34 (89)]";1572;"Maquina 5: [38 (31), 35 (25), 17 (19), 31 (64), 2 (72), 15 (94), 11 (44)]";1571;"Maquina 6: [13 (26), 6 (20), 30 (27), 23 (72), 37 (66), 1 (48)]";1132
TABÚ;40;6;7421;242.0;500;"Maquina 1: [7 (24), 28 (58), 36 (43), 11 (44), 9 (80), 33 (69)]";1132;"Maquina 2: [12 (34), 3 (5), 24 (3), 37 (66), 31 (64), 19 (37), 39 (73)]";1287;"Maquina 3: [30 (27), 29 (26), 32 (11), 8 (50), 23 (72), 4 (56), 14 (71)]";1296;"Maquina 4: [0 (27), 22 (26), 20 (67), 26 (92), 6 (20), 16 (11), 15 (94)]";1427;"Maquina 5: [38 (31), 35 (25), 17 (19), 18 (22), 1 (48), 10 (71), 2 (72)]";1232;"Maquina 6: [13 (26), 21 (21), 5 (22), 34 (89), 27 (59), 25 (63)]";1047
VNS;40;6;7228;12661.0;500;"Maquina 1: [12 (34), 24 (3), 35 (25), 21 (21), 9 (80), 33 (69), 34 (89)]";1401;"Maquina 2: [3 (5), 0 (27), 22 (26), 5 (22), 36 (43), 28 (58), 27 (59), 20 (67), 39 (73)]";1630;"Maquina 3: [16 (11), 30 (27), 29 (26), 25 (63), 26 (92), 37 (66)]";1150;"Maquina 4: [4 (56), 7 (24), 1 (48), 15 (94), 11 (44)]";864;"Maquina 5: [38 (31), 17 (19), 18 (22), 31 (64), 2 (72), 14 (71)]";895;"Maquina 6: [13 (26), 6 (20), 32 (11), 8 (50), 23 (72), 19 (37), 10 (71)]";1288
Multiarranque;40;6;7698;910.0;500;"Maquina 1: [6 (20), 16 (11), 12 (34), 36 (43), 33 (69), 25 (63), 15 (94)]";1301;"Maquina 2: [22 (26), 4 (56), 14 (71), 23 (72), 10 (71)]";1007;"Maquina 3: [21 (21), 3 (5), 0 (27), 19 (37), 37 (66), 39 (73), 11 (44)]";1268;"Maquina 4: [18 (22), 24 (3), 13 (26), 1 (48), 27 (59), 34 (89), 2 (72)]";1591;"Maquina 5: [30 (27), 29 (26), 32 (11), 8 (50), 31 (64), 9 (80), 20 (67)]";1417;"Maquina 6: [38 (31), 35 (25), 5 (22), 7 (24), 28 (58), 17 (19), 26 (92)]";1114
GREEDY;40;6;10141;0.0;1;"Maquina 1: [5 (88), 31 (71), 10 (4), 23 (55), 25 (95), 33 (20)]";1488;"Maquina 2: [17 (5), 11 (54), 15 (25), 14 (70), 36 (83), 24 (92)]";1586;"Maquina 3: [35 (8), 1 (30), 34 (37), 19 (72), 30 (59), 20 (83), 26 (91)]";1457;"Maquina 4: [38 (12), 28 (30), 0 (38), 6 (75), 18 (97), 16 (61), 3 (90)]";1744;"Maquina 5: [29 (17), 39 (30), 8 (44), 32 (68), 7 (77), 12 (90), 21 (97)]";1894;"Maquina 6: [22 (20), 13 (35), 2 (49), 37 (99), 9 (81), 27 (61), 4 (90)]";1972
GRASP;40;6;8099;831.0;500;"Maquina 1: [10 (4), 1 (30), 34 (37), 8 (44), 37 (99), 21 (97), 5 (88)]";1258;"Maquina 2: [11 (54), 27 (61), 38 (12), 6 (75), 4 (90), 12 (90), 18 (97)]";1761;"Maquina 3: [17 (5), 30 (59), 3 (90), 16 (61), 28 (30), 7 (77), 26 (91)]";1630;"Maquina 4: [29 (17), 39 (30), 13 (35), 0 (38), 9 (81), 14 (70), 36 (83)]";1198;"Maquina 5: [2 (49), 33 (20), 35 (8), 32 (68), 31 (71), 20 (83)]";1042;"Maquina 6: [15 (25), 22 (20), 19 (72), 24 (92), 23 (55), 25 (95)]";1210
LNS;40;6;10141;23.0;500;"Maquina 1: [5 (88), 31 (71), 10 (4), 23 (55), 25 (95), 33 (20)]";1488;"Maquina 2: [17 (5), 11 (54), 15 (25), 14 (70), 36 (83), 24 (92)]";1586;"Maquina 3: [35 (8), 1 (30), 34 (37), 19 (72), 30 (59), 20 (83), 26 (91)]";1457;"Maquina 4: [38 (12), 28 (30), 0 (38), 6 (75), 18 (97), 16 (61), 3 (90)]";1744;"Maquina 5: [29 (17), 39 (30), 8 (44), 32 (68), 7 (77), 12 (90), 21 (97)]";1894;"Maquina 6: [22 (20), 13 (35), 2 (49), 37 (99), 9 (81), 27 (61), 4 (90)]";1972
TABÚ;40;6;8778;243.0;500;"Maquina 1: [10 (4), 26 (91), 17 (5), 18 (97), 20 (83), 25 (95)]";1353;"Maquina 2: [33 (20), 38 (12), 12 (90), 2 (49), 28 (30), 31 (71), 9 (81)]";1393;"Maquina 3: [1 (30), 34 (37), 19 (72), 27 (61), 3 (90), 21 (97), 5 (88)]";1741;"Maquina 4: [30 (59), 8 (44), 32 (68), 0 (38), 6 (75), 4 (90), 37 (99)]";2007;"Maquina 5: [15 (25), 22 (20), 35 (8), 23 (55), 24 (92), 14 (70), 36 (83)]";1281;"Maquina 6: [29 (17), 39 (30), 13 (35), 16 (61), 7 (77), 11 (54)]";1003
VNS;40;6;8414;8918.0;500;"Maquina 1: [10 (4), 1 (30), 23 (55), 25 (95), 27 (61), 24 (92), 18 (97)]";1682;"Maquina 2: [15 (25), 16 (61), 30 (59), 3 (90), 6 (75), 12 (90)]";1531;"Maquina 3: [17 (5), 35 (8), 33 (20), 22 (20), 19 (72), 7 (77), 36 (83), 20 (83)]";1409;"Maquina 4: [38 (12), 28 (30), 0 (38), 14 (70), 11 (54), 31 (71)]";1013;"Maquina 5: [29 (17), 39 (30), 13 (35), 32 (68), 5 (88), 37 (99), 21 (97)]";1460;"Maquina 6: [34 (37), 8 (44), 2 (49), 9 (81), 26 (91), 4 (90)]";1319
Multiarranque;40;6;9136;1079.0;500;"Maquina 1: [29 (17), 2 (49), 28 (30), 5 (88), 31 (71), 11 (54), 24 (92)]";1579;"Maquina 2: [38 (12), 12 (90), 13 (35), 30 (59), 9 (81), 7 (77), 19 (72)]";1808;"Maquina 3: [34 (37), 10 (4), 15 (25), 16 (61), 4 (90), 6 (75), 21 (97)]";1446;"Maquina 4: [1 (30), 3 (90), 8 (44), 32 (68), 17 (5), 18 (97)]";1339;"Maquina 5: [39 (30), 33 (20), 35 (8), 25 (95), 36 (83), 27 (61)]";1175;"Maquina 6: [22 (20), 23 (55), 0 (38), 14 (70), 20 (83), 26 (91), 37 (99)]";1789
GREEDY;40;6;8574;0.0;1;"Maquina 1: [21 (17), 19 (45), 18 (1), 26 (36), 5 (87), 4 (66), 28 (76)]";1378;"Maquina 2: [24 (17), 9 (9), 33 (31), 29 (84), 31 (39), 25 (67), 39 (93)]";1558;"Maquina 3: [10 (10), 37 (72), 32 (17), 11 (97), 8 (36), 0 (59), 36 (83)]";1496;"Maquina 4: [7 (18), 35 (38), 17 (63), 15 (13), 23 (70), 1 (86)]";1284;"Maquina 5: [38 (23), 6 (16), 34 (40), 22 (34), 14 (64), 20 (78), 13 (88)]";1522;"Maquina 6: [30 (16), 16 (37), 3 (24), 12 (56), 27 (70), 2 (86)]";1336
GRASP;40;6;7877;877.0;500;"Maquina 1: [18 (1), 16 (37), 9 (9), 15 (13), 22 (34), 29 (84), 28 (76)]";874;"Maquina 2: [3 (24), 25 (67), 38 (23), 36 (83), 33 (31), 4 (66)]";1216;"Maquina 3: [19 (45), 10 (10), 34 (40), 12 (56), 7 (18), 39 (93), 5 (87)]";1408;"Maquina 4: [6 (16), 30 (16), 32 (17), 14 (64), 20 (78), 13 (88)]";862;"Maquina 5: [31 (39), 17 (63), 1 (86), 2 (86), 8 (36), 37 (72), 23 (70)]";2065;"Maquina 6: [26 (36), 0 (59), 24 (17), 21 (17), 27 (70), 35 (38), 11 (97)]";1452
LNS;40;6;8574;21.0;500;"Maquina 1: [21 (17), 19 (45), 18 (1), 26 (36), 5 (87), 4 (66), 28 (76)]";1378;"Maquina 2: [24 (17), 9 (9), 33 (31), 29 (84), 31 (39), 25 (67), 39 (93)]";1558;"Maquina 3: [10 (10), 37 (72), 32 (17), 11 (97), 8 (36), 0 (59), 36 (83)]";1496;"Maquina 4: [7 (18), 35 (38), 17 (63), 15 (13), 23 (70), 1 (86)]";1284;"Maquina 5: [38 (23), 6 (16), 34 (40), 22 (34), 14 (64), 20 (78), 13 (88)]";1522;"Maquina 6: [30 (16), 16 (37), 3 (24), 12 (56), 27 (70), 2 (86)]";1336
TABÚ;40;6;7388;236.0;500;"Maquina 1: [37 (72), 32 (17), 19 (45), 26 (36), 0 (59), 23 (70), 17 (63)]";1585;"Maquina 2: [24 (17), 9 (9), 38 (23), 36 (83), 25 (67), 28 (76)]";844;"Maquina 3: [18 (1), 16 (37), 31 (39), 33 (31), 3 (24), 1 (86), 2 (86)]";1141;"Maquina 4: [8 (36), 15 (13), 6 (16), 5 (87), 4 (66), 12 (56), 27 (70)]";1357;"Maquina 5: [30 (16), 10 (10), 34 (40), 22 (34), 29 (84), 20 (78), 13 (88)]";1320;"Maquina 6: [7 (18), 39 (93), 21 (17), 35 (38), 11 (97), 14 (64)]";1141
VNS;40;6;7402;13273.0;500;"Maquina 1: [21 (17), 35 (38), 19 (45), 37 (72), 23 (70), 0 (59)]";1062;"Maquina 2: [34 (40), 9 (9), 33 (31), 4 (66), 30 (16), 5 (87), 13 (88)]";1543;"Maquina 3: [10 (10), 26 (36), 32 (17), 2 (86), 8 (36), 36 (83), 11 (97)]";1294;"Maquina 4: [7 (18), 17 (63), 39 (93), 31 (39), 25 (67), 28 (76)]";1376;"Maquina 5: [38 (23), 6 (16), 24 (17), 22 (34), 29 (84), 14 (64), 20 (78)]";1121;"Maquina 6: [15 (13), 18 (1), 16 (37), 3 (24), 1 (86), 12 (56), 27 (70)]";1006
Multiarranque;40;6;8058;1002.0;500;"Maquina 1: [21 (17), 14 (64), 9 (9), 20 (78), 27 (70), 29 (84)]";1395;"Maquina 2: [15 (13), 19 (45), 10 (10), 34 (40), 39 (93), 37 (72), 36 (83)]";1431;"Maquina 3: [25 (67), 30 (16), 8 (36), 17 (63), 23 (70), 5 (87)]";1421;"Maquina 4: [18 (1), 16 (37), 22 (34), 7 (18), 4 (66), 2 (86), 1 (86)]";1148;"Maquina 5: [33 (31), 6 (16), 24 (17), 35 (38), 11 (97), 28 (76), 38 (23)]";1269;"Maquina 6: [32 (17), 3 (24), 26 (36), 0 (59), 31 (39), 12 (56), 13 (88)]";1394
GREEDY;40;6;9560;0.0;1;"Maquina 1: [29 (16), 23 (39), 7 (2), 21 (56), 2 (74), 5 (88)]";1437;"Maquina 2: [22 (8), 32 (18), 31 (49), 3 (31), 15 (69), 37 (79), 1 (94)]";1526;"Maquina 3: [30 (8), 4 (41), 20 (59), 27 (74), 33 (91), 16 (19)]";1416;"Maquina 4: [26 (45), 17 (10), 25 (25), 39 (32), 0 (79), 24 (63), 6 (91)]";1380;"Maquina 5: [12 (27), 19 (10), 38 (69), 34 (33), 9 (54), 36 (94), 8 (85)]";1834;"Maquina 6: [28 (16), 13 (29), 11 (74), 14 (87), 10 (39), 18 (55), 35 (96)]";1967
GRASP;40;6;7793;785.0;500;"Maquina 1: [30 (8), 23 (39), 31 (49), 12 (27), 37 (79), 4 (41), 35 (96)]";1280;"Maquina 2: [7 (2), 15 (69), 22 (8), 11 (74), 20 (59), 3 (31), 33 (91)]";1448;"Maquina 3: [9 (54), 34 (33), 14 (87), 18 (55), 19 (10), 21 (56)]";1176;"Maquina 4: [26 (45), 17 (10), 25 (25), 39 (32), 13 (29), 24 (63), 36 (94)]";1074;"Maquina 5: [16 (19), 28 (16), 8 (85), 29 (16), 6 (91), 10 (39), 1 (94)]";1473;"Maquina 6: [32 (18), 0 (79), 38 (69), 2 (74), 5 (88), 27 (74)]";1342
LNS;40;6;9482;20.0;500;"Maquina 1: [29 (16), 23 (39), 2 (74), 21 (56), 7 (2), 5 (88)]";1421;"Maquina 2: [22 (8), 32 (18), 31 (49), 3 (31), 15 (69), 37 (79), 1 (94)]";1526;"Maquina 3: [30 (8), 4 (41), 20 (59), 27 (74), 33 (91), 16 (19)]";1416;"Maquina 4: [26 (45), 17 (10), 25 (25), 39 (32), 0 (79), 24 (63), 6 (91)]";1380;"Maquina 5: [12 (27), 19 (10), 38 (69), 34 (33), 9 (54), 36 (94), 8 (85)]";1834;"Maquina 6: [18 (55), 13 (29), 11 (74), 14 (87), 10 (39), 28 (16), 35 (96)]";1905
TABÚ;40;6;8173;262.0;500;"Maquina 1: [24 (63), 36 (94), 25 (25), 14 (87), 8 (85), 9 (54)]";1531;"Maquina 2: [17 (10), 13 (29), 11 (74), 20 (59), 5 (88), 27 (74), 1 (94)]";1842;"Maquina 3: [12 (27), 22 (8), 35 (96), 37 (79), 4 (41), 26 (45), 2 (74)]";1594;"Maquina 4: [29 (16), 16 (19), 28 (16), 23 (39), 18 (55), 3 (31), 0 (79)]";886;"Maquina 5: [32 (18), 30 (8), 38 (69), 33 (91), 15 (69), 10 (39)]";1206;"Maquina 6: [19 (10), 7 (2), 34 (33), 31 (49), 39 (32), 21 (56), 6 (91)]";1114
VNS;40;6;7676;7628.0;500;"Maquina 1: [31 (49), 39 (32), 13 (29), 20 (59), 21 (56), 35 (96)]";1078;"Maquina 2: [22 (8), 32 (18), 29 (16), 18 (55), 15 (69), 37 (79), 1 (94)]";1170;"Maquina 3: [7 (2), 27 (74), 33 (91), 10 (39), 16 (19), 14 (87)]";1208;"Maquina 4: [26 (45), 17 (10), 25 (25), 3 (31), 0 (79), 24 (63), 6 (91)]";1303;"Maquina 5: [12 (27), 19 (10), 8 (85), 34 (33), 5 (88), 9 (54)]";1208;"Maquina 6: [30 (8), 23 (39), 4 (41), 28 (16), 11 (74), 36 (94), 38 (69), 2 (74)]";1709
Multiarranque;40;6;8109;849.0;500;"Maquina 1: [22 (8), 13 (29), 3 (31), 5 (88), 15 (69), 33 (91)]";1001;"Maquina 2: [23 (39), 28 (16), 27 (74), 38 (69), 21 (56), 14 (87)]";1334;"Maquina 3: [25 (25), 30 (8), 39 (32), 31 (49), 37 (79), 20 (59), 2 (74)]";1436;"Maquina 4: [12 (27), 19 (10), 6 (91), 18 (55), 4 (41), 35 (96), 0 (79)]";1517;"Maquina 5: [32 (18), 29 (16), 16 (19), 8 (85), 24 (63), 36 (94), 9 (54)]";1363;"Maquina 6: [7 (2), 34 (33), 17 (10), 11 (74), 10 (39), 26 (45), 1 (94)]";1458
