GREEDY;50;2;37205;0.0;1;"Maquina 1: [3 (2), 39 (19), 7 (21), 29 (48), 49 (11), 21 (32), 47 (57), 43 (28), 36 (35), 5 (71), 11 (39), 46 (44), 33 (65), 41 (53), 35 (50), 15 (91), 31 (60), 48 (52), 37 (67), 42 (91), 4 (75), 17 (93), 26 (97), 44 (80), 9 (87)]";17966;"Maquina 2: [8 (26), 6 (21), 32 (14), 34 (9), 40 (36), 24 (64), 16 (66), 2 (32), 12 (41), 30 (54), 19 (52), 1 (35), 25 (50), 28 (75), 22 (47), 18 (60), 23 (53), 38 (69), 20 (99), 10 (85), 13 (71), 45 (91), 0 (96), 27 (91), 14 (89)]";19239
GRASP;50;2;35188;1089.0;500;"Maquina 1: [8 (26), 6 (21), 43 (28), 36 (35), 18 (60), 12 (41), 49 (11), 2 (32), 40 (36), 23 (53), 28 (75), 22 (47), 25 (50), 41 (53), 14 (89), 5 (71), 48 (52), 38 (69), 37 (67), 31 (60), 15 (91), 44 (80), 42 (91), 20 (99), 0 (96)]";18046;"Maquina 2: [32 (14), 34 (9), 21 (32), 39 (19), 7 (21), 3 (2), 29 (48), 1 (35), 11 (39), 46 (44), 16 (66), 33 (65), 35 (50), 19 (52), 30 (54), 10 (85), 47 (57), 13 (71), 9 (87), 4 (75), 45 (91), 17 (93), 26 (97), 24 (64), 27 (91)]";17142
LNS;50;2;37205;163.0;500;"Maquina 1: [3 (2), 39 (19), 7 (21), 29 (48), 49 (11), 21 (32), 47 (57), 43 (28), 36 (35), 5 (71), 11 (39), 46 (44), 33 (65), 41 (53), 35 (50), 15 (91), 31 (60), 48 (52), 37 (67), 42 (91), 4 (75), 17 (93), 26 (97), 44 (80), 9 (87)]";17966;"Maquina 2: [8 (26), 6 (21), 32 (14), 34 (9), 40 (36), 24 (64), 16 (66), 2 (32), 12 (41), 30 (54), 19 (52), 1 (35), 25 (50), 28 (75), 22 (47), 18 (60), 23 (53), 38 (69), 20 (99), 10 (85), 13 (71), 45 (91), 0 (96), 27 (91), 14 (89)]";19239
TABÚ;50;2;35250;279.0;500;"Maquina 1: [21 (32), 49 (11), 32 (14), 6 (21), 43 (28), 36 (35), 39 (19), 7 (21), 12 (41), 48 (52), 37 (67), 1 (35), 22 (47), 45 (91), 23 (53), 4 (75), 30 (54), 18 (60), 15 (91), 5 (71), 16 (66), 28 (75), 42 (91), 20 (99), 14 (89)]";16880;"Maquina 2: [34 (9), 25 (50), 41 (53), 3 (2), 8 (26), 19 (52), 31 (60), 46 (44), 29 (48), 11 (39), 33 (65), 10 (85), 2 (32), 47 (57), 13 (71), 40 (36), 24 (64), 35 (50), 38 (69), 44 (80), 9 (87), 17 (93), 26 (97), 27 (91), 0 (96)]";18370
VNS;50;2;35936;19170.0;500;"Maquina 1: [3 (2), 8 (26), 39 (19), 7 (21), 29 (48), 49 (11), 21 (32), 47 (57), 43 (28), 36 (35), 5 (71), 11 (39), 46 (44), 27 (91), 41 (53), 35 (50), 15 (91), 31 (60), 33 (65), 19 (52), 44 (80), 23 (53), 4 (75), 17 (93), 26 (97), 42 (91), 14 (89)]";19497;"Maquina 2: [6 (21), 32 (14), 34 (9), 40 (36), 24 (64), 16 (66), 2 (32), 12 (41), 30 (54), 37 (67), 1 (35), 25 (50), 28 (75), 22 (47), 18 (60), 38 (69), 20 (99), 10 (85), 48 (52), 45 (91), 13 (71), 9 (87), 0 (96)]";16439
Multiarranque;50;2;34505;1625.0;500;"Maquina 1: [43 (28), 6 (21), 32 (14), 3 (2), 12 (41), 41 (53), 30 (54), 21 (32), 36 (35), 19 (52), 11 (39), 46 (44), 5 (71), 1 (35), 25 (50), 42 (91), 16 (66), 20 (99), 33 (65), 27 (91), 9 (87), 37 (67), 14 (89), 38 (69), 0 (96)]";17589;"Maquina 2: [8 (26), 39 (19), 7 (21), 29 (48), 49 (11), 2 (32), 40 (36), 24 (64), 34 (9), 48 (52), 23 (53), 28 (75), 22 (47), 18 (60), 35 (50), 31 (60), 15 (91), 44 (80), 13 (71), 45 (91), 17 (93), 10 (85), 47 (57), 4 (75), 26 (97)]";16916
GREEDY;50;2;37108;0.0;1;"Maquina 1: [42 (33), 13 (43), 2 (28), 6 (2), 19 (71), 12 (44), 14 (25), 32 (7), 41 (32), 34 (59), 38 (42), 18 (55), 27 (38), 7 (48), 45 (73), 3 (57), 49 (62), 0 (72), 36 (80), 48 (49), 33 (76), 44 (61), 39 (96), 43 (90), 16 (68), 11 (95)]";18924;"Maquina 2: [30 (33), 22 (2), 5 (58), 28 (16), 31 (36), 15 (43), 4 (41), 21 (45), 37 (56), 35 (48), 8 (43), 10 (31), 9 (24), 20 (51), 24 (80), 23 (67), 47 (88), 17 (96), 26 (76), 1 (72), 46 (61), 29 (60), 25 (93), 40 (70)]";18184
GRASP;50;2;35513;1077.0;500;"Maquina 1: [22 (2), 41 (32), 13 (43), 2 (28), 9 (24), 42 (33), 31 (36), 15 (43), 38 (42), 7 (48), 21 (45), 37 (56), 35 (48), 5 (58), 46 (61), 19 (71), 29 (60), 1 (72), 49 (62), 47 (88), 33 (76), 44 (61), 45 (73), 17 (96), 11 (95)]";17750;"Maquina 2: [6 (2), 28 (16), 32 (7), 4 (41), 14 (25), 3 (57), 10 (31), 30 (33), 8 (43), 12 (44), 40 (70), 18 (55), 20 (51), 27 (38), 34 (59), 48 (49), 36 (80), 26 (76), 16 (68), 23 (67), 0 (72), 43 (90), 24 (80), 25 (93), 39 (96)]";17763
LNS;50;2;36784;168.0;500;"Maquina 1: [42 (33), 13 (43), 2 (28), 6 (2), 19 (71), 12 (44), 14 (25), 32 (7), 41 (32), 34 (59), 38 (42), 18 (55), 27 (38), 7 (48), 45 (73), 3 (57), 49 (62), 0 (72), 36 (80), 48 (49), 33 (76), 44 (61), 39 (96), 43 (90), 16 (68), 11 (95)]";18924;"Maquina 2: [30 (33), 22 (2), 5 (58), 28 (16), 31 (36), 15 (43), 4 (41), 21 (45), 37 (56), 35 (48), 8 (43), 10 (31), 9 (24), 20 (51), 23 (67), 24 (80), 47 (88), 17 (96), 29 (60), 1 (72), 46 (61), 25 (93), 26 (76), 40 (70)]";17860
TABÚ;50;2;35900;316.0;500;"Maquina 1: [30 (33), 22 (2), 42 (33), 6 (2), 26 (76), 27 (38), 37 (56), 13 (43), 9 (24), 31 (36), 16 (68), 15 (43), 19 (71), 34 (59), 0 (72), 40 (70), 18 (55), 35 (48), 5 (58), 45 (73), 17 (96), 20 (51), 24 (80), 11 (95), 33 (76)]";18723;"Maquina 2: [7 (48), 28 (16), 32 (7), 41 (32), 4 (41), 14 (25), 12 (44), 10 (31), 48 (49), 2 (28), 29 (60), 3 (57), 49 (62), 47 (88), 23 (67), 21 (45), 44 (61), 1 (72), 46 (61), 36 (80), 8 (43), 43 (90), 38 (42), 25 (93), 39 (96)]";17177
VNS;50;2;35645;18610.0;500;"Maquina 1: [42 (33), 13 (43), 2 (28), 6 (2), 19 (71), 12 (44), 10 (31), 32 (7), 41 (32), 34 (59), 18 (55), 27 (38), 7 (48), 45 (73), 20 (51), 49 (62), 0 (72), 36 (80), 48 (49), 44 (61), 40 (70), 39 (96), 43 (90), 24 (80), 11 (95)]";17411;"Maquina 2: [30 (33), 22 (2), 5 (58), 28 (16), 31 (36), 15 (43), 4 (41), 9 (24), 21 (45), 37 (56), 35 (48), 8 (43), 14 (25), 3 (57), 16 (68), 23 (67), 47 (88), 38 (42), 17 (96), 26 (76), 1 (72), 46 (61), 33 (76), 29 (60), 25 (93)]";18234
Multiarranque;50;2;34795;1714.0;500;"Maquina 1: [32 (7), 41 (32), 15 (43), 10 (31), 30 (33), 28 (16), 4 (41), 9 (24), 21 (45), 46 (61), 36 (80), 42 (33), 26 (76), 35 (48), 5 (58), 18 (55), 29 (60), 12 (44), 40 (70), 19 (71), 23 (67), 24 (80), 17 (96), 11 (95), 45 (73), 39 (96)]";18452;"Maquina 2: [31 (36), 14 (25), 2 (28), 6 (2), 20 (51), 22 (2), 34 (59), 48 (49), 38 (42), 8 (43), 3 (57), 13 (43), 27 (38), 37 (56), 0 (72), 7 (48), 49 (62), 47 (88), 33 (76), 16 (68), 44 (61), 1 (72), 43 (90), 25 (93)]";16343
GREEDY;50;2;33939;0.0;1;"Maquina 1: [32 (1), 34 (20), 33 (38), 1 (18), 48 (24), 13 (30), 41 (34), 42 (47), 26 (4), 14 (56), 10 (29), 28 (31), 44 (74), 5 (44), 27 (91), 15 (48), 25 (54), 12 (62), 9 (59), 37 (67), 46 (77), 6 (83), 43 (85), 20 (95), 29 (99)]";17326;"Maquina 2: [31 (37), 18 (4), 24 (22), 7 (5), 21 (29), 36 (13), 35 (24), 4 (28), 23 (30), 11 (48), 49 (32), 17 (43), 40 (64), 45 (75), 19 (85), 2 (47), 8 (55), 3 (60), 39 (58), 22 (79), 16 (70), 38 (52), 30 (91), 47 (96), 0 (89)]";16613
GRASP;50;2;35108;1080.0;500;"Maquina 1: [34 (20), 18 (4), 5 (44), 37 (67), 24 (22), 35 (24), 1 (18), 31 (37), 17 (43), 39 (58), 26 (4), 12 (62), 21 (29), 41 (34), 8 (55), 23 (30), 16 (70), 38 (52), 47 (96), 30 (91), 25 (54), 22 (79), 9 (59), 29 (99), 20 (95)]";17303;"Maquina 2: [13 (30), 7 (5), 36 (13), 48 (24), 14 (56), 4 (28), 49 (32), 10 (29), 28 (31), 6 (83), 32 (1), 2 (47), 33 (38), 11 (48), 40 (64), 15 (48), 44 (74), 42 (47), 3 (60), 45 (75), 46 (77), 27 (91), 19 (85), 0 (89), 43 (85)]";17805
LNS;50;2;33939;193.0;500;"Maquina 1: [32 (1), 34 (20), 33 (38), 1 (18), 48 (24), 13 (30), 41 (34), 42 (47), 26 (4), 14 (56), 10 (29), 28 (31), 44 (74), 5 (44), 27 (91), 15 (48), 25 (54), 12 (62), 9 (59), 37 (67), 46 (77), 6 (83), 43 (85), 20 (95), 29 (99)]";17326;"Maquina 2: [31 (37), 18 (4), 24 (22), 7 (5), 21 (29), 36 (13), 35 (24), 4 (28), 23 (30), 11 (48), 49 (32), 17 (43), 40 (64), 45 (75), 19 (85), 2 (47), 8 (55), 3 (60), 39 (58), 22 (79), 16 (70), 38 (52), 30 (91), 47 (96), 0 (89)]";16613
TABÚ;50;2;33289;308.0;500;"Maquina 1: [1 (18), 28 (31), 7 (5), 21 (29), 36 (13), 48 (24), 13 (30), 35 (24), 12 (62), 32 (1), 40 (64), 45 (75), 5 (44), 42 (47), 11 (48), 15 (48), 27 (91), 22 (79), 14 (56), 44 (74), 19 (85), 30 (91), 25 (54), 29 (99), 20 (95)]";17216;"Maquina 2: [49 (32), 26 (4), 18 (4), 24 (22), 41 (34), 4 (28), 38 (52), 33 (38), 10 (29), 23 (30), 8 (55), 31 (37), 17 (43), 2 (47), 47 (96), 43 (85), 3 (60), 39 (58), 34 (20), 16 (70), 46 (77), 6 (83), 9 (59), 37 (67), 0 (89)]";16073
VNS;50;2;33013;18536.0;500;"Maquina 1: [34 (20), 33 (38), 17 (43), 1 (18), 48 (24), 13 (30), 7 (5), 42 (47), 49 (32), 26 (4), 14 (56), 10 (29), 28 (31), 44 (74), 5 (44), 27 (91), 15 (48), 25 (54), 12 (62), 9 (59), 37 (67), 6 (83), 43 (85), 20 (95), 0 (89)]";16263;"Maquina 2: [32 (1), 31 (37), 18 (4), 24 (22), 41 (34), 21 (29), 36 (13), 35 (24), 4 (28), 23 (30), 11 (48), 40 (64), 45 (75), 19 (85), 2 (47), 8 (55), 3 (60), 39 (58), 22 (79), 16 (70), 38 (52), 46 (77), 30 (91), 29 (99), 47 (96)]";16750
Multiarranque;50;2;32371;1720.0;500;"Maquina 1: [10 (29), 28 (31), 32 (1), 34 (20), 18 (4), 1 (18), 2 (47), 33 (38), 35 (24), 31 (37), 13 (30), 16 (70), 43 (85), 3 (60), 12 (62), 39 (58), 22 (79), 38 (52), 8 (55), 44 (74), 40 (64), 14 (56), 0 (89), 46 (77), 37 (67)]";16151;"Maquina 2: [7 (5), 21 (29), 41 (34), 4 (28), 36 (13), 48 (24), 25 (54), 11 (48), 26 (4), 49 (32), 24 (22), 42 (47), 5 (44), 23 (30), 6 (83), 17 (43), 9 (59), 15 (48), 27 (91), 30 (91), 47 (96), 45 (75), 19 (85), 29 (99), 20 (95)]";16220
GREEDY;50;2;35047;1.0;1;"Maquina 1: [5 (7), 33 (11), 12 (13), 0 (14), 28 (48), 30 (31), 3 (27), 36 (33), 15 (87), 16 (47), 21 (44), 25 (61), 32 (75), 6 (34), 9 (58), 37 (50), 29 (62), 4 (83), 49 (56), 23 (83), 42 (94), 1 (64), 38 (93), 20 (89), 22 (77)]";17280;"Maquina 2: [45 (12), 43 (13), 10 (9), 47 (45), 31 (20), 39 (33), 17 (57), 48 (60), 35 (38), 44 (13), 27 (34), 34 (47), 19 (77), 8 (31), 7 (81), 24 (71), 2 (56), 13 (83), 14 (49), 26 (96), 41 (63), 46 (87), 40 (92), 18 (85), 11 (94)]";17767
GRASP;50;2;33690;1062.0;500;"Maquina 1: [45 (12), 43 (13), 30 (31), 33 (11), 6 (34), 17 (57), 10 (9), 28 (48), 47 (45), 31 (20), 48 (60), 34 (47), 40 (92), 22 (77), 41 (63), 14 (49), 29 (62), 18 (85), 19 (77), 20 (89), 2 (56), 27 (34), 32 (75), 7 (81), 4 (83)]";16694;"Maquina 2: [8 (31), 5 (7), 44 (13), 3 (27), 39 (33), 36 (33), 12 (13), 9 (58), 0 (14), 24 (71), 35 (38), 37 (50), 49 (56), 15 (87), 16 (47), 21 (44), 25 (61), 46 (87), 38 (93), 13 (83), 1 (64), 11 (94), 42 (94), 23 (83), 26 (96)]";16996
LNS;50;2;34605;171.0;500;"Maquina 1: [5 (7), 33 (11), 12 (13), 0 (14), 28 (48), 3 (27), 30 (31), 36 (33), 15 (87), 16 (47), 21 (44), 25 (61), 32 (75), 6 (34), 9 (58), 37 (50), 29 (62), 4 (83), 49 (56), 23 (83), 42 (94), 1 (64), 38 (93), 20 (89), 22 (77)]";16838;"Maquina 2: [45 (12), 43 (13), 10 (9), 47 (45), 31 (20), 39 (33), 17 (57), 48 (60), 35 (38), 44 (13), 27 (34), 34 (47), 19 (77), 8 (31), 7 (81), 24 (71), 2 (56), 13 (83), 14 (49), 26 (96), 41 (63), 46 (87), 40 (92), 18 (85), 11 (94)]";17767
TABÚ;50;2;35133;291.0;500;"Maquina 1: [21 (44), 45 (12), 31 (20), 4 (83), 5 (7), 39 (33), 12 (13), 8 (31), 37 (50), 30 (31), 27 (34), 44 (13), 2 (56), 28 (48), 32 (75), 29 (62), 19 (77), 40 (92), 48 (60), 20 (89), 11 (94), 42 (94), 22 (77), 23 (83), 26 (96)]";17365;"Maquina 2: [33 (11), 41 (63), 34 (47), 0 (14), 35 (38), 36 (33), 43 (13), 6 (34), 9 (58), 3 (27), 18 (85), 17 (57), 10 (9), 13 (83), 14 (49), 25 (61), 49 (56), 47 (45), 24 (71), 38 (93), 16 (47), 7 (81), 15 (87), 46 (87), 1 (64)]";17768
VNS;50;2;32789;16703.0;500;"Maquina 1: [5 (7), 39 (33), 10 (9), 12 (13), 0 (14), 28 (48), 3 (27), 30 (31), 36 (33), 15 (87), 16 (47), 13 (83), 21 (44), 25 (61), 32 (75), 9 (58), 37 (50), 29 (62), 4 (83), 49 (56), 23 (83), 42 (94), 1 (64), 20 (89), 11 (94)]";15738;"Maquina 2: [45 (12), 43 (13), 47 (45), 31 (20), 33 (11), 6 (34), 17 (57), 48 (60), 35 (38), 44 (13), 27 (34), 34 (47), 19 (77), 8 (31), 7 (81), 24 (71), 2 (56), 14 (49), 38 (93), 26 (96), 41 (63), 46 (87), 40 (92), 22 (77), 18 (85)]";17051
Multiarranque;50;2;32761;1587.0;500;"Maquina 1: [8 (31), 43 (13), 16 (47), 21 (44), 27 (34), 5 (7), 48 (60), 44 (13), 14 (49), 29 (62), 25 (61), 26 (96), 41 (63), 34 (47), 11 (94), 47 (45), 24 (71), 35 (38), 49 (56), 23 (83), 38 (93), 20 (89), 32 (75), 42 (94)]";16393;"Maquina 2: [12 (13), 10 (9), 30 (31), 31 (20), 33 (11), 6 (34), 36 (33), 4 (83), 45 (12), 40 (92), 39 (33), 3 (27), 2 (56), 28 (48), 9 (58), 37 (50), 0 (14), 13 (83), 1 (64), 19 (77), 7 (81), 18 (85), 17 (57), 22 (77), 46 (87), 15 (87)]";16368
GREEDY;50;2;29987;0.0;1;"Maquina 1: [2 (4), 16 (17), 43 (31), 24 (12), 48 (45), 23 (10), 7 (14), 19 (28), 33 (52), 38 (18), 8 (23), 22 (42), 21 (51), 26 (37), 36 (49), 10 (53), 32 (55), 45 (43), 20 (65), 3 (74), 31 (58), 41 (78), 44 (92), 5 (91), 4 (81)]";14821;"Maquina 2: [30 (13), 14 (12), 34 (34), 0 (14), 29 (21), 11 (10), 40 (14), 12 (42), 1 (53), 15 (43), 39 (28), 37 (27), 6 (44), 17 (50), 46 (53), 18 (48), 35 (51), 25 (64), 49 (56), 13 (78), 47 (86), 27 (92), 28 (94), 42 (69), 9 (79)]";15166
GRASP;50;2;29697;1051.0;500;"Maquina 1: [2 (4), 39 (28), 40 (14), 17 (50), 43 (31), 24 (12), 8 (23), 29 (21), 19 (28), 0 (14), 49 (56), 48 (45), 35 (51), 25 (64), 20 (65), 21 (51), 26 (37), 13 (78), 32 (55), 45 (43), 9 (79), 1 (53), 3 (74), 27 (92), 28 (94)]";15750;"Maquina 2: [16 (17), 7 (14), 11 (10), 30 (13), 14 (12), 23 (10), 46 (53), 38 (18), 37 (27), 6 (44), 34 (34), 12 (42), 36 (49), 15 (43), 18 (48), 22 (42), 33 (52), 31 (58), 42 (69), 47 (86), 10 (53), 41 (78), 44 (92), 4 (81), 5 (91)]";13947
LNS;50;2;29987;191.0;500;"Maquina 1: [2 (4), 16 (17), 43 (31), 24 (12), 48 (45), 23 (10), 7 (14), 19 (28), 33 (52), 38 (18), 8 (23), 22 (42), 21 (51), 26 (37), 36 (49), 10 (53), 32 (55), 45 (43), 20 (65), 3 (74), 31 (58), 41 (78), 44 (92), 5 (91), 4 (81)]";14821;"Maquina 2: [30 (13), 14 (12), 34 (34), 0 (14), 29 (21), 11 (10), 40 (14), 12 (42), 1 (53), 15 (43), 39 (28), 37 (27), 6 (44), 17 (50), 46 (53), 18 (48), 35 (51), 25 (64), 49 (56), 13 (78), 47 (86), 27 (92), 28 (94), 42 (69), 9 (79)]";15166
TABÚ;50;2;30617;287.0;500;"Maquina 1: [40 (14), 14 (12), 19 (28), 11 (10), 29 (21), 34 (34), 45 (43), 38 (18), 35 (51), 25 (64), 26 (37), 21 (51), 24 (12), 22 (42), 33 (52), 15 (43), 18 (48), 36 (49), 41 (78), 1 (53), 3 (74), 13 (78), 28 (94), 5 (91), 9 (79)]";15806;"Maquina 2: [2 (4), 23 (10), 6 (44), 16 (17), 43 (31), 7 (14), 30 (13), 37 (27), 0 (14), 39 (28), 48 (45), 49 (56), 8 (23), 32 (55), 12 (42), 10 (53), 17 (50), 46 (53), 20 (65), 31 (58), 42 (69), 47 (86), 44 (92), 4 (81), 27 (92)]";14811
VNS;50;2;29139;34606.0;500;"Maquina 1: [2 (4), 16 (17), 43 (31), 14 (12), 23 (10), 19 (28), 33 (52), 38 (18), 8 (23), 22 (42), 30 (13), 37 (27), 21 (51), 26 (37), 36 (49), 10 (53), 32 (55), 45 (43), 20 (65), 31 (58), 42 (69), 47 (86), 28 (94), 5 (91), 41 (78), 9 (79)]";15311;"Maquina 2: [7 (14), 24 (12), 34 (34), 0 (14), 48 (45), 29 (21), 11 (10), 40 (14), 12 (42), 1 (53), 15 (43), 39 (28), 6 (44), 17 (50), 46 (53), 18 (48), 35 (51), 25 (64), 49 (56), 13 (78), 3 (74), 27 (92), 44 (92), 4 (81)]";13828
Multiarranque;50;2;28505;1746.0;500;"Maquina 1: [2 (4), 16 (17), 43 (31), 21 (51), 40 (14), 11 (10), 12 (42), 29 (21), 23 (10), 45 (43), 37 (27), 38 (18), 30 (13), 26 (37), 20 (65), 39 (28), 46 (53), 1 (53), 17 (50), 18 (48), 9 (79), 27 (92), 49 (56), 13 (78), 3 (74), 5 (91)]";14241;"Maquina 2: [14 (12), 19 (28), 0 (14), 15 (43), 25 (64), 7 (14), 24 (12), 8 (23), 22 (42), 33 (52), 36 (49), 6 (44), 10 (53), 32 (55), 28 (94), 48 (45), 42 (69), 35 (51), 47 (86), 44 (92), 31 (58), 41 (78), 34 (34), 4 (81)]";14264
GREEDY;50;2;37881;0.0;1;"Maquina 1: [40 (35), 11 (21), 43 (23), 23 (17), 3 (4), 21 (25), 37 (51), 8 (41), 41 (30), 28 (58), 16 (73), 47 (65), 36 (62), 5 (43), 4 (45), 9 (51), 0 (98), 29 (55), 48 (54), 39 (76), 24 (92), 13 (58), 19 (79), 1 (85), 26 (84), 25 (93)]";19461;"Maquina 2: [30 (11), 2 (43), 31 (19), 45 (22), 18 (77), 22 (34), 10 (39), 32 (24), 49 (50), 46 (51), 7 (30), 20 (44), 17 (56), 15 (58), 27 (63), 42 (80), 44 (84), 35 (51), 14 (60), 38 (67), 6 (55), 12 (86), 33 (92), 34 (93)]";18420
GRASP;50;2;34817;1044.0;500;"Maquina 1: [40 (35), 21 (25), 30 (11), 20 (44), 5 (43), 3 (4), 32 (24), 36 (62), 22 (34), 28 (58), 10 (39), 35 (51), 13 (58), 8 (41), 46 (51), 47 (65), 25 (93), 33 (92), 15 (58), 27 (63), 39 (76), 44 (84), 26 (84), 16 (73), 42 (80)]";17070;"Maquina 2: [11 (21), 43 (23), 23 (17), 31 (19), 41 (30), 2 (43), 17 (56), 49 (50), 7 (30), 38 (67), 45 (22), 4 (45), 9 (51), 29 (55), 48 (54), 6 (55), 14 (60), 34 (93), 37 (51), 18 (77), 0 (98), 19 (79), 1 (85), 24 (92), 12 (86)]";17747
LNS;50;2;37608;162.0;500;"Maquina 1: [40 (35), 11 (21), 43 (23), 23 (17), 3 (4), 21 (25), 37 (51), 8 (41), 41 (30), 28 (58), 16 (73), 47 (65), 36 (62), 5 (43), 4 (45), 9 (51), 0 (98), 29 (55), 48 (54), 39 (76), 24 (92), 13 (58), 19 (79), 1 (85), 26 (84), 25 (93)]";19461;"Maquina 2: [30 (11), 2 (43), 31 (19), 45 (22), 18 (77), 22 (34), 10 (39), 32 (24), 49 (50), 46 (51), 7 (30), 20 (44), 17 (56), 15 (58), 27 (63), 42 (80), 38 (67), 35 (51), 14 (60), 33 (92), 6 (55), 12 (86), 44 (84), 34 (93)]";18147
TABÚ;50;2;35494;274.0;500;"Maquina 1: [8 (41), 41 (30), 30 (11), 2 (43), 17 (56), 3 (4), 48 (54), 10 (39), 21 (25), 45 (22), 37 (51), 49 (50), 7 (30), 36 (62), 47 (65), 14 (60), 44 (84), 4 (45), 16 (73), 6 (55), 18 (77), 27 (63), 34 (93), 0 (98), 33 (92)]";17032;"Maquina 2: [22 (34), 28 (58), 11 (21), 43 (23), 23 (17), 29 (55), 31 (19), 40 (35), 20 (44), 32 (24), 39 (76), 15 (58), 9 (51), 46 (51), 5 (43), 35 (51), 13 (58), 12 (86), 38 (67), 19 (79), 1 (85), 24 (92), 42 (80), 25 (93), 26 (84)]";18462
VNS;50;2;34531;18315.0;500;"Maquina 1: [40 (35), 11 (21), 43 (23), 23 (17), 3 (4), 8 (41), 31 (19), 41 (30), 28 (58), 16 (73), 48 (54), 36 (62), 37 (51), 15 (58), 29 (55), 17 (56), 39 (76), 24 (92), 42 (80), 27 (63), 19 (79), 1 (85), 26 (84), 18 (77)]";15409;"Maquina 2: [30 (11), 2 (43), 21 (25), 45 (22), 13 (58), 22 (34), 10 (39), 32 (24), 49 (50), 46 (51), 4 (45), 9 (51), 7 (30), 20 (44), 5 (43), 44 (84), 47 (65), 6 (55), 14 (60), 38 (67), 35 (51), 12 (86), 33 (92), 34 (93), 0 (98), 25 (93)]";19122
Multiarranque;50;2;34930;1660.0;500;"Maquina 1: [30 (11), 11 (21), 43 (23), 5 (43), 3 (4), 21 (25), 35 (51), 13 (58), 6 (55), 22 (34), 45 (22), 27 (63), 39 (76), 29 (55), 0 (98), 33 (92), 48 (54), 15 (58), 24 (92), 47 (65), 38 (67), 19 (79), 44 (84), 42 (80), 37 (51)]";17728;"Maquina 2: [4 (45), 23 (17), 31 (19), 41 (30), 32 (24), 49 (50), 40 (35), 10 (39), 17 (56), 28 (58), 16 (73), 8 (41), 7 (30), 20 (44), 9 (51), 46 (51), 14 (60), 2 (43), 18 (77), 12 (86), 26 (84), 34 (93), 36 (62), 1 (85), 25 (93)]";17202
GREEDY;50;2;38773;0.0;1;"Maquina 1: [38 (21), 39 (14), 19 (2), 43 (17), 15 (40), 3 (58), 26 (28), 13 (43), 1 (24), 9 (37), 18 (54), 45 (69), 23 (96), 6 (45), 28 (64), 20 (60), 11 (62), 29 (47), 32 (73), 12 (85), 4 (69), 40 (89), 37 (92), 21 (95), 42 (97)]";19737;"Maquina 2: [5 (15), 7 (10), 47 (27), 25 (43), 34 (17), 48 (19), 2 (30), 36 (44), 31 (70), 44 (33), 8 (52), 49 (60), 16 (47), 33 (63), 22 (59), 46 (75), 27 (68), 14 (97), 0 (40), 35 (88), 10 (56), 24 (94), 17 (69), 30 (95), 41 (89)]";19036
GRASP;50;2;36687;1033.0;500;"Maquina 1: [19 (2), 25 (43), 26 (28), 5 (15), 7 (10), 47 (27), 48 (19), 2 (30), 28 (64), 15 (40), 36 (44), 13 (43), 40 (89), 29 (47), 3 (58), 20 (60), 16 (47), 33 (63), 17 (69), 23 (96), 37 (92), 4 (69), 6 (45), 46 (75), 21 (95), 30 (95)]";18443;"Maquina 2: [34 (17), 39 (14), 38 (21), 43 (17), 1 (24), 9 (37), 18 (54), 0 (40), 42 (97), 44 (33), 8 (52), 49 (60), 11 (62), 27 (68), 22 (59), 35 (88), 45 (69), 32 (73), 31 (70), 12 (85), 41 (89), 10 (56), 24 (94), 14 (97)]";18244
LNS;50;2;38161;191.0;500;"Maquina 1: [38 (21), 39 (14), 19 (2), 43 (17), 15 (40), 3 (58), 26 (28), 13 (43), 1 (24), 9 (37), 18 (54), 45 (69), 23 (96), 6 (45), 28 (64), 20 (60), 32 (73), 29 (47), 11 (62), 12 (85), 4 (69), 40 (89), 37 (92), 21 (95), 42 (97)]";19637;"Maquina 2: [5 (15), 7 (10), 47 (27), 25 (43), 34 (17), 48 (19), 2 (30), 36 (44), 31 (70), 44 (33), 8 (52), 49 (60), 16 (47), 35 (88), 22 (59), 46 (75), 27 (68), 33 (63), 0 (40), 14 (97), 10 (56), 24 (94), 17 (69), 30 (95), 41 (89)]";18524
TABÚ;50;2;35968;321.0;500;"Maquina 1: [47 (27), 38 (21), 39 (14), 22 (59), 25 (43), 34 (17), 48 (19), 2 (30), 6 (45), 7 (10), 37 (92), 29 (47), 28 (64), 10 (56), 18 (54), 32 (73), 31 (70), 3 (58), 20 (60), 46 (75), 21 (95), 45 (69), 23 (96), 24 (94), 4 (69), 30 (95)]";18585;"Maquina 2: [44 (33), 19 (2), 26 (28), 5 (15), 0 (40), 1 (24), 15 (40), 36 (44), 9 (37), 8 (52), 49 (60), 16 (47), 13 (43), 27 (68), 43 (17), 14 (97), 35 (88), 12 (85), 17 (69), 11 (62), 33 (63), 41 (89), 42 (97), 40 (89)]";17383
VNS;50;2;36272;18009.0;500;"Maquina 1: [38 (21), 39 (14), 19 (2), 43 (17), 10 (56), 3 (58), 26 (28), 13 (43), 0 (40), 1 (24), 9 (37), 18 (54), 45 (69), 23 (96), 28 (64), 20 (60), 46 (75), 29 (47), 32 (73), 31 (70), 4 (69), 6 (45), 41 (89), 37 (92), 42 (97)]";17995;"Maquina 2: [5 (15), 7 (10), 47 (27), 25 (43), 34 (17), 48 (19), 2 (30), 36 (44), 44 (33), 8 (52), 49 (60), 16 (47), 35 (88), 22 (59), 11 (62), 27 (68), 15 (40), 40 (89), 30 (95), 33 (63), 12 (85), 17 (69), 14 (97), 21 (95), 24 (94)]";18277
Multiarranque;50;2;34680;1827.0;500;"Maquina 1: [26 (28), 5 (15), 7 (10), 38 (21), 47 (27), 36 (44), 13 (43), 0 (40), 43 (17), 1 (24), 28 (64), 15 (40), 41 (89), 8 (52), 35 (88), 22 (59), 27 (68), 40 (89), 17 (69), 11 (62), 42 (97), 33 (63), 10 (56), 24 (94), 23 (96)]";16927;"Maquina 2: [48 (19), 12 (85), 34 (17), 39 (14), 2 (30), 6 (45), 16 (47), 18 (54), 45 (69), 44 (33), 25 (43), 19 (2), 9 (37), 32 (73), 29 (47), 3 (58), 20 (60), 46 (75), 49 (60), 31 (70), 4 (69), 37 (92), 30 (95), 21 (95), 14 (97)]";17753
GREEDY;50;2;32236;1.0;1;"Maquina 1: [13 (10), 27 (15), 4 (12), 1 (5), 0 (14), 24 (40), 19 (33), 17 (77), 20 (24), 7 (45), 3 (36), 32 (12), 49 (18), 46 (46), 41 (49), 31 (66), 45 (89), 9 (51), 30 (48), 37 (61), 11 (71), 33 (59), 8 (64), 43 (81), 34 (84)]";15469;"Maquina 2: [39 (10), 42 (60), 23 (10), 38 (13), 12 (7), 18 (19), 16 (15), 40 (44), 22 (36), 14 (49), 44 (28), 2 (66), 28 (33), 48 (77), 36 (82), 35 (51), 29 (45), 6 (88), 47 (66), 15 (48), 5 (73), 26 (82), 21 (50), 10 (62), 25 (98)]";16767
GRASP;50;2;29903;1187.0;500;"Maquina 1: [49 (18), 16 (15), 39 (10), 13 (10), 28 (33), 32 (12), 48 (77), 21 (50), 1 (5), 0 (14), 10 (62), 19 (33), 46 (46), 41 (49), 35 (51), 29 (45), 8 (64), 30 (48), 22 (36), 2 (66), 34 (84), 6 (88), 47 (66), 36 (82), 45 (89)]";15019;"Maquina 2: [23 (10), 3 (36), 38 (13), 12 (7), 18 (19), 27 (15), 4 (12), 37 (61), 15 (48), 42 (60), 17 (77), 20 (24), 14 (49), 44 (28), 24 (40), 40 (44), 7 (45), 43 (81), 33 (59), 9 (51), 11 (71), 5 (73), 26 (82), 25 (98), 31 (66)]";14884
LNS;50;2;31556;229.0;500;"Maquina 1: [13 (10), 27 (15), 4 (12), 1 (5), 0 (14), 37 (61), 46 (46), 49 (18), 20 (24), 7 (45), 3 (36), 32 (12), 19 (33), 17 (77), 41 (49), 31 (66), 45 (89), 9 (51), 30 (48), 24 (40), 11 (71), 33 (59), 8 (64), 43 (81), 34 (84)]";14944;"Maquina 2: [16 (15), 42 (60), 23 (10), 38 (13), 12 (7), 18 (19), 39 (10), 40 (44), 22 (36), 14 (49), 44 (28), 2 (66), 28 (33), 48 (77), 36 (82), 35 (51), 29 (45), 6 (88), 47 (66), 15 (48), 5 (73), 26 (82), 21 (50), 10 (62), 25 (98)]";16612
TABÚ;50;2;31583;371.0;500;"Maquina 1: [38 (13), 12 (7), 16 (15), 1 (5), 44 (28), 4 (12), 3 (36), 10 (62), 27 (15), 29 (45), 20 (24), 32 (12), 15 (48), 14 (49), 22 (36), 37 (61), 46 (46), 41 (49), 47 (66), 25 (98), 35 (51), 5 (73), 11 (71), 48 (77), 2 (66), 45 (89)]";16085;"Maquina 2: [28 (33), 0 (14), 23 (10), 13 (10), 18 (19), 39 (10), 30 (48), 24 (40), 40 (44), 42 (60), 19 (33), 49 (18), 9 (51), 7 (45), 21 (50), 36 (82), 43 (81), 33 (59), 31 (66), 17 (77), 6 (88), 8 (64), 26 (82), 34 (84)]";15498
VNS;50;2;29703;13692.0;500;"Maquina 1: [27 (15), 4 (12), 1 (5), 0 (14), 21 (50), 49 (18), 17 (77), 20 (24), 32 (12), 19 (33), 46 (46), 41 (49), 31 (66), 14 (49), 45 (89), 9 (51), 30 (48), 24 (40), 25 (98), 8 (64), 43 (81), 33 (59), 47 (66), 7 (45), 36 (82)]";15367;"Maquina 2: [39 (10), 13 (10), 42 (60), 23 (10), 3 (36), 38 (13), 12 (7), 18 (19), 16 (15), 40 (44), 22 (36), 44 (28), 2 (66), 28 (33), 48 (77), 15 (48), 35 (51), 29 (45), 6 (88), 11 (71), 5 (73), 26 (82), 37 (61), 10 (62), 34 (84)]";14336
Multiarranque;50;2;28628;2144.0;500;"Maquina 1: [4 (12), 39 (10), 13 (10), 18 (19), 3 (36), 38 (13), 12 (7), 17 (77), 20 (24), 40 (44), 42 (60), 19 (33), 14 (49), 30 (48), 24 (40), 11 (71), 48 (77), 15 (48), 9 (51), 10 (62), 33 (59), 36 (82), 34 (84), 6 (88), 45 (89)]";14051;"Maquina 2: [49 (18), 1 (5), 0 (14), 23 (10), 28 (33), 32 (12), 35 (51), 7 (45), 21 (50), 27 (15), 16 (15), 22 (36), 37 (61), 46 (46), 41 (49), 43 (81), 29 (45), 8 (64), 5 (73), 44 (28), 2 (66), 47 (66), 26 (82), 25 (98), 31 (66)]";14577
GREEDY;50;2;29777;1.0;1;"Maquina 1: [20 (9), 47 (5), 45 (22), 24 (42), 2 (19), 48 (2), 21 (27), 37 (49), 33 (37), 40 (34), 14 (53), 6 (43), 28 (73), 38 (56), 19 (55), 39 (65), 25 (57), 30 (89), 17 (61), 27 (82), 10 (90), 12 (85), 4 (92), 0 (97), 23 (93)]";15081;"Maquina 2: [13 (3), 44 (7), 29 (13), 36 (8), 7 (34), 41 (22), 42 (24), 43 (38), 49 (55), 5 (49), 31 (42), 1 (59), 15 (36), 34 (50), 18 (57), 22 (68), 9 (55), 16 (64), 32 (84), 35 (92), 11 (90), 8 (90), 26 (94), 46 (79), 3 (87)]";14696
GRASP;50;2;29007;1776.0;500;"Maquina 1: [20 (9), 36 (8), 48 (2), 13 (3), 15 (36), 41 (22), 31 (42), 28 (73), 42 (24), 6 (43), 21 (27), 17 (61), 33 (37), 14 (53), 9 (55), 49 (55), 22 (68), 30 (89), 16 (64), 39 (65), 12 (85), 3 (87), 32 (84), 8 (90), 23 (93)]";14464;"Maquina 2: [47 (5), 29 (13), 44 (7), 45 (22), 24 (42), 2 (19), 7 (34), 43 (38), 5 (49), 40 (34), 34 (50), 10 (90), 38 (56), 25 (57), 1 (59), 37 (49), 19 (55), 18 (57), 27 (82), 4 (92), 26 (94), 46 (79), 35 (92), 11 (90), 0 (97)]";14543
LNS;50;2;29322;396.0;500;"Maquina 1: [33 (37), 47 (5), 45 (22), 24 (42), 2 (19), 48 (2), 20 (9), 37 (49), 21 (27), 40 (34), 14 (53), 6 (43), 28 (73), 38 (56), 19 (55), 39 (65), 25 (57), 30 (89), 17 (61), 27 (82), 10 (90), 12 (85), 4 (92), 0 (97), 23 (93)]";14798;"Maquina 2: [13 (3), 44 (7), 29 (13), 36 (8), 7 (34), 41 (22), 42 (24), 43 (38), 49 (55), 5 (49), 22 (68), 1 (59), 15 (36), 34 (50), 32 (84), 31 (42), 9 (55), 16 (64), 18 (57), 35 (92), 11 (90), 8 (90), 26 (94), 46 (79), 3 (87)]";14524
TABÚ;50;2;28855;591.0;500;"Maquina 1: [36 (8), 48 (2), 20 (9), 13 (3), 41 (22), 25 (57), 21 (27), 43 (38), 49 (55), 5 (49), 31 (42), 24 (42), 40 (34), 34 (50), 16 (64), 35 (92), 1 (59), 37 (49), 8 (90), 27 (82), 32 (84), 4 (92), 12 (85), 26 (94), 11 (90)]";14269;"Maquina 2: [47 (5), 29 (13), 44 (7), 15 (36), 45 (22), 2 (19), 7 (34), 9 (55), 6 (43), 28 (73), 42 (24), 17 (61), 33 (37), 38 (56), 19 (55), 18 (57), 14 (53), 39 (65), 46 (79), 22 (68), 30 (89), 23 (93), 3 (87), 0 (97), 10 (90)]";14586
VNS;50;2;28803;22621.0;500;"Maquina 1: [47 (5), 29 (13), 45 (22), 24 (42), 2 (19), 48 (2), 20 (9), 37 (49), 9 (55), 40 (34), 14 (53), 6 (43), 28 (73), 38 (56), 19 (55), 39 (65), 25 (57), 30 (89), 17 (61), 27 (82), 10 (90), 12 (85), 3 (87), 4 (92)]";12806;"Maquina 2: [13 (3), 44 (7), 21 (27), 7 (34), 41 (22), 42 (24), 43 (38), 49 (55), 5 (49), 31 (42), 36 (8), 1 (59), 15 (36), 34 (50), 18 (57), 22 (68), 33 (37), 16 (64), 32 (84), 35 (92), 11 (90), 8 (90), 0 (97), 26 (94), 46 (79), 23 (93)]";15997
Multiarranque;50;2;28116;1764.0;500;"Maquina 1: [20 (9), 47 (5), 42 (24), 48 (2), 13 (3), 44 (7), 15 (36), 41 (22), 5 (49), 31 (42), 24 (42), 40 (34), 14 (53), 8 (90), 16 (64), 38 (56), 19 (55), 1 (59), 37 (49), 22 (68), 30 (89), 27 (82), 10 (90), 35 (92), 4 (92), 0 (97)]";13735;"Maquina 2: [2 (19), 29 (13), 6 (43), 36 (8), 34 (50), 21 (27), 7 (34), 43 (38), 46 (79), 17 (61), 45 (22), 9 (55), 49 (55), 33 (37), 18 (57), 39 (65), 25 (57), 28 (73), 23 (93), 12 (85), 11 (90), 3 (87), 32 (84), 26 (94)]";14381
GREEDY;50;2;29641;1.0;1;"Maquina 1: [33 (1), 40 (12), 8 (14), 48 (32), 1 (29), 15 (29), 2 (36), 9 (20), 10 (40), 12 (44), 5 (56), 37 (49), 39 (53), 20 (91), 29 (51), 23 (57), 13 (46), 44 (60), 22 (72), 41 (60), 19 (88), 27 (76), 14 (66), 0 (97), 6 (81)]";14527;"Maquina 2: [31 (7), 21 (19), 30 (22), 49 (13), 3 (28), 46 (30), 43 (52), 17 (35), 26 (37), 36 (40), 28 (49), 11 (45), 35 (54), 42 (60), 25 (64), 34 (59), 24 (51), 45 (72), 16 (81), 38 (67), 7 (56), 4 (79), 32 (90), 18 (99), 47 (92)]";15114
GRASP;50;2;29479;1280.0;500;"Maquina 1: [49 (13), 33 (1), 3 (28), 21 (19), 43 (52), 31 (7), 48 (32), 11 (45), 46 (30), 38 (67), 10 (40), 12 (44), 14 (66), 35 (54), 36 (40), 28 (49), 29 (51), 23 (57), 44 (60), 27 (76), 34 (59), 4 (79), 6 (81), 0 (97), 32 (90)]";14446;"Maquina 2: [40 (12), 8 (14), 1 (29), 15 (29), 2 (36), 9 (20), 42 (60), 30 (22), 25 (64), 17 (35), 26 (37), 37 (49), 5 (56), 41 (60), 39 (53), 7 (56), 22 (72), 13 (46), 24 (51), 45 (72), 16 (81), 47 (92), 18 (99), 19 (88), 20 (91)]";15033
LNS;50;2;29485;222.0;500;"Maquina 1: [33 (1), 40 (12), 8 (14), 48 (32), 1 (29), 15 (29), 2 (36), 9 (20), 10 (40), 12 (44), 5 (56), 37 (49), 39 (53), 20 (91), 29 (51), 23 (57), 13 (46), 44 (60), 22 (72), 41 (60), 19 (88), 27 (76), 14 (66), 0 (97), 6 (81)]";14527;"Maquina 2: [31 (7), 46 (30), 30 (22), 49 (13), 3 (28), 21 (19), 43 (52), 17 (35), 26 (37), 36 (40), 28 (49), 38 (67), 7 (56), 42 (60), 25 (64), 34 (59), 24 (51), 45 (72), 16 (81), 11 (45), 35 (54), 32 (90), 4 (79), 18 (99), 47 (92)]";14958
TABÚ;50;2;29468;555.0;500;"Maquina 1: [49 (13), 1 (29), 33 (1), 3 (28), 8 (14), 10 (40), 28 (49), 26 (37), 46 (30), 44 (60), 37 (49), 17 (35), 11 (45), 7 (56), 42 (60), 23 (57), 25 (64), 24 (51), 45 (72), 34 (59), 6 (81), 18 (99), 0 (97), 32 (90), 19 (88)]";14672;"Maquina 2: [31 (7), 40 (12), 9 (20), 2 (36), 30 (22), 12 (44), 48 (32), 21 (19), 29 (51), 35 (54), 36 (40), 43 (52), 5 (56), 41 (60), 15 (29), 39 (53), 27 (76), 13 (46), 16 (81), 38 (67), 47 (92), 22 (72), 14 (66), 4 (79), 20 (91)]";14796
VNS;50;2;29209;16601.0;500;"Maquina 1: [33 (1), 8 (14), 48 (32), 1 (29), 15 (29), 2 (36), 9 (20), 10 (40), 12 (44), 5 (56), 37 (49), 39 (53), 38 (67), 7 (56), 29 (51), 23 (57), 13 (46), 44 (60), 22 (72), 41 (60), 19 (88), 27 (76), 20 (91), 0 (97), 32 (90)]";15047;"Maquina 2: [31 (7), 46 (30), 30 (22), 49 (13), 3 (28), 21 (19), 43 (52), 17 (35), 26 (37), 36 (40), 28 (49), 40 (12), 11 (45), 35 (54), 42 (60), 25 (64), 34 (59), 24 (51), 45 (72), 16 (81), 47 (92), 14 (66), 4 (79), 18 (99), 6 (81)]";14162
Multiarranque;50;2;28853;2036.0;500;"Maquina 1: [30 (22), 31 (7), 48 (32), 21 (19), 43 (52), 10 (40), 49 (13), 9 (20), 1 (29), 13 (46), 26 (37), 27 (76), 22 (72), 35 (54), 5 (56), 23 (57), 25 (64), 11 (45), 14 (66), 44 (60), 18 (99), 47 (92), 45 (72), 0 (97), 6 (81)]";14771;"Maquina 2: [17 (35), 33 (1), 3 (28), 8 (14), 36 (40), 28 (49), 2 (36), 40 (12), 24 (51), 41 (60), 15 (29), 29 (51), 46 (30), 12 (44), 37 (49), 39 (53), 38 (67), 7 (56), 42 (60), 16 (81), 34 (59), 4 (79), 19 (88), 32 (90), 20 (91)]";14082
GREEDY;50;2;27730;0.0;1;"Maquina 1: [16 (1), 35 (2), 48 (9), 4 (15), 49 (6), 22 (9), 18 (32), 47 (53), 9 (28), 13 (46), 25 (20), 5 (59), 3 (48), 41 (61), 29 (42), 21 (64), 36 (70), 14 (74), 40 (79), 2 (99), 12 (84), 44 (68), 31 (94), 34 (99), 37 (96)]";14068;"Maquina 2: [24 (9), 26 (2), 8 (3), 6 (9), 27 (32), 38 (6), 1 (21), 15 (11), 43 (28), 7 (54), 19 (44), 32 (33), 23 (47), 45 (48), 39 (76), 42 (62), 17 (65), 33 (61), 10 (71), 28 (80), 0 (70), 30 (99), 20 (95), 46 (97), 11 (90)]";13662
GRASP;50;2;26464;1491.0;500;"Maquina 1: [16 (1), 24 (9), 35 (2), 1 (21), 9 (28), 8 (3), 49 (6), 27 (32), 18 (32), 43 (28), 7 (54), 19 (44), 11 (90), 45 (48), 42 (62), 3 (48), 17 (65), 33 (61), 12 (84), 10 (71), 28 (80), 0 (70), 30 (99), 20 (95), 2 (99)]";13146;"Maquina 2: [22 (9), 38 (6), 48 (9), 6 (9), 26 (2), 4 (15), 29 (42), 15 (11), 25 (20), 32 (33), 23 (47), 47 (53), 5 (59), 41 (61), 13 (46), 14 (74), 37 (96), 21 (64), 36 (70), 44 (68), 39 (76), 31 (94), 40 (79), 46 (97), 34 (99)]";13318
LNS;50;2;27621;192.0;500;"Maquina 1: [16 (1), 35 (2), 48 (9), 4 (15), 49 (6), 22 (9), 18 (32), 47 (53), 9 (28), 13 (46), 25 (20), 5 (59), 3 (48), 41 (61), 29 (42), 21 (64), 36 (70), 14 (74), 40 (79), 2 (99), 12 (84), 44 (68), 31 (94), 34 (99), 37 (96)]";14068;"Maquina 2: [24 (9), 26 (2), 8 (3), 6 (9), 27 (32), 38 (6), 1 (21), 15 (11), 43 (28), 7 (54), 19 (44), 32 (33), 23 (47), 45 (48), 39 (76), 17 (65), 42 (62), 33 (61), 10 (71), 28 (80), 0 (70), 30 (99), 20 (95), 46 (97), 11 (90)]";13553
TABÚ;50;2;25862;385.0;500;"Maquina 1: [38 (6), 16 (1), 48 (9), 4 (15), 49 (6), 32 (33), 15 (11), 6 (9), 9 (28), 33 (61), 19 (44), 3 (48), 42 (62), 7 (54), 45 (48), 29 (42), 14 (74), 10 (71), 41 (61), 39 (76), 11 (90), 28 (80), 37 (96), 30 (99), 34 (99)]";12924;"Maquina 2: [24 (9), 26 (2), 35 (2), 1 (21), 22 (9), 43 (28), 8 (3), 44 (68), 25 (20), 27 (32), 23 (47), 18 (32), 47 (53), 21 (64), 13 (46), 40 (79), 5 (59), 36 (70), 17 (65), 12 (84), 0 (70), 2 (99), 20 (95), 46 (97), 31 (94)]";12938
VNS;50;2;26424;17954.0;500;"Maquina 1: [35 (2), 48 (9), 24 (9), 4 (15), 49 (6), 15 (11), 18 (32), 47 (53), 9 (28), 13 (46), 25 (20), 5 (59), 32 (33), 3 (48), 41 (61), 29 (42), 21 (64), 36 (70), 14 (74), 10 (71), 12 (84), 44 (68), 31 (94), 11 (90), 37 (96)]";12867;"Maquina 2: [26 (2), 16 (1), 8 (3), 6 (9), 27 (32), 38 (6), 1 (21), 22 (9), 43 (28), 7 (54), 19 (44), 23 (47), 45 (48), 39 (76), 17 (65), 42 (62), 33 (61), 2 (99), 28 (80), 0 (70), 30 (99), 20 (95), 40 (79), 46 (97), 34 (99)]";13557
Multiarranque;50;2;25615;2232.0;500;"Maquina 1: [4 (15), 49 (6), 25 (20), 38 (6), 27 (32), 41 (61), 26 (2), 18 (32), 33 (61), 19 (44), 3 (48), 36 (70), 45 (48), 29 (42), 0 (70), 5 (59), 28 (80), 2 (99), 17 (65), 12 (84), 20 (95), 30 (99), 31 (94)]";12758;"Maquina 2: [8 (3), 48 (9), 6 (9), 16 (1), 24 (9), 22 (9), 43 (28), 35 (2), 1 (21), 9 (28), 13 (46), 32 (33), 15 (11), 47 (53), 23 (47), 14 (74), 10 (71), 7 (54), 44 (68), 39 (76), 37 (96), 21 (64), 42 (62), 40 (79), 46 (97), 11 (90), 34 (99)]";12857
GREEDY;50;2;24390;1.0;1;"Maquina 1: [47 (8), 45 (6), 31 (17), 11 (1), 1 (17), 3 (14), 30 (9), 37 (69), 33 (25), 7 (33), 24 (31), 16 (24), 44 (43), 10 (30), 40 (60), 9 (77), 4 (74), 8 (68), 12 (54), 13 (50), 29 (70), 27 (77), 18 (82), 26 (97), 39 (90)]";12375;"Maquina 2: [28 (16), 2 (7), 6 (2), 48 (9), 42 (8), 35 (12), 36 (26), 21 (25), 14 (23), 20 (29), 34 (32), 41 (39), 5 (48), 19 (62), 0 (69), 32 (58), 49 (30), 43 (75), 38 (53), 25 (72), 46 (69), 15 (77), 23 (84), 17 (97), 22 (79)]";12015
GRASP;50;2;23659;1292.0;500;"Maquina 1: [47 (8), 45 (6), 6 (2), 48 (9), 49 (30), 16 (24), 2 (7), 1 (17), 14 (23), 44 (43), 10 (30), 33 (25), 34 (32), 7 (33), 12 (54), 29 (70), 37 (69), 32 (58), 4 (74), 40 (60), 9 (77), 23 (84), 26 (97), 15 (77), 43 (75)]";11413;"Maquina 2: [28 (16), 11 (1), 31 (17), 30 (9), 35 (12), 3 (14), 42 (8), 36 (26), 21 (25), 20 (29), 24 (31), 41 (39), 0 (69), 5 (48), 19 (62), 18 (82), 27 (77), 13 (50), 22 (79), 38 (53), 25 (72), 46 (69), 8 (68), 39 (90), 17 (97)]";12246
LNS;50;2;24116;262.0;500;"Maquina 1: [47 (8), 45 (6), 31 (17), 30 (9), 3 (14), 1 (17), 11 (1), 37 (69), 33 (25), 7 (33), 24 (31), 16 (24), 44 (43), 10 (30), 40 (60), 9 (77), 4 (74), 8 (68), 12 (54), 13 (50), 29 (70), 27 (77), 18 (82), 26 (97), 39 (90)]";12101;"Maquina 2: [28 (16), 2 (7), 6 (2), 48 (9), 42 (8), 35 (12), 36 (26), 21 (25), 14 (23), 20 (29), 34 (32), 41 (39), 5 (48), 19 (62), 0 (69), 32 (58), 49 (30), 43 (75), 38 (53), 25 (72), 46 (69), 15 (77), 23 (84), 17 (97), 22 (79)]";12015
TABÚ;50;2;23864;367.0;500;"Maquina 1: [47 (8), 45 (6), 11 (1), 28 (16), 14 (23), 30 (9), 35 (12), 6 (2), 7 (33), 49 (30), 33 (25), 41 (39), 5 (48), 21 (25), 40 (60), 43 (75), 46 (69), 8 (68), 39 (90), 9 (77), 19 (62), 18 (82), 15 (77), 27 (77), 22 (79)]";12123;"Maquina 2: [48 (9), 42 (8), 31 (17), 2 (7), 1 (17), 3 (14), 36 (26), 20 (29), 34 (32), 16 (24), 44 (43), 10 (30), 24 (31), 32 (58), 13 (50), 4 (74), 12 (54), 38 (53), 29 (70), 25 (72), 0 (69), 17 (97), 37 (69), 23 (84), 26 (97)]";11741
VNS;50;2;22949;17015.0;500;"Maquina 1: [47 (8), 45 (6), 31 (17), 28 (16), 1 (17), 3 (14), 30 (9), 49 (30), 33 (25), 34 (32), 16 (24), 44 (43), 10 (30), 40 (60), 9 (77), 8 (68), 0 (69), 4 (74), 12 (54), 13 (50), 29 (70), 18 (82), 25 (72), 22 (79), 17 (97)]";11373;"Maquina 2: [11 (1), 2 (7), 6 (2), 48 (9), 42 (8), 36 (26), 21 (25), 14 (23), 20 (29), 24 (31), 41 (39), 5 (48), 35 (12), 7 (33), 37 (69), 32 (58), 19 (62), 15 (77), 27 (77), 43 (75), 46 (69), 38 (53), 23 (84), 26 (97), 39 (90)]";11576
Multiarranque;50;2;23072;1717.0;500;"Maquina 1: [11 (1), 31 (17), 28 (16), 2 (7), 35 (12), 38 (53), 48 (9), 33 (25), 41 (39), 16 (24), 7 (33), 42 (8), 36 (26), 24 (31), 32 (58), 13 (50), 29 (70), 27 (77), 43 (75), 46 (69), 37 (69), 39 (90), 15 (77), 23 (84), 17 (97)]";11286;"Maquina 2: [10 (30), 47 (8), 45 (6), 6 (2), 1 (17), 3 (14), 30 (9), 19 (62), 21 (25), 14 (23), 20 (29), 34 (32), 5 (48), 8 (68), 49 (30), 40 (60), 44 (43), 0 (69), 4 (74), 12 (54), 18 (82), 25 (72), 22 (79), 9 (77), 26 (97)]";11786
GREEDY;50;2;32835;0.0;1;"Maquina 1: [10 (7), 38 (15), 43 (17), 47 (2), 29 (24), 39 (21), 16 (41), 32 (57), 15 (30), 48 (60), 3 (92), 23 (51), 27 (81), 13 (59), 5 (44), 4 (68), 42 (62), 28 (75), 37 (72), 18 (87), 6 (74), 12 (84), 26 (94), 8 (89), 24 (91)]";16304;"Maquina 2: [25 (4), 45 (8), 17 (17), 7 (15), 1 (38), 20 (24), 11 (70), 0 (27), 34 (61), 36 (65), 33 (42), 41 (49), 31 (59), 9 (53), 44 (76), 22 (58), 19 (80), 2 (73), 35 (84), 49 (92), 21 (74), 14 (88), 40 (90), 30 (91), 46 (97)]";16531
GRASP;50;2;31666;1137.0;500;"Maquina 1: [25 (4), 17 (17), 38 (15), 29 (24), 20 (24), 31 (59), 39 (21), 11 (70), 41 (49), 1 (38), 22 (58), 5 (44), 32 (57), 2 (73), 36 (65), 21 (74), 34 (61), 19 (80), 44 (76), 30 (91), 46 (97), 40 (90), 35 (84), 49 (92), 26 (94)]";16461;"Maquina 2: [7 (15), 10 (7), 45 (8), 47 (2), 43 (17), 33 (42), 37 (72), 16 (41), 0 (27), 48 (60), 15 (30), 9 (53), 13 (59), 12 (84), 23 (51), 28 (75), 42 (62), 3 (92), 27 (81), 6 (74), 8 (89), 4 (68), 18 (87), 14 (88), 24 (91)]";15205
LNS;50;2;32389;188.0;500;"Maquina 1: [10 (7), 38 (15), 29 (24), 47 (2), 43 (17), 39 (21), 16 (41), 32 (57), 15 (30), 48 (60), 3 (92), 23 (51), 27 (81), 13 (59), 5 (44), 8 (89), 42 (62), 28 (75), 37 (72), 18 (87), 6 (74), 12 (84), 26 (94), 4 (68), 24 (91)]";16084;"Maquina 2: [25 (4), 45 (8), 7 (15), 17 (17), 1 (38), 20 (24), 11 (70), 0 (27), 34 (61), 36 (65), 33 (42), 41 (49), 31 (59), 9 (53), 44 (76), 22 (58), 19 (80), 2 (73), 35 (84), 49 (92), 21 (74), 14 (88), 40 (90), 30 (91), 46 (97)]";16305
TABÚ;50;2;32352;311.0;500;"Maquina 1: [10 (7), 38 (15), 43 (17), 39 (21), 11 (70), 25 (4), 33 (42), 20 (24), 37 (72), 15 (30), 9 (53), 8 (89), 41 (49), 36 (65), 6 (74), 44 (76), 31 (59), 12 (84), 23 (51), 22 (58), 3 (92), 27 (81), 30 (91), 46 (97), 49 (92)]";16420;"Maquina 2: [45 (8), 47 (2), 17 (17), 7 (15), 16 (41), 0 (27), 29 (24), 13 (59), 5 (44), 42 (62), 34 (61), 1 (38), 48 (60), 35 (84), 32 (57), 2 (73), 4 (68), 18 (87), 40 (90), 28 (75), 19 (80), 24 (91), 21 (74), 14 (88), 26 (94)]";15932
VNS;50;2;31820;15177.0;500;"Maquina 1: [10 (7), 38 (15), 43 (17), 45 (8), 47 (2), 29 (24), 20 (24), 16 (41), 32 (57), 15 (30), 48 (60), 3 (92), 23 (51), 27 (81), 13 (59), 5 (44), 42 (62), 14 (88), 28 (75), 37 (72), 18 (87), 19 (80), 12 (84), 26 (94), 21 (74), 8 (89)]";16004;"Maquina 2: [7 (15), 25 (4), 17 (17), 1 (38), 39 (21), 11 (70), 0 (27), 34 (61), 36 (65), 33 (42), 41 (49), 31 (59), 9 (53), 44 (76), 22 (58), 6 (74), 2 (73), 35 (84), 49 (92), 4 (68), 40 (90), 30 (91), 46 (97), 24 (91)]";15816
Multiarranque;50;2;31286;1601.0;500;"Maquina 1: [7 (15), 17 (17), 10 (7), 38 (15), 1 (38), 43 (17), 29 (24), 11 (70), 16 (41), 0 (27), 48 (60), 34 (61), 36 (65), 28 (75), 19 (80), 2 (73), 23 (51), 27 (81), 9 (53), 3 (92), 8 (89), 24 (91), 21 (74), 14 (88), 46 (97)]";15504;"Maquina 2: [45 (8), 47 (2), 25 (4), 15 (30), 41 (49), 4 (68), 44 (76), 33 (42), 20 (24), 31 (59), 39 (21), 13 (59), 5 (44), 32 (57), 42 (62), 37 (72), 22 (58), 6 (74), 12 (84), 18 (87), 40 (90), 35 (84), 49 (92), 30 (91), 26 (94)]";15782
GREEDY;50;2;32517;0.0;1;"Maquina 1: [2 (29), 17 (1), 13 (5), 5 (3), 12 (35), 25 (70), 18 (12), 48 (41), 40 (18), 30 (48), 47 (43), 33 (88), 32 (53), 3 (39), 15 (72), 0 (86), 22 (79), 8 (56), 31 (90), 38 (91), 4 (61), 23 (76), 44 (96), 20 (80)]";15714;"Maquina 2: [29 (12), 42 (3), 39 (3), 16 (12), 21 (2), 34 (41), 45 (62), 10 (25), 26 (24), 11 (36), 19 (73), 46 (34), 49 (58), 6 (56), 7 (42), 36 (46), 28 (50), 41 (76), 9 (87), 24 (71), 35 (89), 14 (95), 43 (80), 1 (97), 37 (91), 27 (79)]";16803
GRASP;50;2;32245;988.0;500;"Maquina 1: [17 (1), 42 (3), 16 (12), 26 (24), 5 (3), 29 (12), 34 (41), 40 (18), 32 (53), 20 (80), 49 (58), 7 (42), 46 (34), 30 (48), 10 (25), 45 (62), 35 (89), 23 (76), 25 (70), 22 (79), 37 (91), 33 (88), 43 (80), 9 (87), 38 (91), 14 (95)]";16889;"Maquina 2: [39 (3), 28 (50), 21 (2), 48 (41), 13 (5), 11 (36), 2 (29), 47 (43), 4 (61), 41 (76), 12 (35), 18 (12), 36 (46), 6 (56), 3 (39), 0 (86), 24 (71), 15 (72), 19 (73), 31 (90), 8 (56), 27 (79), 1 (97), 44 (96)]";15356
LNS;50;2;32400;166.0;500;"Maquina 1: [2 (29), 17 (1), 13 (5), 5 (3), 12 (35), 25 (70), 18 (12), 48 (41), 40 (18), 30 (48), 47 (43), 33 (88), 32 (53), 3 (39), 15 (72), 0 (86), 22 (79), 8 (56), 31 (90), 38 (91), 4 (61), 23 (76), 44 (96), 20 (80)]";15714;"Maquina 2: [11 (36), 42 (3), 39 (3), 16 (12), 21 (2), 34 (41), 45 (62), 10 (25), 26 (24), 29 (12), 19 (73), 46 (34), 49 (58), 6 (56), 7 (42), 36 (46), 28 (50), 41 (76), 9 (87), 24 (71), 35 (89), 14 (95), 43 (80), 1 (97), 37 (91), 27 (79)]";16686
TABÚ;50;2;31558;268.0;500;"Maquina 1: [17 (1), 13 (5), 11 (36), 21 (2), 34 (41), 40 (18), 30 (48), 42 (3), 46 (34), 48 (41), 18 (12), 28 (50), 41 (76), 4 (61), 20 (80), 25 (70), 22 (79), 3 (39), 15 (72), 0 (86), 14 (95), 44 (96), 38 (91), 37 (91), 43 (80)]";14721;"Maquina 2: [8 (56), 39 (3), 16 (12), 36 (46), 5 (3), 2 (29), 29 (12), 10 (25), 26 (24), 24 (71), 35 (89), 12 (35), 47 (43), 27 (79), 32 (53), 49 (58), 1 (97), 19 (73), 45 (62), 7 (42), 6 (56), 23 (76), 31 (90), 33 (88), 9 (87)]";16837
VNS;50;2;31936;16098.0;500;"Maquina 1: [17 (1), 13 (5), 11 (36), 12 (35), 25 (70), 18 (12), 10 (25), 40 (18), 30 (48), 47 (43), 27 (79), 32 (53), 3 (39), 24 (71), 15 (72), 22 (79), 0 (86), 19 (73), 31 (90), 38 (91), 4 (61), 23 (76), 44 (96)]";14895;"Maquina 2: [5 (3), 42 (3), 39 (3), 16 (12), 21 (2), 34 (41), 45 (62), 48 (41), 26 (24), 29 (12), 8 (56), 46 (34), 49 (58), 6 (56), 2 (29), 7 (42), 36 (46), 28 (50), 20 (80), 41 (76), 9 (87), 35 (89), 14 (95), 43 (80), 1 (97), 37 (91), 33 (88)]";17041
Multiarranque;50;2;30238;1550.0;500;"Maquina 1: [13 (5), 11 (36), 5 (3), 2 (29), 17 (1), 39 (3), 47 (43), 46 (34), 30 (48), 3 (39), 49 (58), 32 (53), 45 (62), 35 (89), 48 (41), 9 (87), 38 (91), 41 (76), 22 (79), 23 (76), 14 (95), 33 (88), 1 (97), 20 (80)]";15394;"Maquina 2: [29 (12), 42 (3), 16 (12), 21 (2), 34 (41), 40 (18), 28 (50), 18 (12), 4 (61), 10 (25), 26 (24), 24 (71), 12 (35), 7 (42), 36 (46), 6 (56), 44 (96), 8 (56), 15 (72), 19 (73), 25 (70), 31 (90), 0 (86), 37 (91), 43 (80), 27 (79)]";14844
GREEDY;50;2;35014;0.0;1;"Maquina 1: [3 (6), 44 (10), 49 (16), 23 (46), 12 (28), 32 (57), 45 (39), 19 (29), 11 (25), 24 (47), 29 (17), 6 (59), 38 (61), 40 (21), 14 (54), 28 (36), 18 (64), 31 (70), 5 (82), 21 (94), 20 (73), 35 (83), 4 (80), 27 (87), 0 (92)]";17088;"Maquina 2: [37 (8), 1 (14), 17 (67), 41 (57), 48 (17), 36 (47), 34 (24), 22 (29), 26 (25), 43 (46), 8 (17), 33 (59), 10 (29), 39 (91), 15 (39), 46 (42), 47 (94), 2 (83), 25 (57), 9 (62), 30 (93), 16 (85), 13 (75), 7 (81), 42 (71)]";17926
GRASP;50;2;33471;1025.0;500;"Maquina 1: [8 (17), 3 (6), 1 (14), 49 (16), 34 (24), 12 (28), 26 (25), 43 (46), 6 (59), 24 (47), 25 (57), 22 (29), 28 (36), 27 (87), 41 (57), 10 (29), 14 (54), 38 (61), 30 (93), 5 (82), 21 (94), 20 (73), 13 (75), 35 (83), 39 (91)]";16099;"Maquina 2: [37 (8), 44 (10), 4 (80), 40 (21), 48 (17), 36 (47), 18 (64), 19 (29), 29 (17), 15 (39), 46 (42), 2 (83), 11 (25), 42 (71), 45 (39), 33 (59), 9 (62), 17 (67), 32 (57), 7 (81), 23 (46), 31 (70), 16 (85), 0 (92), 47 (94)]";17372
LNS;50;2;34688;177.0;500;"Maquina 1: [45 (39), 44 (10), 49 (16), 23 (46), 12 (28), 32 (57), 3 (6), 19 (29), 11 (25), 24 (47), 29 (17), 6 (59), 38 (61), 40 (21), 14 (54), 28 (36), 18 (64), 31 (70), 27 (87), 21 (94), 20 (73), 35 (83), 4 (80), 5 (82), 0 (92)]";16823;"Maquina 2: [37 (8), 1 (14), 17 (67), 41 (57), 48 (17), 36 (47), 34 (24), 22 (29), 26 (25), 43 (46), 8 (17), 33 (59), 10 (29), 39 (91), 15 (39), 46 (42), 47 (94), 13 (75), 25 (57), 9 (62), 30 (93), 16 (85), 2 (83), 7 (81), 42 (71)]";17865
TABÚ;50;2;32452;285.0;500;"Maquina 1: [28 (36), 44 (10), 8 (17), 49 (16), 12 (28), 40 (21), 14 (54), 22 (29), 10 (29), 45 (39), 19 (29), 41 (57), 29 (17), 33 (59), 25 (57), 23 (46), 36 (47), 39 (91), 15 (39), 31 (70), 16 (85), 20 (73), 35 (83), 4 (80), 30 (93), 47 (94)]";17274;"Maquina 2: [26 (25), 48 (17), 34 (24), 3 (6), 38 (61), 37 (8), 1 (14), 17 (67), 46 (42), 11 (25), 42 (71), 24 (47), 6 (59), 43 (46), 9 (62), 18 (64), 13 (75), 2 (83), 5 (82), 32 (57), 7 (81), 0 (92), 21 (94), 27 (87)]";15178
VNS;50;2;34281;16953.0;500;"Maquina 1: [3 (6), 1 (14), 49 (16), 23 (46), 12 (28), 32 (57), 45 (39), 19 (29), 11 (25), 24 (47), 29 (17), 6 (59), 38 (61), 40 (21), 34 (24), 14 (54), 18 (64), 31 (70), 27 (87), 21 (94), 43 (46), 4 (80), 35 (83), 16 (85), 42 (71)]";16701;"Maquina 2: [37 (8), 44 (10), 17 (67), 41 (57), 48 (17), 36 (47), 22 (29), 26 (25), 28 (36), 20 (73), 8 (17), 33 (59), 10 (29), 39 (91), 15 (39), 46 (42), 47 (94), 2 (83), 25 (57), 9 (62), 30 (93), 5 (82), 13 (75), 7 (81), 0 (92)]";17580
Multiarranque;50;2;32173;1583.0;500;"Maquina 1: [37 (8), 1 (14), 44 (10), 15 (39), 40 (21), 14 (54), 22 (29), 26 (25), 28 (36), 18 (64), 33 (59), 43 (46), 4 (80), 36 (47), 25 (57), 31 (70), 16 (85), 24 (47), 41 (57), 5 (82), 13 (75), 20 (73), 32 (57), 47 (94), 0 (92)]";16914;"Maquina 2: [48 (17), 34 (24), 3 (6), 8 (17), 49 (16), 23 (46), 12 (28), 29 (17), 6 (59), 11 (25), 42 (71), 45 (39), 46 (42), 10 (29), 19 (29), 7 (81), 35 (83), 38 (61), 2 (83), 17 (67), 39 (91), 9 (62), 30 (93), 21 (94), 27 (87)]";15259
