GREEDY;60;2;33203;1.0;1;"Maquina 1: [57 (4), 24 (4), 33 (6), 46 (31), 32 (10), 18 (8), 48 (19), 56 (13), 40 (34), 45 (6), 13 (13), 49 (33), 15 (30), 8 (24), 34 (52), 21 (41), 47 (73), 31 (36), 23 (45), 17 (42), 59 (58), 54 (54), 53 (59), 11 (63), 41 (64), 37 (84), 30 (76), 51 (87), 39 (96), 20 (89)]";16073;"Maquina 2: [22 (5), 35 (6), 52 (24), 16 (18), 50 (11), 26 (9), 55 (4), 27 (33), 4 (8), 43 (13), 42 (56), 1 (43), 9 (34), 29 (22), 2 (42), 28 (35), 44 (31), 58 (39), 12 (54), 7 (63), 3 (71), 14 (51), 25 (74), 19 (64), 10 (79), 0 (86), 5 (98), 36 (59), 6 (89), 38 (89)]";17130
GRASP;60;2;31419;1708.0;500;"Maquina 1: [32 (10), 55 (4), 24 (4), 44 (31), 45 (6), 18 (8), 35 (6), 56 (13), 29 (22), 16 (18), 27 (33), 59 (58), 12 (54), 15 (30), 8 (24), 22 (5), 40 (34), 21 (41), 7 (63), 3 (71), 17 (42), 14 (51), 53 (59), 11 (63), 23 (45), 38 (89), 47 (73), 51 (87), 37 (84), 39 (96)]";15233;"Maquina 2: [4 (8), 49 (33), 57 (4), 52 (24), 43 (13), 48 (19), 33 (6), 28 (35), 50 (11), 26 (9), 9 (34), 13 (13), 46 (31), 1 (43), 54 (54), 31 (36), 42 (56), 2 (42), 36 (59), 34 (52), 41 (64), 25 (74), 30 (76), 19 (64), 58 (39), 10 (79), 20 (89), 0 (86), 6 (89), 5 (98)]";16186
LNS;60;2;33203;333.0;500;"Maquina 1: [57 (4), 24 (4), 33 (6), 46 (31), 32 (10), 18 (8), 48 (19), 56 (13), 40 (34), 45 (6), 13 (13), 49 (33), 15 (30), 8 (24), 34 (52), 21 (41), 47 (73), 31 (36), 23 (45), 17 (42), 59 (58), 54 (54), 53 (59), 11 (63), 41 (64), 37 (84), 30 (76), 51 (87), 39 (96), 20 (89)]";16073;"Maquina 2: [22 (5), 35 (6), 52 (24), 16 (18), 50 (11), 26 (9), 55 (4), 27 (33), 4 (8), 43 (13), 42 (56), 1 (43), 9 (34), 29 (22), 2 (42), 28 (35), 44 (31), 58 (39), 12 (54), 7 (63), 3 (71), 14 (51), 25 (74), 19 (64), 10 (79), 0 (86), 5 (98), 36 (59), 6 (89), 38 (89)]";17130
TABÚ;60;2;32055;484.0;500;"Maquina 1: [22 (5), 24 (4), 35 (6), 45 (6), 13 (13), 56 (13), 48 (19), 4 (8), 32 (10), 27 (33), 59 (58), 9 (34), 49 (33), 8 (24), 21 (41), 23 (45), 14 (51), 40 (34), 18 (8), 42 (56), 44 (31), 47 (73), 38 (89), 30 (76), 25 (74), 19 (64), 10 (79), 20 (89), 37 (84), 39 (96)]";15681;"Maquina 2: [57 (4), 26 (9), 55 (4), 50 (11), 33 (6), 29 (22), 58 (39), 52 (24), 43 (13), 31 (36), 16 (18), 53 (59), 28 (35), 15 (30), 2 (42), 46 (31), 1 (43), 54 (54), 17 (42), 36 (59), 34 (52), 12 (54), 11 (63), 41 (64), 3 (71), 51 (87), 7 (63), 5 (98), 0 (86), 6 (89)]";16374
VNS;60;2;32905;40478.0;500;"Maquina 1: [57 (4), 24 (4), 33 (6), 46 (31), 32 (10), 18 (8), 48 (19), 56 (13), 40 (34), 45 (6), 13 (13), 49 (33), 15 (30), 8 (24), 21 (41), 47 (73), 31 (36), 16 (18), 17 (42), 59 (58), 54 (54), 25 (74), 11 (63), 41 (64), 37 (84), 30 (76), 51 (87), 39 (96), 20 (89), 38 (89)]";16119;"Maquina 2: [22 (5), 35 (6), 52 (24), 23 (45), 50 (11), 26 (9), 55 (4), 27 (33), 4 (8), 34 (52), 43 (13), 42 (56), 1 (43), 9 (34), 29 (22), 2 (42), 28 (35), 44 (31), 58 (39), 12 (54), 7 (63), 3 (71), 14 (51), 53 (59), 19 (64), 10 (79), 0 (86), 5 (98), 36 (59), 6 (89)]";16786
Multiarranque;60;2;31572;2870.0;500;"Maquina 1: [55 (4), 24 (4), 56 (13), 13 (13), 46 (31), 33 (6), 29 (22), 49 (33), 35 (6), 52 (24), 15 (30), 2 (42), 44 (31), 31 (36), 16 (18), 54 (54), 21 (41), 23 (45), 20 (89), 17 (42), 14 (51), 12 (54), 7 (63), 3 (71), 19 (64), 47 (73), 39 (96), 25 (74), 37 (84), 5 (98)]";16094;"Maquina 2: [57 (4), 26 (9), 45 (6), 43 (13), 48 (19), 18 (8), 32 (10), 58 (39), 8 (24), 22 (5), 4 (8), 50 (11), 40 (34), 28 (35), 1 (43), 9 (34), 59 (58), 53 (59), 27 (33), 34 (52), 11 (63), 41 (64), 42 (56), 10 (79), 0 (86), 36 (59), 6 (89), 30 (76), 51 (87), 38 (89)]";15478
GREEDY;60;2;39849;0.0;1;"Maquina 1: [36 (7), 27 (19), 4 (17), 39 (19), 16 (30), 25 (40), 43 (11), 17 (27), 42 (42), 21 (48), 23 (33), 34 (26), 5 (27), 54 (32), 58 (45), 30 (44), 32 (35), 18 (52), 14 (56), 50 (64), 12 (68), 52 (49), 41 (57), 13 (71), 29 (75), 6 (80), 0 (73), 20 (93), 9 (95), 11 (99), 55 (88)]";20107;"Maquina 2: [49 (14), 53 (24), 26 (15), 40 (48), 24 (8), 8 (18), 57 (34), 31 (44), 46 (26), 15 (36), 7 (27), 45 (31), 38 (27), 28 (46), 1 (51), 48 (42), 3 (41), 35 (57), 22 (53), 2 (62), 47 (72), 59 (64), 37 (68), 51 (73), 56 (77), 10 (94), 33 (95), 19 (93), 44 (87)]";19742
GRASP;60;2;39186;1729.0;500;"Maquina 1: [27 (19), 4 (17), 24 (8), 26 (15), 23 (33), 34 (26), 57 (34), 5 (27), 53 (24), 42 (42), 54 (32), 46 (26), 32 (35), 15 (36), 31 (44), 28 (46), 37 (68), 35 (57), 40 (48), 30 (44), 14 (56), 47 (72), 50 (64), 44 (87), 13 (71), 0 (73), 51 (73), 20 (93), 9 (95), 11 (99)]";19238;"Maquina 2: [39 (19), 36 (7), 49 (14), 8 (18), 16 (30), 25 (40), 43 (11), 3 (41), 7 (27), 45 (31), 38 (27), 17 (27), 58 (45), 59 (64), 21 (48), 48 (42), 41 (57), 1 (51), 52 (49), 2 (62), 22 (53), 18 (52), 29 (75), 6 (80), 33 (95), 10 (94), 12 (68), 55 (88), 19 (93), 56 (77)]";19948
LNS;60;2;39788;328.0;500;"Maquina 1: [36 (7), 27 (19), 4 (17), 39 (19), 16 (30), 25 (40), 43 (11), 17 (27), 42 (42), 21 (48), 23 (33), 34 (26), 5 (27), 54 (32), 58 (45), 30 (44), 32 (35), 18 (52), 14 (56), 50 (64), 12 (68), 52 (49), 41 (57), 13 (71), 29 (75), 6 (80), 0 (73), 20 (93), 9 (95), 11 (99), 55 (88)]";20107;"Maquina 2: [49 (14), 53 (24), 26 (15), 40 (48), 24 (8), 8 (18), 57 (34), 31 (44), 46 (26), 15 (36), 7 (27), 45 (31), 38 (27), 28 (46), 1 (51), 48 (42), 3 (41), 35 (57), 22 (53), 2 (62), 51 (73), 59 (64), 37 (68), 47 (72), 56 (77), 10 (94), 33 (95), 19 (93), 44 (87)]";19681
TABÚ;60;2;39867;477.0;500;"Maquina 1: [36 (7), 39 (19), 24 (8), 16 (30), 26 (15), 34 (26), 57 (34), 5 (27), 27 (19), 15 (36), 54 (32), 31 (44), 32 (35), 3 (41), 30 (44), 35 (57), 9 (95), 1 (51), 29 (75), 18 (52), 2 (62), 22 (53), 51 (73), 59 (64), 37 (68), 28 (46), 13 (71), 55 (88), 11 (99), 20 (93)]";19481;"Maquina 2: [46 (26), 43 (11), 49 (14), 8 (18), 4 (17), 7 (27), 45 (31), 38 (27), 53 (24), 17 (27), 40 (48), 23 (33), 25 (40), 14 (56), 48 (42), 21 (48), 42 (42), 47 (72), 58 (45), 41 (57), 52 (49), 56 (77), 12 (68), 19 (93), 50 (64), 6 (80), 0 (73), 44 (87), 10 (94), 33 (95)]";20386
VNS;60;2;38471;30462.0;500;"Maquina 1: [8 (18), 27 (19), 4 (17), 39 (19), 16 (30), 24 (8), 43 (11), 17 (27), 42 (42), 21 (48), 23 (33), 34 (26), 57 (34), 31 (44), 15 (36), 54 (32), 58 (45), 30 (44), 32 (35), 18 (52), 14 (56), 48 (42), 41 (57), 13 (71), 29 (75), 6 (80), 0 (73), 20 (93), 9 (95), 11 (99), 44 (87), 10 (94)]";20816;"Maquina 2: [49 (14), 53 (24), 26 (15), 40 (48), 25 (40), 36 (7), 52 (49), 46 (26), 5 (27), 7 (27), 45 (31), 38 (27), 28 (46), 1 (51), 3 (41), 35 (57), 12 (68), 22 (53), 2 (62), 51 (73), 59 (64), 37 (68), 47 (72), 56 (77), 50 (64), 19 (93), 55 (88), 33 (95)]";17655
Multiarranque;60;2;38747;3064.0;500;"Maquina 1: [27 (19), 4 (17), 49 (14), 8 (18), 32 (35), 3 (41), 5 (27), 53 (24), 34 (26), 31 (44), 42 (42), 47 (72), 38 (27), 54 (32), 13 (71), 59 (64), 21 (48), 15 (36), 52 (49), 56 (77), 12 (68), 58 (45), 41 (57), 50 (64), 44 (87), 29 (75), 22 (53), 51 (73), 20 (93), 11 (99)]";19653;"Maquina 2: [7 (27), 45 (31), 36 (7), 46 (26), 39 (19), 24 (8), 16 (30), 25 (40), 43 (11), 17 (27), 26 (15), 40 (48), 23 (33), 57 (34), 28 (46), 1 (51), 2 (62), 18 (52), 14 (56), 48 (42), 30 (44), 35 (57), 10 (94), 6 (80), 33 (95), 0 (73), 37 (68), 55 (88), 19 (93), 9 (95)]";19094
GREEDY;60;2;47729;1.0;1;"Maquina 1: [42 (25), 32 (3), 28 (9), 57 (16), 49 (23), 30 (14), 4 (20), 14 (25), 23 (27), 40 (36), 9 (29), 7 (64), 58 (38), 56 (82), 6 (46), 36 (43), 18 (57), 41 (52), 54 (76), 3 (48), 31 (55), 47 (57), 37 (66), 52 (75), 29 (78), 2 (71), 34 (74), 59 (84), 22 (79), 5 (97), 26 (97)]";24888;"Maquina 2: [45 (25), 10 (19), 44 (47), 0 (42), 51 (10), 12 (8), 19 (28), 53 (37), 33 (55), 35 (25), 25 (76), 1 (54), 48 (14), 16 (23), 17 (59), 8 (79), 13 (36), 39 (44), 21 (49), 38 (75), 46 (65), 50 (90), 27 (57), 55 (69), 11 (71), 24 (78), 15 (83), 43 (82), 20 (97)]";22841
GRASP;60;2;46515;1920.0;500;"Maquina 1: [32 (3), 48 (14), 58 (38), 57 (16), 14 (25), 40 (36), 30 (14), 4 (20), 35 (25), 23 (27), 44 (47), 0 (42), 39 (44), 19 (28), 33 (55), 56 (82), 7 (64), 21 (49), 2 (71), 1 (54), 11 (71), 17 (59), 27 (57), 52 (75), 34 (74), 29 (78), 43 (82), 22 (79), 20 (97), 26 (97)]";23004;"Maquina 2: [12 (8), 3 (48), 45 (25), 51 (10), 13 (36), 28 (9), 41 (52), 10 (19), 42 (25), 49 (23), 9 (29), 36 (43), 6 (46), 16 (23), 46 (65), 31 (55), 53 (37), 55 (69), 37 (66), 47 (57), 15 (83), 50 (90), 25 (76), 8 (79), 38 (75), 18 (57), 59 (84), 24 (78), 54 (76), 5 (97)]";23511
LNS;60;2;47296;367.0;500;"Maquina 1: [42 (25), 32 (3), 28 (9), 41 (52), 49 (23), 30 (14), 4 (20), 14 (25), 23 (27), 40 (36), 9 (29), 7 (64), 58 (38), 56 (82), 36 (43), 6 (46), 18 (57), 57 (16), 54 (76), 3 (48), 31 (55), 47 (57), 37 (66), 52 (75), 29 (78), 2 (71), 34 (74), 59 (84), 22 (79), 5 (97), 26 (97)]";24455;"Maquina 2: [45 (25), 10 (19), 44 (47), 0 (42), 51 (10), 12 (8), 19 (28), 53 (37), 33 (55), 35 (25), 25 (76), 1 (54), 48 (14), 16 (23), 17 (59), 8 (79), 13 (36), 39 (44), 21 (49), 38 (75), 46 (65), 50 (90), 27 (57), 55 (69), 11 (71), 24 (78), 15 (83), 43 (82), 20 (97)]";22841
TABÚ;60;2;48739;553.0;500;"Maquina 1: [45 (25), 10 (19), 32 (3), 28 (9), 1 (54), 48 (14), 21 (49), 42 (25), 49 (23), 9 (29), 36 (43), 4 (20), 25 (76), 40 (36), 19 (28), 31 (55), 47 (57), 41 (52), 54 (76), 50 (90), 27 (57), 58 (38), 8 (79), 5 (97), 38 (75), 59 (84), 43 (82), 55 (69), 11 (71), 20 (97)]";23514;"Maquina 2: [16 (23), 30 (14), 51 (10), 12 (8), 3 (48), 6 (46), 14 (25), 23 (27), 44 (47), 0 (42), 57 (16), 33 (55), 35 (25), 29 (78), 7 (64), 13 (36), 53 (37), 39 (44), 26 (97), 37 (66), 18 (57), 22 (79), 52 (75), 46 (65), 17 (59), 34 (74), 2 (71), 56 (82), 15 (83), 24 (78)]";25225
VNS;60;2;47073;41522.0;500;"Maquina 1: [42 (25), 32 (3), 28 (9), 57 (16), 49 (23), 30 (14), 4 (20), 14 (25), 23 (27), 40 (36), 9 (29), 7 (64), 58 (38), 56 (82), 36 (43), 6 (46), 18 (57), 41 (52), 54 (76), 3 (48), 31 (55), 47 (57), 37 (66), 55 (69), 29 (78), 2 (71), 43 (82), 34 (74), 59 (84), 22 (79), 26 (97)]";24069;"Maquina 2: [45 (25), 10 (19), 44 (47), 0 (42), 51 (10), 12 (8), 19 (28), 53 (37), 33 (55), 35 (25), 25 (76), 1 (54), 48 (14), 16 (23), 17 (59), 8 (79), 13 (36), 39 (44), 21 (49), 38 (75), 46 (65), 50 (90), 27 (57), 52 (75), 11 (71), 24 (78), 15 (83), 5 (97), 20 (97)]";23004
Multiarranque;60;2;45868;3292.0;500;"Maquina 1: [9 (29), 51 (10), 12 (8), 57 (16), 10 (19), 42 (25), 16 (23), 30 (14), 13 (36), 28 (9), 21 (49), 2 (71), 3 (48), 18 (57), 33 (55), 55 (69), 29 (78), 7 (64), 58 (38), 47 (57), 37 (66), 39 (44), 56 (82), 27 (57), 26 (97), 24 (78), 59 (84), 8 (79), 38 (75), 20 (97)]";22707;"Maquina 2: [32 (3), 14 (25), 45 (25), 49 (23), 35 (25), 48 (14), 23 (27), 40 (36), 4 (20), 53 (37), 19 (28), 54 (76), 50 (90), 0 (42), 6 (46), 36 (43), 46 (65), 1 (54), 31 (55), 25 (76), 44 (47), 34 (74), 22 (79), 52 (75), 11 (71), 5 (97), 17 (59), 41 (52), 15 (83), 43 (82)]";23161
GREEDY;60;2;48278;1.0;1;"Maquina 1: [16 (41), 9 (14), 8 (62), 31 (1), 52 (49), 18 (18), 49 (21), 47 (29), 57 (29), 46 (33), 20 (5), 48 (28), 43 (42), 21 (43), 32 (86), 50 (57), 11 (57), 33 (78), 54 (23), 53 (64), 42 (46), 4 (64), 5 (74), 28 (66), 19 (85), 24 (81), 51 (74), 23 (88), 14 (93)]";23337;"Maquina 2: [0 (20), 2 (18), 25 (3), 3 (31), 17 (43), 41 (10), 12 (45), 38 (14), 45 (48), 37 (5), 22 (16), 27 (76), 59 (23), 10 (27), 6 (70), 40 (64), 58 (35), 15 (74), 26 (29), 36 (58), 7 (52), 55 (65), 13 (57), 39 (62), 35 (41), 1 (83), 29 (86), 34 (94), 30 (80), 44 (87), 56 (89)]";24941
GRASP;60;2;47570;1745.0;500;"Maquina 1: [25 (3), 3 (31), 31 (1), 18 (18), 49 (21), 16 (41), 38 (14), 57 (29), 53 (64), 22 (16), 35 (41), 20 (5), 8 (62), 13 (57), 32 (86), 23 (88), 17 (43), 47 (29), 11 (57), 40 (64), 58 (35), 19 (85), 24 (81), 27 (76), 50 (57), 21 (43), 30 (80), 44 (87), 14 (93), 34 (94)]";23252;"Maquina 2: [9 (14), 0 (20), 2 (18), 37 (5), 41 (10), 43 (42), 45 (48), 4 (64), 54 (23), 10 (27), 46 (33), 6 (70), 55 (65), 39 (62), 26 (29), 7 (52), 48 (28), 52 (49), 59 (23), 36 (58), 15 (74), 12 (45), 28 (66), 1 (83), 51 (74), 33 (78), 29 (86), 42 (46), 5 (74), 56 (89)]";24318
LNS;60;2;47813;341.0;500;"Maquina 1: [16 (41), 9 (14), 8 (62), 31 (1), 52 (49), 18 (18), 49 (21), 47 (29), 57 (29), 46 (33), 20 (5), 48 (28), 43 (42), 21 (43), 32 (86), 23 (88), 11 (57), 33 (78), 54 (23), 53 (64), 50 (57), 4 (64), 5 (74), 28 (66), 19 (85), 24 (81), 51 (74), 42 (46), 14 (93)]";22872;"Maquina 2: [0 (20), 2 (18), 25 (3), 3 (31), 17 (43), 41 (10), 12 (45), 38 (14), 45 (48), 37 (5), 22 (16), 27 (76), 59 (23), 10 (27), 6 (70), 40 (64), 58 (35), 15 (74), 26 (29), 36 (58), 7 (52), 55 (65), 13 (57), 39 (62), 35 (41), 1 (83), 29 (86), 34 (94), 30 (80), 44 (87), 56 (89)]";24941
TABÚ;60;2;48305;488.0;500;"Maquina 1: [54 (23), 10 (27), 31 (1), 52 (49), 12 (45), 18 (18), 58 (35), 25 (3), 35 (41), 9 (14), 40 (64), 21 (43), 36 (58), 47 (29), 16 (41), 17 (43), 48 (28), 29 (86), 42 (46), 34 (94), 11 (57), 3 (31), 4 (64), 5 (74), 1 (83), 51 (74), 6 (70), 28 (66), 32 (86), 44 (87)]";23633;"Maquina 2: [46 (33), 0 (20), 2 (18), 37 (5), 41 (10), 49 (21), 38 (14), 22 (16), 27 (76), 59 (23), 43 (42), 45 (48), 57 (29), 39 (62), 20 (5), 13 (57), 30 (80), 26 (29), 14 (93), 50 (57), 7 (52), 33 (78), 15 (74), 8 (62), 53 (64), 55 (65), 19 (85), 24 (81), 23 (88), 56 (89)]";24672
VNS;60;2;47546;34983.0;500;"Maquina 1: [16 (41), 9 (14), 8 (62), 31 (1), 52 (49), 26 (29), 18 (18), 49 (21), 47 (29), 57 (29), 10 (27), 20 (5), 48 (28), 43 (42), 21 (43), 32 (86), 36 (58), 11 (57), 33 (78), 17 (43), 54 (23), 53 (64), 42 (46), 4 (64), 5 (74), 28 (66), 19 (85), 24 (81), 51 (74), 23 (88), 56 (89), 34 (94)]";27924;"Maquina 2: [0 (20), 2 (18), 25 (3), 3 (31), 41 (10), 12 (45), 38 (14), 45 (48), 37 (5), 22 (16), 27 (76), 59 (23), 46 (33), 6 (70), 40 (64), 58 (35), 15 (74), 50 (57), 7 (52), 55 (65), 13 (57), 39 (62), 35 (41), 29 (86), 14 (93), 44 (87), 30 (80), 1 (83)]";19622
Multiarranque;60;2;44703;3128.0;500;"Maquina 1: [46 (33), 20 (5), 48 (28), 52 (49), 18 (18), 2 (18), 25 (3), 41 (10), 5 (74), 38 (14), 57 (29), 12 (45), 26 (29), 42 (46), 55 (65), 10 (27), 53 (64), 50 (57), 44 (87), 4 (64), 39 (62), 32 (86), 6 (70), 13 (57), 8 (62), 33 (78), 15 (74), 23 (88), 56 (89), 14 (93)]";21907;"Maquina 2: [0 (20), 58 (35), 9 (14), 43 (42), 45 (48), 54 (23), 37 (5), 22 (16), 17 (43), 3 (31), 31 (1), 21 (43), 36 (58), 47 (29), 11 (57), 35 (41), 27 (76), 40 (64), 49 (21), 16 (41), 29 (86), 28 (66), 19 (85), 7 (52), 24 (81), 59 (23), 51 (74), 1 (83), 34 (94), 30 (80)]";22796
GREEDY;60;2;54953;1.0;1;"Maquina 1: [30 (21), 9 (6), 50 (16), 35 (33), 8 (44), 18 (20), 55 (52), 3 (48), 34 (30), 42 (56), 40 (9), 51 (38), 7 (76), 20 (50), 25 (61), 37 (54), 14 (53), 13 (67), 52 (66), 28 (64), 36 (63), 57 (70), 27 (78), 4 (90), 45 (68), 2 (93), 1 (87), 22 (64), 29 (81), 41 (91)]";27117;"Maquina 2: [10 (13), 15 (22), 32 (15), 31 (22), 49 (32), 12 (38), 56 (7), 44 (45), 38 (43), 39 (17), 48 (51), 58 (52), 54 (53), 16 (56), 21 (75), 17 (57), 6 (50), 43 (69), 46 (75), 59 (63), 26 (90), 23 (64), 24 (88), 53 (64), 19 (79), 11 (67), 47 (61), 33 (98), 0 (92), 5 (82)]";27836
GRASP;60;2;52769;1890.0;500;"Maquina 1: [30 (21), 10 (13), 32 (15), 51 (38), 35 (33), 31 (22), 49 (32), 56 (7), 16 (56), 34 (30), 20 (50), 53 (64), 54 (53), 18 (20), 37 (54), 25 (61), 52 (66), 17 (57), 6 (50), 22 (64), 23 (64), 43 (69), 33 (98), 21 (75), 27 (78), 7 (76), 0 (92), 41 (91), 29 (81), 4 (90)]";25285;"Maquina 2: [9 (6), 50 (16), 28 (64), 15 (22), 44 (45), 5 (82), 8 (44), 39 (17), 48 (51), 58 (52), 40 (9), 36 (63), 38 (43), 59 (63), 12 (38), 55 (52), 46 (75), 14 (53), 42 (56), 13 (67), 26 (90), 3 (48), 47 (61), 11 (67), 45 (68), 57 (70), 2 (93), 1 (87), 19 (79), 24 (88)]";27484
LNS;60;2;53947;378.0;500;"Maquina 1: [30 (21), 9 (6), 50 (16), 35 (33), 8 (44), 18 (20), 55 (52), 37 (54), 34 (30), 42 (56), 40 (9), 51 (38), 7 (76), 20 (50), 25 (61), 3 (48), 14 (53), 13 (67), 52 (66), 28 (64), 36 (63), 57 (70), 27 (78), 4 (90), 45 (68), 2 (93), 1 (87), 22 (64), 29 (81), 41 (91)]";26111;"Maquina 2: [10 (13), 15 (22), 32 (15), 31 (22), 49 (32), 12 (38), 56 (7), 44 (45), 38 (43), 39 (17), 48 (51), 58 (52), 54 (53), 16 (56), 21 (75), 17 (57), 6 (50), 43 (69), 46 (75), 59 (63), 26 (90), 23 (64), 24 (88), 53 (64), 19 (79), 11 (67), 47 (61), 33 (98), 0 (92), 5 (82)]";27836
TABÚ;60;2;54939;567.0;500;"Maquina 1: [18 (20), 8 (44), 15 (22), 32 (15), 31 (22), 54 (53), 11 (67), 45 (68), 48 (51), 9 (6), 22 (64), 25 (61), 30 (21), 3 (48), 56 (7), 14 (53), 42 (56), 13 (67), 36 (63), 34 (30), 21 (75), 1 (87), 19 (79), 33 (98), 41 (91), 52 (66), 24 (88), 51 (38), 5 (82), 0 (92)]";26914;"Maquina 2: [39 (17), 40 (9), 44 (45), 10 (13), 55 (52), 58 (52), 49 (32), 12 (38), 38 (43), 50 (16), 6 (50), 35 (33), 16 (56), 37 (54), 27 (78), 7 (76), 20 (50), 17 (57), 47 (61), 53 (64), 57 (70), 46 (75), 29 (81), 59 (63), 28 (64), 26 (90), 23 (64), 43 (69), 2 (93), 4 (90)]";28025
VNS;60;2;51978;23725.0;500;"Maquina 1: [30 (21), 43 (69), 9 (6), 50 (16), 31 (22), 8 (44), 18 (20), 55 (52), 37 (54), 34 (30), 42 (56), 40 (9), 51 (38), 7 (76), 20 (50), 15 (22), 25 (61), 3 (48), 14 (53), 13 (67), 12 (38), 28 (64), 36 (63), 57 (70), 27 (78), 4 (90), 5 (82), 2 (93), 1 (87), 52 (66), 0 (92)]";26041;"Maquina 2: [10 (13), 32 (15), 35 (33), 49 (32), 56 (7), 44 (45), 38 (43), 39 (17), 48 (51), 58 (52), 54 (53), 16 (56), 21 (75), 17 (57), 46 (75), 59 (63), 26 (90), 23 (64), 6 (50), 22 (64), 24 (88), 53 (64), 19 (79), 11 (67), 45 (68), 33 (98), 41 (91), 29 (81), 47 (61)]";25937
Multiarranque;60;2;51009;3064.0;500;"Maquina 1: [42 (56), 49 (32), 12 (38), 40 (9), 10 (13), 46 (75), 9 (6), 31 (22), 54 (53), 18 (20), 13 (67), 55 (52), 37 (54), 25 (61), 38 (43), 8 (44), 23 (64), 43 (69), 32 (15), 28 (64), 36 (63), 3 (48), 29 (81), 27 (78), 7 (76), 41 (91), 22 (64), 51 (38), 19 (79), 0 (92), 26 (90)]";25554;"Maquina 2: [50 (16), 56 (7), 14 (53), 15 (22), 17 (57), 52 (66), 48 (51), 59 (63), 30 (21), 6 (50), 35 (33), 11 (67), 45 (68), 47 (61), 34 (30), 20 (50), 2 (93), 39 (17), 16 (56), 58 (52), 21 (75), 1 (87), 44 (45), 5 (82), 33 (98), 4 (90), 24 (88), 53 (64), 57 (70)]";25455
GREEDY;60;2;45956;1.0;1;"Maquina 1: [10 (6), 48 (2), 40 (13), 30 (28), 9 (16), 4 (40), 56 (36), 43 (44), 34 (50), 31 (39), 15 (51), 41 (35), 28 (49), 5 (52), 33 (69), 7 (38), 55 (59), 46 (58), 35 (77), 27 (56), 50 (64), 52 (80), 36 (61), 47 (83), 29 (86), 59 (81), 26 (96), 42 (94), 44 (93), 32 (98)]";22714;"Maquina 2: [39 (26), 12 (5), 13 (34), 54 (13), 49 (10), 38 (37), 22 (40), 6 (36), 45 (39), 3 (63), 25 (51), 51 (38), 0 (51), 18 (54), 14 (57), 16 (50), 17 (46), 53 (58), 58 (80), 1 (68), 23 (60), 19 (80), 11 (82), 24 (76), 2 (84), 57 (93), 37 (97), 8 (95), 21 (93), 20 (99)]";23242
GRASP;60;2;45373;1835.0;500;"Maquina 1: [12 (5), 41 (35), 28 (49), 56 (36), 54 (13), 17 (46), 53 (58), 7 (38), 6 (36), 43 (44), 25 (51), 51 (38), 0 (51), 18 (54), 55 (59), 16 (50), 50 (64), 23 (60), 19 (80), 46 (58), 35 (77), 11 (82), 1 (68), 58 (80), 59 (81), 8 (95), 47 (83), 20 (99), 42 (94), 21 (93)]";24213;"Maquina 2: [10 (6), 48 (2), 40 (13), 22 (40), 30 (28), 9 (16), 45 (39), 31 (39), 15 (51), 39 (26), 4 (40), 13 (34), 14 (57), 49 (10), 38 (37), 36 (61), 33 (69), 34 (50), 27 (56), 52 (80), 3 (63), 5 (52), 2 (84), 24 (76), 32 (98), 37 (97), 29 (86), 44 (93), 57 (93), 26 (96)]";21160
LNS;60;2;45919;313.0;500;"Maquina 1: [10 (6), 48 (2), 40 (13), 30 (28), 9 (16), 4 (40), 56 (36), 43 (44), 34 (50), 31 (39), 15 (51), 41 (35), 28 (49), 5 (52), 33 (69), 7 (38), 55 (59), 46 (58), 35 (77), 27 (56), 50 (64), 52 (80), 36 (61), 47 (83), 29 (86), 59 (81), 26 (96), 42 (94), 44 (93), 32 (98)]";22714;"Maquina 2: [39 (26), 12 (5), 13 (34), 54 (13), 49 (10), 38 (37), 22 (40), 6 (36), 45 (39), 3 (63), 25 (51), 51 (38), 0 (51), 18 (54), 14 (57), 16 (50), 17 (46), 53 (58), 58 (80), 1 (68), 23 (60), 19 (80), 11 (82), 57 (93), 2 (84), 24 (76), 37 (97), 8 (95), 21 (93), 20 (99)]";23205
TABÚ;60;2;44939;487.0;500;"Maquina 1: [12 (5), 10 (6), 30 (28), 9 (16), 56 (36), 40 (13), 54 (13), 17 (46), 36 (61), 41 (35), 51 (38), 25 (51), 14 (57), 16 (50), 3 (63), 55 (59), 22 (40), 18 (54), 7 (38), 57 (93), 27 (56), 35 (77), 1 (68), 33 (69), 32 (98), 11 (82), 20 (99), 42 (94), 26 (96), 47 (83), 2 (84)]";22799;"Maquina 2: [0 (51), 39 (26), 48 (2), 6 (36), 4 (40), 23 (60), 13 (34), 43 (44), 45 (39), 31 (39), 38 (37), 34 (50), 15 (51), 49 (10), 5 (52), 53 (58), 28 (49), 58 (80), 46 (58), 19 (80), 24 (76), 50 (64), 29 (86), 21 (93), 59 (81), 8 (95), 52 (80), 44 (93), 37 (97)]";22140
VNS;60;2;45108;48148.0;500;"Maquina 1: [10 (6), 40 (13), 30 (28), 9 (16), 56 (36), 43 (44), 34 (50), 31 (39), 15 (51), 41 (35), 28 (49), 5 (52), 18 (54), 7 (38), 13 (34), 46 (58), 35 (77), 27 (56), 50 (64), 52 (80), 36 (61), 47 (83), 29 (86), 59 (81), 26 (96), 42 (94), 21 (93), 20 (99), 37 (97)]";21851;"Maquina 2: [39 (26), 12 (5), 55 (59), 54 (13), 49 (10), 38 (37), 22 (40), 48 (2), 6 (36), 45 (39), 3 (63), 25 (51), 51 (38), 4 (40), 0 (51), 33 (69), 14 (57), 16 (50), 17 (46), 53 (58), 58 (80), 1 (68), 23 (60), 19 (80), 11 (82), 24 (76), 2 (84), 57 (93), 32 (98), 8 (95), 44 (93)]";23257
Multiarranque;60;2;44566;2979.0;500;"Maquina 1: [39 (26), 12 (5), 41 (35), 13 (34), 40 (13), 22 (40), 6 (36), 17 (46), 18 (54), 38 (37), 7 (38), 16 (50), 55 (59), 0 (51), 34 (50), 15 (51), 27 (56), 35 (77), 23 (60), 19 (80), 36 (61), 33 (69), 11 (82), 26 (96), 20 (99), 42 (94), 21 (93), 2 (84), 8 (95)]";22085;"Maquina 2: [48 (2), 54 (13), 10 (6), 49 (10), 30 (28), 9 (16), 56 (36), 31 (39), 25 (51), 51 (38), 4 (40), 5 (52), 43 (44), 45 (39), 3 (63), 53 (58), 28 (49), 14 (57), 59 (81), 46 (58), 1 (68), 58 (80), 50 (64), 24 (76), 52 (80), 47 (83), 29 (86), 32 (98), 37 (97), 57 (93), 44 (93)]";22481
GREEDY;60;2;38842;1.0;1;"Maquina 1: [50 (19), 34 (15), 38 (12), 17 (3), 39 (29), 10 (10), 40 (1), 7 (27), 47 (17), 23 (29), 9 (33), 3 (40), 4 (41), 27 (39), 14 (66), 21 (53), 11 (73), 2 (51), 58 (74), 29 (70), 25 (58), 15 (72), 13 (82), 57 (67), 42 (77), 44 (98), 16 (94), 36 (85), 54 (87), 0 (98)]";19774;"Maquina 2: [45 (7), 1 (6), 52 (1), 12 (19), 5 (22), 35 (38), 56 (10), 53 (13), 19 (17), 20 (30), 8 (53), 43 (28), 31 (39), 6 (40), 22 (57), 24 (29), 37 (44), 26 (72), 59 (90), 18 (59), 28 (66), 32 (70), 48 (68), 41 (98), 33 (78), 30 (73), 49 (84), 51 (76), 55 (97), 46 (85)]";19068
GRASP;60;2;38168;1706.0;500;"Maquina 1: [43 (28), 52 (1), 47 (17), 12 (19), 5 (22), 53 (13), 20 (30), 7 (27), 10 (10), 23 (29), 26 (72), 31 (39), 6 (40), 25 (58), 35 (38), 22 (57), 37 (44), 2 (51), 30 (73), 33 (78), 29 (70), 14 (66), 0 (98), 36 (85), 55 (97), 11 (73), 41 (98), 59 (90), 16 (94)]";19278;"Maquina 2: [34 (15), 45 (7), 1 (6), 38 (12), 50 (19), 17 (3), 19 (17), 3 (40), 56 (10), 39 (29), 27 (39), 24 (29), 9 (33), 40 (1), 48 (68), 21 (53), 57 (67), 28 (66), 4 (41), 18 (59), 8 (53), 42 (77), 15 (72), 32 (70), 51 (76), 13 (82), 49 (84), 54 (87), 46 (85), 58 (74), 44 (98)]";18890
LNS;60;2;38842;332.0;500;"Maquina 1: [50 (19), 34 (15), 38 (12), 17 (3), 39 (29), 10 (10), 40 (1), 7 (27), 47 (17), 23 (29), 9 (33), 3 (40), 4 (41), 27 (39), 14 (66), 21 (53), 11 (73), 2 (51), 58 (74), 29 (70), 25 (58), 15 (72), 13 (82), 57 (67), 42 (77), 44 (98), 16 (94), 36 (85), 54 (87), 0 (98)]";19774;"Maquina 2: [45 (7), 1 (6), 52 (1), 12 (19), 5 (22), 35 (38), 56 (10), 53 (13), 19 (17), 20 (30), 8 (53), 43 (28), 31 (39), 6 (40), 22 (57), 24 (29), 37 (44), 26 (72), 59 (90), 18 (59), 28 (66), 32 (70), 48 (68), 41 (98), 33 (78), 30 (73), 49 (84), 51 (76), 55 (97), 46 (85)]";19068
TABÚ;60;2;38175;490.0;500;"Maquina 1: [1 (6), 38 (12), 12 (19), 17 (3), 43 (28), 23 (29), 53 (13), 5 (22), 25 (58), 10 (10), 24 (29), 9 (33), 3 (40), 28 (66), 4 (41), 27 (39), 14 (66), 21 (53), 26 (72), 22 (57), 58 (74), 8 (53), 11 (73), 51 (76), 54 (87), 48 (68), 41 (98), 44 (98), 0 (98), 46 (85)]";19122;"Maquina 2: [40 (1), 20 (30), 45 (7), 52 (1), 50 (19), 47 (17), 19 (17), 7 (27), 2 (51), 56 (10), 34 (15), 31 (39), 35 (38), 37 (44), 6 (40), 18 (59), 39 (29), 29 (70), 57 (67), 32 (70), 13 (82), 49 (84), 30 (73), 33 (78), 42 (77), 15 (72), 59 (90), 16 (94), 36 (85), 55 (97)]";19053
VNS;60;2;37849;34003.0;500;"Maquina 1: [50 (19), 34 (15), 38 (12), 4 (41), 39 (29), 40 (1), 7 (27), 23 (29), 9 (33), 3 (40), 45 (7), 27 (39), 14 (66), 19 (17), 21 (53), 11 (73), 2 (51), 51 (76), 29 (70), 25 (58), 15 (72), 13 (82), 57 (67), 42 (77), 44 (98), 46 (85), 59 (90), 33 (78), 0 (98), 16 (94)]";20352;"Maquina 2: [17 (3), 1 (6), 52 (1), 47 (17), 12 (19), 5 (22), 35 (38), 10 (10), 56 (10), 53 (13), 20 (30), 8 (53), 43 (28), 31 (39), 6 (40), 22 (57), 24 (29), 37 (44), 26 (72), 36 (85), 18 (59), 28 (66), 32 (70), 48 (68), 41 (98), 58 (74), 30 (73), 49 (84), 54 (87), 55 (97)]";17497
Multiarranque;60;2;37521;2930.0;500;"Maquina 1: [10 (10), 1 (6), 24 (29), 50 (19), 9 (33), 40 (1), 20 (30), 23 (29), 47 (17), 53 (13), 19 (17), 27 (39), 5 (22), 6 (40), 25 (58), 31 (39), 35 (38), 48 (68), 21 (53), 11 (73), 15 (72), 13 (82), 49 (84), 51 (76), 29 (70), 58 (74), 30 (73), 46 (85), 55 (97), 44 (98)]";18394;"Maquina 2: [38 (12), 12 (19), 45 (7), 52 (1), 17 (3), 43 (28), 34 (15), 3 (40), 56 (10), 37 (44), 4 (41), 39 (29), 8 (53), 7 (27), 28 (66), 2 (51), 33 (78), 22 (57), 18 (59), 54 (87), 26 (72), 14 (66), 36 (85), 57 (67), 32 (70), 59 (90), 42 (77), 0 (98), 16 (94), 41 (98)]";19127
GREEDY;60;2;51312;0.0;1;"Maquina 1: [17 (35), 57 (15), 3 (15), 50 (1), 30 (69), 47 (51), 5 (5), 26 (40), 18 (27), 29 (32), 51 (49), 16 (18), 21 (50), 20 (21), 13 (39), 34 (70), 44 (50), 56 (53), 46 (61), 14 (94), 28 (81), 24 (78), 10 (72), 27 (83), 42 (80), 40 (55), 33 (89), 7 (92), 23 (88), 22 (99)]";26511;"Maquina 2: [43 (28), 58 (25), 59 (4), 9 (15), 2 (42), 19 (17), 53 (10), 36 (51), 12 (25), 35 (36), 0 (19), 49 (32), 6 (61), 32 (44), 54 (54), 25 (82), 15 (89), 55 (39), 31 (66), 39 (59), 41 (50), 38 (91), 48 (72), 37 (53), 4 (72), 45 (80), 1 (84), 52 (79), 11 (94), 8 (98)]";24801
GRASP;60;2;49152;1719.0;500;"Maquina 1: [29 (32), 12 (25), 0 (19), 18 (27), 5 (5), 53 (10), 9 (15), 2 (42), 40 (55), 37 (53), 46 (61), 51 (49), 34 (70), 16 (18), 7 (92), 15 (89), 55 (39), 31 (66), 13 (39), 25 (82), 36 (51), 54 (54), 33 (89), 4 (72), 52 (79), 23 (88), 27 (83), 24 (78), 38 (91)]";24110;"Maquina 2: [57 (15), 19 (17), 3 (15), 43 (28), 58 (25), 59 (4), 49 (32), 41 (50), 20 (21), 50 (1), 22 (99), 6 (61), 47 (51), 56 (53), 32 (44), 17 (35), 10 (72), 26 (40), 39 (59), 35 (36), 28 (81), 8 (98), 21 (50), 30 (69), 11 (94), 14 (94), 45 (80), 48 (72), 42 (80), 44 (50), 1 (84)]";25042
LNS;60;2;50569;312.0;500;"Maquina 1: [17 (35), 57 (15), 3 (15), 50 (1), 30 (69), 47 (51), 5 (5), 26 (40), 18 (27), 29 (32), 51 (49), 16 (18), 21 (50), 10 (72), 13 (39), 20 (21), 44 (50), 56 (53), 46 (61), 14 (94), 28 (81), 24 (78), 34 (70), 27 (83), 42 (80), 40 (55), 33 (89), 7 (92), 23 (88), 22 (99)]";25856;"Maquina 2: [43 (28), 58 (25), 59 (4), 9 (15), 2 (42), 19 (17), 53 (10), 36 (51), 12 (25), 35 (36), 0 (19), 49 (32), 6 (61), 32 (44), 54 (54), 25 (82), 15 (89), 55 (39), 31 (66), 39 (59), 41 (50), 1 (84), 11 (94), 37 (53), 4 (72), 45 (80), 38 (91), 52 (79), 48 (72), 8 (98)]";24713
TABÚ;60;2;48186;476.0;500;"Maquina 1: [3 (15), 53 (10), 9 (15), 20 (21), 50 (1), 32 (44), 17 (35), 58 (25), 18 (27), 12 (25), 21 (50), 39 (59), 13 (39), 25 (82), 15 (89), 26 (40), 22 (99), 34 (70), 44 (50), 56 (53), 19 (17), 31 (66), 4 (72), 33 (89), 11 (94), 36 (51), 23 (88), 42 (80), 1 (84), 7 (92)]";25088;"Maquina 2: [57 (15), 0 (19), 35 (36), 5 (5), 30 (69), 43 (28), 29 (32), 51 (49), 6 (61), 59 (4), 49 (32), 41 (50), 2 (42), 40 (55), 16 (18), 37 (53), 48 (72), 47 (51), 10 (72), 45 (80), 55 (39), 54 (54), 27 (83), 24 (78), 46 (61), 14 (94), 28 (81), 8 (98), 38 (91), 52 (79)]";23098
VNS;60;2;49775;23832.0;500;"Maquina 1: [17 (35), 57 (15), 19 (17), 50 (1), 30 (69), 47 (51), 5 (5), 18 (27), 29 (32), 51 (49), 6 (61), 16 (18), 21 (50), 20 (21), 39 (59), 13 (39), 34 (70), 44 (50), 56 (53), 46 (61), 14 (94), 28 (81), 8 (98), 27 (83), 42 (80), 40 (55), 33 (89), 7 (92), 23 (88), 10 (72)]";25563;"Maquina 2: [43 (28), 58 (25), 59 (4), 9 (15), 2 (42), 3 (15), 53 (10), 36 (51), 12 (25), 35 (36), 0 (19), 49 (32), 32 (44), 54 (54), 25 (82), 26 (40), 15 (89), 55 (39), 31 (66), 41 (50), 38 (91), 24 (78), 48 (72), 37 (53), 4 (72), 45 (80), 1 (84), 22 (99), 52 (79), 11 (94)]";24212
Multiarranque;60;2;48179;2877.0;500;"Maquina 1: [20 (21), 19 (17), 3 (15), 5 (5), 58 (25), 18 (27), 36 (51), 53 (10), 54 (54), 17 (35), 57 (15), 55 (39), 41 (50), 2 (42), 40 (55), 47 (51), 10 (72), 14 (94), 33 (89), 6 (61), 37 (53), 4 (72), 45 (80), 48 (72), 44 (50), 28 (81), 38 (91), 22 (99), 11 (94), 15 (89)]";23836;"Maquina 2: [43 (28), 29 (32), 12 (25), 59 (4), 9 (15), 0 (19), 13 (39), 50 (1), 32 (44), 49 (32), 26 (40), 39 (59), 35 (36), 16 (18), 21 (50), 30 (69), 51 (49), 56 (53), 46 (61), 34 (70), 24 (78), 31 (66), 42 (80), 52 (79), 27 (83), 1 (84), 7 (92), 8 (98), 23 (88), 25 (82)]";24343
GREEDY;60;2;36029;1.0;1;"Maquina 1: [55 (14), 29 (3), 23 (8), 4 (1), 21 (12), 1 (23), 19 (10), 54 (38), 5 (22), 16 (28), 48 (29), 2 (36), 13 (41), 58 (21), 26 (42), 33 (37), 12 (47), 35 (43), 28 (55), 30 (64), 22 (73), 47 (66), 49 (78), 17 (65), 41 (68), 10 (98), 20 (70), 27 (81), 43 (87), 14 (93)]";17356;"Maquina 2: [38 (7), 24 (3), 6 (15), 57 (7), 3 (16), 59 (21), 11 (25), 7 (11), 25 (30), 39 (36), 42 (22), 31 (52), 53 (37), 46 (41), 50 (44), 44 (29), 52 (67), 56 (38), 18 (76), 45 (69), 8 (43), 9 (65), 0 (84), 37 (79), 40 (63), 32 (72), 36 (92), 34 (65), 51 (99), 15 (97)]";18673
GRASP;60;2;34458;1710.0;500;"Maquina 1: [24 (3), 21 (12), 25 (30), 23 (8), 3 (16), 35 (43), 6 (15), 19 (10), 2 (36), 53 (37), 12 (47), 42 (22), 1 (23), 39 (36), 44 (29), 11 (25), 50 (44), 8 (43), 9 (65), 31 (52), 52 (67), 0 (84), 36 (92), 34 (65), 45 (69), 49 (78), 20 (70), 37 (79), 10 (98), 15 (97)]";17659;"Maquina 2: [57 (7), 4 (1), 38 (7), 58 (21), 7 (11), 55 (14), 29 (3), 54 (38), 5 (22), 16 (28), 48 (29), 59 (21), 22 (73), 13 (41), 46 (41), 33 (37), 26 (42), 56 (38), 28 (55), 30 (64), 47 (66), 32 (72), 17 (65), 41 (68), 40 (63), 18 (76), 27 (81), 43 (87), 14 (93), 51 (99)]";16799
LNS;60;2;35921;301.0;500;"Maquina 1: [55 (14), 29 (3), 23 (8), 4 (1), 48 (29), 1 (23), 19 (10), 2 (36), 5 (22), 16 (28), 21 (12), 54 (38), 13 (41), 58 (21), 26 (42), 33 (37), 12 (47), 35 (43), 28 (55), 30 (64), 22 (73), 47 (66), 49 (78), 17 (65), 41 (68), 10 (98), 20 (70), 27 (81), 43 (87), 14 (93)]";17248;"Maquina 2: [38 (7), 24 (3), 6 (15), 57 (7), 3 (16), 59 (21), 11 (25), 7 (11), 25 (30), 39 (36), 42 (22), 31 (52), 53 (37), 46 (41), 50 (44), 44 (29), 52 (67), 56 (38), 18 (76), 45 (69), 8 (43), 9 (65), 0 (84), 37 (79), 40 (63), 32 (72), 36 (92), 34 (65), 51 (99), 15 (97)]";18673
TABÚ;60;2;35355;465.0;500;"Maquina 1: [3 (16), 54 (38), 5 (22), 29 (3), 13 (41), 42 (22), 1 (23), 48 (29), 7 (11), 4 (1), 44 (29), 2 (36), 16 (28), 9 (65), 12 (47), 35 (43), 40 (63), 17 (65), 41 (68), 50 (44), 28 (55), 52 (67), 46 (41), 15 (97), 0 (84), 37 (79), 43 (87), 49 (78), 10 (98)]";17488;"Maquina 2: [6 (15), 57 (7), 24 (3), 23 (8), 55 (14), 38 (7), 19 (10), 59 (21), 11 (25), 58 (21), 25 (30), 26 (42), 33 (37), 21 (12), 39 (36), 31 (52), 53 (37), 8 (43), 56 (38), 32 (72), 20 (70), 45 (69), 34 (65), 18 (76), 27 (81), 30 (64), 22 (73), 47 (66), 14 (93), 36 (92), 51 (99)]";17867
VNS;60;2;35309;24615.0;500;"Maquina 1: [29 (3), 23 (8), 57 (7), 4 (1), 25 (30), 24 (3), 1 (23), 19 (10), 54 (38), 5 (22), 16 (28), 48 (29), 2 (36), 13 (41), 58 (21), 26 (42), 39 (36), 12 (47), 35 (43), 28 (55), 30 (64), 22 (73), 49 (78), 17 (65), 41 (68), 37 (79), 10 (98), 20 (70), 27 (81), 52 (67), 14 (93)]";17701;"Maquina 2: [55 (14), 38 (7), 21 (12), 6 (15), 3 (16), 59 (21), 11 (25), 7 (11), 33 (37), 42 (22), 31 (52), 53 (37), 46 (41), 47 (66), 50 (44), 44 (29), 56 (38), 18 (76), 45 (69), 8 (43), 9 (65), 0 (84), 40 (63), 32 (72), 36 (92), 34 (65), 51 (99), 43 (87), 15 (97)]";17608
Multiarranque;60;2;34678;3003.0;500;"Maquina 1: [57 (7), 24 (3), 16 (28), 6 (15), 1 (23), 56 (38), 58 (21), 25 (30), 26 (42), 33 (37), 42 (22), 13 (41), 39 (36), 34 (65), 59 (21), 28 (55), 30 (64), 48 (29), 18 (76), 36 (92), 12 (47), 22 (73), 0 (84), 37 (79), 40 (63), 14 (93), 51 (99), 43 (87), 15 (97)]";18230;"Maquina 2: [4 (1), 21 (12), 3 (16), 5 (22), 29 (3), 11 (25), 7 (11), 55 (14), 38 (7), 50 (44), 23 (8), 44 (29), 46 (41), 54 (38), 2 (36), 19 (10), 17 (65), 35 (43), 53 (37), 8 (43), 9 (65), 31 (52), 52 (67), 47 (66), 45 (69), 49 (78), 20 (70), 41 (68), 10 (98), 32 (72), 27 (81)]";16448
GREEDY;60;2;49793;1.0;1;"Maquina 1: [40 (2), 35 (24), 29 (10), 55 (23), 39 (19), 34 (7), 20 (62), 58 (30), 14 (22), 12 (48), 0 (42), 4 (34), 50 (24), 56 (39), 47 (40), 9 (50), 27 (52), 11 (67), 57 (68), 52 (63), 23 (94), 54 (54), 6 (65), 16 (69), 48 (89), 21 (90), 59 (76), 15 (85), 24 (91), 8 (74), 31 (98)]";25830;"Maquina 2: [13 (25), 41 (6), 7 (69), 5 (31), 3 (17), 25 (10), 22 (63), 42 (21), 18 (27), 33 (68), 49 (23), 38 (40), 30 (54), 37 (41), 1 (90), 51 (51), 2 (38), 10 (84), 44 (85), 28 (43), 43 (94), 19 (24), 32 (70), 45 (93), 17 (75), 53 (64), 26 (90), 36 (59), 46 (65)]";23963
GRASP;60;2;46275;1746.0;500;"Maquina 1: [18 (27), 55 (23), 41 (6), 4 (34), 36 (59), 40 (2), 29 (10), 58 (30), 14 (22), 49 (23), 38 (40), 0 (42), 50 (24), 7 (69), 9 (50), 44 (85), 28 (43), 17 (75), 6 (65), 22 (63), 33 (68), 15 (85), 46 (65), 54 (54), 30 (54), 26 (90), 45 (93), 27 (52), 48 (89), 21 (90)]";22832;"Maquina 2: [35 (24), 42 (21), 39 (19), 34 (7), 12 (48), 19 (24), 32 (70), 37 (41), 13 (25), 3 (17), 20 (62), 25 (10), 1 (90), 51 (51), 59 (76), 5 (31), 16 (69), 53 (64), 2 (38), 56 (39), 47 (40), 11 (67), 57 (68), 23 (94), 52 (63), 10 (84), 31 (98), 8 (74), 43 (94), 24 (91)]";23443
LNS;60;2;49496;348.0;500;"Maquina 1: [40 (2), 35 (24), 29 (10), 55 (23), 39 (19), 34 (7), 20 (62), 58 (30), 14 (22), 12 (48), 0 (42), 4 (34), 50 (24), 56 (39), 47 (40), 9 (50), 27 (52), 11 (67), 57 (68), 52 (63), 23 (94), 54 (54), 6 (65), 16 (69), 48 (89), 21 (90), 59 (76), 15 (85), 24 (91), 8 (74), 31 (98)]";25830;"Maquina 2: [13 (25), 41 (6), 7 (69), 5 (31), 3 (17), 25 (10), 22 (63), 42 (21), 18 (27), 33 (68), 49 (23), 38 (40), 10 (84), 37 (41), 1 (90), 51 (51), 2 (38), 30 (54), 44 (85), 28 (43), 43 (94), 19 (24), 32 (70), 36 (59), 17 (75), 53 (64), 26 (90), 45 (93), 46 (65)]";23666
TABÚ;60;2;47197;479.0;500;"Maquina 1: [25 (10), 29 (10), 30 (54), 39 (19), 34 (7), 12 (48), 14 (22), 49 (23), 38 (40), 0 (42), 4 (34), 36 (59), 50 (24), 20 (62), 58 (30), 19 (24), 33 (68), 15 (85), 13 (25), 2 (38), 10 (84), 51 (51), 57 (68), 8 (74), 43 (94), 52 (63), 1 (90), 53 (64), 31 (98), 24 (91)]";22933;"Maquina 2: [37 (41), 35 (24), 55 (23), 28 (43), 41 (6), 5 (31), 42 (21), 3 (17), 54 (54), 47 (40), 56 (39), 6 (65), 40 (2), 7 (69), 18 (27), 11 (67), 17 (75), 9 (50), 27 (52), 46 (65), 16 (69), 22 (63), 32 (70), 23 (94), 48 (89), 21 (90), 26 (90), 59 (76), 44 (85), 45 (93)]";24264
VNS;60;2;47611;34334.0;500;"Maquina 1: [40 (2), 29 (10), 30 (54), 39 (19), 34 (7), 20 (62), 58 (30), 14 (22), 12 (48), 0 (42), 4 (34), 36 (59), 50 (24), 56 (39), 47 (40), 9 (50), 27 (52), 11 (67), 57 (68), 52 (63), 23 (94), 54 (54), 6 (65), 16 (69), 48 (89), 8 (74), 26 (90), 59 (76), 45 (93), 31 (98)]";23984;"Maquina 2: [13 (25), 41 (6), 7 (69), 5 (31), 3 (17), 25 (10), 22 (63), 35 (24), 42 (21), 18 (27), 33 (68), 49 (23), 38 (40), 55 (23), 37 (41), 1 (90), 51 (51), 2 (38), 10 (84), 44 (85), 28 (43), 43 (94), 19 (24), 32 (70), 17 (75), 46 (65), 53 (64), 21 (90), 24 (91), 15 (85)]";23627
Multiarranque;60;2;46189;3043.0;500;"Maquina 1: [40 (2), 19 (24), 29 (10), 30 (54), 34 (7), 20 (62), 58 (30), 37 (41), 35 (24), 42 (21), 0 (42), 11 (67), 55 (23), 41 (6), 4 (34), 59 (76), 47 (40), 52 (63), 7 (69), 5 (31), 53 (64), 45 (93), 8 (74), 43 (94), 25 (10), 22 (63), 44 (85), 57 (68), 15 (85), 46 (65), 31 (98)]";23184;"Maquina 2: [50 (24), 39 (19), 14 (22), 49 (23), 38 (40), 13 (25), 2 (38), 12 (48), 56 (39), 28 (43), 48 (89), 36 (59), 3 (17), 54 (54), 18 (27), 33 (68), 9 (50), 51 (51), 32 (70), 21 (90), 24 (91), 27 (52), 16 (69), 17 (75), 6 (65), 23 (94), 1 (90), 26 (90), 10 (84)]";23005
GREEDY;60;2;48423;1.0;1;"Maquina 1: [48 (15), 13 (1), 24 (20), 14 (15), 1 (37), 16 (34), 53 (14), 15 (30), 23 (9), 59 (39), 7 (18), 29 (29), 27 (81), 40 (55), 36 (44), 20 (41), 30 (68), 17 (46), 52 (71), 32 (57), 51 (75), 5 (52), 44 (89), 6 (59), 9 (80), 49 (86), 3 (77), 43 (92), 37 (98), 28 (95)]";24407;"Maquina 2: [45 (33), 38 (15), 12 (4), 4 (12), 8 (20), 22 (42), 31 (12), 18 (32), 41 (52), 19 (17), 35 (34), 33 (38), 0 (41), 56 (24), 39 (51), 46 (45), 55 (53), 25 (76), 42 (69), 26 (56), 54 (58), 50 (80), 58 (66), 47 (92), 11 (88), 21 (77), 34 (85), 2 (74), 10 (91), 57 (95)]";24016
GRASP;60;2;43796;1713.0;500;"Maquina 1: [19 (17), 13 (1), 29 (29), 4 (12), 8 (20), 15 (30), 18 (32), 38 (15), 32 (57), 55 (53), 1 (37), 16 (34), 30 (68), 21 (77), 17 (46), 41 (52), 11 (88), 46 (45), 20 (41), 26 (56), 0 (41), 34 (85), 43 (92), 2 (74), 51 (75), 28 (95), 10 (91), 47 (92), 37 (98)]";21873;"Maquina 2: [12 (4), 56 (24), 23 (9), 31 (12), 48 (15), 33 (38), 7 (18), 53 (14), 39 (51), 36 (44), 24 (20), 5 (52), 35 (34), 45 (33), 59 (39), 6 (59), 54 (58), 42 (69), 14 (15), 22 (42), 25 (76), 58 (66), 49 (86), 40 (55), 9 (80), 3 (77), 50 (80), 27 (81), 44 (89), 57 (95), 52 (71)]";21923
LNS;60;2;46917;298.0;500;"Maquina 1: [48 (15), 13 (1), 24 (20), 5 (52), 1 (37), 16 (34), 53 (14), 23 (9), 15 (30), 59 (39), 7 (18), 29 (29), 27 (81), 40 (55), 36 (44), 20 (41), 30 (68), 17 (46), 52 (71), 32 (57), 51 (75), 14 (15), 44 (89), 6 (59), 9 (80), 49 (86), 3 (77), 43 (92), 37 (98), 28 (95)]";23922;"Maquina 2: [45 (33), 38 (15), 22 (42), 4 (12), 8 (20), 12 (4), 31 (12), 18 (32), 41 (52), 19 (17), 35 (34), 33 (38), 0 (41), 56 (24), 39 (51), 46 (45), 55 (53), 25 (76), 42 (69), 26 (56), 54 (58), 11 (88), 58 (66), 47 (92), 50 (80), 21 (77), 34 (85), 2 (74), 10 (91), 57 (95)]";22995
TABÚ;60;2;44420;478.0;500;"Maquina 1: [56 (24), 12 (4), 31 (12), 48 (15), 7 (18), 53 (14), 18 (32), 8 (20), 20 (41), 39 (51), 36 (44), 45 (33), 19 (17), 46 (45), 55 (53), 1 (37), 25 (76), 58 (66), 32 (57), 42 (69), 54 (58), 51 (75), 28 (95), 21 (77), 37 (98), 34 (85), 11 (88), 10 (91), 44 (89), 47 (92)]";22328;"Maquina 2: [29 (29), 4 (12), 16 (34), 14 (15), 13 (1), 24 (20), 23 (9), 15 (30), 59 (39), 38 (15), 22 (42), 5 (52), 35 (34), 33 (38), 0 (41), 30 (68), 17 (46), 2 (74), 41 (52), 43 (92), 26 (56), 52 (71), 3 (77), 50 (80), 27 (81), 40 (55), 9 (80), 49 (86), 6 (59), 57 (95)]";22092
VNS;60;2;45636;33100.0;500;"Maquina 1: [48 (15), 13 (1), 24 (20), 14 (15), 1 (37), 16 (34), 53 (14), 15 (30), 59 (39), 7 (18), 26 (56), 40 (55), 36 (44), 20 (41), 30 (68), 54 (58), 52 (71), 22 (42), 51 (75), 5 (52), 44 (89), 6 (59), 9 (80), 3 (77), 43 (92), 2 (74), 37 (98), 34 (85)]";21104;"Maquina 2: [45 (33), 38 (15), 12 (4), 4 (12), 8 (20), 32 (57), 31 (12), 23 (9), 18 (32), 29 (29), 41 (52), 19 (17), 35 (34), 33 (38), 49 (86), 0 (41), 56 (24), 39 (51), 46 (45), 55 (53), 25 (76), 42 (69), 27 (81), 17 (46), 11 (88), 58 (66), 47 (92), 50 (80), 21 (77), 28 (95), 10 (91), 57 (95)]";24532
Multiarranque;60;2;43836;2976.0;500;"Maquina 1: [31 (12), 48 (15), 14 (15), 1 (37), 35 (34), 19 (17), 13 (1), 24 (20), 5 (52), 45 (33), 38 (15), 22 (42), 18 (32), 33 (38), 17 (46), 2 (74), 49 (86), 3 (77), 40 (55), 58 (66), 39 (51), 21 (77), 34 (85), 32 (57), 27 (81), 30 (68), 28 (95), 43 (92), 37 (98), 25 (76)]";22232;"Maquina 2: [7 (18), 53 (14), 4 (12), 8 (20), 20 (41), 12 (4), 56 (24), 23 (9), 16 (34), 15 (30), 59 (39), 36 (44), 29 (29), 41 (52), 46 (45), 10 (91), 0 (41), 50 (80), 55 (53), 42 (69), 26 (56), 54 (58), 52 (71), 44 (89), 47 (92), 6 (59), 51 (75), 9 (80), 57 (95), 11 (88)]";21604
GREEDY;60;2;42741;0.0;1;"Maquina 1: [42 (11), 57 (7), 28 (15), 22 (32), 37 (6), 55 (3), 10 (36), 36 (9), 2 (17), 51 (58), 6 (39), 56 (21), 18 (42), 27 (37), 0 (34), 46 (64), 34 (77), 26 (44), 19 (49), 25 (62), 3 (48), 49 (66), 47 (94), 43 (62), 33 (69), 48 (82), 52 (91), 41 (97), 9 (90), 5 (79)]";20420;"Maquina 2: [24 (8), 32 (21), 53 (11), 39 (5), 14 (29), 45 (7), 4 (16), 54 (48), 58 (33), 29 (39), 15 (38), 30 (10), 23 (36), 8 (43), 12 (65), 20 (60), 35 (34), 7 (47), 50 (62), 13 (94), 44 (55), 40 (77), 31 (62), 21 (73), 59 (67), 11 (81), 17 (89), 16 (96), 1 (91), 38 (98)]";22321
GRASP;60;2;40931;1803.0;500;"Maquina 1: [55 (3), 45 (7), 42 (11), 53 (11), 35 (34), 4 (16), 26 (44), 32 (21), 20 (60), 28 (15), 22 (32), 43 (62), 14 (29), 46 (64), 49 (66), 18 (42), 0 (34), 15 (38), 51 (58), 31 (62), 44 (55), 3 (48), 16 (96), 59 (67), 25 (62), 11 (81), 17 (89), 52 (91), 41 (97), 40 (77)]";20820;"Maquina 2: [24 (8), 2 (17), 39 (5), 10 (36), 37 (6), 57 (7), 58 (33), 50 (62), 23 (36), 27 (37), 36 (9), 56 (21), 30 (10), 29 (39), 19 (49), 7 (47), 8 (43), 5 (79), 54 (48), 6 (39), 33 (69), 48 (82), 34 (77), 12 (65), 47 (94), 21 (73), 9 (90), 13 (94), 1 (91), 38 (98)]";20111
LNS;60;2;42564;320.0;500;"Maquina 1: [42 (11), 57 (7), 28 (15), 22 (32), 37 (6), 55 (3), 10 (36), 36 (9), 2 (17), 51 (58), 6 (39), 56 (21), 18 (42), 27 (37), 0 (34), 46 (64), 34 (77), 26 (44), 19 (49), 25 (62), 3 (48), 49 (66), 47 (94), 43 (62), 33 (69), 48 (82), 52 (91), 41 (97), 9 (90), 5 (79)]";20420;"Maquina 2: [24 (8), 32 (21), 53 (11), 39 (5), 14 (29), 45 (7), 4 (16), 54 (48), 58 (33), 29 (39), 15 (38), 30 (10), 7 (47), 8 (43), 12 (65), 20 (60), 35 (34), 23 (36), 50 (62), 13 (94), 44 (55), 40 (77), 59 (67), 21 (73), 17 (89), 11 (81), 31 (62), 16 (96), 1 (91), 38 (98)]";22144
TABÚ;60;2;41612;470.0;500;"Maquina 1: [30 (10), 28 (15), 36 (9), 2 (17), 56 (21), 15 (38), 4 (16), 46 (64), 54 (48), 37 (6), 29 (39), 25 (62), 3 (48), 55 (3), 45 (7), 23 (36), 27 (37), 44 (55), 7 (47), 50 (62), 5 (79), 11 (81), 9 (90), 59 (67), 21 (73), 12 (65), 16 (96), 52 (91), 34 (77), 38 (98)]";20362;"Maquina 2: [0 (34), 42 (11), 24 (8), 32 (21), 53 (11), 39 (5), 14 (29), 57 (7), 58 (33), 22 (32), 10 (36), 35 (34), 41 (97), 8 (43), 18 (42), 6 (39), 33 (69), 31 (62), 26 (44), 20 (60), 51 (58), 19 (49), 48 (82), 17 (89), 43 (62), 40 (77), 49 (66), 47 (94), 13 (94), 1 (91)]";21250
VNS;60;2;41025;34503.0;500;"Maquina 1: [42 (11), 57 (7), 28 (15), 22 (32), 37 (6), 10 (36), 36 (9), 2 (17), 51 (58), 6 (39), 56 (21), 18 (42), 27 (37), 46 (64), 34 (77), 26 (44), 19 (49), 25 (62), 40 (77), 49 (66), 47 (94), 43 (62), 33 (69), 48 (82), 17 (89), 52 (91), 41 (97), 11 (81), 16 (96)]";19834;"Maquina 2: [55 (3), 24 (8), 32 (21), 53 (11), 39 (5), 14 (29), 45 (7), 4 (16), 54 (48), 58 (33), 0 (34), 15 (38), 30 (10), 23 (36), 8 (43), 12 (65), 20 (60), 35 (34), 7 (47), 50 (62), 13 (94), 44 (55), 3 (48), 31 (62), 21 (73), 29 (39), 9 (90), 59 (67), 5 (79), 1 (91), 38 (98)]";21191
Multiarranque;60;2;39637;3160.0;500;"Maquina 1: [58 (33), 42 (11), 45 (7), 4 (16), 32 (21), 37 (6), 24 (8), 2 (17), 26 (44), 20 (60), 15 (38), 22 (32), 23 (36), 49 (66), 3 (48), 51 (58), 34 (77), 0 (34), 40 (77), 52 (91), 7 (47), 33 (69), 44 (55), 5 (79), 11 (81), 31 (62), 16 (96), 21 (73), 41 (97), 13 (94)]";20276;"Maquina 2: [57 (7), 28 (15), 39 (5), 36 (9), 56 (21), 53 (11), 35 (34), 14 (29), 29 (39), 55 (3), 59 (67), 10 (36), 19 (49), 8 (43), 18 (42), 27 (37), 6 (39), 12 (65), 30 (10), 25 (62), 46 (64), 54 (48), 50 (62), 47 (94), 43 (62), 48 (82), 17 (89), 1 (91), 38 (98), 9 (90)]";19361
GREEDY;60;2;47595;1.0;1;"Maquina 1: [0 (3), 20 (23), 59 (15), 41 (46), 14 (37), 31 (22), 36 (33), 32 (51), 18 (28), 7 (35), 5 (40), 3 (31), 34 (7), 2 (43), 17 (64), 25 (42), 8 (60), 29 (65), 9 (50), 23 (69), 33 (66), 4 (65), 44 (77), 38 (70), 21 (56), 58 (93), 52 (67), 28 (83), 26 (72), 11 (96)]";23372;"Maquina 2: [1 (41), 10 (33), 24 (6), 40 (53), 55 (14), 13 (18), 15 (23), 45 (35), 6 (11), 12 (70), 37 (29), 49 (33), 56 (37), 22 (51), 48 (38), 46 (58), 27 (61), 42 (65), 57 (81), 50 (44), 35 (64), 51 (47), 53 (70), 47 (66), 19 (65), 54 (68), 39 (77), 16 (85), 43 (94), 30 (99)]";24223
GRASP;60;2;46919;1809.0;500;"Maquina 1: [34 (7), 55 (14), 20 (23), 59 (15), 13 (18), 7 (35), 10 (33), 24 (6), 56 (37), 9 (50), 48 (38), 18 (28), 47 (66), 41 (46), 26 (72), 8 (60), 4 (65), 1 (41), 22 (51), 5 (40), 39 (77), 23 (69), 27 (61), 17 (64), 42 (65), 44 (77), 38 (70), 33 (66), 58 (93), 52 (67)]";22638;"Maquina 2: [0 (3), 45 (35), 6 (11), 15 (23), 36 (33), 14 (37), 46 (58), 3 (31), 31 (22), 25 (42), 37 (29), 49 (33), 40 (53), 2 (43), 51 (47), 32 (51), 35 (64), 54 (68), 21 (56), 57 (81), 50 (44), 30 (99), 19 (65), 53 (70), 28 (83), 29 (65), 12 (70), 43 (94), 16 (85), 11 (96)]";24281
LNS;60;2;46206;395.0;500;"Maquina 1: [0 (3), 20 (23), 59 (15), 41 (46), 14 (37), 31 (22), 36 (33), 32 (51), 18 (28), 7 (35), 5 (40), 3 (31), 34 (7), 2 (43), 17 (64), 25 (42), 8 (60), 29 (65), 9 (50), 23 (69), 33 (66), 4 (65), 44 (77), 38 (70), 21 (56), 58 (93), 52 (67), 28 (83), 26 (72), 11 (96)]";23372;"Maquina 2: [50 (44), 10 (33), 24 (6), 40 (53), 55 (14), 13 (18), 47 (66), 45 (35), 6 (11), 12 (70), 37 (29), 49 (33), 56 (37), 22 (51), 48 (38), 46 (58), 27 (61), 42 (65), 15 (23), 1 (41), 19 (65), 51 (47), 53 (70), 57 (81), 35 (64), 54 (68), 39 (77), 43 (94), 16 (85), 30 (99)]";22834
TABÚ;60;2;47433;550.0;500;"Maquina 1: [24 (6), 40 (53), 55 (14), 26 (72), 13 (18), 12 (70), 34 (7), 5 (40), 49 (33), 56 (37), 3 (31), 46 (58), 15 (23), 27 (61), 57 (81), 50 (44), 48 (38), 2 (43), 17 (64), 52 (67), 37 (29), 22 (51), 29 (65), 42 (65), 21 (56), 28 (83), 16 (85), 53 (70), 38 (70), 58 (93)]";24647;"Maquina 2: [0 (3), 20 (23), 6 (11), 7 (35), 59 (15), 44 (77), 31 (22), 41 (46), 10 (33), 18 (28), 47 (66), 45 (35), 32 (51), 14 (37), 1 (41), 4 (65), 36 (33), 51 (47), 25 (42), 8 (60), 11 (96), 9 (50), 33 (66), 35 (64), 54 (68), 23 (69), 39 (77), 43 (94), 19 (65), 30 (99)]";22786
VNS;60;2;45780;25725.0;500;"Maquina 1: [36 (33), 20 (23), 50 (44), 41 (46), 14 (37), 31 (22), 15 (23), 32 (51), 18 (28), 7 (35), 5 (40), 3 (31), 10 (33), 34 (7), 2 (43), 17 (64), 25 (42), 8 (60), 29 (65), 9 (50), 33 (66), 4 (65), 44 (77), 38 (70), 35 (64), 58 (93), 52 (67), 28 (83), 11 (96)]";22185;"Maquina 2: [59 (15), 24 (6), 40 (53), 1 (41), 55 (14), 26 (72), 13 (18), 0 (3), 45 (35), 6 (11), 12 (70), 37 (29), 49 (33), 56 (37), 22 (51), 48 (38), 46 (58), 27 (61), 42 (65), 57 (81), 21 (56), 51 (47), 53 (70), 47 (66), 19 (65), 23 (69), 39 (77), 43 (94), 16 (85), 54 (68), 30 (99)]";23595
Multiarranque;60;2;45342;3186.0;500;"Maquina 1: [24 (6), 56 (37), 6 (11), 15 (23), 0 (3), 3 (31), 31 (22), 25 (42), 37 (29), 48 (38), 36 (33), 47 (66), 45 (35), 22 (51), 32 (51), 9 (50), 40 (53), 17 (64), 21 (56), 50 (44), 35 (64), 58 (93), 12 (70), 19 (65), 51 (47), 54 (68), 8 (60), 30 (99), 52 (67), 43 (94)]";22171;"Maquina 2: [1 (41), 55 (14), 13 (18), 14 (37), 7 (35), 59 (15), 10 (33), 41 (46), 34 (7), 2 (43), 49 (33), 27 (61), 4 (65), 57 (81), 20 (23), 29 (65), 42 (65), 44 (77), 5 (40), 18 (28), 53 (70), 33 (66), 46 (58), 26 (72), 23 (69), 39 (77), 16 (85), 28 (83), 38 (70), 11 (96)]";23171
GREEDY;60;2;44151;1.0;1;"Maquina 1: [30 (3), 15 (27), 4 (2), 24 (5), 20 (17), 49 (33), 52 (23), 25 (12), 56 (19), 11 (38), 27 (8), 57 (56), 26 (27), 3 (66), 35 (10), 55 (43), 22 (42), 12 (79), 38 (44), 39 (73), 33 (49), 51 (68), 58 (64), 8 (67), 32 (86), 14 (74), 16 (87), 45 (98), 34 (76), 31 (91), 44 (94)]";22730;"Maquina 2: [28 (4), 47 (18), 6 (27), 21 (27), 19 (3), 2 (6), 0 (12), 46 (8), 41 (23), 43 (16), 23 (29), 1 (74), 53 (33), 37 (49), 36 (39), 59 (75), 40 (45), 7 (51), 10 (65), 17 (71), 9 (89), 5 (98), 18 (78), 54 (67), 50 (81), 13 (66), 29 (94), 48 (43), 42 (86)]";21421
GRASP;60;2;41413;1884.0;500;"Maquina 1: [2 (6), 21 (27), 27 (8), 24 (5), 30 (3), 33 (49), 46 (8), 35 (10), 41 (23), 40 (45), 56 (19), 26 (27), 55 (43), 50 (81), 53 (33), 10 (65), 18 (78), 47 (18), 12 (79), 13 (66), 29 (94), 8 (67), 54 (67), 59 (75), 9 (89), 5 (98), 48 (43), 42 (86), 45 (98)]";19852;"Maquina 2: [19 (3), 15 (27), 4 (2), 25 (12), 28 (4), 36 (39), 38 (44), 0 (12), 3 (66), 20 (17), 49 (33), 6 (27), 43 (16), 52 (23), 23 (29), 16 (87), 22 (42), 57 (56), 17 (71), 51 (68), 7 (51), 32 (86), 11 (38), 58 (64), 14 (74), 1 (74), 34 (76), 39 (73), 37 (49), 44 (94), 31 (91)]";21561
LNS;60;2;43901;377.0;500;"Maquina 1: [30 (3), 15 (27), 4 (2), 24 (5), 20 (17), 49 (33), 52 (23), 25 (12), 56 (19), 11 (38), 27 (8), 57 (56), 26 (27), 3 (66), 35 (10), 55 (43), 22 (42), 12 (79), 38 (44), 39 (73), 33 (49), 51 (68), 58 (64), 8 (67), 32 (86), 14 (74), 16 (87), 45 (98), 34 (76), 31 (91), 44 (94)]";22730;"Maquina 2: [28 (4), 47 (18), 6 (27), 21 (27), 7 (51), 2 (6), 0 (12), 46 (8), 41 (23), 43 (16), 23 (29), 1 (74), 53 (33), 37 (49), 36 (39), 59 (75), 40 (45), 19 (3), 10 (65), 17 (71), 9 (89), 5 (98), 18 (78), 54 (67), 50 (81), 13 (66), 29 (94), 48 (43), 42 (86)]";21171
TABÚ;60;2;41649;550.0;500;"Maquina 1: [4 (2), 28 (4), 24 (5), 47 (18), 25 (12), 53 (33), 20 (17), 2 (6), 33 (49), 6 (27), 52 (23), 41 (23), 36 (39), 22 (42), 48 (43), 1 (74), 58 (64), 54 (67), 32 (86), 46 (8), 13 (66), 34 (76), 18 (78), 38 (44), 10 (65), 17 (71), 9 (89), 50 (81), 44 (94), 29 (94)]";20601;"Maquina 2: [35 (10), 55 (43), 19 (3), 30 (3), 21 (27), 56 (19), 11 (38), 27 (8), 57 (56), 26 (27), 0 (12), 43 (16), 40 (45), 15 (27), 49 (33), 37 (49), 23 (29), 16 (87), 7 (51), 14 (74), 12 (79), 8 (67), 5 (98), 51 (68), 3 (66), 42 (86), 39 (73), 31 (91), 59 (75), 45 (98)]";21048
VNS;60;2;41140;26126.0;500;"Maquina 1: [19 (3), 15 (27), 4 (2), 24 (5), 20 (17), 49 (33), 52 (23), 25 (12), 53 (33), 56 (19), 11 (38), 27 (8), 57 (56), 26 (27), 3 (66), 40 (45), 55 (43), 29 (94), 22 (42), 12 (79), 18 (78), 39 (73), 58 (64), 8 (67), 13 (66), 32 (86), 14 (74), 16 (87), 45 (98), 48 (43), 42 (86)]";21696;"Maquina 2: [35 (10), 28 (4), 30 (3), 47 (18), 6 (27), 21 (27), 34 (76), 41 (23), 33 (49), 0 (12), 46 (8), 2 (6), 43 (16), 23 (29), 1 (74), 37 (49), 36 (39), 38 (44), 59 (75), 7 (51), 10 (65), 17 (71), 9 (89), 5 (98), 51 (68), 54 (67), 50 (81), 44 (94), 31 (91)]";19444
Multiarranque;60;2;40033;3121.0;500;"Maquina 1: [41 (23), 35 (10), 52 (23), 56 (19), 43 (16), 25 (12), 20 (17), 23 (29), 21 (27), 10 (65), 30 (3), 33 (49), 26 (27), 7 (51), 38 (44), 59 (75), 37 (49), 55 (43), 58 (64), 54 (67), 0 (12), 29 (94), 13 (66), 3 (66), 34 (76), 14 (74), 31 (91), 9 (89), 17 (71), 45 (98)]";20821;"Maquina 2: [19 (3), 4 (2), 28 (4), 24 (5), 15 (27), 49 (33), 2 (6), 36 (39), 53 (33), 47 (18), 6 (27), 27 (8), 11 (38), 46 (8), 48 (43), 57 (56), 51 (68), 22 (42), 40 (45), 1 (74), 32 (86), 16 (87), 39 (73), 12 (79), 5 (98), 8 (67), 50 (81), 44 (94), 42 (86), 18 (78)]";19212
GREEDY;60;2;51391;1.0;1;"Maquina 1: [51 (11), 9 (51), 18 (43), 13 (7), 52 (22), 6 (35), 41 (42), 26 (44), 11 (50), 33 (2), 21 (29), 58 (48), 2 (52), 47 (52), 17 (61), 53 (45), 39 (62), 32 (40), 14 (70), 10 (65), 8 (90), 3 (83), 19 (56), 46 (78), 44 (90), 55 (83), 56 (75), 42 (74), 12 (92), 37 (98)]";25358;"Maquina 2: [49 (4), 23 (33), 29 (53), 22 (10), 4 (13), 50 (50), 15 (37), 20 (43), 48 (51), 16 (43), 1 (45), 31 (48), 43 (98), 38 (49), 25 (41), 36 (62), 27 (24), 57 (60), 7 (52), 40 (77), 24 (68), 28 (90), 34 (93), 30 (83), 45 (74), 35 (71), 5 (82), 54 (62), 0 (91), 59 (83)]";26033
GRASP;60;2;49811;1810.0;500;"Maquina 1: [18 (43), 49 (4), 51 (11), 9 (51), 27 (24), 11 (50), 23 (33), 41 (42), 47 (52), 2 (52), 1 (45), 50 (50), 15 (37), 7 (52), 26 (44), 25 (41), 36 (62), 57 (60), 35 (71), 10 (65), 40 (77), 3 (83), 45 (74), 31 (48), 43 (98), 28 (90), 34 (93), 12 (92), 44 (90)]";24087;"Maquina 2: [22 (10), 13 (7), 33 (2), 53 (45), 4 (13), 52 (22), 20 (43), 58 (48), 6 (35), 39 (62), 32 (40), 48 (51), 19 (56), 46 (78), 29 (53), 16 (43), 38 (49), 21 (29), 17 (61), 5 (82), 54 (62), 14 (70), 24 (68), 42 (74), 8 (90), 55 (83), 37 (98), 30 (83), 0 (91), 56 (75), 59 (83)]";25724
LNS;60;2;51391;382.0;500;"Maquina 1: [51 (11), 9 (51), 18 (43), 13 (7), 52 (22), 6 (35), 41 (42), 26 (44), 11 (50), 33 (2), 21 (29), 58 (48), 2 (52), 47 (52), 17 (61), 53 (45), 39 (62), 32 (40), 14 (70), 10 (65), 8 (90), 3 (83), 19 (56), 46 (78), 44 (90), 55 (83), 56 (75), 42 (74), 12 (92), 37 (98)]";25358;"Maquina 2: [49 (4), 23 (33), 29 (53), 22 (10), 4 (13), 50 (50), 15 (37), 20 (43), 48 (51), 16 (43), 1 (45), 31 (48), 43 (98), 38 (49), 25 (41), 36 (62), 27 (24), 57 (60), 7 (52), 40 (77), 24 (68), 28 (90), 34 (93), 30 (83), 45 (74), 35 (71), 5 (82), 54 (62), 0 (91), 59 (83)]";26033
TABÚ;60;2;51805;628.0;500;"Maquina 1: [51 (11), 23 (33), 21 (29), 58 (48), 13 (7), 52 (22), 7 (52), 26 (44), 25 (41), 2 (52), 54 (62), 47 (52), 50 (50), 11 (50), 14 (70), 1 (45), 19 (56), 46 (78), 37 (98), 32 (40), 17 (61), 36 (62), 43 (98), 56 (75), 28 (90), 35 (71), 8 (90), 55 (83), 30 (83)]";26253;"Maquina 2: [6 (35), 22 (10), 4 (13), 41 (42), 33 (2), 38 (49), 18 (43), 49 (4), 48 (51), 27 (24), 53 (45), 59 (83), 31 (48), 20 (43), 15 (37), 16 (43), 29 (53), 39 (62), 40 (77), 3 (83), 9 (51), 24 (68), 57 (60), 5 (82), 42 (74), 12 (92), 45 (74), 10 (65), 0 (91), 34 (93), 44 (90)]";25552
VNS;60;2;50620;44156.0;500;"Maquina 1: [51 (11), 9 (51), 18 (43), 13 (7), 52 (22), 6 (35), 41 (42), 26 (44), 11 (50), 33 (2), 21 (29), 58 (48), 2 (52), 54 (62), 47 (52), 17 (61), 53 (45), 39 (62), 32 (40), 14 (70), 10 (65), 8 (90), 46 (78), 43 (98), 37 (98), 35 (71), 56 (75), 42 (74), 12 (92), 44 (90)]";24756;"Maquina 2: [49 (4), 23 (33), 29 (53), 22 (10), 4 (13), 50 (50), 15 (37), 20 (43), 48 (51), 16 (43), 1 (45), 31 (48), 19 (56), 38 (49), 25 (41), 36 (62), 27 (24), 3 (83), 7 (52), 40 (77), 24 (68), 28 (90), 34 (93), 30 (83), 45 (74), 55 (83), 5 (82), 57 (60), 59 (83), 0 (91)]";25864
Multiarranque;60;2;49388;2981.0;500;"Maquina 1: [6 (35), 22 (10), 4 (13), 9 (51), 33 (2), 38 (49), 51 (11), 27 (24), 11 (50), 57 (60), 25 (41), 10 (65), 20 (43), 16 (43), 1 (45), 47 (52), 17 (61), 42 (74), 18 (43), 14 (70), 7 (52), 30 (83), 45 (74), 35 (71), 8 (90), 55 (83), 2 (52), 3 (83), 46 (78), 37 (98), 44 (90)]";25441;"Maquina 2: [41 (42), 13 (7), 52 (22), 26 (44), 31 (48), 58 (48), 49 (4), 24 (68), 23 (33), 21 (29), 29 (53), 53 (45), 59 (83), 54 (62), 48 (51), 19 (56), 15 (37), 28 (90), 32 (40), 50 (50), 39 (62), 36 (62), 0 (91), 56 (75), 34 (93), 40 (77), 5 (82), 12 (92), 43 (98)]";23947
