GREEDY;40;8;7892;1.0;1;"Maquina 1: [1 (2), 19 (52), 17 (83), 3 (29), 16 (68)]";865;"Maquina 2: [25 (2), 7 (99), 22 (29), 9 (83), 0 (61)]";1129;"Maquina 3: [5 (11), 26 (32), 13 (57), 11 (91), 36 (68)]";931;"Maquina 4: [29 (32), 27 (15), 37 (84), 10 (53), 18 (68)]";973;"Maquina 5: [39 (57), 12 (16), 34 (34), 30 (71), 24 (83)]";884;"Maquina 6: [8 (44), 21 (18), 35 (53), 23 (91), 14 (77)]";1053;"Maquina 7: [4 (23), 32 (57), 2 (50), 20 (92), 6 (81)]";1081;"Maquina 8: [15 (53), 28 (25), 38 (50), 31 (78), 33 (89)]";976
GRASP;40;8;6233;18.0;10;"Maquina 1: [5 (11), 3 (29), 15 (53), 23 (91), 24 (83)]";669;"Maquina 2: [25 (2), 26 (32), 37 (84), 14 (77), 32 (57)]";718;"Maquina 3: [12 (16), 1 (2), 8 (44), 0 (61), 11 (91), 36 (68)]";921;"Maquina 4: [29 (32), 13 (57), 28 (25), 33 (89), 17 (83)]";833;"Maquina 5: [35 (53), 38 (50), 31 (78), 10 (53), 16 (68)]";915;"Maquina 6: [21 (18), 18 (68), 9 (83), 2 (50), 20 (92)]";927;"Maquina 7: [27 (15), 34 (34), 30 (71), 19 (52), 6 (81)]";702;"Maquina 8: [22 (29), 4 (23), 39 (57), 7 (99)]";548
LNS;40;8;7803;0.0;10;"Maquina 1: [1 (2), 19 (52), 17 (83), 3 (29), 16 (68)]";865;"Maquina 2: [22 (29), 7 (99), 25 (2), 9 (83), 0 (61)]";1058;"Maquina 3: [5 (11), 26 (32), 13 (57), 11 (91), 36 (68)]";931;"Maquina 4: [29 (32), 27 (15), 37 (84), 10 (53), 18 (68)]";973;"Maquina 5: [39 (57), 12 (16), 34 (34), 30 (71), 24 (83)]";884;"Maquina 6: [21 (18), 8 (44), 35 (53), 23 (91), 14 (77)]";1035;"Maquina 7: [4 (23), 32 (57), 2 (50), 20 (92), 6 (81)]";1081;"Maquina 8: [15 (53), 28 (25), 38 (50), 31 (78), 33 (89)]";976
TABÚ;40;8;6411;7.0;10;"Maquina 1: [25 (2), 8 (44), 26 (32), 18 (68), 23 (91)]";725;"Maquina 2: [5 (11), 3 (29), 15 (53), 37 (84), 32 (57), 33 (89)]";1007;"Maquina 3: [27 (15), 34 (34), 31 (78), 17 (83), 30 (71)]";793;"Maquina 4: [21 (18), 2 (50), 29 (32), 39 (57), 7 (99)]";699;"Maquina 5: [1 (2), 10 (53), 22 (29), 13 (57), 11 (91)]";672;"Maquina 6: [19 (52), 0 (61), 14 (77), 6 (81)]";803;"Maquina 7: [4 (23), 28 (25), 38 (50), 24 (83), 35 (53)]";816;"Maquina 8: [12 (16), 9 (83), 36 (68), 16 (68), 20 (92)]";896
VNS;40;8;7326;415.0;10;"Maquina 1: [1 (2), 19 (52), 17 (83), 3 (29), 16 (68)]";865;"Maquina 2: [25 (2), 35 (53), 22 (29), 9 (83), 0 (61)]";710;"Maquina 3: [5 (11), 13 (57), 11 (91), 36 (68)]";721;"Maquina 4: [29 (32), 27 (15), 26 (32), 37 (84), 28 (25), 18 (68)]";1083;"Maquina 5: [39 (57), 12 (16), 34 (34), 30 (71), 24 (83)]";884;"Maquina 6: [8 (44), 21 (18), 7 (99), 23 (91), 14 (77)]";1014;"Maquina 7: [4 (23), 32 (57), 2 (50), 20 (92), 6 (81)]";1081;"Maquina 8: [15 (53), 10 (53), 38 (50), 31 (78), 33 (89)]";968
Multiarranque;40;8;6787;20.0;10;"Maquina 1: [1 (2), 3 (29), 14 (77), 19 (52), 11 (91)]";930;"Maquina 2: [25 (2), 26 (32), 10 (53), 16 (68), 9 (83), 20 (92)]";1015;"Maquina 3: [35 (53), 29 (32), 5 (11), 33 (89), 24 (83)]";815;"Maquina 4: [12 (16), 0 (61), 18 (68), 34 (34), 37 (84)]";935;"Maquina 5: [21 (18), 13 (57), 2 (50), 36 (68), 17 (83)]";782;"Maquina 6: [4 (23), 39 (57), 23 (91), 38 (50), 31 (78)]";906;"Maquina 7: [27 (15), 22 (29), 7 (99), 15 (53), 6 (81)]";890;"Maquina 8: [8 (44), 28 (25), 30 (71), 32 (57)]";514
GREEDY;40;8;7333;0.0;1;"Maquina 1: [9 (1), 22 (59), 6 (71), 20 (28), 5 (91)]";961;"Maquina 2: [23 (2), 25 (28), 7 (60), 18 (37), 35 (79)]";686;"Maquina 3: [28 (2), 17 (30), 15 (63), 34 (42), 14 (81)]";864;"Maquina 4: [31 (4), 27 (32), 30 (85), 10 (38), 0 (61)]";908;"Maquina 5: [2 (7), 26 (46), 12 (63), 11 (33), 39 (79)]";711;"Maquina 6: [4 (34), 24 (11), 8 (68), 29 (53), 32 (88)]";942;"Maquina 7: [21 (34), 1 (98), 3 (20), 38 (59), 16 (73)]";1078;"Maquina 8: [37 (34), 19 (23), 36 (59), 33 (74), 13 (98)]";1183
GRASP;40;8;5818;17.0;10;"Maquina 1: [23 (2), 29 (53), 10 (38), 26 (46), 39 (79)]";603;"Maquina 2: [18 (37), 19 (23), 5 (91), 17 (30), 33 (74)]";741;"Maquina 3: [34 (42), 2 (7), 1 (98), 11 (33), 14 (81)]";761;"Maquina 4: [31 (4), 27 (32), 7 (60), 6 (71), 12 (63)]";749;"Maquina 5: [3 (20), 28 (2), 25 (28), 16 (73), 8 (68)]";561;"Maquina 6: [9 (1), 21 (34), 0 (61), 15 (63), 32 (88)]";744;"Maquina 7: [4 (34), 24 (11), 22 (59), 38 (59), 13 (98)]";719;"Maquina 8: [20 (28), 37 (34), 36 (59), 35 (79), 30 (85)]";940
LNS;40;8;7119;0.0;10;"Maquina 1: [22 (59), 9 (1), 6 (71), 20 (28), 5 (91)]";932;"Maquina 2: [23 (2), 25 (28), 7 (60), 18 (37), 35 (79)]";686;"Maquina 3: [17 (30), 28 (2), 15 (63), 34 (42), 14 (81)]";829;"Maquina 4: [27 (32), 31 (4), 30 (85), 10 (38), 0 (61)]";880;"Maquina 5: [2 (7), 26 (46), 12 (63), 11 (33), 39 (79)]";711;"Maquina 6: [4 (34), 24 (11), 8 (68), 29 (53), 32 (88)]";942;"Maquina 7: [21 (34), 1 (98), 3 (20), 38 (59), 16 (73)]";1078;"Maquina 8: [36 (59), 37 (34), 19 (23), 33 (74), 13 (98)]";1061
TABÚ;40;8;6332;7.0;10;"Maquina 1: [23 (2), 26 (46), 15 (63), 33 (74), 21 (34)]";619;"Maquina 2: [9 (1), 13 (98), 25 (28), 35 (79), 38 (59)]";843;"Maquina 3: [34 (42), 2 (7), 27 (32), 6 (71), 32 (88)]";717;"Maquina 4: [28 (2), 31 (4), 12 (63), 39 (79), 37 (34)]";703;"Maquina 5: [3 (20), 11 (33), 7 (60), 14 (81), 29 (53)]";914;"Maquina 6: [4 (34), 24 (11), 16 (73), 1 (98), 36 (59)]";778;"Maquina 7: [18 (37), 10 (38), 8 (68), 20 (28), 5 (91)]";893;"Maquina 8: [19 (23), 22 (59), 17 (30), 0 (61), 30 (85)]";865
VNS;40;8;6806;418.0;10;"Maquina 1: [9 (1), 36 (59), 6 (71), 20 (28), 5 (91)]";784;"Maquina 2: [23 (2), 25 (28), 7 (60), 18 (37), 35 (79)]";686;"Maquina 3: [28 (2), 17 (30), 0 (61), 34 (42), 14 (81)]";759;"Maquina 4: [31 (4), 27 (32), 30 (85), 10 (38), 15 (63)]";887;"Maquina 5: [2 (7), 26 (46), 12 (63), 11 (33), 39 (79)]";711;"Maquina 6: [4 (34), 24 (11), 8 (68), 29 (53), 32 (88)]";942;"Maquina 7: [21 (34), 1 (98), 3 (20), 38 (59), 16 (73)]";1078;"Maquina 8: [37 (34), 19 (23), 22 (59), 33 (74), 13 (98)]";959
Multiarranque;40;8;6526;18.0;10;"Maquina 1: [37 (34), 19 (23), 22 (59), 0 (61), 20 (28)]";784;"Maquina 2: [11 (33), 9 (1), 6 (71), 18 (37), 39 (79)]";799;"Maquina 3: [26 (46), 4 (34), 33 (74), 30 (85), 34 (42)]";916;"Maquina 4: [2 (7), 31 (4), 27 (32), 14 (81), 5 (91)]";627;"Maquina 5: [35 (79), 23 (2), 3 (20), 7 (60), 13 (98)]";811;"Maquina 6: [25 (28), 38 (59), 24 (11), 15 (63), 8 (68)]";772;"Maquina 7: [12 (63), 36 (59), 16 (73), 1 (98)]";829;"Maquina 8: [28 (2), 29 (53), 10 (38), 17 (30), 21 (34), 32 (88)]";988
GREEDY;40;8;5353;0.0;1;"Maquina 1: [2 (34), 26 (2), 21 (63), 25 (19), 20 (92)]";620;"Maquina 2: [35 (6), 32 (21), 10 (36), 27 (74), 0 (97)]";736;"Maquina 3: [36 (6), 16 (23), 22 (33), 1 (58), 24 (89)]";587;"Maquina 4: [28 (25), 11 (7), 38 (34), 39 (91), 3 (61)]";583;"Maquina 5: [9 (12), 8 (51), 31 (86), 5 (29), 30 (99)]";786;"Maquina 6: [17 (13), 13 (44), 18 (30), 14 (79), 7 (94)]";677;"Maquina 7: [37 (15), 23 (32), 15 (43), 12 (83), 33 (98)]";736;"Maquina 8: [4 (19), 34 (32), 19 (43), 29 (66), 6 (94)]";628
GRASP;40;8;4849;17.0;10;"Maquina 1: [26 (2), 38 (34), 1 (58), 18 (30), 39 (91)]";521;"Maquina 2: [28 (25), 11 (7), 8 (51), 31 (86), 0 (97)]";692;"Maquina 3: [36 (6), 16 (23), 3 (61), 12 (83), 20 (92)]";643;"Maquina 4: [35 (6), 17 (13), 13 (44), 27 (74), 7 (94)]";555;"Maquina 5: [4 (19), 9 (12), 34 (32), 10 (36), 14 (79)]";437;"Maquina 6: [32 (21), 5 (29), 22 (33), 19 (43), 29 (66)]";525;"Maquina 7: [2 (34), 25 (19), 15 (43), 30 (99), 24 (89)]";739;"Maquina 8: [37 (15), 23 (32), 21 (63), 33 (98), 6 (94)]";737
LNS;40;8;5336;0.0;10;"Maquina 1: [2 (34), 26 (2), 21 (63), 25 (19), 20 (92)]";620;"Maquina 2: [35 (6), 32 (21), 10 (36), 27 (74), 0 (97)]";736;"Maquina 3: [36 (6), 22 (33), 16 (23), 1 (58), 24 (89)]";580;"Maquina 4: [28 (25), 11 (7), 38 (34), 39 (91), 3 (61)]";583;"Maquina 5: [9 (12), 8 (51), 31 (86), 5 (29), 30 (99)]";786;"Maquina 6: [17 (13), 13 (44), 18 (30), 14 (79), 7 (94)]";677;"Maquina 7: [37 (15), 15 (43), 23 (32), 12 (83), 33 (98)]";726;"Maquina 8: [4 (19), 34 (32), 19 (43), 29 (66), 6 (94)]";628
TABÚ;40;8;5422;8.0;10;"Maquina 1: [36 (6), 22 (33), 28 (25), 21 (63), 7 (94)]";593;"Maquina 2: [26 (2), 38 (34), 12 (83), 8 (51), 20 (92)]";641;"Maquina 3: [25 (19), 15 (43), 11 (7), 27 (74), 24 (89)]";663;"Maquina 4: [35 (6), 2 (34), 17 (13), 3 (61), 39 (91)]";528;"Maquina 5: [37 (15), 30 (99), 34 (32), 10 (36), 31 (86)]";848;"Maquina 6: [4 (19), 13 (44), 14 (79), 23 (32), 6 (94)]";839;"Maquina 7: [9 (12), 1 (58), 5 (29), 29 (66), 33 (98)]";744;"Maquina 8: [32 (21), 18 (30), 19 (43), 16 (23), 0 (97)]";566
VNS;40;8;5181;442.0;10;"Maquina 1: [2 (34), 26 (2), 21 (63), 8 (51), 20 (92)]";617;"Maquina 2: [35 (6), 32 (21), 10 (36), 27 (74), 0 (97)]";736;"Maquina 3: [36 (6), 16 (23), 22 (33), 1 (58), 24 (89)]";587;"Maquina 4: [28 (25), 11 (7), 38 (34), 39 (91), 3 (61)]";583;"Maquina 5: [9 (12), 25 (19), 31 (86), 5 (29), 30 (99)]";617;"Maquina 6: [17 (13), 13 (44), 18 (30), 14 (79), 7 (94)]";677;"Maquina 7: [37 (15), 23 (32), 15 (43), 12 (83), 33 (98)]";736;"Maquina 8: [4 (19), 34 (32), 19 (43), 29 (66), 6 (94)]";628
Multiarranque;40;8;5164;19.0;10;"Maquina 1: [2 (34), 26 (2), 21 (63), 8 (51), 20 (92)]";617;"Maquina 2: [35 (6), 32 (21), 10 (36), 27 (74), 0 (97)]";736;"Maquina 3: [36 (6), 22 (33), 16 (23), 1 (58), 24 (89)]";580;"Maquina 4: [28 (25), 11 (7), 38 (34), 39 (91), 3 (61)]";583;"Maquina 5: [9 (12), 25 (19), 31 (86), 5 (29), 30 (99)]";617;"Maquina 6: [17 (13), 13 (44), 18 (30), 14 (79), 7 (94)]";677;"Maquina 7: [37 (15), 15 (43), 23 (32), 12 (83), 33 (98)]";726;"Maquina 8: [4 (19), 34 (32), 19 (43), 29 (66), 6 (94)]";628
GREEDY;40;8;5987;0.0;1;"Maquina 1: [31 (5), 10 (27), 15 (49), 17 (62), 25 (74)]";626;"Maquina 2: [0 (10), 6 (28), 12 (50), 30 (74), 34 (63)]";668;"Maquina 3: [4 (29), 2 (14), 3 (75), 27 (50), 32 (65)]";624;"Maquina 4: [38 (16), 16 (29), 18 (50), 9 (64), 26 (77)]";725;"Maquina 5: [19 (31), 7 (17), 24 (69), 37 (51), 36 (98)]";844;"Maquina 6: [20 (20), 8 (59), 29 (38), 23 (70), 14 (88)]";791;"Maquina 7: [39 (24), 22 (39), 11 (53), 1 (74), 28 (99)]";905;"Maquina 8: [35 (25), 5 (61), 33 (46), 13 (71), 21 (95)]";804
GRASP;40;8;5462;20.0;10;"Maquina 1: [31 (5), 12 (50), 11 (53), 15 (49), 34 (63)]";601;"Maquina 2: [19 (31), 4 (29), 2 (14), 3 (75), 9 (64)]";560;"Maquina 3: [7 (17), 16 (29), 13 (71), 23 (70), 17 (62)]";709;"Maquina 4: [20 (20), 22 (39), 18 (50), 8 (59), 26 (77)]";672;"Maquina 5: [0 (10), 27 (50), 38 (16), 25 (74), 32 (65)]";573;"Maquina 6: [29 (38), 35 (25), 37 (51), 14 (88), 28 (99)]";782;"Maquina 7: [10 (27), 33 (46), 1 (74), 21 (95), 24 (69)]";854;"Maquina 8: [39 (24), 6 (28), 5 (61), 30 (74), 36 (98)]";711
LNS;40;8;5959;0.0;10;"Maquina 1: [31 (5), 10 (27), 15 (49), 17 (62), 25 (74)]";626;"Maquina 2: [0 (10), 6 (28), 12 (50), 30 (74), 34 (63)]";668;"Maquina 3: [4 (29), 2 (14), 3 (75), 27 (50), 32 (65)]";624;"Maquina 4: [38 (16), 16 (29), 18 (50), 9 (64), 26 (77)]";725;"Maquina 5: [7 (17), 19 (31), 24 (69), 37 (51), 36 (98)]";823;"Maquina 6: [20 (20), 8 (59), 29 (38), 23 (70), 14 (88)]";791;"Maquina 7: [39 (24), 1 (74), 11 (53), 22 (39), 28 (99)]";898;"Maquina 8: [35 (25), 5 (61), 33 (46), 13 (71), 21 (95)]";804
TABÚ;40;8;5734;7.0;10;"Maquina 1: [19 (31), 37 (51), 3 (75), 18 (50), 23 (70)]";892;"Maquina 2: [38 (16), 2 (14), 10 (27), 24 (69), 21 (95)]";503;"Maquina 3: [7 (17), 16 (29), 27 (50), 30 (74), 8 (59)]";657;"Maquina 4: [39 (24), 0 (10), 33 (46), 1 (74), 14 (88)]";660;"Maquina 5: [20 (20), 22 (39), 15 (49), 26 (77), 13 (71)]";690;"Maquina 6: [6 (28), 35 (25), 5 (61), 28 (99), 34 (63)]";738;"Maquina 7: [31 (5), 12 (50), 4 (29), 9 (64), 32 (65), 36 (98)]";1003;"Maquina 8: [29 (38), 11 (53), 17 (62), 25 (74)]";591
VNS;40;8;5841;456.0;10;"Maquina 1: [31 (5), 10 (27), 15 (49), 17 (62), 25 (74)]";626;"Maquina 2: [0 (10), 6 (28), 34 (63), 30 (74), 12 (50)]";653;"Maquina 3: [4 (29), 2 (14), 3 (75), 27 (50), 24 (69)]";645;"Maquina 4: [38 (16), 16 (29), 18 (50), 9 (64), 26 (77)]";725;"Maquina 5: [19 (31), 7 (17), 32 (65), 37 (51), 36 (98)]";717;"Maquina 6: [20 (20), 8 (59), 29 (38), 23 (70), 14 (88)]";791;"Maquina 7: [39 (24), 22 (39), 11 (53), 21 (95), 28 (99)]";909;"Maquina 8: [35 (25), 5 (61), 33 (46), 13 (71), 1 (74)]";775
Multiarranque;40;8;5870;17.0;10;"Maquina 1: [31 (5), 19 (31), 37 (51), 30 (74), 25 (74)]";641;"Maquina 2: [0 (10), 35 (25), 13 (71), 3 (75), 24 (69)]";732;"Maquina 3: [2 (14), 16 (29), 7 (17), 23 (70), 17 (62), 21 (95)]";954;"Maquina 4: [39 (24), 6 (28), 33 (46), 22 (39), 15 (49), 28 (99)]";900;"Maquina 5: [10 (27), 4 (29), 5 (61), 14 (88), 9 (64)]";769;"Maquina 6: [20 (20), 38 (16), 12 (50), 18 (50), 36 (98)]";613;"Maquina 7: [29 (38), 34 (63), 32 (65), 1 (74)]";617;"Maquina 8: [27 (50), 8 (59), 26 (77), 11 (53)]";644
GREEDY;40;8;5063;1.0;1;"Maquina 1: [19 (9), 9 (2), 18 (29), 32 (80), 25 (56)]";553;"Maquina 2: [31 (10), 30 (2), 6 (43), 16 (67), 24 (90)]";653;"Maquina 3: [10 (13), 3 (4), 35 (31), 15 (56), 22 (98), 37 (77)]";828;"Maquina 4: [7 (4), 38 (18), 0 (34), 1 (66), 5 (85)]";641;"Maquina 5: [26 (33), 12 (5), 20 (20), 36 (82), 14 (67)]";563;"Maquina 6: [33 (20), 17 (6), 34 (67), 28 (46), 29 (89)]";647;"Maquina 7: [4 (23), 23 (7), 11 (48), 27 (74), 39 (96)]";703;"Maquina 8: [8 (8), 2 (27), 13 (52), 21 (76)]";475
GRASP;40;8;4251;17.0;10;"Maquina 1: [10 (13), 30 (2), 0 (34), 22 (98), 16 (67)]";516;"Maquina 2: [3 (4), 20 (20), 6 (43), 27 (74), 36 (82)]";501;"Maquina 3: [19 (9), 7 (4), 14 (67), 33 (20), 32 (80)]";472;"Maquina 4: [9 (2), 38 (18), 25 (56), 29 (89), 24 (90)]";552;"Maquina 5: [4 (23), 23 (7), 26 (33), 21 (76), 5 (85)]";549;"Maquina 6: [8 (8), 31 (10), 11 (48), 35 (31), 1 (66)]";384;"Maquina 7: [28 (46), 12 (5), 18 (29), 15 (56), 39 (96)]";636;"Maquina 8: [2 (27), 17 (6), 34 (67), 37 (77), 13 (52)]";641
LNS;40;8;5054;0.0;10;"Maquina 1: [19 (9), 9 (2), 18 (29), 32 (80), 25 (56)]";553;"Maquina 2: [31 (10), 30 (2), 16 (67), 6 (43), 24 (90)]";644;"Maquina 3: [10 (13), 3 (4), 35 (31), 15 (56), 22 (98), 37 (77)]";828;"Maquina 4: [7 (4), 38 (18), 0 (34), 1 (66), 5 (85)]";641;"Maquina 5: [26 (33), 12 (5), 20 (20), 36 (82), 14 (67)]";563;"Maquina 6: [33 (20), 17 (6), 34 (67), 28 (46), 29 (89)]";647;"Maquina 7: [4 (23), 23 (7), 11 (48), 27 (74), 39 (96)]";703;"Maquina 8: [8 (8), 2 (27), 13 (52), 21 (76)]";475
TABÚ;40;8;4505;7.0;10;"Maquina 1: [8 (8), 30 (2), 7 (4), 2 (27), 15 (56), 21 (76)]";529;"Maquina 2: [3 (4), 38 (18), 25 (56), 0 (34), 37 (77)]";487;"Maquina 3: [4 (23), 16 (67), 28 (46), 27 (74), 24 (90)]";855;"Maquina 4: [9 (2), 31 (10), 35 (31), 39 (96), 22 (98)]";546;"Maquina 5: [12 (5), 10 (13), 14 (67), 26 (33), 29 (89)]";516;"Maquina 6: [23 (7), 6 (43), 18 (29), 34 (67), 36 (82)]";614;"Maquina 7: [20 (20), 17 (6), 11 (48), 5 (85), 13 (52)]";620;"Maquina 8: [33 (20), 19 (9), 1 (66), 32 (80)]";338
VNS;40;8;4728;456.0;10;"Maquina 1: [19 (9), 9 (2), 31 (10), 18 (29), 32 (80), 0 (34)]";512;"Maquina 2: [30 (2), 16 (67), 6 (43), 24 (90)]";478;"Maquina 3: [10 (13), 3 (4), 35 (31), 20 (20), 22 (98), 37 (77)]";635;"Maquina 4: [7 (4), 38 (18), 25 (56), 5 (85), 1 (66)]";607;"Maquina 5: [26 (33), 12 (5), 15 (56), 36 (82), 14 (67)]";725;"Maquina 6: [33 (20), 17 (6), 34 (67), 28 (46), 29 (89)]";647;"Maquina 7: [4 (23), 23 (7), 13 (52), 27 (74), 39 (96)]";652;"Maquina 8: [8 (8), 2 (27), 11 (48), 21 (76)]";472
Multiarranque;40;8;4703;19.0;10;"Maquina 1: [33 (20), 19 (9), 26 (33), 29 (89), 16 (67)]";583;"Maquina 2: [10 (13), 3 (4), 0 (34), 34 (67), 24 (90)]";594;"Maquina 3: [12 (5), 20 (20), 6 (43), 25 (56), 36 (82)]";487;"Maquina 4: [9 (2), 8 (8), 30 (2), 1 (66), 32 (80)]";315;"Maquina 5: [23 (7), 13 (52), 2 (27), 21 (76), 37 (77)]";697;"Maquina 6: [17 (6), 4 (23), 18 (29), 27 (74), 22 (98)]";679;"Maquina 7: [7 (4), 38 (18), 28 (46), 11 (48), 39 (96)]";642;"Maquina 8: [31 (10), 14 (67), 35 (31), 15 (56), 5 (85)]";706
GREEDY;40;8;6805;0.0;1;"Maquina 1: [32 (17), 19 (45), 18 (1), 4 (66), 36 (83), 11 (97)]";1041;"Maquina 2: [9 (9), 0 (59), 7 (18), 39 (93), 28 (76)]";989;"Maquina 3: [10 (10), 38 (23), 16 (37), 14 (64), 29 (84)]";695;"Maquina 4: [3 (24), 15 (13), 12 (56), 37 (72), 13 (88)]";923;"Maquina 5: [31 (39), 33 (31), 6 (16), 27 (70), 5 (87)]";810;"Maquina 6: [30 (16), 22 (34), 35 (38), 25 (67), 1 (86)]";808;"Maquina 7: [34 (40), 8 (36), 21 (17), 23 (70), 2 (86)]";868;"Maquina 8: [20 (78), 24 (17), 26 (36), 17 (63)]";671
GRASP;40;8;5851;17.0;10;"Maquina 1: [3 (24), 24 (17), 16 (37), 1 (86), 39 (93)]";748;"Maquina 2: [10 (10), 38 (23), 0 (59), 31 (39), 29 (84), 28 (76)]";860;"Maquina 3: [15 (13), 22 (34), 12 (56), 27 (70), 2 (86)]";858;"Maquina 4: [33 (31), 26 (36), 35 (38), 23 (70), 5 (87)]";797;"Maquina 5: [30 (16), 32 (17), 9 (9), 17 (63), 25 (67)]";555;"Maquina 6: [21 (17), 20 (78), 37 (72), 4 (66)]";644;"Maquina 7: [34 (40), 8 (36), 19 (45), 7 (18), 13 (88)]";718;"Maquina 8: [18 (1), 6 (16), 14 (64), 36 (83), 11 (97)]";671
LNS;40;8;6805;0.0;10;"Maquina 1: [32 (17), 19 (45), 18 (1), 4 (66), 36 (83), 11 (97)]";1041;"Maquina 2: [9 (9), 0 (59), 7 (18), 39 (93), 28 (76)]";989;"Maquina 3: [10 (10), 38 (23), 16 (37), 14 (64), 29 (84)]";695;"Maquina 4: [3 (24), 15 (13), 12 (56), 37 (72), 13 (88)]";923;"Maquina 5: [31 (39), 33 (31), 6 (16), 27 (70), 5 (87)]";810;"Maquina 6: [30 (16), 22 (34), 35 (38), 25 (67), 1 (86)]";808;"Maquina 7: [34 (40), 8 (36), 21 (17), 23 (70), 2 (86)]";868;"Maquina 8: [20 (78), 24 (17), 26 (36), 17 (63)]";671
TABÚ;40;8;6282;7.0;10;"Maquina 1: [15 (13), 18 (1), 4 (66), 35 (38), 28 (76), 26 (36)]";794;"Maquina 2: [10 (10), 38 (23), 16 (37), 23 (70), 29 (84)]";750;"Maquina 3: [9 (9), 39 (93), 13 (88), 1 (86)]";778;"Maquina 4: [6 (16), 12 (56), 33 (31), 3 (24), 25 (67)]";669;"Maquina 5: [8 (36), 21 (17), 14 (64), 5 (87), 19 (45)]";750;"Maquina 6: [34 (40), 24 (17), 30 (16), 22 (34), 36 (83)]";675;"Maquina 7: [37 (72), 32 (17), 2 (86), 31 (39), 27 (70)]";897;"Maquina 8: [0 (59), 7 (18), 17 (63), 11 (97), 20 (78)]";969
VNS;40;8;6504;515.0;10;"Maquina 1: [32 (17), 19 (45), 18 (1), 4 (66), 36 (83), 11 (97)]";1041;"Maquina 2: [9 (9), 38 (23), 0 (59), 7 (18), 39 (93), 28 (76)]";893;"Maquina 3: [10 (10), 16 (37), 31 (39), 14 (64), 29 (84)]";793;"Maquina 4: [3 (24), 15 (13), 12 (56), 37 (72), 13 (88)]";923;"Maquina 5: [33 (31), 6 (16), 27 (70), 5 (87)]";507;"Maquina 6: [30 (16), 22 (34), 35 (38), 25 (67), 1 (86)]";808;"Maquina 7: [34 (40), 8 (36), 21 (17), 23 (70), 2 (86)]";868;"Maquina 8: [20 (78), 24 (17), 26 (36), 17 (63)]";671
Multiarranque;40;8;6193;18.0;10;"Maquina 1: [18 (1), 6 (16), 35 (38), 4 (66), 11 (97)]";572;"Maquina 2: [31 (39), 9 (9), 39 (93), 14 (64), 28 (76)]";968;"Maquina 3: [15 (13), 29 (84), 32 (17), 27 (70), 5 (87)]";825;"Maquina 4: [8 (36), 33 (31), 12 (56), 7 (18), 25 (67)]";769;"Maquina 5: [10 (10), 38 (23), 0 (59), 20 (78), 1 (86)]";675;"Maquina 6: [34 (40), 24 (17), 16 (37), 23 (70), 13 (88)]";762;"Maquina 7: [3 (24), 26 (36), 19 (45), 37 (72), 2 (86)]";797;"Maquina 8: [30 (16), 22 (34), 36 (83), 21 (17), 17 (63)]";825
GREEDY;40;8;7760;0.0;1;"Maquina 1: [16 (19), 7 (2), 31 (49), 33 (91), 11 (74)]";1013;"Maquina 2: [25 (25), 22 (8), 23 (39), 2 (74), 6 (91)]";984;"Maquina 3: [12 (27), 30 (8), 38 (69), 4 (41), 5 (88)]";968;"Maquina 4: [26 (45), 17 (10), 13 (29), 24 (63), 8 (85)]";815;"Maquina 5: [19 (10), 18 (55), 3 (31), 15 (69), 14 (87)]";806;"Maquina 6: [39 (32), 28 (16), 9 (54), 36 (94), 27 (74)]";1067;"Maquina 7: [29 (16), 21 (56), 35 (96), 34 (33), 37 (79)]";1111;"Maquina 8: [10 (39), 20 (59), 32 (18), 1 (94), 0 (79)]";996
GRASP;40;8;6190;18.0;10;"Maquina 1: [12 (27), 22 (8), 26 (45), 36 (94), 38 (69)]";726;"Maquina 2: [32 (18), 30 (8), 2 (74), 0 (79), 24 (63)]";789;"Maquina 3: [21 (56), 7 (2), 13 (29), 27 (74), 4 (41)]";695;"Maquina 4: [16 (19), 28 (16), 11 (74), 34 (33), 5 (88)]";616;"Maquina 5: [10 (39), 20 (59), 3 (31), 1 (94), 35 (96)]";978;"Maquina 6: [29 (16), 37 (79), 23 (39), 8 (85), 14 (87)]";879;"Maquina 7: [17 (10), 18 (55), 19 (10), 31 (49), 6 (91)]";599;"Maquina 8: [25 (25), 39 (32), 9 (54), 33 (91), 15 (69)]";908
LNS;40;8;7665;0.0;10;"Maquina 1: [16 (19), 7 (2), 31 (49), 33 (91), 11 (74)]";1013;"Maquina 2: [25 (25), 22 (8), 23 (39), 2 (74), 6 (91)]";984;"Maquina 3: [4 (41), 30 (8), 38 (69), 12 (27), 5 (88)]";890;"Maquina 4: [26 (45), 17 (10), 13 (29), 24 (63), 8 (85)]";815;"Maquina 5: [19 (10), 18 (55), 3 (31), 15 (69), 14 (87)]";806;"Maquina 6: [39 (32), 28 (16), 9 (54), 36 (94), 27 (74)]";1067;"Maquina 7: [34 (33), 21 (56), 35 (96), 29 (16), 37 (79)]";1094;"Maquina 8: [10 (39), 20 (59), 32 (18), 1 (94), 0 (79)]";996
TABÚ;40;8;6360;7.0;10;"Maquina 1: [32 (18), 9 (54), 11 (74), 35 (96), 8 (85)]";1044;"Maquina 2: [12 (27), 30 (8), 26 (45), 15 (69), 6 (91)]";797;"Maquina 3: [16 (19), 19 (10), 7 (2), 27 (74), 33 (91)]";612;"Maquina 4: [34 (33), 17 (10), 18 (55), 1 (94), 14 (87)]";838;"Maquina 5: [10 (39), 28 (16), 0 (79), 2 (74), 21 (56)]";849;"Maquina 6: [22 (8), 13 (29), 3 (31), 5 (88), 36 (94)]";716;"Maquina 7: [29 (16), 23 (39), 31 (49), 37 (79), 38 (69)]";856;"Maquina 8: [25 (25), 39 (32), 4 (41), 20 (59), 24 (63)]";648
VNS;40;8;7255;418.0;10;"Maquina 1: [16 (19), 7 (2), 31 (49), 1 (94), 11 (74)]";973;"Maquina 2: [25 (25), 22 (8), 23 (39), 4 (41)]";456;"Maquina 3: [12 (27), 30 (8), 38 (69), 2 (74), 21 (56), 5 (88)]";1175;"Maquina 4: [26 (45), 17 (10), 13 (29), 24 (63), 6 (91), 8 (85)]";1119;"Maquina 5: [19 (10), 18 (55), 3 (31), 15 (69), 14 (87)]";806;"Maquina 6: [39 (32), 28 (16), 9 (54), 36 (94), 27 (74)]";1067;"Maquina 7: [29 (16), 35 (96), 34 (33), 37 (79)]";644;"Maquina 8: [10 (39), 20 (59), 32 (18), 33 (91), 0 (79)]";1015
Multiarranque;40;8;6888;18.0;10;"Maquina 1: [3 (31), 25 (25), 39 (32), 2 (74), 14 (87)]";836;"Maquina 2: [17 (10), 12 (27), 16 (19), 5 (88), 20 (59)]";932;"Maquina 3: [30 (8), 21 (56), 32 (18), 6 (91), 9 (54)]";710;"Maquina 4: [10 (39), 37 (79), 4 (41), 36 (94)]";656;"Maquina 5: [22 (8), 26 (45), 31 (49), 35 (96), 27 (74)]";909;"Maquina 6: [29 (16), 13 (29), 7 (2), 15 (69), 33 (91), 23 (39)]";783;"Maquina 7: [18 (55), 19 (10), 11 (74), 34 (33), 8 (85)]";1004;"Maquina 8: [28 (16), 0 (79), 24 (63), 38 (69), 1 (94)]";1058
GREEDY;40;8;5623;0.0;1;"Maquina 1: [19 (2), 23 (25), 29 (73), 5 (54), 24 (41)]";576;"Maquina 2: [8 (3), 16 (44), 21 (28), 0 (64), 32 (85)]";686;"Maquina 3: [1 (4), 27 (28), 33 (44), 38 (67), 20 (92)]";723;"Maquina 4: [15 (4), 34 (41), 6 (29), 30 (84), 22 (55)]";678;"Maquina 5: [35 (9), 28 (29), 25 (48), 17 (36), 2 (80)]";605;"Maquina 6: [7 (10), 37 (44), 4 (30), 11 (58), 39 (90)]";713;"Maquina 7: [3 (35), 10 (25), 26 (45), 36 (72), 9 (98)]";851;"Maquina 8: [18 (25), 14 (46), 13 (72), 31 (35), 12 (97)]";791
GRASP;40;8;4957;19.0;10;"Maquina 1: [17 (36), 28 (29), 25 (48), 13 (72), 5 (54)]";727;"Maquina 2: [8 (3), 27 (28), 31 (35), 33 (44), 38 (67)]";423;"Maquina 3: [23 (25), 6 (29), 11 (58), 26 (45), 20 (92)]";636;"Maquina 4: [35 (9), 29 (73), 3 (35), 12 (97), 9 (98)]";765;"Maquina 5: [21 (28), 14 (46), 10 (25), 39 (90), 32 (85)]";741;"Maquina 6: [18 (25), 1 (4), 24 (41), 37 (44), 2 (80)]";555;"Maquina 7: [19 (2), 34 (41), 4 (30), 22 (55), 36 (72)]";549;"Maquina 8: [7 (10), 15 (4), 0 (64), 16 (44), 30 (84)]";561
LNS;40;8;5623;1.0;10;"Maquina 1: [19 (2), 23 (25), 29 (73), 5 (54), 24 (41)]";576;"Maquina 2: [8 (3), 16 (44), 21 (28), 0 (64), 32 (85)]";686;"Maquina 3: [1 (4), 27 (28), 33 (44), 38 (67), 20 (92)]";723;"Maquina 4: [15 (4), 34 (41), 6 (29), 30 (84), 22 (55)]";678;"Maquina 5: [35 (9), 28 (29), 25 (48), 17 (36), 2 (80)]";605;"Maquina 6: [7 (10), 37 (44), 4 (30), 11 (58), 39 (90)]";713;"Maquina 7: [3 (35), 10 (25), 26 (45), 36 (72), 9 (98)]";851;"Maquina 8: [18 (25), 14 (46), 13 (72), 31 (35), 12 (97)]";791
TABÚ;40;8;5415;7.0;10;"Maquina 1: [7 (10), 28 (29), 20 (92), 11 (58), 16 (44)]";744;"Maquina 2: [19 (2), 21 (28), 0 (64), 31 (35), 32 (85)]";649;"Maquina 3: [35 (9), 26 (45), 36 (72), 12 (97), 30 (84)]";897;"Maquina 4: [8 (3), 27 (28), 33 (44), 34 (41), 13 (72)]";479;"Maquina 5: [10 (25), 17 (36), 3 (35), 25 (48), 38 (67)]";599;"Maquina 6: [15 (4), 6 (29), 5 (54), 37 (44), 39 (90)]";626;"Maquina 7: [18 (25), 1 (4), 4 (30), 22 (55), 2 (80)]";556;"Maquina 8: [23 (25), 29 (73), 24 (41), 14 (46), 9 (98)]";865
VNS;40;8;5411;497.0;10;"Maquina 1: [19 (2), 23 (25), 29 (73), 5 (54), 24 (41)]";576;"Maquina 2: [8 (3), 16 (44), 21 (28), 0 (64), 32 (85)]";686;"Maquina 3: [1 (4), 6 (29), 27 (28), 33 (44), 38 (67), 20 (92)]";753;"Maquina 4: [15 (4), 34 (41), 30 (84), 39 (90)]";472;"Maquina 5: [35 (9), 28 (29), 25 (48), 17 (36), 2 (80)]";605;"Maquina 6: [7 (10), 37 (44), 4 (30), 11 (58), 22 (55)]";677;"Maquina 7: [3 (35), 10 (25), 26 (45), 36 (72), 9 (98)]";851;"Maquina 8: [18 (25), 14 (46), 13 (72), 31 (35), 12 (97)]";791
Multiarranque;40;8;5244;18.0;10;"Maquina 1: [26 (45), 7 (10), 33 (44), 21 (28), 12 (97)]";646;"Maquina 2: [3 (35), 4 (30), 17 (36), 16 (44), 30 (84)]";638;"Maquina 3: [1 (4), 19 (2), 18 (25), 37 (44), 9 (98), 31 (35)]";675;"Maquina 4: [8 (3), 34 (41), 14 (46), 25 (48), 13 (72)]";568;"Maquina 5: [6 (29), 0 (64), 29 (73), 36 (72)]";548;"Maquina 6: [10 (25), 22 (55), 35 (9), 5 (54), 24 (41)]";600;"Maquina 7: [15 (4), 23 (25), 11 (58), 32 (85), 20 (92)]";705;"Maquina 8: [27 (28), 28 (29), 38 (67), 39 (90), 2 (80)]";864
GREEDY;40;8;7019;0.0;1;"Maquina 1: [22 (46), 28 (19), 11 (78), 0 (3), 7 (86)]";823;"Maquina 2: [35 (5), 29 (46), 15 (20), 37 (87), 2 (76)]";843;"Maquina 3: [3 (6), 25 (80), 18 (21), 23 (60), 39 (82)]";779;"Maquina 4: [1 (50), 4 (6), 38 (89), 31 (26), 13 (78)]";864;"Maquina 5: [20 (7), 9 (60), 30 (91), 32 (28), 14 (79)]";948;"Maquina 6: [27 (31), 5 (61), 6 (10), 33 (80), 16 (91)]";892;"Maquina 7: [34 (93), 26 (15), 36 (61), 8 (40), 19 (82)]";1098;"Maquina 8: [10 (17), 24 (41), 12 (48), 21 (68), 17 (83)]";772
GRASP;40;8;5892;18.0;10;"Maquina 1: [3 (6), 14 (79), 33 (80), 30 (91), 7 (86)]";977;"Maquina 2: [4 (6), 27 (31), 17 (83), 22 (46), 11 (78)]";667;"Maquina 3: [20 (7), 5 (61), 32 (28), 38 (89), 39 (82)]";729;"Maquina 4: [6 (10), 36 (61), 28 (19), 37 (87), 19 (82)]";816;"Maquina 5: [26 (15), 24 (41), 31 (26), 9 (60), 2 (76)]";665;"Maquina 6: [10 (17), 35 (5), 23 (60), 13 (78), 34 (93)]";649;"Maquina 7: [0 (3), 15 (20), 8 (40), 12 (48), 21 (68)]";506;"Maquina 8: [18 (21), 29 (46), 1 (50), 16 (91), 25 (80)]";883
LNS;40;8;7019;1.0;10;"Maquina 1: [22 (46), 28 (19), 11 (78), 0 (3), 7 (86)]";823;"Maquina 2: [35 (5), 29 (46), 15 (20), 37 (87), 2 (76)]";843;"Maquina 3: [3 (6), 25 (80), 18 (21), 23 (60), 39 (82)]";779;"Maquina 4: [1 (50), 4 (6), 38 (89), 31 (26), 13 (78)]";864;"Maquina 5: [20 (7), 9 (60), 30 (91), 32 (28), 14 (79)]";948;"Maquina 6: [27 (31), 5 (61), 6 (10), 33 (80), 16 (91)]";892;"Maquina 7: [34 (93), 26 (15), 36 (61), 8 (40), 19 (82)]";1098;"Maquina 8: [10 (17), 24 (41), 12 (48), 21 (68), 17 (83)]";772
TABÚ;40;8;6326;7.0;10;"Maquina 1: [3 (6), 7 (86), 35 (5), 23 (60), 38 (89)]";752;"Maquina 2: [20 (7), 15 (20), 24 (41), 34 (93), 13 (78)]";695;"Maquina 3: [0 (3), 9 (60), 25 (80), 18 (21), 19 (82)]";743;"Maquina 4: [6 (10), 21 (68), 8 (40), 2 (76), 17 (83)]";920;"Maquina 5: [31 (26), 27 (31), 12 (48), 36 (61), 33 (80)]";814;"Maquina 6: [10 (17), 26 (15), 1 (50), 11 (78), 16 (91)]";719;"Maquina 7: [4 (6), 32 (28), 14 (79), 29 (46), 30 (91)]";750;"Maquina 8: [22 (46), 28 (19), 5 (61), 37 (87), 39 (82)]";933
VNS;40;8;6641;395.0;10;"Maquina 1: [22 (46), 11 (78), 0 (3), 7 (86)]";635;"Maquina 2: [35 (5), 29 (46), 28 (19), 15 (20), 37 (87), 2 (76)]";751;"Maquina 3: [3 (6), 25 (80), 18 (21), 23 (60), 39 (82)]";779;"Maquina 4: [1 (50), 4 (6), 38 (89), 34 (93), 13 (78)]";985;"Maquina 5: [20 (7), 9 (60), 30 (91), 32 (28), 14 (79)]";948;"Maquina 6: [27 (31), 5 (61), 6 (10), 33 (80), 16 (91)]";892;"Maquina 7: [31 (26), 26 (15), 36 (61), 8 (40), 19 (82)]";879;"Maquina 8: [10 (17), 24 (41), 12 (48), 21 (68), 17 (83)]";772
Multiarranque;40;8;6652;18.0;10;"Maquina 1: [35 (5), 20 (7), 32 (28), 13 (78), 29 (46), 36 (61)]";890;"Maquina 2: [10 (17), 26 (15), 39 (82), 1 (50), 23 (60)]";770;"Maquina 3: [0 (3), 33 (80), 3 (6), 14 (79), 22 (46)]";707;"Maquina 4: [18 (21), 25 (80), 5 (61), 34 (93)]";749;"Maquina 5: [6 (10), 15 (20), 2 (76), 17 (83), 24 (41), 16 (91)]";1128;"Maquina 6: [27 (31), 21 (68), 30 (91), 8 (40), 37 (87)]";949;"Maquina 7: [31 (26), 28 (19), 19 (82), 7 (86)]";563;"Maquina 8: [4 (6), 38 (89), 9 (60), 12 (48), 11 (78)]";896
GREEDY;40;8;7684;0.0;1;"Maquina 1: [10 (23), 26 (3), 19 (76), 1 (58), 11 (90)]";1002;"Maquina 2: [21 (23), 8 (5), 35 (58), 15 (91), 5 (71)]";912;"Maquina 3: [31 (24), 29 (70), 22 (5), 0 (85), 13 (41)]";722;"Maquina 4: [12 (75), 6 (7), 18 (43), 4 (32), 32 (98)]";988;"Maquina 5: [7 (34), 39 (10), 17 (42), 14 (84), 23 (68)]";872;"Maquina 6: [27 (99), 2 (37), 20 (12), 33 (54), 38 (79)]";1194;"Maquina 7: [25 (12), 30 (49), 28 (40), 16 (71), 24 (89)]";881;"Maquina 8: [34 (63), 9 (17), 3 (99), 36 (80), 37 (40)]";1113
GRASP;40;8;6163;17.0;10;"Maquina 1: [9 (17), 30 (49), 19 (76), 10 (23), 23 (68)]";807;"Maquina 2: [6 (7), 18 (43), 21 (23), 3 (99), 36 (80)]";756;"Maquina 3: [20 (12), 28 (40), 24 (89), 11 (90), 0 (85)]";851;"Maquina 4: [2 (37), 1 (58), 17 (42), 15 (91), 38 (79)]";914;"Maquina 5: [25 (12), 39 (10), 37 (40), 12 (75), 16 (71)]";561;"Maquina 6: [13 (41), 33 (54), 7 (34), 35 (58), 27 (99)]";861;"Maquina 7: [8 (5), 26 (3), 31 (24), 29 (70), 5 (71)]";460;"Maquina 8: [22 (5), 4 (32), 32 (98), 34 (63), 14 (84)]";953
LNS;40;8;7684;1.0;10;"Maquina 1: [10 (23), 26 (3), 19 (76), 1 (58), 11 (90)]";1002;"Maquina 2: [21 (23), 8 (5), 35 (58), 15 (91), 5 (71)]";912;"Maquina 3: [31 (24), 29 (70), 22 (5), 0 (85), 13 (41)]";722;"Maquina 4: [12 (75), 6 (7), 18 (43), 4 (32), 32 (98)]";988;"Maquina 5: [7 (34), 39 (10), 17 (42), 14 (84), 23 (68)]";872;"Maquina 6: [27 (99), 2 (37), 20 (12), 33 (54), 38 (79)]";1194;"Maquina 7: [25 (12), 30 (49), 28 (40), 16 (71), 24 (89)]";881;"Maquina 8: [34 (63), 9 (17), 3 (99), 36 (80), 37 (40)]";1113
TABÚ;40;8;6534;8.0;10;"Maquina 1: [8 (5), 26 (3), 16 (71), 1 (58), 38 (79), 27 (99)]";973;"Maquina 2: [6 (7), 18 (43), 31 (24), 5 (71), 32 (98)]";697;"Maquina 3: [39 (10), 2 (37), 17 (42), 0 (85), 12 (75)]";794;"Maquina 4: [30 (49), 20 (12), 21 (23), 29 (70), 3 (99)]";741;"Maquina 5: [25 (12), 14 (84), 36 (80), 28 (40), 24 (89)]";945;"Maquina 6: [7 (34), 22 (5), 4 (32), 11 (90), 35 (58)]";689;"Maquina 7: [37 (40), 10 (23), 23 (68), 33 (54)]";623;"Maquina 8: [34 (63), 9 (17), 15 (91), 13 (41), 19 (76)]";1072
VNS;40;8;7301;492.0;10;"Maquina 1: [10 (23), 20 (12), 26 (3), 18 (43), 1 (58), 5 (71), 11 (90)]";1287;"Maquina 2: [21 (23), 8 (5), 35 (58), 15 (91)]";521;"Maquina 3: [31 (24), 29 (70), 22 (5), 0 (85), 13 (41)]";722;"Maquina 4: [12 (75), 6 (7), 19 (76), 4 (32), 32 (98)]";1028;"Maquina 5: [7 (34), 39 (10), 17 (42), 14 (84), 23 (68)]";872;"Maquina 6: [27 (99), 2 (37), 33 (54), 38 (79)]";898;"Maquina 7: [25 (12), 30 (49), 28 (40), 16 (71), 24 (89)]";881;"Maquina 8: [34 (63), 9 (17), 3 (99), 37 (40), 36 (80)]";1092
Multiarranque;40;8;6935;20.0;10;"Maquina 1: [18 (43), 21 (23), 39 (10), 37 (40), 7 (34)]";629;"Maquina 2: [20 (12), 26 (3), 14 (84), 30 (49), 29 (70)]";624;"Maquina 3: [6 (7), 24 (89), 11 (90), 33 (54), 35 (58)]";882;"Maquina 4: [8 (5), 16 (71), 10 (23), 12 (75), 27 (99)]";1102;"Maquina 5: [9 (17), 28 (40), 2 (37), 1 (58), 3 (99)]";829;"Maquina 6: [25 (12), 17 (42), 31 (24), 19 (76), 5 (71)]";757;"Maquina 7: [4 (32), 13 (41), 15 (91), 38 (79), 23 (68)]";1055;"Maquina 8: [22 (5), 34 (63), 0 (85), 36 (80), 32 (98)]";1057
GREEDY;40;8;4435;0.0;1;"Maquina 1: [0 (3), 19 (14), 9 (29), 21 (51), 10 (65)]";459;"Maquina 2: [8 (3), 30 (15), 16 (40), 14 (55), 17 (90)]";602;"Maquina 3: [12 (3), 27 (16), 3 (52), 31 (69), 23 (29)]";447;"Maquina 4: [37 (4), 24 (29), 38 (16), 36 (54), 2 (71)]";526;"Maquina 5: [26 (18), 7 (5), 4 (42), 20 (55), 15 (81)]";502;"Maquina 6: [13 (5), 29 (19), 6 (31), 28 (55), 11 (90)]";567;"Maquina 7: [35 (6), 1 (22), 32 (99), 33 (45), 18 (61)]";730;"Maquina 8: [25 (10), 39 (27), 22 (60), 5 (49), 34 (95)]";602
GRASP;40;8;4006;17.0;10;"Maquina 1: [12 (3), 27 (16), 18 (61), 6 (31), 15 (81)]";462;"Maquina 2: [7 (5), 5 (49), 8 (3), 36 (54), 32 (99)]";478;"Maquina 3: [24 (29), 37 (4), 1 (22), 16 (40), 28 (55), 14 (55)]";662;"Maquina 4: [13 (5), 30 (15), 3 (52), 29 (19), 11 (90)]";413;"Maquina 5: [0 (3), 38 (16), 39 (27), 9 (29), 34 (95)]";367;"Maquina 6: [26 (18), 25 (10), 33 (45), 20 (55), 10 (65)]";534;"Maquina 7: [35 (6), 31 (69), 4 (42), 2 (71)]";434;"Maquina 8: [19 (14), 23 (29), 21 (51), 22 (60), 17 (90)]";656
LNS;40;8;4435;1.0;10;"Maquina 1: [0 (3), 19 (14), 9 (29), 21 (51), 10 (65)]";459;"Maquina 2: [8 (3), 30 (15), 16 (40), 14 (55), 17 (90)]";602;"Maquina 3: [12 (3), 27 (16), 3 (52), 31 (69), 23 (29)]";447;"Maquina 4: [37 (4), 24 (29), 38 (16), 36 (54), 2 (71)]";526;"Maquina 5: [26 (18), 7 (5), 4 (42), 20 (55), 15 (81)]";502;"Maquina 6: [13 (5), 29 (19), 6 (31), 28 (55), 11 (90)]";567;"Maquina 7: [35 (6), 1 (22), 32 (99), 33 (45), 18 (61)]";730;"Maquina 8: [25 (10), 39 (27), 22 (60), 5 (49), 34 (95)]";602
TABÚ;40;8;4267;7.0;10;"Maquina 1: [38 (16), 13 (5), 30 (15), 3 (52), 17 (90)]";419;"Maquina 2: [27 (16), 0 (3), 36 (54), 31 (69), 24 (29)]";522;"Maquina 3: [29 (19), 37 (4), 20 (55), 15 (81), 33 (45)]";577;"Maquina 4: [1 (22), 7 (5), 5 (49), 22 (60), 32 (99)]";592;"Maquina 5: [26 (18), 12 (3), 23 (29), 10 (65), 14 (55)]";481;"Maquina 6: [35 (6), 6 (31), 28 (55), 8 (3), 2 (71)]";465;"Maquina 7: [39 (27), 19 (14), 18 (61), 21 (51), 34 (95)]";693;"Maquina 8: [9 (29), 25 (10), 16 (40), 4 (42), 11 (90)]";518
VNS;40;8;4326;503.0;10;"Maquina 1: [0 (3), 19 (14), 9 (29), 18 (61), 21 (51), 10 (65)]";673;"Maquina 2: [8 (3), 30 (15), 16 (40), 14 (55), 17 (90)]";602;"Maquina 3: [12 (3), 27 (16), 3 (52), 31 (69), 23 (29)]";447;"Maquina 4: [37 (4), 24 (29), 38 (16), 36 (54), 2 (71)]";526;"Maquina 5: [26 (18), 7 (5), 4 (42), 20 (55), 15 (81)]";502;"Maquina 6: [13 (5), 29 (19), 33 (45), 28 (55), 11 (90)]";574;"Maquina 7: [35 (6), 1 (22), 32 (99), 6 (31)]";400;"Maquina 8: [25 (10), 39 (27), 22 (60), 5 (49), 34 (95)]";602
Multiarranque;40;8;4296;18.0;10;"Maquina 1: [19 (14), 9 (29), 25 (10), 20 (55), 34 (95)]";517;"Maquina 2: [35 (6), 6 (31), 7 (5), 10 (65), 31 (69)]";487;"Maquina 3: [5 (49), 36 (54), 21 (51), 32 (99)]";580;"Maquina 4: [39 (27), 22 (60), 15 (81), 14 (55)]";573;"Maquina 5: [12 (3), 30 (15), 27 (16), 0 (3), 38 (16), 33 (45), 2 (71)]";559;"Maquina 6: [24 (29), 4 (42), 3 (52), 11 (90)]";521;"Maquina 7: [37 (4), 8 (3), 13 (5), 23 (29), 18 (61), 16 (40)]";502;"Maquina 8: [26 (18), 1 (22), 29 (19), 17 (90), 28 (55)]";557
GREEDY;40;8;5763;0.0;1;"Maquina 1: [14 (19), 2 (2), 37 (69), 21 (40), 11 (80)]";734;"Maquina 2: [35 (20), 23 (3), 8 (63), 13 (48), 12 (94)]";840;"Maquina 3: [24 (3), 31 (31), 32 (22), 29 (75), 0 (58)]";620;"Maquina 4: [15 (25), 38 (3), 18 (35), 7 (58), 26 (86)]";705;"Maquina 5: [28 (5), 30 (25), 10 (35), 16 (55), 27 (73)]";562;"Maquina 6: [4 (6), 6 (27), 22 (38), 33 (56), 20 (84)]";667;"Maquina 7: [36 (46), 39 (13), 19 (29), 17 (91), 3 (63)]";777;"Maquina 8: [25 (14), 9 (31), 34 (49), 5 (97), 1 (67)]";858
GRASP;40;8;4713;18.0;10;"Maquina 1: [24 (3), 16 (55), 30 (25), 15 (25), 11 (80)]";511;"Maquina 2: [38 (3), 6 (27), 7 (58), 8 (63), 12 (94)]";622;"Maquina 3: [23 (3), 34 (49), 21 (40), 22 (38), 27 (73)]";560;"Maquina 4: [35 (20), 28 (5), 36 (46), 33 (56), 20 (84)]";546;"Maquina 5: [32 (22), 2 (2), 1 (67), 3 (63), 37 (69)]";623;"Maquina 6: [25 (14), 39 (13), 9 (31), 26 (86), 18 (35)]";527;"Maquina 7: [14 (19), 31 (31), 13 (48), 0 (58), 5 (97)]";661;"Maquina 8: [19 (29), 4 (6), 29 (75), 10 (35), 17 (91)]";663
LNS;40;8;5760;1.0;10;"Maquina 1: [14 (19), 2 (2), 37 (69), 21 (40), 11 (80)]";734;"Maquina 2: [35 (20), 23 (3), 13 (48), 8 (63), 12 (94)]";837;"Maquina 3: [24 (3), 31 (31), 32 (22), 29 (75), 0 (58)]";620;"Maquina 4: [15 (25), 38 (3), 18 (35), 7 (58), 26 (86)]";705;"Maquina 5: [28 (5), 30 (25), 10 (35), 16 (55), 27 (73)]";562;"Maquina 6: [4 (6), 6 (27), 22 (38), 33 (56), 20 (84)]";667;"Maquina 7: [36 (46), 39 (13), 19 (29), 17 (91), 3 (63)]";777;"Maquina 8: [25 (14), 9 (31), 34 (49), 5 (97), 1 (67)]";858
TABÚ;40;8;5212;7.0;10;"Maquina 1: [24 (3), 32 (22), 3 (63), 18 (35), 29 (75), 5 (97)]";923;"Maquina 2: [4 (6), 36 (46), 39 (13), 0 (58), 12 (94)]";566;"Maquina 3: [23 (3), 1 (67), 19 (29), 33 (56), 21 (40)]";755;"Maquina 4: [13 (48), 28 (5), 30 (25), 17 (91), 27 (73)]";661;"Maquina 5: [38 (3), 6 (27), 7 (58), 15 (25), 26 (86)]";582;"Maquina 6: [2 (2), 35 (20), 14 (19), 31 (31), 34 (49)]";368;"Maquina 7: [10 (35), 16 (55), 8 (63), 11 (80)]";649;"Maquina 8: [25 (14), 22 (38), 37 (69), 9 (31), 20 (84)]";708
VNS;40;8;5522;473.0;10;"Maquina 1: [14 (19), 2 (2), 37 (69), 21 (40), 26 (86)]";693;"Maquina 2: [35 (20), 23 (3), 8 (63), 13 (48), 12 (94)]";840;"Maquina 3: [25 (14), 24 (3), 31 (31), 32 (22), 29 (75), 0 (58)]";809;"Maquina 4: [15 (25), 38 (3), 6 (27), 7 (58), 11 (80)]";547;"Maquina 5: [28 (5), 30 (25), 10 (35), 16 (55), 27 (73)]";562;"Maquina 6: [4 (6), 18 (35), 22 (38), 33 (56), 20 (84)]";630;"Maquina 7: [36 (46), 39 (13), 19 (29), 17 (91), 3 (63)]";777;"Maquina 8: [9 (31), 34 (49), 5 (97), 1 (67)]";664
Multiarranque;40;8;5482;19.0;10;"Maquina 1: [21 (40), 22 (38), 19 (29), 29 (75), 16 (55)]";753;"Maquina 2: [28 (5), 36 (46), 14 (19), 20 (84), 1 (67)]";581;"Maquina 3: [15 (25), 38 (3), 2 (2), 24 (3), 7 (58), 11 (80)]";620;"Maquina 4: [39 (13), 10 (35), 18 (35), 13 (48), 25 (14)]";628;"Maquina 5: [6 (27), 0 (58), 12 (94), 34 (49)]";656;"Maquina 6: [30 (25), 32 (22), 3 (63), 37 (69), 5 (97)]";843;"Maquina 7: [4 (6), 23 (3), 8 (63), 31 (31), 17 (91)]";562;"Maquina 8: [33 (56), 35 (20), 9 (31), 26 (86), 27 (73)]";839
GREEDY;40;8;7816;0.0;1;"Maquina 1: [24 (3), 38 (31), 18 (22), 10 (71), 28 (58)]";792;"Maquina 2: [3 (5), 34 (89), 19 (37), 7 (24), 20 (67)]";1011;"Maquina 3: [16 (11), 12 (34), 35 (25), 4 (56), 14 (71), 15 (94)]";1190;"Maquina 4: [32 (11), 2 (72), 1 (48), 13 (26)]";789;"Maquina 5: [22 (26), 27 (59), 17 (19), 31 (64), 39 (73)]";910;"Maquina 6: [6 (20), 8 (50), 29 (26), 37 (66), 9 (80)]";1016;"Maquina 7: [21 (21), 11 (44), 26 (92), 0 (27), 33 (69)]";1211;"Maquina 8: [30 (27), 5 (22), 36 (43), 23 (72), 25 (63)]";897
GRASP;40;8;5722;19.0;10;"Maquina 1: [5 (22), 7 (24), 1 (48), 20 (67), 26 (92)]";711;"Maquina 2: [16 (11), 19 (37), 8 (50), 13 (26), 39 (73)]";741;"Maquina 3: [22 (26), 24 (3), 32 (11), 31 (64), 33 (69)]";515;"Maquina 4: [12 (34), 11 (44), 28 (58), 2 (72), 15 (94)]";921;"Maquina 5: [6 (20), 30 (27), 23 (72), 10 (71), 37 (66)]";848;"Maquina 6: [3 (5), 0 (27), 29 (26), 25 (63), 4 (56)]";630;"Maquina 7: [21 (21), 38 (31), 35 (25), 36 (43), 34 (89)]";651;"Maquina 8: [17 (19), 18 (22), 27 (59), 14 (71), 9 (80)]";705
LNS;40;8;7762;1.0;10;"Maquina 1: [24 (3), 38 (31), 18 (22), 10 (71), 28 (58)]";792;"Maquina 2: [3 (5), 34 (89), 19 (37), 7 (24), 20 (67)]";1011;"Maquina 3: [16 (11), 12 (34), 35 (25), 4 (56), 14 (71), 15 (94)]";1190;"Maquina 4: [32 (11), 2 (72), 1 (48), 13 (26)]";789;"Maquina 5: [22 (26), 27 (59), 17 (19), 31 (64), 39 (73)]";910;"Maquina 6: [29 (26), 8 (50), 6 (20), 37 (66), 9 (80)]";962;"Maquina 7: [21 (21), 11 (44), 26 (92), 0 (27), 33 (69)]";1211;"Maquina 8: [30 (27), 5 (22), 36 (43), 23 (72), 25 (63)]";897
TABÚ;40;8;6110;7.0;10;"Maquina 1: [19 (37), 37 (66), 35 (25), 20 (67), 10 (71)]";804;"Maquina 2: [1 (48), 16 (11), 33 (69), 7 (24), 34 (89)]";972;"Maquina 3: [24 (3), 21 (21), 38 (31), 29 (26), 25 (63), 26 (92)]";939;"Maquina 4: [28 (58), 30 (27), 32 (11), 2 (72)]";569;"Maquina 5: [3 (5), 0 (27), 12 (34), 23 (72), 4 (56)]";576;"Maquina 6: [22 (26), 5 (22), 11 (44), 8 (50), 39 (73)]";703;"Maquina 7: [31 (64), 6 (20), 17 (19), 14 (71), 15 (94)]";813;"Maquina 8: [18 (22), 13 (26), 36 (43), 27 (59), 9 (80)]";734
VNS;40;8;6998;414.0;10;"Maquina 1: [24 (3), 38 (31), 18 (22), 25 (63), 28 (58)]";695;"Maquina 2: [3 (5), 34 (89), 19 (37), 27 (59), 20 (67)]";963;"Maquina 3: [16 (11), 8 (50), 35 (25), 4 (56), 14 (71), 15 (94)]";1366;"Maquina 4: [32 (11), 2 (72), 1 (48)]";390;"Maquina 5: [22 (26), 7 (24), 17 (19), 31 (64), 39 (73)]";901;"Maquina 6: [6 (20), 12 (34), 29 (26), 37 (66), 9 (80)]";775;"Maquina 7: [21 (21), 13 (26), 11 (44), 26 (92), 0 (27), 23 (72)]";1163;"Maquina 8: [30 (27), 5 (22), 36 (43), 33 (69), 10 (71)]";745
Multiarranque;40;8;6649;18.0;10;"Maquina 1: [4 (56), 14 (71), 6 (20), 19 (37), 37 (66)]";915;"Maquina 2: [24 (3), 32 (11), 33 (69), 10 (71), 1 (48)]";799;"Maquina 3: [17 (19), 18 (22), 16 (11), 22 (26), 7 (24), 27 (59)]";734;"Maquina 4: [30 (27), 31 (64), 28 (58), 20 (67)]";795;"Maquina 5: [12 (34), 29 (26), 5 (22), 2 (72), 15 (94)]";978;"Maquina 6: [21 (21), 13 (26), 36 (43), 11 (44), 26 (92)]";578;"Maquina 7: [0 (27), 38 (31), 9 (80), 35 (25), 8 (50)]";814;"Maquina 8: [3 (5), 39 (73), 23 (72), 34 (89), 25 (63)]";1036
GREEDY;40;8;8309;0.0;1;"Maquina 1: [10 (4), 6 (75), 1 (30), 26 (91), 11 (54)]";890;"Maquina 2: [17 (5), 30 (59), 28 (30), 19 (72), 12 (90)]";963;"Maquina 3: [20 (83), 39 (30), 35 (8), 27 (61), 18 (97)]";1083;"Maquina 4: [38 (12), 13 (35), 16 (61), 7 (77), 24 (92)]";1018;"Maquina 5: [29 (17), 34 (37), 9 (81), 23 (55), 4 (90)]";861;"Maquina 6: [22 (20), 5 (88), 0 (38), 14 (70), 25 (95)]";1025;"Maquina 7: [31 (71), 33 (20), 3 (90), 8 (44), 37 (99)]";1192;"Maquina 8: [2 (49), 15 (25), 32 (68), 21 (97), 36 (83)]";1277
GRASP;40;8;6834;18.0;10;"Maquina 1: [10 (4), 1 (30), 0 (38), 14 (70), 36 (83)]";708;"Maquina 2: [34 (37), 13 (35), 32 (68), 8 (44), 37 (99)]";818;"Maquina 3: [29 (17), 30 (59), 9 (81), 24 (92), 18 (97)]";1054;"Maquina 4: [15 (25), 22 (20), 31 (71), 20 (83), 25 (95)]";736;"Maquina 5: [17 (5), 35 (8), 28 (30), 5 (88), 26 (91)]";583;"Maquina 6: [33 (20), 11 (54), 27 (61), 3 (90), 21 (97)]";1095;"Maquina 7: [38 (12), 39 (30), 16 (61), 4 (90), 6 (75)]";673;"Maquina 8: [23 (55), 19 (72), 7 (77), 12 (90), 2 (49)]";1167
LNS;40;8;8309;0.0;10;"Maquina 1: [10 (4), 6 (75), 1 (30), 26 (91), 11 (54)]";890;"Maquina 2: [17 (5), 30 (59), 28 (30), 19 (72), 12 (90)]";963;"Maquina 3: [20 (83), 39 (30), 35 (8), 27 (61), 18 (97)]";1083;"Maquina 4: [38 (12), 13 (35), 16 (61), 7 (77), 24 (92)]";1018;"Maquina 5: [29 (17), 34 (37), 9 (81), 23 (55), 4 (90)]";861;"Maquina 6: [22 (20), 5 (88), 0 (38), 14 (70), 25 (95)]";1025;"Maquina 7: [31 (71), 33 (20), 3 (90), 8 (44), 37 (99)]";1192;"Maquina 8: [2 (49), 15 (25), 32 (68), 21 (97), 36 (83)]";1277
TABÚ;40;8;7031;8.0;10;"Maquina 1: [17 (5), 39 (30), 13 (35), 20 (83), 24 (92)]";681;"Maquina 2: [10 (4), 15 (25), 30 (59), 4 (90), 7 (77)]";777;"Maquina 3: [0 (38), 38 (12), 6 (75), 36 (83), 37 (99)]";896;"Maquina 4: [29 (17), 34 (37), 19 (72), 27 (61), 3 (90)]";735;"Maquina 5: [35 (8), 33 (20), 2 (49), 26 (91), 25 (95), 14 (70)]";1144;"Maquina 6: [22 (20), 8 (44), 32 (68), 12 (90), 16 (61)]";907;"Maquina 7: [11 (54), 1 (30), 21 (97), 9 (81)]";778;"Maquina 8: [28 (30), 5 (88), 31 (71), 23 (55), 18 (97)]";1113
VNS;40;8;7786;466.0;10;"Maquina 1: [10 (4), 32 (68), 1 (30), 26 (91), 6 (75)]";845;"Maquina 2: [17 (5), 30 (59), 28 (30), 7 (77), 11 (54)]";755;"Maquina 3: [20 (83), 39 (30), 9 (81), 24 (92), 18 (97)]";1273;"Maquina 4: [38 (12), 13 (35), 16 (61), 19 (72), 27 (61)]";850;"Maquina 5: [29 (17), 34 (37), 35 (8), 23 (55), 4 (90)]";643;"Maquina 6: [2 (49), 5 (88), 0 (38), 14 (70), 25 (95)]";1062;"Maquina 7: [31 (71), 33 (20), 3 (90), 8 (44), 37 (99)]";1192;"Maquina 8: [22 (20), 15 (25), 12 (90), 21 (97), 36 (83)]";1166
Multiarranque;40;8;7679;18.0;10;"Maquina 1: [29 (17), 39 (30), 33 (20), 35 (8), 27 (61), 18 (97)]";802;"Maquina 2: [12 (90), 22 (20), 23 (55), 25 (95), 30 (59)]";1080;"Maquina 3: [19 (72), 38 (12), 28 (30), 0 (38), 11 (54)]";748;"Maquina 4: [13 (35), 7 (77), 14 (70), 31 (71), 26 (91)]";1334;"Maquina 5: [10 (4), 17 (5), 16 (61), 36 (83), 24 (92)]";744;"Maquina 6: [4 (90), 3 (90), 20 (83), 9 (81)]";1042;"Maquina 7: [1 (30), 34 (37), 8 (44), 37 (99), 15 (25), 5 (88)]";1075;"Maquina 8: [6 (75), 32 (68), 2 (49), 21 (97)]";854
GREEDY;40;8;7685;0.0;1;"Maquina 1: [15 (47), 29 (25), 38 (5), 2 (68), 35 (86)]";889;"Maquina 2: [37 (13), 26 (31), 20 (44), 33 (59), 39 (90)]";981;"Maquina 3: [22 (17), 12 (46), 0 (70), 19 (96), 5 (33)]";1043;"Maquina 4: [21 (48), 28 (34), 25 (17), 23 (62), 16 (82)]";893;"Maquina 5: [18 (18), 24 (55), 13 (50), 32 (34), 1 (82)]";758;"Maquina 6: [9 (22), 11 (41), 27 (70), 7 (93), 34 (46)]";942;"Maquina 7: [4 (23), 10 (76), 36 (43), 6 (55), 14 (98)]";1204;"Maquina 8: [8 (51), 17 (25), 30 (70), 3 (44), 31 (94)]";975
GRASP;40;8;6380;17.0;10;"Maquina 1: [37 (13), 26 (31), 23 (62), 15 (47), 16 (82)]";677;"Maquina 2: [28 (34), 32 (34), 0 (70), 27 (70), 10 (76)]";939;"Maquina 3: [18 (18), 13 (50), 25 (17), 33 (59), 36 (43)]";588;"Maquina 4: [38 (5), 35 (86), 17 (25), 20 (44), 34 (46)]";747;"Maquina 5: [5 (33), 39 (90), 21 (48), 29 (25), 14 (98)]";977;"Maquina 6: [22 (17), 24 (55), 30 (70), 11 (41), 31 (94)]";769;"Maquina 7: [9 (22), 12 (46), 8 (51), 2 (68), 7 (93)]";756;"Maquina 8: [4 (23), 1 (82), 3 (44), 6 (55), 19 (96)]";927
LNS;40;8;7548;1.0;10;"Maquina 1: [15 (47), 29 (25), 38 (5), 2 (68), 35 (86)]";889;"Maquina 2: [26 (31), 37 (13), 20 (44), 33 (59), 39 (90)]";915;"Maquina 3: [22 (17), 12 (46), 0 (70), 19 (96), 5 (33)]";1043;"Maquina 4: [21 (48), 28 (34), 25 (17), 23 (62), 16 (82)]";893;"Maquina 5: [18 (18), 24 (55), 13 (50), 32 (34), 1 (82)]";758;"Maquina 6: [9 (22), 27 (70), 11 (41), 7 (93), 34 (46)]";939;"Maquina 7: [10 (76), 6 (55), 36 (43), 4 (23), 14 (98)]";1136;"Maquina 8: [8 (51), 17 (25), 30 (70), 3 (44), 31 (94)]";975
TABÚ;40;8;6434;7.0;10;"Maquina 1: [26 (31), 38 (5), 30 (70), 33 (59), 11 (41)]";759;"Maquina 2: [17 (25), 29 (25), 8 (51), 20 (44), 2 (68)]";666;"Maquina 3: [18 (18), 24 (55), 32 (34), 35 (86), 0 (70)]";820;"Maquina 4: [5 (33), 25 (17), 23 (62), 15 (47), 31 (94)]";779;"Maquina 5: [6 (55), 9 (22), 7 (93), 10 (76), 36 (43)]";917;"Maquina 6: [37 (13), 12 (46), 21 (48), 34 (46), 16 (82)]";682;"Maquina 7: [22 (17), 28 (34), 13 (50), 19 (96), 27 (70)]";809;"Maquina 8: [4 (23), 1 (82), 3 (44), 39 (90), 14 (98)]";1002
VNS;40;8;6934;351.0;10;"Maquina 1: [22 (17), 15 (47), 29 (25), 2 (68), 34 (46)]";749;"Maquina 2: [37 (13), 26 (31), 20 (44), 33 (59), 39 (90)]";981;"Maquina 3: [36 (43), 12 (46), 0 (70), 19 (96), 5 (33)]";1065;"Maquina 4: [21 (48), 28 (34), 25 (17), 23 (62), 16 (82)]";893;"Maquina 5: [18 (18), 24 (55), 13 (50), 32 (34), 35 (86)]";711;"Maquina 6: [9 (22), 11 (41), 27 (70), 7 (93), 14 (98)]";945;"Maquina 7: [4 (23), 38 (5), 10 (76), 6 (55), 1 (82)]";615;"Maquina 8: [8 (51), 17 (25), 30 (70), 3 (44), 31 (94)]";975
Multiarranque;40;8;6614;19.0;10;"Maquina 1: [25 (17), 37 (13), 27 (70), 28 (34), 1 (82), 19 (96)]";1047;"Maquina 2: [22 (17), 23 (62), 36 (43), 39 (90), 30 (70)]";847;"Maquina 3: [8 (51), 11 (41), 15 (47), 34 (46)]";642;"Maquina 4: [38 (5), 0 (70), 33 (59), 26 (31), 31 (94)]";826;"Maquina 5: [9 (22), 13 (50), 21 (48), 35 (86), 10 (76)]";848;"Maquina 6: [4 (23), 17 (25), 24 (55), 2 (68), 12 (46)]";753;"Maquina 7: [18 (18), 3 (44), 32 (34), 7 (93), 20 (44)]";799;"Maquina 8: [5 (33), 29 (25), 6 (55), 16 (82), 14 (98)]";852
