GREEDY;50;6;14472;0.0;1;"Maquina 1: [5 (7), 44 (13), 49 (56), 36 (33), 15 (87), 16 (47), 29 (62), 42 (94), 22 (77)]";2578;"Maquina 2: [21 (44), 37 (50), 0 (14), 19 (77), 10 (9), 25 (61), 18 (85), 11 (94)]";2530;"Maquina 3: [31 (20), 39 (33), 28 (48), 24 (71), 33 (11), 17 (57), 46 (87), 13 (83), 26 (96)]";2786;"Maquina 4: [45 (12), 27 (34), 47 (45), 4 (83), 3 (27), 20 (89), 2 (56), 1 (64)]";2088;"Maquina 5: [12 (13), 8 (31), 48 (60), 32 (75), 35 (38), 23 (83), 14 (49), 38 (93)]";2388;"Maquina 6: [43 (13), 30 (31), 6 (34), 9 (58), 34 (47), 40 (92), 41 (63), 7 (81)]";2102
GRASP;50;6;11826;29.0;10;"Maquina 1: [33 (11), 41 (63), 44 (13), 37 (50), 42 (94), 8 (31), 22 (77), 18 (85)]";1724;"Maquina 2: [5 (7), 0 (14), 36 (33), 25 (61), 28 (48), 9 (58), 1 (64), 13 (83), 20 (89)]";2277;"Maquina 3: [10 (9), 31 (20), 6 (34), 17 (57), 48 (60), 35 (38), 19 (77), 7 (81), 26 (96)]";2092;"Maquina 4: [43 (13), 30 (31), 45 (12), 47 (45), 14 (49), 29 (62), 4 (83), 40 (92)]";1546;"Maquina 5: [21 (44), 27 (34), 34 (47), 24 (71), 49 (56), 23 (83), 38 (93), 11 (94)]";2204;"Maquina 6: [3 (27), 39 (33), 12 (13), 46 (87), 2 (56), 15 (87), 16 (47), 32 (75)]";1983
LNS;50;6;14147;1.0;10;"Maquina 1: [5 (7), 44 (13), 49 (56), 36 (33), 15 (87), 16 (47), 29 (62), 42 (94), 22 (77)]";2578;"Maquina 2: [21 (44), 0 (14), 37 (50), 19 (77), 10 (9), 25 (61), 18 (85), 11 (94)]";2497;"Maquina 3: [31 (20), 39 (33), 28 (48), 24 (71), 33 (11), 17 (57), 46 (87), 13 (83), 26 (96)]";2786;"Maquina 4: [3 (27), 27 (34), 47 (45), 2 (56), 45 (12), 20 (89), 4 (83), 1 (64)]";1934;"Maquina 5: [12 (13), 8 (31), 48 (60), 32 (75), 35 (38), 23 (83), 14 (49), 38 (93)]";2388;"Maquina 6: [30 (31), 43 (13), 6 (34), 9 (58), 34 (47), 40 (92), 41 (63), 7 (81)]";1964
TABÚ;50;6;12715;11.0;10;"Maquina 1: [33 (11), 27 (34), 34 (47), 40 (92), 3 (27), 28 (48), 24 (71), 38 (93), 13 (83)]";2529;"Maquina 2: [45 (12), 47 (45), 0 (14), 29 (62), 42 (94), 14 (49), 41 (63), 46 (87)]";1983;"Maquina 3: [10 (9), 31 (20), 6 (34), 17 (57), 48 (60), 16 (47), 23 (83), 26 (96), 9 (58)]";2348;"Maquina 4: [5 (7), 39 (33), 12 (13), 49 (56), 8 (31), 7 (81), 19 (77), 11 (94)]";1718;"Maquina 5: [1 (64), 44 (13), 37 (50), 22 (77), 30 (31), 2 (56), 18 (85), 20 (89)]";2199;"Maquina 6: [35 (38), 36 (33), 43 (13), 21 (44), 25 (61), 32 (75), 15 (87), 4 (83)]";1938
VNS;50;6;13870;668.0;10;"Maquina 1: [5 (7), 44 (13), 49 (56), 36 (33), 15 (87), 16 (47), 19 (77), 42 (94), 22 (77)]";2517;"Maquina 2: [21 (44), 37 (50), 0 (14), 29 (62), 10 (9), 35 (38), 18 (85), 11 (94)]";1913;"Maquina 3: [31 (20), 39 (33), 28 (48), 24 (71), 33 (11), 17 (57), 46 (87), 13 (83), 26 (96)]";2786;"Maquina 4: [45 (12), 27 (34), 47 (45), 4 (83), 3 (27), 20 (89), 2 (56), 1 (64)]";2088;"Maquina 5: [12 (13), 8 (31), 48 (60), 32 (75), 14 (49), 23 (83), 25 (61), 38 (93)]";2464;"Maquina 6: [43 (13), 30 (31), 6 (34), 9 (58), 34 (47), 40 (92), 41 (63), 7 (81)]";2102
Multiarranque;50;6;12973;31.0;10;"Maquina 1: [44 (13), 47 (45), 31 (20), 25 (61), 2 (56), 26 (96), 41 (63), 18 (85)]";1814;"Maquina 2: [5 (7), 39 (33), 28 (48), 9 (58), 22 (77), 46 (87), 38 (93), 4 (83)]";2001;"Maquina 3: [10 (9), 30 (31), 33 (11), 21 (44), 0 (14), 8 (31), 36 (33), 42 (94), 32 (75)]";1962;"Maquina 4: [45 (12), 43 (13), 14 (49), 37 (50), 34 (47), 16 (47), 7 (81), 48 (60), 20 (89)]";2353;"Maquina 5: [6 (34), 29 (62), 3 (27), 24 (71), 1 (64), 49 (56), 13 (83), 15 (87)]";2593;"Maquina 6: [12 (13), 19 (77), 27 (34), 17 (57), 23 (83), 35 (38), 40 (92), 11 (94)]";2250
GREEDY;50;6;15050;0.0;1;"Maquina 1: [7 (21), 41 (53), 3 (2), 29 (48), 33 (65), 4 (75), 36 (35), 15 (91), 26 (97)]";2717;"Maquina 2: [34 (9), 40 (36), 8 (26), 30 (54), 16 (66), 25 (50), 28 (75), 27 (91)]";2198;"Maquina 3: [24 (64), 49 (11), 13 (71), 46 (44), 43 (28), 14 (89), 48 (52), 0 (96)]";2666;"Maquina 4: [32 (14), 2 (32), 11 (39), 18 (60), 35 (50), 38 (69), 44 (80), 42 (91), 20 (99)]";2832;"Maquina 5: [21 (32), 39 (19), 45 (91), 19 (52), 12 (41), 47 (57), 10 (85), 37 (67)]";2198;"Maquina 6: [6 (21), 5 (71), 1 (35), 9 (87), 23 (53), 22 (47), 31 (60), 17 (93)]";2439
GRASP;50;6;13082;30.0;10;"Maquina 1: [3 (2), 8 (26), 19 (52), 21 (32), 47 (57), 43 (28), 9 (87), 13 (71), 20 (99)]";2089;"Maquina 2: [34 (9), 23 (53), 39 (19), 37 (67), 12 (41), 24 (64), 4 (75), 26 (97)]";2036;"Maquina 3: [46 (44), 1 (35), 25 (50), 28 (75), 2 (32), 30 (54), 45 (91), 17 (93)]";2297;"Maquina 4: [6 (21), 36 (35), 33 (65), 41 (53), 14 (89), 22 (47), 16 (66), 0 (96)]";2280;"Maquina 5: [49 (11), 32 (14), 5 (71), 11 (39), 18 (60), 10 (85), 35 (50), 42 (91)]";1857;"Maquina 6: [40 (36), 7 (21), 29 (48), 48 (52), 38 (69), 31 (60), 15 (91), 44 (80), 27 (91)]";2523
LNS;50;6;14749;1.0;10;"Maquina 1: [7 (21), 41 (53), 3 (2), 29 (48), 33 (65), 4 (75), 36 (35), 15 (91), 26 (97)]";2717;"Maquina 2: [34 (9), 25 (50), 8 (26), 30 (54), 40 (36), 16 (66), 28 (75), 27 (91)]";2047;"Maquina 3: [24 (64), 49 (11), 13 (71), 43 (28), 46 (44), 14 (89), 48 (52), 0 (96)]";2516;"Maquina 4: [32 (14), 2 (32), 11 (39), 18 (60), 35 (50), 38 (69), 44 (80), 42 (91), 20 (99)]";2832;"Maquina 5: [21 (32), 39 (19), 45 (91), 19 (52), 12 (41), 47 (57), 10 (85), 37 (67)]";2198;"Maquina 6: [6 (21), 5 (71), 1 (35), 9 (87), 23 (53), 22 (47), 31 (60), 17 (93)]";2439
TABÚ;50;6;13230;12.0;10;"Maquina 1: [3 (2), 8 (26), 36 (35), 48 (52), 25 (50), 37 (67), 26 (97), 17 (93)]";1809;"Maquina 2: [34 (9), 43 (28), 1 (35), 11 (39), 18 (60), 31 (60), 42 (91), 16 (66), 14 (89)]";2377;"Maquina 3: [49 (11), 2 (32), 47 (57), 13 (71), 24 (64), 35 (50), 45 (91), 22 (47)]";2018;"Maquina 4: [39 (19), 7 (21), 12 (41), 38 (69), 19 (52), 44 (80), 23 (53), 20 (99), 27 (91)]";2413;"Maquina 5: [6 (21), 46 (44), 30 (54), 5 (71), 28 (75), 40 (36), 4 (75), 10 (85)]";2366;"Maquina 6: [32 (14), 33 (65), 41 (53), 29 (48), 21 (32), 15 (91), 0 (96), 9 (87)]";2247
VNS;50;6;14592;726.0;10;"Maquina 1: [7 (21), 41 (53), 3 (2), 29 (48), 33 (65), 4 (75), 36 (35), 15 (91), 26 (97)]";2717;"Maquina 2: [34 (9), 40 (36), 8 (26), 30 (54), 6 (21), 16 (66), 25 (50), 28 (75), 27 (91)]";2487;"Maquina 3: [24 (64), 32 (14), 13 (71), 43 (28), 14 (89), 48 (52), 0 (96)]";2139;"Maquina 4: [49 (11), 2 (32), 46 (44), 11 (39), 18 (60), 35 (50), 38 (69), 44 (80), 42 (91), 20 (99)]";2976;"Maquina 5: [21 (32), 39 (19), 45 (91), 19 (52), 12 (41), 47 (57), 10 (85), 37 (67)]";2198;"Maquina 6: [5 (71), 1 (35), 9 (87), 23 (53), 22 (47), 31 (60), 17 (93)]";2075
Multiarranque;50;6;13751;34.0;10;"Maquina 1: [7 (21), 37 (67), 3 (2), 16 (66), 20 (99), 28 (75), 38 (69), 13 (71)]";2169;"Maquina 2: [43 (28), 6 (21), 32 (14), 34 (9), 25 (50), 39 (19), 11 (39), 46 (44), 17 (93), 27 (91)]";2313;"Maquina 3: [30 (54), 8 (26), 9 (87), 40 (36), 26 (97), 33 (65), 14 (89), 0 (96)]";2778;"Maquina 4: [1 (35), 22 (47), 21 (32), 47 (57), 45 (91), 41 (53), 48 (52), 18 (60)]";2160;"Maquina 5: [29 (48), 49 (11), 4 (75), 23 (53), 31 (60), 15 (91), 10 (85)]";1772;"Maquina 6: [36 (35), 2 (32), 12 (41), 24 (64), 35 (50), 19 (52), 44 (80), 42 (91), 5 (71)]";2559
GREEDY;50;6;14130;0.0;1;"Maquina 1: [32 (1), 34 (20), 33 (38), 14 (56), 42 (47), 21 (29), 20 (95), 37 (67), 6 (83)]";2488;"Maquina 2: [13 (30), 24 (22), 18 (4), 31 (37), 11 (48), 16 (70), 39 (58), 22 (79), 30 (91)]";2303;"Maquina 3: [41 (34), 26 (4), 9 (59), 15 (48), 44 (74), 29 (99), 35 (24), 43 (85)]";2580;"Maquina 4: [28 (31), 7 (5), 45 (75), 17 (43), 48 (24), 38 (52), 3 (60), 0 (89)]";1980;"Maquina 5: [4 (28), 36 (13), 8 (55), 5 (44), 23 (30), 46 (77), 27 (91), 12 (62)]";2247;"Maquina 6: [10 (29), 49 (32), 1 (18), 19 (85), 2 (47), 47 (96), 25 (54), 40 (64)]";2532
GRASP;50;6;11766;58.0;10;"Maquina 1: [49 (32), 26 (4), 18 (4), 11 (48), 1 (18), 44 (74), 43 (85), 20 (95), 37 (67)]";1874;"Maquina 2: [32 (1), 35 (24), 4 (28), 7 (5), 21 (29), 5 (44), 25 (54), 29 (99), 6 (83)]";1656;"Maquina 3: [12 (62), 39 (58), 22 (79), 16 (70), 42 (47), 3 (60), 2 (47), 47 (96)]";2564;"Maquina 4: [10 (29), 17 (43), 9 (59), 36 (13), 40 (64), 45 (75), 19 (85), 30 (91)]";2177;"Maquina 5: [24 (22), 28 (31), 31 (37), 41 (34), 8 (55), 48 (24), 13 (30), 46 (77)]";1525;"Maquina 6: [38 (52), 34 (20), 33 (38), 14 (56), 23 (30), 0 (89), 27 (91), 15 (48)]";1970
LNS;50;6;14118;1.0;10;"Maquina 1: [32 (1), 34 (20), 33 (38), 14 (56), 42 (47), 21 (29), 20 (95), 37 (67), 6 (83)]";2488;"Maquina 2: [13 (30), 24 (22), 18 (4), 31 (37), 11 (48), 16 (70), 39 (58), 22 (79), 30 (91)]";2303;"Maquina 3: [41 (34), 26 (4), 9 (59), 15 (48), 44 (74), 29 (99), 35 (24), 43 (85)]";2580;"Maquina 4: [28 (31), 7 (5), 45 (75), 17 (43), 48 (24), 38 (52), 3 (60), 0 (89)]";1980;"Maquina 5: [8 (55), 36 (13), 4 (28), 5 (44), 23 (30), 46 (77), 27 (91), 12 (62)]";2235;"Maquina 6: [10 (29), 49 (32), 1 (18), 19 (85), 2 (47), 47 (96), 25 (54), 40 (64)]";2532
TABÚ;50;6;12905;20.0;10;"Maquina 1: [14 (56), 18 (4), 1 (18), 7 (5), 2 (47), 30 (91), 5 (44), 37 (67)]";1684;"Maquina 2: [49 (32), 26 (4), 4 (28), 23 (30), 44 (74), 19 (85), 47 (96), 9 (59), 0 (89)]";2350;"Maquina 3: [32 (1), 34 (20), 31 (37), 13 (30), 39 (58), 46 (77), 27 (91), 6 (83), 29 (99)]";2554;"Maquina 4: [33 (38), 10 (29), 17 (43), 48 (24), 38 (52), 25 (54), 20 (95), 40 (64)]";2027;"Maquina 5: [41 (34), 8 (55), 36 (13), 28 (31), 16 (70), 43 (85), 12 (62), 15 (48)]";2136;"Maquina 6: [24 (22), 35 (24), 21 (29), 3 (60), 42 (47), 11 (48), 22 (79), 45 (75)]";2154
VNS;50;6;13320;809.0;10;"Maquina 1: [32 (1), 34 (20), 33 (38), 14 (56), 42 (47), 21 (29), 20 (95), 37 (67), 6 (83)]";2488;"Maquina 2: [13 (30), 24 (22), 18 (4), 31 (37), 11 (48), 16 (70), 39 (58), 22 (79), 30 (91)]";2303;"Maquina 3: [41 (34), 9 (59), 15 (48), 44 (74), 29 (99), 35 (24), 43 (85)]";1868;"Maquina 4: [28 (31), 7 (5), 45 (75), 12 (62), 48 (24), 38 (52), 3 (60), 0 (89)]";2005;"Maquina 5: [26 (4), 4 (28), 36 (13), 8 (55), 5 (44), 23 (30), 46 (77), 27 (91), 49 (32)]";2367;"Maquina 6: [10 (29), 17 (43), 1 (18), 19 (85), 2 (47), 47 (96), 25 (54), 40 (64)]";2289
Multiarranque;50;6;12980;31.0;10;"Maquina 1: [10 (29), 18 (4), 5 (44), 37 (67), 31 (37), 19 (85), 15 (48), 47 (96), 43 (85)]";2435;"Maquina 2: [17 (43), 8 (55), 48 (24), 34 (20), 9 (59), 29 (99), 16 (70), 42 (47)]";2315;"Maquina 3: [24 (22), 1 (18), 28 (31), 6 (83), 36 (13), 25 (54), 22 (79), 46 (77)]";1645;"Maquina 4: [26 (4), 12 (62), 32 (1), 35 (24), 0 (89), 13 (30), 40 (64), 3 (60), 45 (75)]";2348;"Maquina 5: [41 (34), 21 (29), 2 (47), 33 (38), 14 (56), 27 (91), 38 (52), 20 (95)]";2172;"Maquina 6: [11 (48), 49 (32), 7 (5), 23 (30), 44 (74), 39 (58), 4 (28), 30 (91)]";2065
GREEDY;50;6;14348;0.0;1;"Maquina 1: [2 (28), 6 (2), 47 (88), 18 (55), 20 (51), 49 (62), 0 (72), 4 (41)]";1926;"Maquina 2: [22 (2), 3 (57), 10 (31), 38 (42), 19 (71), 21 (45), 44 (61), 24 (80), 39 (96)]";2646;"Maquina 3: [32 (7), 41 (32), 36 (80), 12 (44), 27 (38), 37 (56), 1 (72), 46 (61), 17 (96)]";2517;"Maquina 4: [28 (16), 34 (59), 48 (49), 30 (33), 8 (43), 45 (73), 16 (68), 25 (93)]";2397;"Maquina 5: [9 (24), 42 (33), 13 (43), 33 (76), 29 (60), 7 (48), 11 (95), 40 (70)]";2447;"Maquina 6: [14 (25), 31 (36), 15 (43), 26 (76), 35 (48), 5 (58), 43 (90), 23 (67)]";2415
GRASP;50;6;13188;30.0;10;"Maquina 1: [13 (43), 10 (31), 2 (28), 6 (2), 47 (88), 18 (55), 5 (58), 36 (80), 26 (76)]";2192;"Maquina 2: [28 (16), 37 (56), 35 (48), 8 (43), 23 (67), 19 (71), 34 (59), 43 (90)]";2199;"Maquina 3: [30 (33), 22 (2), 38 (42), 7 (48), 17 (96), 48 (49), 46 (61), 33 (76), 45 (73)]";2491;"Maquina 4: [9 (24), 42 (33), 15 (43), 49 (62), 0 (72), 40 (70), 20 (51), 39 (96)]";2220;"Maquina 5: [32 (7), 41 (32), 4 (41), 16 (68), 24 (80), 21 (45), 44 (61), 1 (72)]";1876;"Maquina 6: [14 (25), 3 (57), 31 (36), 29 (60), 12 (44), 27 (38), 25 (93), 11 (95)]";2210
LNS;50;6;14348;1.0;10;"Maquina 1: [2 (28), 6 (2), 47 (88), 18 (55), 20 (51), 49 (62), 0 (72), 4 (41)]";1926;"Maquina 2: [22 (2), 3 (57), 10 (31), 38 (42), 19 (71), 21 (45), 44 (61), 24 (80), 39 (96)]";2646;"Maquina 3: [32 (7), 41 (32), 36 (80), 12 (44), 27 (38), 37 (56), 1 (72), 46 (61), 17 (96)]";2517;"Maquina 4: [28 (16), 34 (59), 48 (49), 30 (33), 8 (43), 45 (73), 16 (68), 25 (93)]";2397;"Maquina 5: [9 (24), 42 (33), 13 (43), 33 (76), 29 (60), 7 (48), 11 (95), 40 (70)]";2447;"Maquina 6: [14 (25), 31 (36), 15 (43), 26 (76), 35 (48), 5 (58), 43 (90), 23 (67)]";2415
TABÚ;50;6;13492;12.0;10;"Maquina 1: [22 (2), 41 (32), 15 (43), 4 (41), 21 (45), 44 (61), 1 (72), 26 (76), 43 (90)]";2149;"Maquina 2: [28 (16), 38 (42), 7 (48), 32 (7), 35 (48), 45 (73), 17 (96), 25 (93)]";1741;"Maquina 3: [10 (31), 9 (24), 49 (62), 36 (80), 42 (33), 16 (68), 11 (95), 29 (60)]";2101;"Maquina 4: [14 (25), 18 (55), 34 (59), 13 (43), 27 (38), 31 (36), 19 (71), 23 (67)]";2227;"Maquina 5: [5 (58), 48 (49), 2 (28), 12 (44), 40 (70), 47 (88), 33 (76), 37 (56)]";2295;"Maquina 6: [0 (72), 8 (43), 6 (2), 20 (51), 30 (33), 46 (61), 3 (57), 39 (96), 24 (80)]";2979
VNS;50;6;13729;746.0;10;"Maquina 1: [2 (28), 6 (2), 47 (88), 18 (55), 20 (51), 49 (62), 0 (72), 45 (73), 40 (70)]";2585;"Maquina 2: [22 (2), 3 (57), 10 (31), 38 (42), 26 (76), 44 (61), 24 (80), 39 (96)]";2242;"Maquina 3: [32 (7), 41 (32), 36 (80), 33 (76), 27 (38), 37 (56), 1 (72), 46 (61), 17 (96)]";2568;"Maquina 4: [28 (16), 34 (59), 48 (49), 30 (33), 8 (43), 16 (68), 25 (93)]";1680;"Maquina 5: [9 (24), 42 (33), 13 (43), 12 (44), 29 (60), 7 (48), 11 (95), 4 (41)]";1946;"Maquina 6: [14 (25), 31 (36), 15 (43), 21 (45), 19 (71), 35 (48), 5 (58), 43 (90), 23 (67)]";2708
Multiarranque;50;6;14021;37.0;10;"Maquina 1: [44 (61), 9 (24), 42 (33), 16 (68), 33 (76), 27 (38), 7 (48), 40 (70)]";2108;"Maquina 2: [23 (67), 30 (33), 14 (25), 3 (57), 25 (93), 15 (43), 24 (80), 11 (95)]";2275;"Maquina 3: [18 (55), 22 (2), 29 (60), 0 (72), 31 (36), 39 (96), 8 (43), 26 (76)]";2388;"Maquina 4: [10 (31), 35 (48), 5 (58), 19 (71), 4 (41), 43 (90), 49 (62), 47 (88)]";2472;"Maquina 5: [12 (44), 6 (2), 28 (16), 41 (32), 36 (80), 38 (42), 17 (96), 20 (51), 46 (61)]";2409;"Maquina 6: [21 (45), 32 (7), 34 (59), 48 (49), 13 (43), 2 (28), 37 (56), 1 (72), 45 (73)]";2369
GREEDY;50;6;12728;0.0;1;"Maquina 1: [32 (12), 1 (5), 40 (44), 19 (33), 48 (77), 9 (51), 8 (64), 6 (88)]";2096;"Maquina 2: [38 (13), 12 (7), 18 (19), 41 (49), 29 (45), 5 (73), 28 (33), 37 (61), 36 (82)]";1968;"Maquina 3: [22 (36), 0 (14), 31 (66), 13 (10), 30 (48), 45 (89), 33 (59), 17 (77)]";2294;"Maquina 4: [23 (10), 16 (15), 44 (28), 24 (40), 15 (48), 35 (51), 2 (66), 43 (81), 25 (98)]";2530;"Maquina 5: [39 (10), 27 (15), 20 (24), 7 (45), 21 (50), 10 (62), 34 (84), 11 (71)]";2000;"Maquina 6: [4 (12), 3 (36), 46 (46), 49 (18), 14 (49), 42 (60), 26 (82), 47 (66)]";1840
GRASP;50;6;11090;30.0;10;"Maquina 1: [1 (5), 42 (60), 0 (14), 35 (51), 29 (45), 6 (88), 30 (48), 24 (40)]";1780;"Maquina 2: [12 (7), 18 (19), 16 (15), 44 (28), 4 (12), 46 (46), 40 (44), 5 (73), 11 (71)]";1612;"Maquina 3: [13 (10), 32 (12), 48 (77), 15 (48), 9 (51), 7 (45), 36 (82), 33 (59)]";1996;"Maquina 4: [39 (10), 41 (49), 27 (15), 43 (81), 19 (33), 26 (82), 25 (98), 8 (64)]";1836;"Maquina 5: [21 (50), 49 (18), 23 (10), 3 (36), 37 (61), 45 (89), 31 (66), 17 (77), 47 (66)]";2283;"Maquina 6: [38 (13), 28 (33), 20 (24), 14 (49), 22 (36), 2 (66), 34 (84), 10 (62)]";1583
LNS;50;6;12728;1.0;10;"Maquina 1: [32 (12), 1 (5), 40 (44), 19 (33), 48 (77), 9 (51), 8 (64), 6 (88)]";2096;"Maquina 2: [38 (13), 12 (7), 18 (19), 41 (49), 29 (45), 5 (73), 28 (33), 37 (61), 36 (82)]";1968;"Maquina 3: [22 (36), 0 (14), 31 (66), 13 (10), 30 (48), 45 (89), 33 (59), 17 (77)]";2294;"Maquina 4: [23 (10), 16 (15), 44 (28), 24 (40), 15 (48), 35 (51), 2 (66), 43 (81), 25 (98)]";2530;"Maquina 5: [39 (10), 27 (15), 20 (24), 7 (45), 21 (50), 10 (62), 34 (84), 11 (71)]";2000;"Maquina 6: [4 (12), 3 (36), 46 (46), 49 (18), 14 (49), 42 (60), 26 (82), 47 (66)]";1840
TABÚ;50;6;11510;11.0;10;"Maquina 1: [12 (7), 16 (15), 40 (44), 7 (45), 27 (15), 9 (51), 41 (49), 48 (77), 43 (81)]";2087;"Maquina 2: [19 (33), 20 (24), 38 (13), 13 (10), 6 (88), 11 (71), 17 (77), 33 (59)]";1804;"Maquina 3: [49 (18), 1 (5), 14 (49), 30 (48), 2 (66), 47 (66), 25 (98), 8 (64)]";1752;"Maquina 4: [39 (10), 44 (28), 4 (12), 3 (36), 37 (61), 15 (48), 34 (84), 10 (62)]";1592;"Maquina 5: [18 (19), 22 (36), 46 (46), 23 (10), 42 (60), 5 (73), 21 (50), 36 (82)]";1992;"Maquina 6: [0 (14), 28 (33), 32 (12), 35 (51), 24 (40), 45 (89), 31 (66), 26 (82), 29 (45)]";2283
VNS;50;6;12245;803.0;10;"Maquina 1: [32 (12), 1 (5), 40 (44), 19 (33), 48 (77), 9 (51), 25 (98), 6 (88)]";2117;"Maquina 2: [38 (13), 12 (7), 18 (19), 41 (49), 29 (45), 5 (73), 28 (33), 37 (61), 36 (82)]";1968;"Maquina 3: [22 (36), 0 (14), 31 (66), 13 (10), 30 (48), 33 (59), 47 (66)]";1548;"Maquina 4: [23 (10), 16 (15), 44 (28), 24 (40), 15 (48), 35 (51), 2 (66), 43 (81), 8 (64)]";2494;"Maquina 5: [39 (10), 27 (15), 17 (77), 20 (24), 7 (45), 21 (50), 10 (62), 34 (84), 11 (71)]";2270;"Maquina 6: [4 (12), 3 (36), 46 (46), 49 (18), 14 (49), 42 (60), 26 (82), 45 (89)]";1848
Multiarranque;50;6;12405;31.0;10;"Maquina 1: [18 (19), 3 (36), 32 (12), 21 (50), 14 (49), 30 (48), 7 (45), 33 (59), 5 (73)]";2284;"Maquina 2: [23 (10), 38 (13), 13 (10), 28 (33), 22 (36), 40 (44), 37 (61), 15 (48), 12 (7), 41 (49)]";2028;"Maquina 3: [1 (5), 49 (18), 42 (60), 44 (28), 24 (40), 25 (98), 46 (46), 26 (82)]";1894;"Maquina 4: [16 (15), 20 (24), 29 (45), 47 (66), 2 (66), 34 (84), 31 (66), 10 (62)]";2259;"Maquina 5: [4 (12), 39 (10), 35 (51), 48 (77), 43 (81), 19 (33), 17 (77), 8 (64)]";2191;"Maquina 6: [0 (14), 6 (88), 27 (15), 9 (51), 11 (71), 45 (89), 36 (82)]";1749
GREEDY;50;6;14443;0.0;1;"Maquina 1: [48 (19), 10 (56), 19 (2), 22 (59), 27 (68), 15 (40), 46 (75), 24 (94)]";2218;"Maquina 2: [7 (10), 38 (21), 36 (44), 44 (33), 32 (73), 29 (47), 35 (88), 33 (63), 30 (95)]";2489;"Maquina 3: [13 (43), 1 (24), 8 (52), 39 (14), 20 (60), 12 (85), 4 (69), 21 (95)]";2411;"Maquina 4: [5 (15), 0 (40), 6 (45), 47 (27), 18 (54), 45 (69), 40 (89), 42 (97), 11 (62)]";2510;"Maquina 5: [49 (60), 16 (47), 34 (17), 26 (28), 17 (69), 23 (96), 9 (37), 37 (92)]";2426;"Maquina 6: [3 (58), 2 (30), 28 (64), 41 (89), 25 (43), 43 (17), 14 (97), 31 (70)]";2389
GRASP;50;6;12937;31.0;10;"Maquina 1: [44 (33), 19 (2), 9 (37), 32 (73), 49 (60), 33 (63), 22 (59), 21 (95), 30 (95)]";2623;"Maquina 2: [5 (15), 0 (40), 16 (47), 1 (24), 42 (97), 27 (68), 24 (94), 23 (96)]";2017;"Maquina 3: [25 (43), 18 (54), 15 (40), 45 (69), 29 (47), 17 (69), 11 (62), 41 (89)]";2139;"Maquina 4: [7 (10), 38 (21), 47 (27), 4 (69), 12 (85), 28 (64), 43 (17), 14 (97)]";1805;"Maquina 5: [34 (17), 48 (19), 10 (56), 2 (30), 6 (45), 13 (43), 31 (70), 37 (92)]";1848;"Maquina 6: [26 (28), 36 (44), 39 (14), 8 (52), 46 (75), 20 (60), 35 (88), 3 (58), 40 (89)]";2505
LNS;50;6;14443;1.0;10;"Maquina 1: [48 (19), 10 (56), 19 (2), 22 (59), 27 (68), 15 (40), 46 (75), 24 (94)]";2218;"Maquina 2: [7 (10), 38 (21), 36 (44), 44 (33), 32 (73), 29 (47), 35 (88), 33 (63), 30 (95)]";2489;"Maquina 3: [13 (43), 1 (24), 8 (52), 39 (14), 20 (60), 12 (85), 4 (69), 21 (95)]";2411;"Maquina 4: [5 (15), 0 (40), 6 (45), 47 (27), 18 (54), 45 (69), 40 (89), 42 (97), 11 (62)]";2510;"Maquina 5: [49 (60), 16 (47), 34 (17), 26 (28), 17 (69), 23 (96), 9 (37), 37 (92)]";2426;"Maquina 6: [3 (58), 2 (30), 28 (64), 41 (89), 25 (43), 43 (17), 14 (97), 31 (70)]";2389
TABÚ;50;6;13294;13.0;10;"Maquina 1: [36 (44), 39 (14), 22 (59), 43 (17), 15 (40), 8 (52), 46 (75), 41 (89)]";2021;"Maquina 2: [19 (2), 1 (24), 28 (64), 2 (30), 16 (47), 14 (97), 29 (47), 35 (88), 49 (60)]";2234;"Maquina 3: [7 (10), 38 (21), 47 (27), 25 (43), 33 (63), 17 (69), 10 (56), 27 (68), 24 (94)]";2214;"Maquina 4: [26 (28), 5 (15), 0 (40), 20 (60), 18 (54), 11 (62), 12 (85), 9 (37)]";1768;"Maquina 5: [34 (17), 42 (97), 44 (33), 13 (43), 4 (69), 37 (92), 3 (58), 23 (96)]";2348;"Maquina 6: [45 (69), 48 (19), 32 (73), 40 (89), 31 (70), 6 (45), 30 (95), 21 (95)]";2709
VNS;50;6;14093;776.0;10;"Maquina 1: [48 (19), 10 (56), 19 (2), 22 (59), 27 (68), 15 (40), 46 (75), 24 (94)]";2218;"Maquina 2: [7 (10), 38 (21), 36 (44), 44 (33), 32 (73), 29 (47), 35 (88), 33 (63), 42 (97)]";2481;"Maquina 3: [26 (28), 13 (43), 1 (24), 8 (52), 39 (14), 20 (60), 12 (85), 4 (69), 21 (95)]";2743;"Maquina 4: [5 (15), 0 (40), 6 (45), 47 (27), 18 (54), 45 (69), 40 (89), 30 (95), 11 (62)]";2485;"Maquina 5: [49 (60), 16 (47), 34 (17), 17 (69), 23 (96), 9 (37), 37 (92)]";1777;"Maquina 6: [3 (58), 2 (30), 28 (64), 41 (89), 25 (43), 43 (17), 14 (97), 31 (70)]";2389
Multiarranque;50;6;14336;35.0;10;"Maquina 1: [45 (69), 48 (19), 2 (30), 14 (97), 11 (62), 29 (47), 40 (89), 46 (75)]";2444;"Maquina 2: [1 (24), 15 (40), 8 (52), 49 (60), 12 (85), 7 (10), 37 (92), 27 (68)]";2330;"Maquina 3: [26 (28), 5 (15), 0 (40), 6 (45), 41 (89), 28 (64), 31 (70), 3 (58), 30 (95)]";2552;"Maquina 4: [47 (27), 34 (17), 16 (47), 35 (88), 13 (43), 21 (95), 22 (59), 17 (69)]";2381;"Maquina 5: [38 (21), 39 (14), 9 (37), 25 (43), 33 (63), 10 (56), 24 (94), 32 (73), 42 (97)]";2623;"Maquina 6: [43 (17), 36 (44), 44 (33), 19 (2), 20 (60), 4 (69), 18 (54), 23 (96)]";2006
GREEDY;50;6;14394;0.0;1;"Maquina 1: [3 (4), 8 (41), 43 (23), 37 (51), 2 (43), 16 (73), 13 (58), 26 (84), 34 (93)]";2402;"Maquina 2: [32 (24), 20 (44), 30 (11), 9 (51), 29 (55), 36 (62), 18 (77), 12 (86)]";2139;"Maquina 3: [23 (17), 46 (51), 47 (65), 21 (25), 19 (79), 15 (58), 10 (39), 33 (92)]";2305;"Maquina 4: [31 (19), 5 (43), 7 (30), 49 (50), 6 (55), 14 (60), 39 (76), 0 (98), 1 (85)]";2792;"Maquina 5: [38 (67), 4 (45), 44 (84), 41 (30), 28 (58), 11 (21), 48 (54), 25 (93)]";2440;"Maquina 6: [45 (22), 22 (34), 17 (56), 27 (63), 40 (35), 35 (51), 42 (80), 24 (92)]";2316
GRASP;50;6;12807;32.0;10;"Maquina 1: [7 (30), 20 (44), 30 (11), 2 (43), 17 (56), 13 (58), 19 (79), 25 (93)]";1941;"Maquina 2: [3 (4), 8 (41), 41 (30), 32 (24), 49 (50), 1 (85), 6 (55), 0 (98)]";1574;"Maquina 3: [40 (35), 11 (21), 16 (73), 48 (54), 5 (43), 27 (63), 39 (76), 24 (92), 33 (92)]";2528;"Maquina 4: [46 (51), 31 (19), 45 (22), 9 (51), 29 (55), 18 (77), 43 (23), 14 (60), 42 (80)]";2391;"Maquina 5: [23 (17), 35 (51), 21 (25), 15 (58), 47 (65), 36 (62), 12 (86), 37 (51)]";1936;"Maquina 6: [22 (34), 28 (58), 10 (39), 38 (67), 4 (45), 44 (84), 34 (93), 26 (84)]";2437
LNS;50;6;14132;1.0;10;"Maquina 1: [3 (4), 8 (41), 43 (23), 37 (51), 2 (43), 16 (73), 13 (58), 26 (84), 34 (93)]";2402;"Maquina 2: [30 (11), 20 (44), 32 (24), 36 (62), 29 (55), 9 (51), 18 (77), 12 (86)]";2069;"Maquina 3: [21 (25), 46 (51), 47 (65), 23 (17), 19 (79), 15 (58), 10 (39), 33 (92)]";2113;"Maquina 4: [31 (19), 5 (43), 7 (30), 49 (50), 6 (55), 14 (60), 39 (76), 0 (98), 1 (85)]";2792;"Maquina 5: [38 (67), 4 (45), 44 (84), 41 (30), 28 (58), 11 (21), 48 (54), 25 (93)]";2440;"Maquina 6: [45 (22), 22 (34), 17 (56), 27 (63), 40 (35), 35 (51), 42 (80), 24 (92)]";2316
TABÚ;50;6;13731;11.0;10;"Maquina 1: [8 (41), 7 (30), 20 (44), 30 (11), 36 (62), 29 (55), 12 (86), 38 (67), 44 (84)]";2479;"Maquina 2: [4 (45), 23 (17), 31 (19), 41 (30), 28 (58), 16 (73), 47 (65), 9 (51), 0 (98)]";2149;"Maquina 3: [10 (39), 3 (4), 48 (54), 21 (25), 18 (77), 49 (50), 14 (60), 33 (92)]";1878;"Maquina 4: [46 (51), 45 (22), 22 (34), 17 (56), 5 (43), 27 (63), 34 (93), 26 (84)]";2264;"Maquina 5: [35 (51), 43 (23), 19 (79), 1 (85), 24 (92), 40 (35), 6 (55), 13 (58)]";2480;"Maquina 6: [2 (43), 32 (24), 11 (21), 37 (51), 15 (58), 25 (93), 39 (76), 42 (80)]";2481
VNS;50;6;14009;707.0;10;"Maquina 1: [3 (4), 8 (41), 43 (23), 37 (51), 2 (43), 16 (73), 13 (58), 26 (84), 34 (93)]";2402;"Maquina 2: [32 (24), 20 (44), 30 (11), 9 (51), 29 (55), 36 (62), 18 (77), 12 (86)]";2139;"Maquina 3: [23 (17), 46 (51), 47 (65), 21 (25), 19 (79), 27 (63), 10 (39), 33 (92)]";2244;"Maquina 4: [31 (19), 5 (43), 7 (30), 49 (50), 6 (55), 14 (60), 39 (76), 0 (98), 1 (85)]";2792;"Maquina 5: [38 (67), 4 (45), 44 (84), 41 (30), 28 (58), 11 (21), 15 (58), 25 (93)]";2335;"Maquina 6: [45 (22), 22 (34), 17 (56), 48 (54), 40 (35), 35 (51), 42 (80), 24 (92)]";2097
Multiarranque;50;6;14521;32.0;10;"Maquina 1: [36 (62), 30 (11), 9 (51), 46 (51), 44 (84), 28 (58), 1 (85), 38 (67)]";2251;"Maquina 2: [43 (23), 23 (17), 3 (4), 21 (25), 27 (63), 0 (98), 12 (86), 5 (43), 2 (43)]";2399;"Maquina 3: [4 (45), 40 (35), 35 (51), 18 (77), 22 (34), 33 (92), 16 (73), 34 (93)]";2421;"Maquina 4: [8 (41), 41 (30), 20 (44), 47 (65), 6 (55), 29 (55), 31 (19), 14 (60), 42 (80)]";2488;"Maquina 5: [48 (54), 10 (39), 32 (24), 11 (21), 37 (51), 45 (22), 39 (76), 24 (92)]";2451;"Maquina 6: [17 (56), 49 (50), 7 (30), 19 (79), 13 (58), 15 (58), 25 (93), 26 (84)]";2511
GREEDY;50;6;12849;0.0;1;"Maquina 1: [2 (4), 49 (56), 43 (31), 0 (14), 35 (51), 3 (74), 45 (43), 5 (91)]";2174;"Maquina 2: [18 (48), 7 (14), 11 (10), 8 (23), 42 (69), 10 (53), 9 (79), 26 (37), 28 (94)]";2402;"Maquina 3: [23 (10), 6 (44), 39 (28), 40 (14), 33 (52), 36 (49), 31 (58), 41 (78), 27 (92)]";2219;"Maquina 4: [14 (12), 16 (17), 46 (53), 20 (65), 22 (42), 37 (27), 17 (50), 4 (81)]";1867;"Maquina 5: [24 (12), 34 (34), 12 (42), 1 (53), 38 (18), 47 (86), 25 (64), 48 (45)]";1880;"Maquina 6: [29 (21), 19 (28), 15 (43), 21 (51), 13 (78), 32 (55), 30 (13), 44 (92)]";2307
GRASP;50;6;10733;30.0;10;"Maquina 1: [23 (10), 45 (43), 18 (48), 21 (51), 40 (14), 1 (53), 47 (86), 27 (92)]";1797;"Maquina 2: [11 (10), 30 (13), 26 (37), 36 (49), 41 (78), 7 (14), 31 (58), 42 (69)]";1563;"Maquina 3: [2 (4), 6 (44), 24 (12), 34 (34), 17 (50), 5 (91), 20 (65), 28 (94), 3 (74)]";2139;"Maquina 4: [38 (18), 39 (28), 48 (45), 29 (21), 35 (51), 10 (53), 32 (55), 4 (81)]";1563;"Maquina 5: [14 (12), 19 (28), 0 (14), 16 (17), 12 (42), 46 (53), 49 (56), 13 (78)]";1423;"Maquina 6: [37 (27), 43 (31), 22 (42), 8 (23), 15 (43), 25 (64), 33 (52), 9 (79), 44 (92)]";2248
LNS;50;6;12849;1.0;10;"Maquina 1: [2 (4), 49 (56), 43 (31), 0 (14), 35 (51), 3 (74), 45 (43), 5 (91)]";2174;"Maquina 2: [18 (48), 7 (14), 11 (10), 8 (23), 42 (69), 10 (53), 9 (79), 26 (37), 28 (94)]";2402;"Maquina 3: [23 (10), 6 (44), 39 (28), 40 (14), 33 (52), 36 (49), 31 (58), 41 (78), 27 (92)]";2219;"Maquina 4: [14 (12), 16 (17), 46 (53), 20 (65), 22 (42), 37 (27), 17 (50), 4 (81)]";1867;"Maquina 5: [24 (12), 34 (34), 12 (42), 1 (53), 38 (18), 47 (86), 25 (64), 48 (45)]";1880;"Maquina 6: [29 (21), 19 (28), 15 (43), 21 (51), 13 (78), 32 (55), 30 (13), 44 (92)]";2307
TABÚ;50;6;12597;11.0;10;"Maquina 1: [23 (10), 42 (69), 0 (14), 17 (50), 35 (51), 6 (44), 43 (31), 20 (65), 28 (94)]";2342;"Maquina 2: [46 (53), 16 (17), 44 (92), 18 (48), 11 (10), 47 (86), 36 (49), 3 (74)]";2185;"Maquina 3: [14 (12), 1 (53), 26 (37), 37 (27), 48 (45), 38 (18), 41 (78), 25 (64)]";1996;"Maquina 4: [21 (51), 29 (21), 30 (13), 15 (43), 39 (28), 32 (55), 13 (78), 5 (91)]";2219;"Maquina 5: [24 (12), 2 (4), 49 (56), 34 (34), 19 (28), 9 (79), 45 (43), 27 (92)]";1913;"Maquina 6: [7 (14), 40 (14), 8 (23), 22 (42), 33 (52), 31 (58), 12 (42), 10 (53), 4 (81)]";1942
VNS;50;6;12403;703.0;10;"Maquina 1: [2 (4), 16 (17), 43 (31), 0 (14), 35 (51), 9 (79), 45 (43), 5 (91)]";1486;"Maquina 2: [7 (14), 11 (10), 8 (23), 42 (69), 10 (53), 3 (74), 26 (37), 28 (94)]";1959;"Maquina 3: [23 (10), 6 (44), 39 (28), 40 (14), 33 (52), 36 (49), 30 (13), 31 (58), 41 (78), 27 (92)]";2645;"Maquina 4: [14 (12), 49 (56), 46 (53), 20 (65), 22 (42), 37 (27), 17 (50), 4 (81)]";2153;"Maquina 5: [24 (12), 34 (34), 12 (42), 1 (53), 38 (18), 47 (86), 25 (64), 48 (45)]";1880;"Maquina 6: [29 (21), 19 (28), 15 (43), 21 (51), 18 (48), 13 (78), 32 (55), 44 (92)]";2280
Multiarranque;50;6;11942;35.0;10;"Maquina 1: [49 (56), 2 (4), 6 (44), 24 (12), 43 (31), 12 (42), 18 (48), 13 (78), 41 (78)]";2127;"Maquina 2: [29 (21), 23 (10), 36 (49), 38 (18), 34 (34), 33 (52), 44 (92), 5 (91)]";1806;"Maquina 3: [45 (43), 40 (14), 14 (12), 19 (28), 8 (23), 32 (55), 28 (94), 42 (69), 35 (51)]";2066;"Maquina 4: [30 (13), 37 (27), 21 (51), 22 (42), 1 (53), 15 (43), 9 (79), 4 (81)]";1812;"Maquina 5: [0 (14), 46 (53), 16 (17), 31 (58), 20 (65), 3 (74), 48 (45), 47 (86)]";2182;"Maquina 6: [39 (28), 7 (14), 11 (10), 10 (53), 17 (50), 25 (64), 26 (37), 27 (92)]";1949
GREEDY;50;6;11570;0.0;1;"Maquina 1: [33 (1), 9 (20), 2 (36), 22 (72), 39 (53), 41 (60), 13 (46), 19 (88)]";1789;"Maquina 2: [30 (22), 31 (7), 12 (44), 48 (32), 29 (51), 14 (66), 23 (57), 0 (97), 6 (81)]";2079;"Maquina 3: [40 (12), 24 (51), 7 (56), 36 (40), 3 (28), 25 (64), 4 (79), 47 (92)]";1882;"Maquina 4: [49 (13), 1 (29), 17 (35), 11 (45), 16 (81), 38 (67), 34 (59), 43 (52), 18 (99)]";2233;"Maquina 5: [8 (14), 15 (29), 5 (56), 37 (49), 26 (37), 44 (60), 20 (91), 27 (76)]";1792;"Maquina 6: [46 (30), 21 (19), 10 (40), 35 (54), 28 (49), 42 (60), 32 (90), 45 (72)]";1795
GRASP;50;6;10827;29.0;10;"Maquina 1: [31 (7), 46 (30), 26 (37), 36 (40), 43 (52), 5 (56), 42 (60), 32 (90), 20 (91)]";2014;"Maquina 2: [49 (13), 3 (28), 30 (22), 12 (44), 39 (53), 45 (72), 22 (72), 14 (66)]";1557;"Maquina 3: [33 (1), 28 (49), 2 (36), 9 (20), 29 (51), 16 (81), 23 (57), 25 (64), 19 (88)]";1960;"Maquina 4: [48 (32), 21 (19), 10 (40), 35 (54), 24 (51), 41 (60), 27 (76), 47 (92)]";1804;"Maquina 5: [40 (12), 8 (14), 1 (29), 15 (29), 44 (60), 34 (59), 6 (81), 0 (97)]";1410;"Maquina 6: [11 (45), 13 (46), 17 (35), 38 (67), 7 (56), 4 (79), 37 (49), 18 (99)]";2082
LNS;50;6;11570;1.0;10;"Maquina 1: [33 (1), 9 (20), 2 (36), 22 (72), 39 (53), 41 (60), 13 (46), 19 (88)]";1789;"Maquina 2: [30 (22), 31 (7), 12 (44), 48 (32), 29 (51), 14 (66), 23 (57), 0 (97), 6 (81)]";2079;"Maquina 3: [40 (12), 24 (51), 7 (56), 36 (40), 3 (28), 25 (64), 4 (79), 47 (92)]";1882;"Maquina 4: [49 (13), 1 (29), 17 (35), 11 (45), 16 (81), 38 (67), 34 (59), 43 (52), 18 (99)]";2233;"Maquina 5: [8 (14), 15 (29), 5 (56), 37 (49), 26 (37), 44 (60), 20 (91), 27 (76)]";1792;"Maquina 6: [46 (30), 21 (19), 10 (40), 35 (54), 28 (49), 42 (60), 32 (90), 45 (72)]";1795
TABÚ;50;6;10980;10.0;10;"Maquina 1: [31 (7), 10 (40), 28 (49), 26 (37), 9 (20), 41 (60), 4 (79), 32 (90)]";1592;"Maquina 2: [49 (13), 17 (35), 33 (1), 43 (52), 11 (45), 39 (53), 45 (72), 14 (66), 19 (88)]";1872;"Maquina 3: [40 (12), 46 (30), 24 (51), 21 (19), 36 (40), 35 (54), 5 (56), 22 (72), 18 (99)]";1965;"Maquina 4: [1 (29), 15 (29), 2 (36), 16 (81), 34 (59), 37 (49), 44 (60), 47 (92)]";1824;"Maquina 5: [3 (28), 8 (14), 13 (46), 25 (64), 38 (67), 42 (60), 6 (81), 20 (91)]";1887;"Maquina 6: [30 (22), 12 (44), 48 (32), 7 (56), 29 (51), 23 (57), 27 (76), 0 (97)]";1840
VNS;50;6;11349;735.0;10;"Maquina 1: [49 (13), 9 (20), 2 (36), 22 (72), 39 (53), 41 (60), 13 (46), 19 (88)]";1612;"Maquina 2: [30 (22), 31 (7), 12 (44), 48 (32), 29 (51), 14 (66), 23 (57), 0 (97)]";1517;"Maquina 3: [40 (12), 24 (51), 7 (56), 36 (40), 3 (28), 25 (64), 6 (81), 4 (79), 47 (92)]";2436;"Maquina 4: [33 (1), 1 (29), 17 (35), 11 (45), 16 (81), 38 (67), 34 (59), 43 (52), 18 (99)]";2197;"Maquina 5: [8 (14), 15 (29), 5 (56), 37 (49), 26 (37), 44 (60), 20 (91), 27 (76)]";1792;"Maquina 6: [46 (30), 21 (19), 10 (40), 35 (54), 28 (49), 42 (60), 32 (90), 45 (72)]";1795
Multiarranque;50;6;11147;30.0;10;"Maquina 1: [9 (20), 49 (13), 15 (29), 42 (60), 21 (19), 25 (64), 13 (46), 20 (91), 32 (90)]";1865;"Maquina 2: [40 (12), 17 (35), 30 (22), 12 (44), 37 (49), 10 (40), 38 (67), 41 (60), 0 (97)]";2050;"Maquina 3: [3 (28), 8 (14), 28 (49), 44 (60), 18 (99), 7 (56), 27 (76), 45 (72)]";1973;"Maquina 4: [31 (7), 33 (1), 43 (52), 11 (45), 35 (54), 23 (57), 19 (88), 47 (92)]";1598;"Maquina 5: [2 (36), 1 (29), 36 (40), 26 (37), 29 (51), 14 (66), 16 (81), 6 (81)]";1771;"Maquina 6: [48 (32), 46 (30), 24 (51), 39 (53), 34 (59), 4 (79), 5 (56), 22 (72)]";1890
GREEDY;50;6;11873;0.0;1;"Maquina 1: [29 (13), 48 (2), 16 (64), 40 (34), 6 (43), 19 (55), 32 (84), 11 (90)]";1771;"Maquina 2: [13 (3), 2 (19), 38 (56), 15 (36), 22 (68), 3 (87), 37 (49), 35 (92)]";1941;"Maquina 3: [47 (5), 14 (53), 41 (22), 25 (57), 43 (38), 39 (65), 12 (85), 4 (92)]";1847;"Maquina 4: [44 (7), 45 (22), 1 (59), 7 (34), 31 (42), 9 (55), 46 (79), 26 (94), 8 (90)]";2095;"Maquina 5: [36 (8), 33 (37), 5 (49), 42 (24), 49 (55), 17 (61), 27 (82), 10 (90), 0 (97)]";2288;"Maquina 6: [34 (50), 21 (27), 20 (9), 18 (57), 30 (89), 24 (42), 28 (73), 23 (93)]";1931
GRASP;50;6;10469;29.0;10;"Maquina 1: [2 (19), 7 (34), 41 (22), 37 (49), 18 (57), 32 (84), 26 (94), 23 (93)]";1665;"Maquina 2: [42 (24), 44 (7), 14 (53), 39 (65), 25 (57), 22 (68), 3 (87), 4 (92)]";1754;"Maquina 3: [47 (5), 15 (36), 45 (22), 24 (42), 17 (61), 16 (64), 38 (56), 19 (55), 11 (90)]";1871;"Maquina 4: [48 (2), 20 (9), 13 (3), 43 (38), 28 (73), 46 (79), 34 (50), 0 (97), 30 (89)]";1685;"Maquina 5: [36 (8), 29 (13), 33 (37), 5 (49), 31 (42), 8 (90), 27 (82), 35 (92)]";1524;"Maquina 6: [21 (27), 1 (59), 40 (34), 6 (43), 9 (55), 49 (55), 10 (90), 12 (85)]";1970
LNS;50;6;11625;1.0;10;"Maquina 1: [29 (13), 48 (2), 16 (64), 6 (43), 40 (34), 19 (55), 32 (84), 11 (90)]";1748;"Maquina 2: [2 (19), 38 (56), 13 (3), 15 (36), 22 (68), 3 (87), 37 (49), 35 (92)]";1734;"Maquina 3: [47 (5), 14 (53), 41 (22), 25 (57), 43 (38), 39 (65), 12 (85), 4 (92)]";1847;"Maquina 4: [44 (7), 45 (22), 1 (59), 7 (34), 31 (42), 9 (55), 46 (79), 26 (94), 8 (90)]";2095;"Maquina 5: [36 (8), 33 (37), 5 (49), 49 (55), 42 (24), 17 (61), 27 (82), 10 (90), 0 (97)]";2270;"Maquina 6: [34 (50), 21 (27), 20 (9), 18 (57), 30 (89), 24 (42), 28 (73), 23 (93)]";1931
TABÚ;50;6;10996;11.0;10;"Maquina 1: [44 (7), 45 (22), 9 (55), 25 (57), 31 (42), 30 (89), 1 (59), 0 (97)]";1836;"Maquina 2: [13 (3), 6 (43), 21 (27), 38 (56), 24 (42), 16 (64), 12 (85), 4 (92), 8 (90)]";2099;"Maquina 3: [2 (19), 48 (2), 43 (38), 17 (61), 37 (49), 18 (57), 3 (87), 35 (92)]";1742;"Maquina 4: [36 (8), 33 (37), 7 (34), 40 (34), 22 (68), 34 (50), 28 (73), 23 (93)]";1630;"Maquina 5: [15 (36), 41 (22), 20 (9), 19 (55), 14 (53), 10 (90), 27 (82), 11 (90)]";1744;"Maquina 6: [29 (13), 47 (5), 42 (24), 49 (55), 5 (49), 46 (79), 32 (84), 26 (94), 39 (65)]";1945
VNS;50;6;11566;698.0;10;"Maquina 1: [29 (13), 48 (2), 16 (64), 14 (53), 6 (43), 19 (55), 32 (84), 11 (90)]";1838;"Maquina 2: [13 (3), 2 (19), 38 (56), 15 (36), 22 (68), 3 (87), 37 (49), 18 (57)]";1882;"Maquina 3: [47 (5), 40 (34), 41 (22), 25 (57), 43 (38), 39 (65), 12 (85), 4 (92)]";1514;"Maquina 4: [44 (7), 45 (22), 1 (59), 7 (34), 31 (42), 9 (55), 46 (79), 26 (94), 8 (90)]";2095;"Maquina 5: [36 (8), 33 (37), 5 (49), 49 (55), 42 (24), 17 (61), 27 (82), 10 (90), 0 (97)]";2270;"Maquina 6: [34 (50), 21 (27), 20 (9), 35 (92), 30 (89), 24 (42), 28 (73), 23 (93)]";1967
Multiarranque;50;6;11126;31.0;10;"Maquina 1: [20 (9), 2 (19), 29 (13), 38 (56), 22 (68), 42 (24), 46 (79), 10 (90), 26 (94)]";1947;"Maquina 2: [48 (2), 45 (22), 1 (59), 37 (49), 19 (55), 49 (55), 16 (64), 12 (85)]";1686;"Maquina 3: [9 (55), 33 (37), 41 (22), 14 (53), 28 (73), 8 (90), 11 (90)]";1722;"Maquina 4: [47 (5), 5 (49), 31 (42), 40 (34), 34 (50), 35 (92), 17 (61), 25 (57)]";1652;"Maquina 5: [44 (7), 13 (3), 6 (43), 36 (8), 7 (34), 24 (42), 3 (87), 32 (84), 30 (89), 23 (93)]";2053;"Maquina 6: [21 (27), 43 (38), 18 (57), 15 (36), 27 (82), 39 (65), 4 (92), 0 (97)]";2066
GREEDY;50;6;10791;0.0;1;"Maquina 1: [6 (9), 16 (1), 29 (42), 1 (21), 47 (53), 21 (64), 31 (94), 14 (74), 34 (99)]";2032;"Maquina 2: [22 (9), 26 (2), 18 (32), 3 (48), 36 (70), 12 (84), 5 (59), 46 (97)]";1758;"Maquina 3: [24 (9), 35 (2), 19 (44), 9 (28), 7 (54), 17 (65), 20 (95), 39 (76)]";1606;"Maquina 4: [8 (3), 48 (9), 25 (20), 32 (33), 10 (71), 42 (62), 45 (48), 30 (99), 11 (90)]";1976;"Maquina 5: [15 (11), 27 (32), 38 (6), 33 (61), 37 (96), 23 (47), 44 (68), 40 (79)]";1599;"Maquina 6: [4 (15), 49 (6), 41 (61), 43 (28), 0 (70), 13 (46), 28 (80), 2 (99)]";1820
GRASP;50;6;9528;33.0;10;"Maquina 1: [35 (2), 1 (21), 9 (28), 5 (59), 19 (44), 44 (68), 39 (76), 31 (94)]";1420;"Maquina 2: [15 (11), 27 (32), 49 (6), 12 (84), 33 (61), 45 (48), 30 (99), 20 (95)]";1688;"Maquina 3: [24 (9), 3 (48), 38 (6), 13 (46), 32 (33), 10 (71), 21 (64), 2 (99), 37 (96)]";1961;"Maquina 4: [6 (9), 18 (32), 43 (28), 7 (54), 26 (2), 28 (80), 36 (70), 11 (90)]";1296;"Maquina 5: [8 (3), 16 (1), 48 (9), 4 (15), 0 (70), 23 (47), 14 (74), 41 (61), 34 (99)]";1483;"Maquina 6: [22 (9), 29 (42), 42 (62), 25 (20), 47 (53), 17 (65), 40 (79), 46 (97)]";1680
LNS;50;6;10544;1.0;10;"Maquina 1: [6 (9), 16 (1), 29 (42), 1 (21), 47 (53), 21 (64), 31 (94), 14 (74), 34 (99)]";2032;"Maquina 2: [22 (9), 26 (2), 18 (32), 3 (48), 36 (70), 12 (84), 5 (59), 46 (97)]";1758;"Maquina 3: [35 (2), 19 (44), 24 (9), 9 (28), 7 (54), 17 (65), 20 (95), 39 (76)]";1426;"Maquina 4: [25 (20), 48 (9), 8 (3), 32 (33), 10 (71), 30 (99), 45 (48), 42 (62), 11 (90)]";1909;"Maquina 5: [15 (11), 27 (32), 38 (6), 33 (61), 37 (96), 23 (47), 44 (68), 40 (79)]";1599;"Maquina 6: [4 (15), 49 (6), 41 (61), 43 (28), 0 (70), 13 (46), 28 (80), 2 (99)]";1820
TABÚ;50;6;10313;12.0;10;"Maquina 1: [24 (9), 3 (48), 27 (32), 13 (46), 35 (2), 0 (70), 12 (84), 46 (97)]";1583;"Maquina 2: [26 (2), 16 (1), 48 (9), 6 (9), 18 (32), 10 (71), 42 (62), 11 (90), 2 (99)]";1410;"Maquina 3: [4 (15), 38 (6), 32 (33), 47 (53), 21 (64), 31 (94), 14 (74), 34 (99)]";1826;"Maquina 4: [8 (3), 43 (28), 7 (54), 45 (48), 29 (42), 1 (21), 28 (80), 36 (70), 20 (95)]";2015;"Maquina 5: [49 (6), 15 (11), 25 (20), 23 (47), 5 (59), 17 (65), 40 (79), 39 (76)]";1495;"Maquina 6: [9 (28), 33 (61), 22 (9), 44 (68), 19 (44), 37 (96), 41 (61), 30 (99)]";1984
VNS;50;6;10515;739.0;10;"Maquina 1: [6 (9), 16 (1), 29 (42), 1 (21), 47 (53), 21 (64), 31 (94), 14 (74), 34 (99)]";2032;"Maquina 2: [41 (61), 26 (2), 18 (32), 3 (48), 36 (70), 12 (84), 5 (59), 46 (97)]";1943;"Maquina 3: [24 (9), 35 (2), 19 (44), 9 (28), 0 (70), 17 (65), 20 (95), 39 (76)]";1661;"Maquina 4: [8 (3), 48 (9), 25 (20), 32 (33), 10 (71), 42 (62), 45 (48), 30 (99), 11 (90)]";1976;"Maquina 5: [15 (11), 27 (32), 38 (6), 33 (61), 37 (96), 23 (47), 44 (68), 40 (79)]";1599;"Maquina 6: [4 (15), 49 (6), 22 (9), 43 (28), 7 (54), 13 (46), 28 (80), 2 (99)]";1304
Multiarranque;50;6;10244;34.0;10;"Maquina 1: [16 (1), 32 (33), 35 (2), 48 (9), 49 (6), 1 (21), 36 (70), 0 (70), 34 (99), 20 (95)]";1865;"Maquina 2: [44 (68), 18 (32), 47 (53), 7 (54), 37 (96), 41 (61), 46 (97)]";1816;"Maquina 3: [22 (9), 38 (6), 19 (44), 24 (9), 30 (99), 23 (47), 39 (76), 31 (94)]";1382;"Maquina 4: [9 (28), 26 (2), 4 (15), 25 (20), 45 (48), 27 (32), 14 (74), 42 (62), 2 (99)]";1754;"Maquina 5: [29 (42), 43 (28), 8 (3), 3 (48), 11 (90), 5 (59), 17 (65), 40 (79)]";1672;"Maquina 6: [13 (46), 15 (11), 6 (9), 33 (61), 21 (64), 12 (84), 10 (71), 28 (80)]";1755
GREEDY;50;6;12626;0.0;1;"Maquina 1: [47 (2), 15 (30), 48 (60), 17 (17), 23 (51), 37 (72), 19 (80), 46 (97), 8 (89)]";2404;"Maquina 2: [25 (4), 16 (41), 43 (17), 9 (53), 40 (90), 27 (81), 34 (61), 26 (94), 2 (73)]";2341;"Maquina 3: [10 (7), 39 (21), 1 (38), 32 (57), 42 (62), 24 (91), 6 (74), 12 (84)]";1896;"Maquina 4: [5 (44), 45 (8), 28 (75), 20 (24), 11 (70), 13 (59), 49 (92), 14 (88)]";2071;"Maquina 5: [29 (24), 7 (15), 41 (49), 4 (68), 44 (76), 31 (59), 3 (92), 18 (87)]";1965;"Maquina 6: [0 (27), 38 (15), 33 (42), 35 (84), 36 (65), 21 (74), 30 (91), 22 (58)]";1949
GRASP;50;6;11724;34.0;10;"Maquina 1: [47 (2), 43 (17), 33 (42), 48 (60), 3 (92), 0 (27), 40 (90), 21 (74), 46 (97)]";2040;"Maquina 2: [45 (8), 39 (21), 16 (41), 22 (58), 6 (74), 35 (84), 36 (65), 14 (88), 24 (91)]";2316;"Maquina 3: [38 (15), 10 (7), 13 (59), 1 (38), 28 (75), 4 (68), 49 (92), 30 (91)]";1663;"Maquina 4: [20 (24), 23 (51), 25 (4), 42 (62), 34 (61), 44 (76), 9 (53), 8 (89)]";1797;"Maquina 5: [15 (30), 7 (15), 5 (44), 41 (49), 31 (59), 19 (80), 12 (84), 18 (87)]";1837;"Maquina 6: [17 (17), 32 (57), 27 (81), 29 (24), 11 (70), 37 (72), 2 (73), 26 (94)]";2071
LNS;50;6;12626;1.0;10;"Maquina 1: [47 (2), 15 (30), 48 (60), 17 (17), 23 (51), 37 (72), 19 (80), 46 (97), 8 (89)]";2404;"Maquina 2: [25 (4), 16 (41), 43 (17), 9 (53), 40 (90), 27 (81), 34 (61), 26 (94), 2 (73)]";2341;"Maquina 3: [10 (7), 39 (21), 1 (38), 32 (57), 42 (62), 24 (91), 6 (74), 12 (84)]";1896;"Maquina 4: [5 (44), 45 (8), 28 (75), 20 (24), 11 (70), 13 (59), 49 (92), 14 (88)]";2071;"Maquina 5: [29 (24), 7 (15), 41 (49), 4 (68), 44 (76), 31 (59), 3 (92), 18 (87)]";1965;"Maquina 6: [0 (27), 38 (15), 33 (42), 35 (84), 36 (65), 21 (74), 30 (91), 22 (58)]";1949
TABÚ;50;6;11748;13.0;10;"Maquina 1: [17 (17), 10 (7), 16 (41), 22 (58), 6 (74), 8 (89), 42 (62), 49 (92), 46 (97)]";2289;"Maquina 2: [25 (4), 34 (61), 20 (24), 19 (80), 15 (30), 9 (53), 11 (70), 14 (88)]";1696;"Maquina 3: [0 (27), 7 (15), 39 (21), 41 (49), 36 (65), 21 (74), 18 (87), 44 (76)]";1685;"Maquina 4: [38 (15), 1 (38), 4 (68), 5 (44), 31 (59), 35 (84), 28 (75), 3 (92)]";1966;"Maquina 5: [45 (8), 32 (57), 27 (81), 29 (24), 13 (59), 40 (90), 2 (73), 30 (91)]";1931;"Maquina 6: [47 (2), 43 (17), 33 (42), 48 (60), 23 (51), 37 (72), 12 (84), 26 (94), 24 (91)]";2181
VNS;50;6;12215;702.0;10;"Maquina 1: [47 (2), 15 (30), 48 (60), 29 (24), 23 (51), 37 (72), 19 (80), 12 (84), 8 (89)]";2259;"Maquina 2: [25 (4), 16 (41), 43 (17), 9 (53), 40 (90), 27 (81), 34 (61), 26 (94), 2 (73)]";2341;"Maquina 3: [10 (7), 39 (21), 1 (38), 32 (57), 42 (62), 24 (91), 6 (74), 46 (97)]";1913;"Maquina 4: [5 (44), 45 (8), 28 (75), 20 (24), 11 (70), 13 (59), 49 (92), 30 (91)]";2063;"Maquina 5: [17 (17), 7 (15), 41 (49), 4 (68), 44 (76), 31 (59), 3 (92), 18 (87)]";1741;"Maquina 6: [0 (27), 38 (15), 33 (42), 35 (84), 36 (65), 21 (74), 14 (88), 22 (58)]";1898
Multiarranque;50;6;12030;31.0;10;"Maquina 1: [38 (15), 43 (17), 28 (75), 32 (57), 23 (51), 18 (87), 35 (84), 3 (92)]";1851;"Maquina 2: [7 (15), 39 (21), 11 (70), 16 (41), 22 (58), 34 (61), 19 (80), 40 (90)]";1836;"Maquina 3: [47 (2), 29 (24), 21 (74), 41 (49), 37 (72), 36 (65), 27 (81), 49 (92)]";1810;"Maquina 4: [25 (4), 17 (17), 10 (7), 15 (30), 48 (60), 42 (62), 14 (88), 1 (38), 24 (91), 44 (76)]";2119;"Maquina 5: [45 (8), 0 (27), 31 (59), 46 (97), 12 (84), 8 (89), 13 (59), 2 (73)]";2329;"Maquina 6: [33 (42), 20 (24), 4 (68), 5 (44), 9 (53), 6 (74), 30 (91), 26 (94)]";2085
GREEDY;50;6;10074;0.0;1;"Maquina 1: [11 (1), 30 (9), 14 (23), 44 (43), 10 (30), 27 (77), 29 (70), 40 (60), 26 (97)]";1903;"Maquina 2: [48 (9), 6 (2), 31 (17), 32 (58), 20 (29), 46 (69), 15 (77), 41 (39), 17 (97)]";1829;"Maquina 3: [35 (12), 45 (6), 36 (26), 7 (33), 12 (54), 37 (69), 39 (90), 9 (77)]";1641;"Maquina 4: [2 (7), 3 (14), 21 (25), 23 (84), 13 (50), 24 (31), 43 (75), 0 (69)]";1621;"Maquina 5: [28 (16), 42 (8), 5 (48), 16 (24), 49 (30), 25 (72), 19 (62), 22 (79)]";1534;"Maquina 6: [47 (8), 1 (17), 33 (25), 34 (32), 38 (53), 18 (82), 8 (68), 4 (74)]";1546
GRASP;50;6;8961;31.0;10;"Maquina 1: [1 (17), 11 (1), 35 (12), 19 (62), 34 (32), 21 (25), 18 (82), 8 (68), 26 (97)]";1647;"Maquina 2: [45 (6), 6 (2), 3 (14), 30 (9), 37 (69), 10 (30), 15 (77), 38 (53), 23 (84)]";1316;"Maquina 3: [2 (7), 20 (29), 14 (23), 43 (75), 33 (25), 7 (33), 25 (72), 4 (74)]";1497;"Maquina 4: [31 (17), 42 (8), 5 (48), 24 (31), 16 (24), 44 (43), 27 (77), 22 (79)]";1240;"Maquina 5: [47 (8), 28 (16), 12 (54), 13 (50), 29 (70), 40 (60), 39 (90), 9 (77)]";1643;"Maquina 6: [48 (9), 32 (58), 49 (30), 36 (26), 41 (39), 0 (69), 17 (97), 46 (69)]";1618
LNS;50;6;10069;1.0;10;"Maquina 1: [11 (1), 30 (9), 40 (60), 44 (43), 10 (30), 27 (77), 29 (70), 14 (23), 26 (97)]";1900;"Maquina 2: [48 (9), 6 (2), 31 (17), 32 (58), 20 (29), 46 (69), 15 (77), 41 (39), 17 (97)]";1829;"Maquina 3: [35 (12), 36 (26), 45 (6), 7 (33), 12 (54), 37 (69), 39 (90), 9 (77)]";1639;"Maquina 4: [2 (7), 3 (14), 21 (25), 23 (84), 13 (50), 24 (31), 43 (75), 0 (69)]";1621;"Maquina 5: [28 (16), 42 (8), 5 (48), 16 (24), 49 (30), 25 (72), 19 (62), 22 (79)]";1534;"Maquina 6: [47 (8), 1 (17), 33 (25), 34 (32), 38 (53), 18 (82), 8 (68), 4 (74)]";1546
TABÚ;50;6;9163;11.0;10;"Maquina 1: [16 (24), 2 (7), 35 (12), 44 (43), 10 (30), 15 (77), 23 (84), 19 (62), 25 (72)]";1757;"Maquina 2: [21 (25), 3 (14), 46 (69), 31 (17), 27 (77), 43 (75), 38 (53), 22 (79)]";1714;"Maquina 3: [42 (8), 36 (26), 14 (23), 34 (32), 1 (17), 12 (54), 13 (50), 0 (69)]";1204;"Maquina 4: [28 (16), 11 (1), 49 (30), 33 (25), 20 (29), 9 (77), 5 (48), 39 (90)]";1291;"Maquina 5: [47 (8), 45 (6), 24 (31), 32 (58), 7 (33), 8 (68), 29 (70), 18 (82), 26 (97)]";1808;"Maquina 6: [30 (9), 40 (60), 48 (9), 6 (2), 37 (69), 41 (39), 4 (74), 17 (97)]";1389
VNS;50;6;9623;642.0;10;"Maquina 1: [11 (1), 30 (9), 35 (12), 44 (43), 10 (30), 27 (77), 29 (70), 40 (60), 46 (69)]";1622;"Maquina 2: [47 (8), 6 (2), 31 (17), 32 (58), 20 (29), 26 (97), 15 (77), 18 (82)]";1318;"Maquina 3: [14 (23), 45 (6), 36 (26), 7 (33), 12 (54), 37 (69), 39 (90), 9 (77)]";1610;"Maquina 4: [2 (7), 3 (14), 21 (25), 23 (84), 13 (50), 24 (31), 43 (75), 0 (69)]";1621;"Maquina 5: [28 (16), 42 (8), 5 (48), 16 (24), 49 (30), 25 (72), 41 (39), 19 (62), 22 (79)]";1964;"Maquina 6: [48 (9), 1 (17), 33 (25), 34 (32), 38 (53), 17 (97), 8 (68), 4 (74)]";1488
Multiarranque;50;6;9387;32.0;10;"Maquina 1: [6 (2), 35 (12), 40 (60), 48 (9), 33 (25), 41 (39), 4 (74), 32 (58), 18 (82)]";1581;"Maquina 2: [11 (1), 2 (7), 21 (25), 14 (23), 20 (29), 24 (31), 39 (90), 9 (77), 15 (77)]";1480;"Maquina 3: [49 (30), 47 (8), 3 (14), 42 (8), 12 (54), 7 (33), 37 (69), 19 (62), 0 (69)]";1641;"Maquina 4: [28 (16), 45 (6), 23 (84), 16 (24), 8 (68), 38 (53), 27 (77)]";1336;"Maquina 5: [31 (17), 30 (9), 43 (75), 34 (32), 13 (50), 22 (79), 5 (48), 26 (97)]";1586;"Maquina 6: [10 (30), 36 (26), 44 (43), 1 (17), 29 (70), 25 (72), 46 (69), 17 (97)]";1763
GREEDY;50;6;13987;0.0;1;"Maquina 1: [3 (6), 6 (59), 29 (17), 22 (29), 24 (47), 39 (91), 18 (64), 7 (81)]";2022;"Maquina 2: [37 (8), 48 (17), 12 (28), 45 (39), 14 (54), 20 (73), 35 (83), 21 (94), 38 (61)]";2638;"Maquina 3: [44 (10), 23 (46), 28 (36), 40 (21), 32 (57), 31 (70), 5 (82), 0 (92)]";2354;"Maquina 4: [19 (29), 1 (14), 34 (24), 46 (42), 47 (94), 25 (57), 9 (62), 13 (75), 16 (85)]";2605;"Maquina 5: [49 (16), 30 (93), 11 (25), 42 (71), 10 (29), 2 (83), 43 (46), 41 (57)]";2369;"Maquina 6: [26 (25), 15 (39), 33 (59), 8 (17), 17 (67), 4 (80), 36 (47), 27 (87)]";1999
GRASP;50;6;12024;34.0;10;"Maquina 1: [49 (16), 34 (24), 12 (28), 39 (91), 22 (29), 2 (83), 47 (94), 13 (75), 25 (57)]";2560;"Maquina 2: [45 (39), 36 (47), 1 (14), 20 (73), 26 (25), 15 (39), 7 (81), 5 (82)]";1933;"Maquina 3: [44 (10), 24 (47), 6 (59), 11 (25), 33 (59), 9 (62), 18 (64), 21 (94)]";1737;"Maquina 4: [3 (6), 8 (17), 19 (29), 29 (17), 32 (57), 46 (42), 27 (87), 41 (57), 0 (92)]";1668;"Maquina 5: [23 (46), 37 (8), 43 (46), 35 (83), 31 (70), 16 (85), 28 (36), 4 (80)]";2319;"Maquina 6: [40 (21), 48 (17), 10 (29), 14 (54), 38 (61), 30 (93), 42 (71), 17 (67)]";1807
LNS;50;6;13987;1.0;10;"Maquina 1: [3 (6), 6 (59), 29 (17), 22 (29), 24 (47), 39 (91), 18 (64), 7 (81)]";2022;"Maquina 2: [37 (8), 48 (17), 12 (28), 45 (39), 14 (54), 20 (73), 35 (83), 21 (94), 38 (61)]";2638;"Maquina 3: [44 (10), 23 (46), 28 (36), 40 (21), 32 (57), 31 (70), 5 (82), 0 (92)]";2354;"Maquina 4: [19 (29), 1 (14), 34 (24), 46 (42), 47 (94), 25 (57), 9 (62), 13 (75), 16 (85)]";2605;"Maquina 5: [49 (16), 30 (93), 11 (25), 42 (71), 10 (29), 2 (83), 43 (46), 41 (57)]";2369;"Maquina 6: [26 (25), 15 (39), 33 (59), 8 (17), 17 (67), 4 (80), 36 (47), 27 (87)]";1999
TABÚ;50;6;13007;11.0;10;"Maquina 1: [37 (8), 40 (21), 43 (46), 10 (29), 31 (70), 16 (85), 6 (59), 5 (82)]";2062;"Maquina 2: [26 (25), 28 (36), 34 (24), 32 (57), 45 (39), 9 (62), 2 (83), 13 (75), 30 (93)]";2590;"Maquina 3: [19 (29), 41 (57), 49 (16), 11 (25), 17 (67), 4 (80), 22 (29), 39 (91), 21 (94)]";2618;"Maquina 4: [3 (6), 1 (14), 44 (10), 25 (57), 36 (47), 18 (64), 7 (81), 0 (92)]";1424;"Maquina 5: [8 (17), 12 (28), 38 (61), 23 (46), 15 (39), 42 (71), 35 (83), 47 (94)]";2309;"Maquina 6: [48 (17), 24 (47), 29 (17), 46 (42), 14 (54), 20 (73), 27 (87), 33 (59)]";2004
VNS;50;6;13340;747.0;10;"Maquina 1: [3 (6), 6 (59), 29 (17), 22 (29), 10 (29), 39 (91), 18 (64), 5 (82)]";1702;"Maquina 2: [37 (8), 48 (17), 12 (28), 45 (39), 14 (54), 20 (73), 35 (83), 21 (94), 38 (61)]";2638;"Maquina 3: [1 (14), 44 (10), 23 (46), 28 (36), 40 (21), 32 (57), 31 (70), 7 (81), 0 (92)]";2436;"Maquina 4: [19 (29), 34 (24), 46 (42), 47 (94), 25 (57), 9 (62), 13 (75), 16 (85)]";2331;"Maquina 5: [49 (16), 30 (93), 11 (25), 42 (71), 24 (47), 2 (83), 43 (46)]";1701;"Maquina 6: [26 (25), 15 (39), 33 (59), 8 (17), 17 (67), 41 (57), 4 (80), 36 (47), 27 (87)]";2532
Multiarranque;50;6;12775;36.0;10;"Maquina 1: [49 (16), 34 (24), 32 (57), 3 (6), 6 (59), 39 (91), 0 (92), 30 (93), 5 (82)]";2441;"Maquina 2: [29 (17), 11 (25), 10 (29), 19 (29), 31 (70), 40 (21), 43 (46), 4 (80)]";1548;"Maquina 3: [1 (14), 12 (28), 23 (46), 38 (61), 47 (94), 28 (36), 18 (64), 42 (71)]";2145;"Maquina 4: [45 (39), 15 (39), 46 (42), 14 (54), 20 (73), 35 (83), 21 (94), 2 (83)]";2363;"Maquina 5: [26 (25), 44 (10), 8 (17), 33 (59), 24 (47), 41 (57), 36 (47), 16 (85), 17 (67)]";2190;"Maquina 6: [48 (17), 9 (62), 37 (8), 25 (57), 22 (29), 27 (87), 13 (75), 7 (81)]";2088
GREEDY;50;6;12515;0.0;1;"Maquina 1: [17 (1), 16 (12), 11 (36), 2 (29), 47 (43), 19 (73), 31 (90), 8 (56), 20 (80)]";1884;"Maquina 2: [18 (12), 21 (2), 34 (41), 45 (62), 36 (46), 14 (95), 9 (87), 23 (76)]";2002;"Maquina 3: [5 (3), 29 (12), 46 (34), 7 (42), 6 (56), 24 (71), 35 (89), 27 (79), 1 (97)]";2489;"Maquina 4: [12 (35), 39 (3), 40 (18), 28 (50), 41 (76), 4 (61), 0 (86), 37 (91)]";1916;"Maquina 5: [26 (24), 42 (3), 30 (48), 3 (39), 49 (58), 15 (72), 43 (80), 38 (91)]";2044;"Maquina 6: [48 (41), 13 (5), 32 (53), 10 (25), 25 (70), 22 (79), 44 (96), 33 (88)]";2180
GRASP;50;6;11035;30.0;10;"Maquina 1: [17 (1), 26 (24), 12 (35), 47 (43), 27 (79), 0 (86), 24 (71), 44 (96)]";1796;"Maquina 2: [39 (3), 30 (48), 46 (34), 25 (70), 22 (79), 36 (46), 31 (90), 38 (91)]";2084;"Maquina 3: [18 (12), 28 (50), 21 (2), 34 (41), 40 (18), 8 (56), 15 (72), 19 (73), 1 (97)]";1822;"Maquina 4: [16 (12), 29 (12), 42 (3), 49 (58), 7 (42), 6 (56), 14 (95), 9 (87), 33 (88)]";1947;"Maquina 5: [5 (3), 2 (29), 10 (25), 45 (62), 48 (41), 41 (76), 20 (80), 37 (91)]";1612;"Maquina 6: [13 (5), 32 (53), 3 (39), 11 (36), 4 (61), 23 (76), 43 (80), 35 (89)]";1774
LNS;50;6;12368;1.0;10;"Maquina 1: [17 (1), 16 (12), 11 (36), 2 (29), 47 (43), 19 (73), 31 (90), 8 (56), 20 (80)]";1884;"Maquina 2: [18 (12), 21 (2), 34 (41), 45 (62), 36 (46), 14 (95), 9 (87), 23 (76)]";2002;"Maquina 3: [5 (3), 29 (12), 46 (34), 7 (42), 6 (56), 24 (71), 35 (89), 27 (79), 1 (97)]";2489;"Maquina 4: [12 (35), 40 (18), 39 (3), 28 (50), 41 (76), 4 (61), 0 (86), 37 (91)]";1769;"Maquina 5: [26 (24), 42 (3), 30 (48), 3 (39), 49 (58), 15 (72), 43 (80), 38 (91)]";2044;"Maquina 6: [48 (41), 13 (5), 32 (53), 10 (25), 25 (70), 22 (79), 44 (96), 33 (88)]";2180
TABÚ;50;6;11758;11.0;10;"Maquina 1: [13 (5), 21 (2), 34 (41), 5 (3), 46 (34), 24 (71), 41 (76), 22 (79), 33 (88)]";1824;"Maquina 2: [39 (3), 30 (48), 23 (76), 11 (36), 19 (73), 4 (61), 45 (62), 37 (91)]";1964;"Maquina 3: [17 (1), 16 (12), 29 (12), 36 (46), 6 (56), 3 (39), 0 (86), 14 (95)]";1167;"Maquina 4: [10 (25), 26 (24), 42 (3), 49 (58), 47 (43), 32 (53), 20 (80), 9 (87), 38 (91)]";2211;"Maquina 5: [12 (35), 40 (18), 28 (50), 35 (89), 44 (96), 43 (80), 15 (72), 25 (70)]";2677;"Maquina 6: [18 (12), 48 (41), 8 (56), 2 (29), 7 (42), 31 (90), 27 (79), 1 (97)]";1915
VNS;50;6;11907;747.0;10;"Maquina 1: [17 (1), 16 (12), 11 (36), 2 (29), 47 (43), 29 (12), 19 (73), 31 (90), 8 (56), 20 (80)]";2170;"Maquina 2: [18 (12), 48 (41), 34 (41), 45 (62), 36 (46), 14 (95), 9 (87), 23 (76)]";1928;"Maquina 3: [5 (3), 46 (34), 7 (42), 6 (56), 24 (71), 35 (89), 27 (79), 1 (97)]";2130;"Maquina 4: [12 (35), 39 (3), 40 (18), 28 (50), 41 (76), 4 (61), 0 (86), 37 (91)]";1916;"Maquina 5: [26 (24), 42 (3), 30 (48), 3 (39), 49 (58), 15 (72), 44 (96), 38 (91)]";2033;"Maquina 6: [21 (2), 13 (5), 32 (53), 10 (25), 25 (70), 22 (79), 43 (80), 33 (88)]";1730
Multiarranque;50;6;12370;31.0;10;"Maquina 1: [5 (3), 39 (3), 21 (2), 20 (80), 33 (88), 43 (80), 1 (97), 38 (91)]";1908;"Maquina 2: [40 (18), 26 (24), 42 (3), 3 (39), 30 (48), 44 (96), 37 (91), 27 (79)]";1960;"Maquina 3: [16 (12), 7 (42), 6 (56), 11 (36), 2 (29), 12 (35), 49 (58), 4 (61), 0 (86)]";2189;"Maquina 4: [25 (70), 18 (12), 48 (41), 13 (5), 24 (71), 15 (72), 9 (87), 14 (95)]";2009;"Maquina 5: [47 (43), 29 (12), 36 (46), 28 (50), 23 (76), 41 (76), 8 (56), 31 (90)]";2010;"Maquina 6: [34 (41), 17 (1), 46 (34), 10 (25), 45 (62), 32 (53), 19 (73), 35 (89), 22 (79)]";2294
