GREEDY;50;2;37205;0.0;1;"Maquina 1: [3 (2), 39 (19), 7 (21), 29 (48), 49 (11), 21 (32), 47 (57), 43 (28), 36 (35), 5 (71), 11 (39), 46 (44), 33 (65), 41 (53), 35 (50), 15 (91), 31 (60), 48 (52), 37 (67), 42 (91), 4 (75), 17 (93), 26 (97), 44 (80), 9 (87)]";17966;"Maquina 2: [8 (26), 6 (21), 32 (14), 34 (9), 40 (36), 24 (64), 16 (66), 2 (32), 12 (41), 30 (54), 19 (52), 1 (35), 25 (50), 28 (75), 22 (47), 18 (60), 23 (53), 38 (69), 20 (99), 10 (85), 13 (71), 45 (91), 0 (96), 27 (91), 14 (89)]";19239
GRASP;50;2;35502;23.0;10;"Maquina 1: [49 (11), 8 (26), 6 (21), 32 (14), 36 (35), 40 (36), 7 (21), 29 (48), 11 (39), 46 (44), 30 (54), 19 (52), 44 (80), 23 (53), 31 (60), 42 (91), 33 (65), 37 (67), 5 (71), 28 (75), 2 (32), 26 (97), 15 (91), 45 (91), 14 (89)]";17258;"Maquina 2: [43 (28), 39 (19), 41 (53), 3 (2), 1 (35), 21 (32), 34 (9), 22 (47), 25 (50), 12 (41), 48 (52), 18 (60), 35 (50), 38 (69), 20 (99), 10 (85), 47 (57), 13 (71), 16 (66), 0 (96), 24 (64), 9 (87), 4 (75), 17 (93), 27 (91)]";18244
LNS;50;2;37205;4.0;10;"Maquina 1: [3 (2), 39 (19), 7 (21), 29 (48), 49 (11), 21 (32), 47 (57), 43 (28), 36 (35), 5 (71), 11 (39), 46 (44), 33 (65), 41 (53), 35 (50), 15 (91), 31 (60), 48 (52), 37 (67), 42 (91), 4 (75), 17 (93), 26 (97), 44 (80), 9 (87)]";17966;"Maquina 2: [8 (26), 6 (21), 32 (14), 34 (9), 40 (36), 24 (64), 16 (66), 2 (32), 12 (41), 30 (54), 19 (52), 1 (35), 25 (50), 28 (75), 22 (47), 18 (60), 23 (53), 38 (69), 20 (99), 10 (85), 13 (71), 45 (91), 0 (96), 27 (91), 14 (89)]";19239
TABÚ;50;2;34489;9.0;10;"Maquina 1: [33 (65), 6 (21), 43 (28), 30 (54), 8 (26), 9 (87), 49 (11), 34 (9), 22 (47), 25 (50), 12 (41), 24 (64), 48 (52), 38 (69), 19 (52), 23 (53), 21 (32), 4 (75), 17 (93), 26 (97), 44 (80), 13 (71), 20 (99), 28 (75), 27 (91)]";18095;"Maquina 2: [40 (36), 3 (2), 39 (19), 7 (21), 29 (48), 32 (14), 36 (35), 2 (32), 37 (67), 1 (35), 11 (39), 18 (60), 31 (60), 46 (44), 16 (66), 35 (50), 41 (53), 14 (89), 10 (85), 47 (57), 45 (91), 0 (96), 15 (91), 5 (71), 42 (91)]";16394
VNS;50;2;36849;474.0;10;"Maquina 1: [3 (2), 39 (19), 7 (21), 29 (48), 49 (11), 21 (32), 47 (57), 43 (28), 36 (35), 5 (71), 11 (39), 46 (44), 33 (65), 41 (53), 35 (50), 15 (91), 31 (60), 48 (52), 19 (52), 44 (80), 4 (75), 17 (93), 26 (97), 42 (91), 9 (87)]";17831;"Maquina 2: [8 (26), 6 (21), 32 (14), 34 (9), 40 (36), 24 (64), 16 (66), 2 (32), 12 (41), 30 (54), 37 (67), 1 (35), 25 (50), 28 (75), 22 (47), 18 (60), 23 (53), 38 (69), 20 (99), 10 (85), 13 (71), 45 (91), 0 (96), 27 (91), 14 (89)]";19018
Multiarranque;50;2;35334;29.0;10;"Maquina 1: [32 (14), 3 (2), 8 (26), 19 (52), 23 (53), 34 (9), 21 (32), 36 (35), 7 (21), 12 (41), 24 (64), 30 (54), 18 (60), 46 (44), 16 (66), 25 (50), 38 (69), 10 (85), 5 (71), 28 (75), 27 (91), 15 (91), 44 (80), 45 (91), 0 (96)]";17284;"Maquina 2: [6 (21), 43 (28), 39 (19), 41 (53), 49 (11), 2 (32), 40 (36), 42 (91), 1 (35), 11 (39), 37 (67), 22 (47), 35 (50), 47 (57), 29 (48), 48 (52), 13 (71), 9 (87), 4 (75), 17 (93), 31 (60), 33 (65), 20 (99), 14 (89), 26 (97)]";18050
GREEDY;50;2;37108;1.0;1;"Maquina 1: [42 (33), 13 (43), 2 (28), 6 (2), 19 (71), 12 (44), 14 (25), 32 (7), 41 (32), 34 (59), 38 (42), 18 (55), 27 (38), 7 (48), 45 (73), 3 (57), 49 (62), 0 (72), 36 (80), 48 (49), 33 (76), 44 (61), 39 (96), 43 (90), 16 (68), 11 (95)]";18924;"Maquina 2: [30 (33), 22 (2), 5 (58), 28 (16), 31 (36), 15 (43), 4 (41), 21 (45), 37 (56), 35 (48), 8 (43), 10 (31), 9 (24), 20 (51), 24 (80), 23 (67), 47 (88), 17 (96), 26 (76), 1 (72), 46 (61), 29 (60), 25 (93), 40 (70)]";18184
GRASP;50;2;35946;24.0;10;"Maquina 1: [6 (2), 19 (71), 12 (44), 9 (24), 13 (43), 10 (31), 32 (7), 41 (32), 4 (41), 36 (80), 48 (49), 1 (72), 26 (76), 35 (48), 8 (43), 37 (56), 3 (57), 49 (62), 46 (61), 29 (60), 23 (67), 24 (80), 25 (93), 11 (95), 0 (72)]";17517;"Maquina 2: [27 (38), 22 (2), 15 (43), 28 (16), 30 (33), 14 (25), 31 (36), 2 (28), 34 (59), 38 (42), 7 (48), 18 (55), 5 (58), 20 (51), 42 (33), 16 (68), 33 (76), 44 (61), 40 (70), 45 (73), 17 (96), 39 (96), 43 (90), 21 (45), 47 (88)]";18429
LNS;50;2;36784;4.0;10;"Maquina 1: [42 (33), 13 (43), 2 (28), 6 (2), 19 (71), 12 (44), 14 (25), 32 (7), 41 (32), 34 (59), 38 (42), 18 (55), 27 (38), 7 (48), 45 (73), 3 (57), 49 (62), 0 (72), 36 (80), 48 (49), 33 (76), 44 (61), 39 (96), 43 (90), 16 (68), 11 (95)]";18924;"Maquina 2: [30 (33), 22 (2), 5 (58), 28 (16), 31 (36), 15 (43), 4 (41), 21 (45), 37 (56), 35 (48), 8 (43), 10 (31), 9 (24), 20 (51), 23 (67), 24 (80), 47 (88), 17 (96), 29 (60), 1 (72), 46 (61), 25 (93), 26 (76), 40 (70)]";17860
TABÚ;50;2;36521;9.0;10;"Maquina 1: [38 (42), 8 (43), 6 (2), 0 (72), 12 (44), 9 (24), 3 (57), 13 (43), 10 (31), 30 (33), 14 (25), 31 (36), 29 (60), 18 (55), 21 (45), 33 (76), 40 (70), 45 (73), 35 (48), 1 (72), 19 (71), 23 (67), 37 (56), 39 (96), 43 (90)]";18314;"Maquina 2: [22 (2), 15 (43), 28 (16), 32 (7), 27 (38), 4 (41), 41 (32), 20 (51), 42 (33), 48 (49), 2 (28), 46 (61), 36 (80), 7 (48), 49 (62), 47 (88), 34 (59), 16 (68), 44 (61), 5 (58), 24 (80), 17 (96), 11 (95), 25 (93), 26 (76)]";18207
VNS;50;2;36530;425.0;10;"Maquina 1: [42 (33), 13 (43), 2 (28), 6 (2), 19 (71), 12 (44), 10 (31), 32 (7), 41 (32), 34 (59), 38 (42), 18 (55), 27 (38), 7 (48), 45 (73), 3 (57), 49 (62), 0 (72), 36 (80), 48 (49), 33 (76), 44 (61), 39 (96), 43 (90), 16 (68), 11 (95)]";18784;"Maquina 2: [30 (33), 22 (2), 5 (58), 28 (16), 31 (36), 15 (43), 4 (41), 21 (45), 37 (56), 35 (48), 8 (43), 14 (25), 9 (24), 20 (51), 23 (67), 24 (80), 47 (88), 17 (96), 26 (76), 1 (72), 46 (61), 29 (60), 25 (93), 40 (70)]";17746
Multiarranque;50;2;36087;31.0;10;"Maquina 1: [38 (42), 22 (2), 12 (44), 32 (7), 41 (32), 20 (51), 13 (43), 2 (28), 9 (24), 21 (45), 4 (41), 27 (38), 7 (48), 49 (62), 33 (76), 14 (25), 43 (90), 3 (57), 47 (88), 34 (59), 16 (68), 23 (67), 40 (70), 45 (73), 11 (95), 25 (93)]";18300;"Maquina 2: [8 (43), 10 (31), 35 (48), 5 (58), 29 (60), 6 (2), 0 (72), 28 (16), 30 (33), 31 (36), 15 (43), 24 (80), 48 (49), 36 (80), 42 (33), 18 (55), 44 (61), 1 (72), 19 (71), 46 (61), 37 (56), 39 (96), 17 (96), 26 (76)]";17787
GREEDY;50;2;33939;0.0;1;"Maquina 1: [32 (1), 34 (20), 33 (38), 1 (18), 48 (24), 13 (30), 41 (34), 42 (47), 26 (4), 14 (56), 10 (29), 28 (31), 44 (74), 5 (44), 27 (91), 15 (48), 25 (54), 12 (62), 9 (59), 37 (67), 46 (77), 6 (83), 43 (85), 20 (95), 29 (99)]";17326;"Maquina 2: [31 (37), 18 (4), 24 (22), 7 (5), 21 (29), 36 (13), 35 (24), 4 (28), 23 (30), 11 (48), 49 (32), 17 (43), 40 (64), 45 (75), 19 (85), 2 (47), 8 (55), 3 (60), 39 (58), 22 (79), 16 (70), 38 (52), 30 (91), 47 (96), 0 (89)]";16613
GRASP;50;2;32393;26.0;10;"Maquina 1: [36 (13), 26 (4), 49 (32), 39 (58), 34 (20), 28 (31), 24 (22), 10 (29), 41 (34), 8 (55), 17 (43), 9 (59), 38 (52), 42 (47), 11 (48), 33 (38), 3 (60), 22 (79), 20 (95), 46 (77), 40 (64), 45 (75), 30 (91), 47 (96)]";16447;"Maquina 2: [18 (4), 32 (1), 1 (18), 7 (5), 21 (29), 5 (44), 37 (67), 31 (37), 15 (48), 25 (54), 23 (30), 44 (74), 48 (24), 13 (30), 16 (70), 14 (56), 4 (28), 29 (99), 19 (85), 2 (47), 35 (24), 12 (62), 43 (85), 0 (89), 27 (91), 6 (83)]";15946
LNS;50;2;33939;5.0;10;"Maquina 1: [32 (1), 34 (20), 33 (38), 1 (18), 48 (24), 13 (30), 41 (34), 42 (47), 26 (4), 14 (56), 10 (29), 28 (31), 44 (74), 5 (44), 27 (91), 15 (48), 25 (54), 12 (62), 9 (59), 37 (67), 46 (77), 6 (83), 43 (85), 20 (95), 29 (99)]";17326;"Maquina 2: [31 (37), 18 (4), 24 (22), 7 (5), 21 (29), 36 (13), 35 (24), 4 (28), 23 (30), 11 (48), 49 (32), 17 (43), 40 (64), 45 (75), 19 (85), 2 (47), 8 (55), 3 (60), 39 (58), 22 (79), 16 (70), 38 (52), 30 (91), 47 (96), 0 (89)]";16613
TABÚ;50;2;32305;8.0;10;"Maquina 1: [36 (13), 26 (4), 18 (4), 24 (22), 35 (24), 4 (28), 1 (18), 14 (56), 23 (30), 21 (29), 41 (34), 42 (47), 11 (48), 40 (64), 45 (75), 12 (62), 9 (59), 47 (96), 43 (85), 3 (60), 44 (74), 19 (85), 22 (79), 20 (95), 29 (99)]";16312;"Maquina 2: [15 (48), 13 (30), 7 (5), 2 (47), 32 (1), 34 (20), 33 (38), 10 (29), 28 (31), 31 (37), 17 (43), 0 (89), 49 (32), 38 (52), 8 (55), 48 (24), 30 (91), 25 (54), 5 (44), 37 (67), 16 (70), 39 (58), 46 (77), 27 (91), 6 (83)]";15993
VNS;50;2;33718;424.0;10;"Maquina 1: [32 (1), 34 (20), 33 (38), 1 (18), 48 (24), 13 (30), 7 (5), 42 (47), 26 (4), 14 (56), 10 (29), 28 (31), 44 (74), 5 (44), 27 (91), 15 (48), 25 (54), 12 (62), 9 (59), 37 (67), 46 (77), 6 (83), 43 (85), 20 (95), 29 (99)]";16415;"Maquina 2: [31 (37), 18 (4), 24 (22), 41 (34), 21 (29), 36 (13), 35 (24), 4 (28), 23 (30), 11 (48), 49 (32), 17 (43), 40 (64), 45 (75), 19 (85), 2 (47), 8 (55), 3 (60), 39 (58), 22 (79), 16 (70), 38 (52), 30 (91), 47 (96), 0 (89)]";17303
Multiarranque;50;2;33458;30.0;10;"Maquina 1: [32 (1), 34 (20), 18 (4), 1 (18), 7 (5), 10 (29), 5 (44), 24 (22), 9 (59), 30 (91), 35 (24), 25 (54), 23 (30), 21 (29), 14 (56), 42 (47), 49 (32), 28 (31), 6 (83), 17 (43), 40 (64), 2 (47), 44 (74), 39 (58), 19 (85), 0 (89)]";16777;"Maquina 2: [33 (38), 41 (34), 4 (28), 36 (13), 48 (24), 38 (52), 8 (55), 31 (37), 15 (48), 13 (30), 37 (67), 46 (77), 26 (4), 3 (60), 45 (75), 12 (62), 16 (70), 27 (91), 22 (79), 11 (48), 47 (96), 43 (85), 20 (95), 29 (99)]";16681
GREEDY;50;2;35047;1.0;1;"Maquina 1: [5 (7), 33 (11), 12 (13), 0 (14), 28 (48), 30 (31), 3 (27), 36 (33), 15 (87), 16 (47), 21 (44), 25 (61), 32 (75), 6 (34), 9 (58), 37 (50), 29 (62), 4 (83), 49 (56), 23 (83), 42 (94), 1 (64), 38 (93), 20 (89), 22 (77)]";17280;"Maquina 2: [45 (12), 43 (13), 10 (9), 47 (45), 31 (20), 39 (33), 17 (57), 48 (60), 35 (38), 44 (13), 27 (34), 34 (47), 19 (77), 8 (31), 7 (81), 24 (71), 2 (56), 13 (83), 14 (49), 26 (96), 41 (63), 46 (87), 40 (92), 18 (85), 11 (94)]";17767
GRASP;50;2;32750;33.0;10;"Maquina 1: [5 (7), 39 (33), 12 (13), 10 (9), 30 (31), 8 (31), 22 (77), 3 (27), 21 (44), 44 (13), 14 (49), 25 (61), 2 (56), 49 (56), 6 (34), 9 (58), 37 (50), 29 (62), 19 (77), 7 (81), 11 (94), 13 (83), 15 (87), 18 (85), 20 (89)]";16252;"Maquina 2: [45 (12), 43 (13), 16 (47), 0 (14), 31 (20), 33 (11), 27 (34), 17 (57), 47 (45), 24 (71), 35 (38), 36 (33), 4 (83), 41 (63), 34 (47), 40 (92), 28 (48), 32 (75), 48 (60), 46 (87), 42 (94), 1 (64), 38 (93), 26 (96), 23 (83)]";16498
LNS;50;2;34605;4.0;10;"Maquina 1: [5 (7), 33 (11), 12 (13), 0 (14), 28 (48), 3 (27), 30 (31), 36 (33), 15 (87), 16 (47), 21 (44), 25 (61), 32 (75), 6 (34), 9 (58), 37 (50), 29 (62), 4 (83), 49 (56), 23 (83), 42 (94), 1 (64), 38 (93), 20 (89), 22 (77)]";16838;"Maquina 2: [45 (12), 43 (13), 10 (9), 47 (45), 31 (20), 39 (33), 17 (57), 48 (60), 35 (38), 44 (13), 27 (34), 34 (47), 19 (77), 8 (31), 7 (81), 24 (71), 2 (56), 13 (83), 14 (49), 26 (96), 41 (63), 46 (87), 40 (92), 18 (85), 11 (94)]";17767
TABÚ;50;2;34184;9.0;10;"Maquina 1: [43 (13), 21 (44), 5 (7), 44 (13), 37 (50), 30 (31), 39 (33), 10 (9), 28 (48), 33 (11), 17 (57), 31 (20), 41 (63), 47 (45), 29 (62), 19 (77), 7 (81), 18 (85), 11 (94), 13 (83), 1 (64), 42 (94), 40 (92), 38 (93), 26 (96)]";16703;"Maquina 2: [36 (33), 12 (13), 0 (14), 34 (47), 8 (31), 3 (27), 45 (12), 27 (34), 32 (75), 6 (34), 9 (58), 22 (77), 46 (87), 48 (60), 35 (38), 49 (56), 15 (87), 16 (47), 23 (83), 14 (49), 25 (61), 20 (89), 4 (83), 24 (71), 2 (56)]";17481
VNS;50;2;33193;414.0;10;"Maquina 1: [5 (7), 39 (33), 12 (13), 0 (14), 28 (48), 30 (31), 36 (33), 15 (87), 16 (47), 21 (44), 25 (61), 32 (75), 6 (34), 9 (58), 37 (50), 29 (62), 4 (83), 49 (56), 23 (83), 42 (94), 1 (64), 38 (93), 20 (89), 22 (77)]";15550;"Maquina 2: [45 (12), 43 (13), 10 (9), 47 (45), 31 (20), 33 (11), 17 (57), 48 (60), 35 (38), 44 (13), 3 (27), 27 (34), 34 (47), 19 (77), 8 (31), 7 (81), 24 (71), 2 (56), 13 (83), 14 (49), 26 (96), 41 (63), 46 (87), 40 (92), 18 (85), 11 (94)]";17643
Multiarranque;50;2;33956;31.0;10;"Maquina 1: [12 (13), 10 (9), 30 (31), 36 (33), 44 (13), 27 (34), 47 (45), 14 (49), 0 (14), 13 (83), 6 (34), 17 (57), 48 (60), 35 (38), 41 (63), 24 (71), 25 (61), 22 (77), 18 (85), 20 (89), 32 (75), 15 (87), 42 (94), 40 (92), 26 (96)]";17556;"Maquina 2: [45 (12), 31 (20), 33 (11), 9 (58), 37 (50), 5 (7), 19 (77), 8 (31), 43 (13), 21 (44), 34 (47), 16 (47), 39 (33), 3 (27), 2 (56), 28 (48), 46 (87), 29 (62), 4 (83), 1 (64), 49 (56), 23 (83), 38 (93), 11 (94), 7 (81)]";16400
GREEDY;50;2;29987;0.0;1;"Maquina 1: [2 (4), 16 (17), 43 (31), 24 (12), 48 (45), 23 (10), 7 (14), 19 (28), 33 (52), 38 (18), 8 (23), 22 (42), 21 (51), 26 (37), 36 (49), 10 (53), 32 (55), 45 (43), 20 (65), 3 (74), 31 (58), 41 (78), 44 (92), 5 (91), 4 (81)]";14821;"Maquina 2: [30 (13), 14 (12), 34 (34), 0 (14), 29 (21), 11 (10), 40 (14), 12 (42), 1 (53), 15 (43), 39 (28), 37 (27), 6 (44), 17 (50), 46 (53), 18 (48), 35 (51), 25 (64), 49 (56), 13 (78), 47 (86), 27 (92), 28 (94), 42 (69), 9 (79)]";15166
GRASP;50;2;30557;26.0;10;"Maquina 1: [14 (12), 34 (34), 2 (4), 6 (44), 16 (17), 7 (14), 10 (53), 38 (18), 37 (27), 0 (14), 46 (53), 48 (45), 32 (55), 22 (42), 19 (28), 18 (48), 35 (51), 25 (64), 1 (53), 41 (78), 20 (65), 9 (79), 44 (92), 4 (81), 42 (69)]";14979;"Maquina 2: [29 (21), 23 (10), 30 (13), 26 (37), 5 (91), 17 (50), 11 (10), 40 (14), 8 (23), 15 (43), 21 (51), 43 (31), 12 (42), 45 (43), 24 (12), 33 (52), 39 (28), 31 (58), 49 (56), 13 (78), 36 (49), 3 (74), 27 (92), 47 (86), 28 (94)]";15578
LNS;50;2;29987;4.0;10;"Maquina 1: [2 (4), 16 (17), 43 (31), 24 (12), 48 (45), 23 (10), 7 (14), 19 (28), 33 (52), 38 (18), 8 (23), 22 (42), 21 (51), 26 (37), 36 (49), 10 (53), 32 (55), 45 (43), 20 (65), 3 (74), 31 (58), 41 (78), 44 (92), 5 (91), 4 (81)]";14821;"Maquina 2: [30 (13), 14 (12), 34 (34), 0 (14), 29 (21), 11 (10), 40 (14), 12 (42), 1 (53), 15 (43), 39 (28), 37 (27), 6 (44), 17 (50), 46 (53), 18 (48), 35 (51), 25 (64), 49 (56), 13 (78), 47 (86), 27 (92), 28 (94), 42 (69), 9 (79)]";15166
TABÚ;50;2;29125;10.0;10;"Maquina 1: [11 (10), 35 (51), 14 (12), 19 (28), 33 (52), 23 (10), 16 (17), 43 (31), 24 (12), 8 (23), 15 (43), 18 (48), 29 (21), 3 (74), 22 (42), 48 (45), 32 (55), 45 (43), 9 (79), 46 (53), 41 (78), 44 (92), 31 (58), 42 (69), 5 (91)]";14282;"Maquina 2: [2 (4), 39 (28), 30 (13), 37 (27), 0 (14), 21 (51), 40 (14), 12 (42), 34 (34), 38 (18), 7 (14), 10 (53), 17 (50), 28 (94), 36 (49), 6 (44), 13 (78), 1 (53), 26 (37), 25 (64), 49 (56), 20 (65), 27 (92), 47 (86), 4 (81)]";14843
VNS;50;2;29853;769.0;10;"Maquina 1: [2 (4), 16 (17), 43 (31), 24 (12), 48 (45), 23 (10), 7 (14), 19 (28), 33 (52), 38 (18), 8 (23), 22 (42), 21 (51), 26 (37), 36 (49), 10 (53), 32 (55), 45 (43), 20 (65), 3 (74), 31 (58), 41 (78), 28 (94), 5 (91), 4 (81)]";14737;"Maquina 2: [30 (13), 14 (12), 34 (34), 0 (14), 29 (21), 11 (10), 40 (14), 12 (42), 1 (53), 15 (43), 39 (28), 37 (27), 6 (44), 17 (50), 46 (53), 18 (48), 35 (51), 25 (64), 49 (56), 13 (78), 47 (86), 27 (92), 44 (92), 42 (69), 9 (79)]";15116
Multiarranque;50;2;30195;34.0;10;"Maquina 1: [24 (12), 16 (17), 12 (42), 29 (21), 6 (44), 15 (43), 23 (10), 1 (53), 30 (13), 10 (53), 38 (18), 37 (27), 33 (52), 31 (58), 45 (43), 21 (51), 40 (14), 25 (64), 20 (65), 9 (79), 41 (78), 28 (94), 48 (45), 3 (74), 27 (92)]";15080;"Maquina 2: [43 (31), 14 (12), 34 (34), 2 (4), 39 (28), 18 (48), 7 (14), 19 (28), 22 (42), 11 (10), 8 (23), 32 (55), 0 (14), 49 (56), 46 (53), 35 (51), 4 (81), 26 (37), 13 (78), 36 (49), 17 (50), 5 (91), 42 (69), 47 (86), 44 (92)]";15115
GREEDY;50;2;37881;0.0;1;"Maquina 1: [40 (35), 11 (21), 43 (23), 23 (17), 3 (4), 21 (25), 37 (51), 8 (41), 41 (30), 28 (58), 16 (73), 47 (65), 36 (62), 5 (43), 4 (45), 9 (51), 0 (98), 29 (55), 48 (54), 39 (76), 24 (92), 13 (58), 19 (79), 1 (85), 26 (84), 25 (93)]";19461;"Maquina 2: [30 (11), 2 (43), 31 (19), 45 (22), 18 (77), 22 (34), 10 (39), 32 (24), 49 (50), 46 (51), 7 (30), 20 (44), 17 (56), 15 (58), 27 (63), 42 (80), 44 (84), 35 (51), 14 (60), 38 (67), 6 (55), 12 (86), 33 (92), 34 (93)]";18420
GRASP;50;2;36027;20.0;10;"Maquina 1: [4 (45), 22 (34), 10 (39), 32 (24), 8 (41), 43 (23), 45 (22), 9 (51), 46 (51), 31 (19), 5 (43), 35 (51), 13 (58), 36 (62), 29 (55), 17 (56), 39 (76), 24 (92), 42 (80), 44 (84), 26 (84), 34 (93), 0 (98), 12 (86)]";17819;"Maquina 2: [7 (30), 20 (44), 47 (65), 23 (17), 3 (4), 21 (25), 30 (11), 2 (43), 41 (30), 40 (35), 11 (21), 37 (51), 49 (50), 6 (55), 48 (54), 15 (58), 27 (63), 16 (73), 28 (58), 18 (77), 14 (60), 19 (79), 1 (85), 25 (93), 33 (92), 38 (67)]";18208
LNS;50;2;37608;4.0;10;"Maquina 1: [40 (35), 11 (21), 43 (23), 23 (17), 3 (4), 21 (25), 37 (51), 8 (41), 41 (30), 28 (58), 16 (73), 47 (65), 36 (62), 5 (43), 4 (45), 9 (51), 0 (98), 29 (55), 48 (54), 39 (76), 24 (92), 13 (58), 19 (79), 1 (85), 26 (84), 25 (93)]";19461;"Maquina 2: [30 (11), 2 (43), 31 (19), 45 (22), 18 (77), 22 (34), 10 (39), 32 (24), 49 (50), 46 (51), 7 (30), 20 (44), 17 (56), 15 (58), 27 (63), 42 (80), 38 (67), 35 (51), 14 (60), 33 (92), 6 (55), 12 (86), 44 (84), 34 (93)]";18147
TABÚ;50;2;35868;9.0;10;"Maquina 1: [31 (19), 40 (35), 46 (51), 2 (43), 18 (77), 22 (34), 10 (39), 17 (56), 3 (4), 20 (44), 9 (51), 29 (55), 35 (51), 19 (79), 13 (58), 36 (62), 47 (65), 6 (55), 48 (54), 1 (85), 24 (92), 39 (76), 44 (84), 26 (84)]";17699;"Maquina 2: [21 (25), 30 (11), 11 (21), 43 (23), 23 (17), 45 (22), 32 (24), 49 (50), 7 (30), 28 (58), 16 (73), 8 (41), 41 (30), 14 (60), 38 (67), 4 (45), 25 (93), 5 (43), 42 (80), 37 (51), 15 (58), 27 (63), 34 (93), 0 (98), 12 (86), 33 (92)]";18169
VNS;50;2;37570;559.0;10;"Maquina 1: [40 (35), 11 (21), 43 (23), 23 (17), 3 (4), 21 (25), 37 (51), 8 (41), 41 (30), 28 (58), 16 (73), 47 (65), 36 (62), 15 (58), 4 (45), 9 (51), 0 (98), 29 (55), 48 (54), 39 (76), 24 (92), 14 (60), 19 (79), 1 (85), 26 (84), 25 (93)]";19011;"Maquina 2: [30 (11), 2 (43), 31 (19), 45 (22), 18 (77), 22 (34), 10 (39), 32 (24), 49 (50), 46 (51), 7 (30), 20 (44), 17 (56), 5 (43), 27 (63), 42 (80), 44 (84), 35 (51), 13 (58), 38 (67), 6 (55), 12 (86), 33 (92), 34 (93)]";18559
Multiarranque;50;2;36004;32.0;10;"Maquina 1: [31 (19), 41 (30), 30 (11), 11 (21), 43 (23), 0 (98), 48 (54), 40 (35), 20 (44), 5 (43), 35 (51), 13 (58), 6 (55), 22 (34), 28 (58), 2 (43), 16 (73), 46 (51), 14 (60), 39 (76), 44 (84), 34 (93), 12 (86), 42 (80), 1 (85)]";17794;"Maquina 2: [45 (22), 3 (4), 21 (25), 15 (58), 27 (63), 32 (24), 49 (50), 7 (30), 8 (41), 23 (17), 37 (51), 10 (39), 17 (56), 4 (45), 9 (51), 29 (55), 36 (62), 47 (65), 38 (67), 19 (79), 25 (93), 26 (84), 18 (77), 24 (92), 33 (92)]";18210
GREEDY;50;2;38773;1.0;1;"Maquina 1: [38 (21), 39 (14), 19 (2), 43 (17), 15 (40), 3 (58), 26 (28), 13 (43), 1 (24), 9 (37), 18 (54), 45 (69), 23 (96), 6 (45), 28 (64), 20 (60), 11 (62), 29 (47), 32 (73), 12 (85), 4 (69), 40 (89), 37 (92), 21 (95), 42 (97)]";19737;"Maquina 2: [5 (15), 7 (10), 47 (27), 25 (43), 34 (17), 48 (19), 2 (30), 36 (44), 31 (70), 44 (33), 8 (52), 49 (60), 16 (47), 33 (63), 22 (59), 46 (75), 27 (68), 14 (97), 0 (40), 35 (88), 10 (56), 24 (94), 17 (69), 30 (95), 41 (89)]";19036
GRASP;50;2;35687;23.0;10;"Maquina 1: [5 (15), 7 (10), 38 (21), 39 (14), 2 (30), 28 (64), 15 (40), 9 (37), 26 (28), 13 (43), 49 (60), 16 (47), 18 (54), 32 (73), 29 (47), 3 (58), 37 (92), 42 (97), 27 (68), 40 (89), 44 (33), 31 (70), 21 (95), 30 (95), 14 (97)]";17410;"Maquina 2: [43 (17), 34 (17), 17 (69), 19 (2), 1 (24), 8 (52), 48 (19), 10 (56), 36 (44), 4 (69), 6 (45), 33 (63), 0 (40), 20 (60), 47 (27), 25 (43), 35 (88), 11 (62), 12 (85), 45 (69), 22 (59), 46 (75), 41 (89), 24 (94), 23 (96)]";18277
LNS;50;2;38161;3.0;10;"Maquina 1: [38 (21), 39 (14), 19 (2), 43 (17), 15 (40), 3 (58), 26 (28), 13 (43), 1 (24), 9 (37), 18 (54), 45 (69), 23 (96), 6 (45), 28 (64), 20 (60), 32 (73), 29 (47), 11 (62), 12 (85), 4 (69), 40 (89), 37 (92), 21 (95), 42 (97)]";19637;"Maquina 2: [5 (15), 7 (10), 47 (27), 25 (43), 34 (17), 48 (19), 2 (30), 36 (44), 31 (70), 44 (33), 8 (52), 49 (60), 16 (47), 35 (88), 22 (59), 46 (75), 27 (68), 33 (63), 0 (40), 14 (97), 10 (56), 24 (94), 17 (69), 30 (95), 41 (89)]";18524
TABÚ;50;2;35627;10.0;10;"Maquina 1: [6 (45), 47 (27), 38 (21), 7 (10), 39 (14), 8 (52), 9 (37), 25 (43), 43 (17), 36 (44), 46 (75), 29 (47), 3 (58), 37 (92), 16 (47), 40 (89), 17 (69), 11 (62), 22 (59), 35 (88), 45 (69), 23 (96), 24 (94), 41 (89), 42 (97)]";17820;"Maquina 2: [34 (17), 19 (2), 1 (24), 5 (15), 18 (54), 15 (40), 13 (43), 0 (40), 20 (60), 27 (68), 28 (64), 44 (33), 26 (28), 48 (19), 2 (30), 32 (73), 31 (70), 12 (85), 10 (56), 49 (60), 33 (63), 4 (69), 30 (95), 14 (97), 21 (95)]";17807
VNS;50;2;38040;460.0;10;"Maquina 1: [38 (21), 39 (14), 19 (2), 43 (17), 15 (40), 3 (58), 26 (28), 13 (43), 1 (24), 9 (37), 18 (54), 45 (69), 23 (96), 6 (45), 28 (64), 20 (60), 46 (75), 29 (47), 32 (73), 12 (85), 4 (69), 40 (89), 37 (92), 21 (95), 42 (97)]";19325;"Maquina 2: [5 (15), 7 (10), 47 (27), 25 (43), 34 (17), 48 (19), 2 (30), 36 (44), 31 (70), 44 (33), 8 (52), 49 (60), 16 (47), 33 (63), 22 (59), 11 (62), 27 (68), 14 (97), 0 (40), 35 (88), 10 (56), 24 (94), 17 (69), 30 (95), 41 (89)]";18715
Multiarranque;50;2;36012;32.0;10;"Maquina 1: [48 (19), 1 (24), 38 (21), 47 (27), 7 (10), 39 (14), 10 (56), 36 (44), 44 (33), 6 (45), 25 (43), 13 (43), 3 (58), 35 (88), 22 (59), 18 (54), 45 (69), 33 (63), 12 (85), 31 (70), 40 (89), 37 (92), 42 (97), 46 (75), 14 (97)]";18347;"Maquina 2: [43 (17), 34 (17), 16 (47), 19 (2), 9 (37), 26 (28), 5 (15), 0 (40), 20 (60), 2 (30), 28 (64), 15 (40), 41 (89), 8 (52), 49 (60), 11 (62), 27 (68), 29 (47), 17 (69), 32 (73), 24 (94), 4 (69), 30 (95), 21 (95), 23 (96)]";17665
GREEDY;50;2;32236;0.0;1;"Maquina 1: [13 (10), 27 (15), 4 (12), 1 (5), 0 (14), 24 (40), 19 (33), 17 (77), 20 (24), 7 (45), 3 (36), 32 (12), 49 (18), 46 (46), 41 (49), 31 (66), 45 (89), 9 (51), 30 (48), 37 (61), 11 (71), 33 (59), 8 (64), 43 (81), 34 (84)]";15469;"Maquina 2: [39 (10), 42 (60), 23 (10), 38 (13), 12 (7), 18 (19), 16 (15), 40 (44), 22 (36), 14 (49), 44 (28), 2 (66), 28 (33), 48 (77), 36 (82), 35 (51), 29 (45), 6 (88), 47 (66), 15 (48), 5 (73), 26 (82), 21 (50), 10 (62), 25 (98)]";16767
GRASP;50;2;32043;25.0;10;"Maquina 1: [1 (5), 4 (12), 39 (10), 12 (7), 49 (18), 42 (60), 27 (15), 38 (13), 22 (36), 14 (49), 37 (61), 46 (46), 35 (51), 29 (45), 8 (64), 30 (48), 24 (40), 31 (66), 10 (62), 45 (89), 9 (51), 11 (71), 26 (82), 25 (98), 36 (82)]";16185;"Maquina 2: [0 (14), 23 (10), 16 (15), 20 (24), 40 (44), 13 (10), 18 (19), 41 (49), 7 (45), 28 (33), 32 (12), 15 (48), 21 (50), 47 (66), 2 (66), 3 (36), 48 (77), 43 (81), 33 (59), 5 (73), 19 (33), 17 (77), 6 (88), 44 (28), 34 (84)]";15858
LNS;50;2;31556;2.0;10;"Maquina 1: [13 (10), 27 (15), 4 (12), 1 (5), 0 (14), 37 (61), 46 (46), 49 (18), 20 (24), 7 (45), 3 (36), 32 (12), 19 (33), 17 (77), 41 (49), 31 (66), 45 (89), 9 (51), 30 (48), 24 (40), 11 (71), 33 (59), 8 (64), 43 (81), 34 (84)]";14944;"Maquina 2: [16 (15), 42 (60), 23 (10), 38 (13), 12 (7), 18 (19), 39 (10), 40 (44), 22 (36), 14 (49), 44 (28), 2 (66), 28 (33), 48 (77), 36 (82), 35 (51), 29 (45), 6 (88), 47 (66), 15 (48), 5 (73), 26 (82), 21 (50), 10 (62), 25 (98)]";16612
TABÚ;50;2;29856;8.0;10;"Maquina 1: [38 (13), 13 (10), 44 (28), 4 (12), 39 (10), 18 (19), 1 (5), 7 (45), 16 (15), 14 (49), 24 (40), 35 (51), 22 (36), 3 (36), 37 (61), 41 (49), 31 (66), 10 (62), 15 (48), 42 (60), 11 (71), 5 (73), 43 (81), 45 (89), 36 (82), 34 (84)]";15509;"Maquina 2: [49 (18), 27 (15), 0 (14), 12 (7), 17 (77), 20 (24), 28 (33), 32 (12), 48 (77), 21 (50), 23 (10), 29 (45), 6 (88), 9 (51), 19 (33), 46 (46), 8 (64), 40 (44), 30 (48), 2 (66), 47 (66), 25 (98), 33 (59), 26 (82)]";14347
VNS;50;2;31582;312.0;10;"Maquina 1: [39 (10), 27 (15), 4 (12), 1 (5), 0 (14), 24 (40), 19 (33), 17 (77), 20 (24), 7 (45), 28 (33), 32 (12), 49 (18), 46 (46), 41 (49), 31 (66), 14 (49), 45 (89), 9 (51), 30 (48), 37 (61), 11 (71), 33 (59), 10 (62), 8 (64), 43 (81), 34 (84)]";18001;"Maquina 2: [13 (10), 42 (60), 23 (10), 38 (13), 12 (7), 18 (19), 16 (15), 40 (44), 22 (36), 44 (28), 2 (66), 3 (36), 48 (77), 36 (82), 35 (51), 29 (45), 6 (88), 47 (66), 15 (48), 5 (73), 26 (82), 21 (50), 25 (98)]";13581
Multiarranque;50;2;30599;37.0;10;"Maquina 1: [4 (12), 39 (10), 18 (19), 16 (15), 45 (89), 28 (33), 32 (12), 2 (66), 30 (48), 22 (36), 37 (61), 19 (33), 46 (46), 35 (51), 29 (45), 6 (88), 8 (64), 5 (73), 43 (81), 47 (66), 31 (66), 36 (82), 42 (60), 48 (77)]";16045;"Maquina 2: [20 (24), 12 (7), 1 (5), 0 (14), 23 (10), 3 (36), 38 (13), 13 (10), 27 (15), 44 (28), 24 (40), 40 (44), 7 (45), 21 (50), 49 (18), 14 (49), 15 (48), 33 (59), 9 (51), 41 (49), 26 (82), 17 (77), 25 (98), 10 (62), 34 (84), 11 (71)]";14554
GREEDY;50;2;29777;1.0;1;"Maquina 1: [20 (9), 47 (5), 45 (22), 24 (42), 2 (19), 48 (2), 21 (27), 37 (49), 33 (37), 40 (34), 14 (53), 6 (43), 28 (73), 38 (56), 19 (55), 39 (65), 25 (57), 30 (89), 17 (61), 27 (82), 10 (90), 12 (85), 4 (92), 0 (97), 23 (93)]";15081;"Maquina 2: [13 (3), 44 (7), 29 (13), 36 (8), 7 (34), 41 (22), 42 (24), 43 (38), 49 (55), 5 (49), 31 (42), 1 (59), 15 (36), 34 (50), 18 (57), 22 (68), 9 (55), 16 (64), 32 (84), 35 (92), 11 (90), 8 (90), 26 (94), 46 (79), 3 (87)]";14696
GRASP;50;2;28739;22.0;10;"Maquina 1: [13 (3), 29 (13), 47 (5), 40 (34), 31 (42), 36 (8), 41 (22), 25 (57), 45 (22), 9 (55), 21 (27), 5 (49), 33 (37), 24 (42), 38 (56), 17 (61), 46 (79), 34 (50), 32 (84), 11 (90), 30 (89), 27 (82), 10 (90), 26 (94), 35 (92)]";13963;"Maquina 2: [44 (7), 15 (36), 48 (2), 20 (9), 2 (19), 7 (34), 43 (38), 16 (64), 6 (43), 28 (73), 37 (49), 42 (24), 19 (55), 18 (57), 49 (55), 14 (53), 39 (65), 22 (68), 1 (59), 12 (85), 4 (92), 8 (90), 23 (93), 3 (87), 0 (97)]";14776
LNS;50;2;29322;3.0;10;"Maquina 1: [33 (37), 47 (5), 45 (22), 24 (42), 2 (19), 48 (2), 20 (9), 37 (49), 21 (27), 40 (34), 14 (53), 6 (43), 28 (73), 38 (56), 19 (55), 39 (65), 25 (57), 30 (89), 17 (61), 27 (82), 10 (90), 12 (85), 4 (92), 0 (97), 23 (93)]";14798;"Maquina 2: [13 (3), 44 (7), 29 (13), 36 (8), 7 (34), 41 (22), 42 (24), 43 (38), 49 (55), 5 (49), 22 (68), 1 (59), 15 (36), 34 (50), 32 (84), 31 (42), 9 (55), 16 (64), 18 (57), 35 (92), 11 (90), 8 (90), 26 (94), 46 (79), 3 (87)]";14524
TABÚ;50;2;29855;9.0;10;"Maquina 1: [20 (9), 13 (3), 44 (7), 29 (13), 7 (34), 41 (22), 5 (49), 18 (57), 39 (65), 25 (57), 45 (22), 2 (19), 46 (79), 33 (37), 37 (49), 19 (55), 14 (53), 16 (64), 35 (92), 27 (82), 1 (59), 26 (94), 3 (87), 0 (97), 10 (90)]";14430;"Maquina 2: [36 (8), 47 (5), 40 (34), 42 (24), 21 (27), 15 (36), 48 (2), 43 (38), 28 (73), 38 (56), 17 (61), 24 (42), 32 (84), 31 (42), 9 (55), 6 (43), 49 (55), 22 (68), 34 (50), 11 (90), 30 (89), 8 (90), 23 (93), 12 (85), 4 (92)]";15425
VNS;50;2;29273;436.0;10;"Maquina 1: [20 (9), 47 (5), 45 (22), 24 (42), 2 (19), 48 (2), 21 (27), 37 (49), 9 (55), 36 (8), 40 (34), 14 (53), 6 (43), 28 (73), 38 (56), 19 (55), 39 (65), 25 (57), 30 (89), 17 (61), 27 (82), 10 (90), 12 (85), 4 (92), 0 (97), 23 (93)]";15724;"Maquina 2: [13 (3), 44 (7), 29 (13), 7 (34), 41 (22), 42 (24), 43 (38), 49 (55), 5 (49), 31 (42), 1 (59), 15 (36), 34 (50), 18 (57), 22 (68), 33 (37), 16 (64), 32 (84), 35 (92), 11 (90), 8 (90), 26 (94), 46 (79), 3 (87)]";13549
Multiarranque;50;2;28988;31.0;10;"Maquina 1: [20 (9), 47 (5), 29 (13), 45 (22), 41 (22), 2 (19), 49 (55), 42 (24), 43 (38), 5 (49), 24 (42), 40 (34), 26 (94), 18 (57), 15 (36), 12 (85), 9 (55), 46 (79), 38 (56), 19 (55), 39 (65), 32 (84), 4 (92), 23 (93), 3 (87)]";14064;"Maquina 2: [48 (2), 44 (7), 13 (3), 6 (43), 36 (8), 7 (34), 25 (57), 34 (50), 21 (27), 17 (61), 33 (37), 37 (49), 28 (73), 31 (42), 14 (53), 16 (64), 35 (92), 11 (90), 30 (89), 1 (59), 8 (90), 22 (68), 27 (82), 10 (90), 0 (97)]";14924
GREEDY;50;2;29641;0.0;1;"Maquina 1: [33 (1), 40 (12), 8 (14), 48 (32), 1 (29), 15 (29), 2 (36), 9 (20), 10 (40), 12 (44), 5 (56), 37 (49), 39 (53), 20 (91), 29 (51), 23 (57), 13 (46), 44 (60), 22 (72), 41 (60), 19 (88), 27 (76), 14 (66), 0 (97), 6 (81)]";14527;"Maquina 2: [31 (7), 21 (19), 30 (22), 49 (13), 3 (28), 46 (30), 43 (52), 17 (35), 26 (37), 36 (40), 28 (49), 11 (45), 35 (54), 42 (60), 25 (64), 34 (59), 24 (51), 45 (72), 16 (81), 38 (67), 7 (56), 4 (79), 32 (90), 18 (99), 47 (92)]";15114
GRASP;50;2;29278;22.0;10;"Maquina 1: [31 (7), 33 (1), 3 (28), 46 (30), 30 (22), 12 (44), 15 (29), 2 (36), 11 (45), 7 (56), 36 (40), 26 (37), 29 (51), 23 (57), 38 (67), 24 (51), 5 (56), 28 (49), 42 (60), 32 (90), 25 (64), 14 (66), 4 (79), 18 (99), 0 (97)]";14524;"Maquina 2: [40 (12), 8 (14), 1 (29), 49 (13), 9 (20), 6 (81), 17 (35), 48 (32), 21 (19), 43 (52), 10 (40), 44 (60), 37 (49), 39 (53), 45 (72), 35 (54), 27 (76), 13 (46), 16 (81), 34 (59), 41 (60), 19 (88), 47 (92), 22 (72), 20 (91)]";14754
LNS;50;2;29485;3.0;10;"Maquina 1: [33 (1), 40 (12), 8 (14), 48 (32), 1 (29), 15 (29), 2 (36), 9 (20), 10 (40), 12 (44), 5 (56), 37 (49), 39 (53), 20 (91), 29 (51), 23 (57), 13 (46), 44 (60), 22 (72), 41 (60), 19 (88), 27 (76), 14 (66), 0 (97), 6 (81)]";14527;"Maquina 2: [31 (7), 46 (30), 30 (22), 49 (13), 3 (28), 21 (19), 43 (52), 17 (35), 26 (37), 36 (40), 28 (49), 38 (67), 7 (56), 42 (60), 25 (64), 34 (59), 24 (51), 45 (72), 16 (81), 11 (45), 35 (54), 32 (90), 4 (79), 18 (99), 47 (92)]";14958
TABÚ;50;2;29741;9.0;10;"Maquina 1: [33 (1), 8 (14), 1 (29), 13 (46), 26 (37), 46 (30), 30 (22), 48 (32), 2 (36), 36 (40), 43 (52), 12 (44), 16 (81), 34 (59), 25 (64), 41 (60), 42 (60), 23 (57), 24 (51), 45 (72), 19 (88), 6 (81), 4 (79), 0 (97), 32 (90)]";15100;"Maquina 2: [31 (7), 40 (12), 49 (13), 3 (28), 21 (19), 9 (20), 10 (40), 35 (54), 17 (35), 15 (29), 11 (45), 5 (56), 37 (49), 44 (60), 39 (53), 38 (67), 7 (56), 29 (51), 14 (66), 28 (49), 27 (76), 22 (72), 18 (99), 47 (92), 20 (91)]";14641
VNS;50;2;29321;315.0;10;"Maquina 1: [40 (12), 8 (14), 48 (32), 1 (29), 15 (29), 2 (36), 9 (20), 10 (40), 12 (44), 5 (56), 37 (49), 39 (53), 20 (91), 29 (51), 23 (57), 13 (46), 44 (60), 22 (72), 41 (60), 19 (88), 27 (76), 14 (66), 0 (97), 6 (81)]";14070;"Maquina 2: [31 (7), 46 (30), 30 (22), 49 (13), 33 (1), 3 (28), 21 (19), 43 (52), 17 (35), 26 (37), 36 (40), 28 (49), 11 (45), 35 (54), 42 (60), 25 (64), 34 (59), 24 (51), 45 (72), 16 (81), 38 (67), 7 (56), 4 (79), 32 (90), 18 (99), 47 (92)]";15251
Multiarranque;50;2;29416;30.0;10;"Maquina 1: [33 (1), 40 (12), 8 (14), 48 (32), 1 (29), 15 (29), 2 (36), 9 (20), 10 (40), 12 (44), 5 (56), 37 (49), 39 (53), 20 (91), 29 (51), 23 (57), 13 (46), 44 (60), 22 (72), 41 (60), 19 (88), 27 (76), 14 (66), 0 (97), 32 (90)]";14522;"Maquina 2: [31 (7), 46 (30), 30 (22), 49 (13), 3 (28), 21 (19), 43 (52), 17 (35), 26 (37), 36 (40), 28 (49), 38 (67), 7 (56), 42 (60), 25 (64), 34 (59), 24 (51), 45 (72), 16 (81), 11 (45), 35 (54), 4 (79), 6 (81), 18 (99), 47 (92)]";14894
GREEDY;50;2;27730;1.0;1;"Maquina 1: [16 (1), 35 (2), 48 (9), 4 (15), 49 (6), 22 (9), 18 (32), 47 (53), 9 (28), 13 (46), 25 (20), 5 (59), 3 (48), 41 (61), 29 (42), 21 (64), 36 (70), 14 (74), 40 (79), 2 (99), 12 (84), 44 (68), 31 (94), 34 (99), 37 (96)]";14068;"Maquina 2: [24 (9), 26 (2), 8 (3), 6 (9), 27 (32), 38 (6), 1 (21), 15 (11), 43 (28), 7 (54), 19 (44), 32 (33), 23 (47), 45 (48), 39 (76), 42 (62), 17 (65), 33 (61), 10 (71), 28 (80), 0 (70), 30 (99), 20 (95), 46 (97), 11 (90)]";13662
GRASP;50;2;25884;20.0;10;"Maquina 1: [26 (2), 16 (1), 24 (9), 1 (21), 9 (28), 8 (3), 48 (9), 6 (9), 18 (32), 47 (53), 23 (47), 4 (15), 22 (9), 7 (54), 46 (97), 13 (46), 5 (59), 10 (71), 28 (80), 37 (96), 17 (65), 33 (61), 39 (76), 12 (84), 34 (99), 30 (99)]";12510;"Maquina 2: [35 (2), 15 (11), 27 (32), 49 (6), 29 (42), 43 (28), 38 (6), 19 (44), 32 (33), 42 (62), 3 (48), 25 (20), 21 (64), 44 (68), 11 (90), 45 (48), 36 (70), 14 (74), 41 (61), 0 (70), 2 (99), 31 (94), 40 (79), 20 (95)]";13374
LNS;50;2;27621;3.0;10;"Maquina 1: [16 (1), 35 (2), 48 (9), 4 (15), 49 (6), 22 (9), 18 (32), 47 (53), 9 (28), 13 (46), 25 (20), 5 (59), 3 (48), 41 (61), 29 (42), 21 (64), 36 (70), 14 (74), 40 (79), 2 (99), 12 (84), 44 (68), 31 (94), 34 (99), 37 (96)]";14068;"Maquina 2: [24 (9), 26 (2), 8 (3), 6 (9), 27 (32), 38 (6), 1 (21), 15 (11), 43 (28), 7 (54), 19 (44), 32 (33), 23 (47), 45 (48), 39 (76), 17 (65), 42 (62), 33 (61), 10 (71), 28 (80), 0 (70), 30 (99), 20 (95), 46 (97), 11 (90)]";13553
TABÚ;50;2;26386;10.0;10;"Maquina 1: [38 (6), 16 (1), 32 (33), 35 (2), 15 (11), 48 (9), 29 (42), 43 (28), 1 (21), 22 (9), 27 (32), 41 (61), 45 (48), 42 (62), 3 (48), 36 (70), 33 (61), 21 (64), 44 (68), 39 (76), 31 (94), 40 (79), 2 (99), 34 (99), 11 (90)]";12738;"Maquina 2: [8 (3), 6 (9), 49 (6), 26 (2), 24 (9), 9 (28), 13 (46), 25 (20), 23 (47), 19 (44), 18 (32), 47 (53), 7 (54), 46 (97), 4 (15), 5 (59), 28 (80), 14 (74), 10 (71), 12 (84), 0 (70), 17 (65), 37 (96), 20 (95), 30 (99)]";13648
VNS;50;2;27151;425.0;10;"Maquina 1: [35 (2), 48 (9), 4 (15), 49 (6), 15 (11), 18 (32), 47 (53), 9 (28), 13 (46), 25 (20), 5 (59), 3 (48), 41 (61), 29 (42), 21 (64), 36 (70), 14 (74), 40 (79), 2 (99), 12 (84), 44 (68), 31 (94), 34 (99), 37 (96)]";13599;"Maquina 2: [24 (9), 26 (2), 16 (1), 8 (3), 6 (9), 27 (32), 38 (6), 1 (21), 22 (9), 43 (28), 7 (54), 19 (44), 32 (33), 23 (47), 45 (48), 39 (76), 42 (62), 17 (65), 33 (61), 10 (71), 28 (80), 0 (70), 30 (99), 20 (95), 46 (97), 11 (90)]";13552
Multiarranque;50;2;26159;35.0;10;"Maquina 1: [15 (11), 8 (3), 48 (9), 24 (9), 4 (15), 25 (20), 38 (6), 13 (46), 21 (64), 19 (44), 18 (32), 47 (53), 40 (79), 45 (48), 7 (54), 44 (68), 33 (61), 34 (99), 41 (61), 11 (90), 14 (74), 10 (71), 30 (99), 2 (99)]";12772;"Maquina 2: [6 (9), 35 (2), 1 (21), 9 (28), 26 (2), 16 (1), 22 (9), 27 (32), 49 (6), 32 (33), 23 (47), 5 (59), 43 (28), 29 (42), 0 (70), 42 (62), 3 (48), 17 (65), 37 (96), 20 (95), 28 (80), 36 (70), 12 (84), 46 (97), 39 (76), 31 (94)]";13387
GREEDY;50;2;24390;0.0;1;"Maquina 1: [47 (8), 45 (6), 31 (17), 11 (1), 1 (17), 3 (14), 30 (9), 37 (69), 33 (25), 7 (33), 24 (31), 16 (24), 44 (43), 10 (30), 40 (60), 9 (77), 4 (74), 8 (68), 12 (54), 13 (50), 29 (70), 27 (77), 18 (82), 26 (97), 39 (90)]";12375;"Maquina 2: [28 (16), 2 (7), 6 (2), 48 (9), 42 (8), 35 (12), 36 (26), 21 (25), 14 (23), 20 (29), 34 (32), 41 (39), 5 (48), 19 (62), 0 (69), 32 (58), 49 (30), 43 (75), 38 (53), 25 (72), 46 (69), 15 (77), 23 (84), 17 (97), 22 (79)]";12015
GRASP;50;2;23987;22.0;10;"Maquina 1: [47 (8), 31 (17), 28 (16), 42 (8), 35 (12), 3 (14), 46 (69), 45 (6), 33 (25), 21 (25), 14 (23), 44 (43), 10 (30), 5 (48), 19 (62), 7 (33), 32 (58), 4 (74), 40 (60), 39 (90), 9 (77), 0 (69), 17 (97), 15 (77), 23 (84)]";11969;"Maquina 2: [11 (1), 2 (7), 1 (17), 30 (9), 48 (9), 6 (2), 36 (26), 20 (29), 34 (32), 16 (24), 41 (39), 29 (70), 49 (30), 13 (50), 38 (53), 24 (31), 8 (68), 37 (69), 12 (54), 27 (77), 18 (82), 25 (72), 43 (75), 22 (79), 26 (97)]";12018
LNS;50;2;24116;3.0;10;"Maquina 1: [47 (8), 45 (6), 31 (17), 30 (9), 3 (14), 1 (17), 11 (1), 37 (69), 33 (25), 7 (33), 24 (31), 16 (24), 44 (43), 10 (30), 40 (60), 9 (77), 4 (74), 8 (68), 12 (54), 13 (50), 29 (70), 27 (77), 18 (82), 26 (97), 39 (90)]";12101;"Maquina 2: [28 (16), 2 (7), 6 (2), 48 (9), 42 (8), 35 (12), 36 (26), 21 (25), 14 (23), 20 (29), 34 (32), 41 (39), 5 (48), 19 (62), 0 (69), 32 (58), 49 (30), 43 (75), 38 (53), 25 (72), 46 (69), 15 (77), 23 (84), 17 (97), 22 (79)]";12015
TABÚ;50;2;24020;8.0;10;"Maquina 1: [28 (16), 42 (8), 45 (6), 48 (9), 6 (2), 3 (14), 1 (17), 14 (23), 20 (29), 36 (26), 33 (25), 34 (32), 13 (50), 29 (70), 32 (58), 19 (62), 7 (33), 25 (72), 5 (48), 40 (60), 9 (77), 22 (79), 27 (77), 18 (82), 39 (90)]";11234;"Maquina 2: [11 (1), 2 (7), 30 (9), 35 (12), 10 (30), 47 (8), 31 (17), 49 (30), 8 (68), 21 (25), 37 (69), 24 (31), 16 (24), 41 (39), 44 (43), 12 (54), 38 (53), 23 (84), 26 (97), 15 (77), 43 (75), 46 (69), 0 (69), 4 (74), 17 (97)]";12786
VNS;50;2;24116;421.0;10;"Maquina 1: [47 (8), 45 (6), 31 (17), 11 (1), 1 (17), 3 (14), 30 (9), 37 (69), 33 (25), 7 (33), 34 (32), 16 (24), 44 (43), 10 (30), 40 (60), 9 (77), 4 (74), 8 (68), 12 (54), 13 (50), 29 (70), 27 (77), 18 (82), 26 (97), 39 (90)]";12139;"Maquina 2: [28 (16), 2 (7), 6 (2), 48 (9), 42 (8), 35 (12), 36 (26), 21 (25), 14 (23), 20 (29), 24 (31), 41 (39), 5 (48), 19 (62), 0 (69), 32 (58), 49 (30), 43 (75), 38 (53), 25 (72), 46 (69), 15 (77), 23 (84), 17 (97), 22 (79)]";11977
Multiarranque;50;2;23636;33.0;10;"Maquina 1: [2 (7), 30 (9), 49 (30), 47 (8), 6 (2), 13 (50), 36 (26), 5 (48), 24 (31), 32 (58), 21 (25), 14 (23), 44 (43), 38 (53), 19 (62), 7 (33), 25 (72), 4 (74), 27 (77), 43 (75), 46 (69), 18 (82), 9 (77), 23 (84)]";12444;"Maquina 2: [11 (1), 31 (17), 28 (16), 42 (8), 35 (12), 10 (30), 45 (6), 48 (9), 33 (25), 1 (17), 3 (14), 20 (29), 34 (32), 16 (24), 41 (39), 0 (69), 8 (68), 37 (69), 12 (54), 29 (70), 40 (60), 17 (97), 39 (90), 15 (77), 22 (79), 26 (97)]";11192
GREEDY;50;2;32835;1.0;1;"Maquina 1: [10 (7), 38 (15), 43 (17), 47 (2), 29 (24), 39 (21), 16 (41), 32 (57), 15 (30), 48 (60), 3 (92), 23 (51), 27 (81), 13 (59), 5 (44), 4 (68), 42 (62), 28 (75), 37 (72), 18 (87), 6 (74), 12 (84), 26 (94), 8 (89), 24 (91)]";16304;"Maquina 2: [25 (4), 45 (8), 17 (17), 7 (15), 1 (38), 20 (24), 11 (70), 0 (27), 34 (61), 36 (65), 33 (42), 41 (49), 31 (59), 9 (53), 44 (76), 22 (58), 19 (80), 2 (73), 35 (84), 49 (92), 21 (74), 14 (88), 40 (90), 30 (91), 46 (97)]";16531
GRASP;50;2;32191;22.0;10;"Maquina 1: [25 (4), 7 (15), 10 (7), 39 (21), 20 (24), 15 (30), 9 (53), 16 (41), 0 (27), 48 (60), 34 (61), 32 (57), 42 (62), 41 (49), 37 (72), 4 (68), 35 (84), 49 (92), 6 (74), 19 (80), 12 (84), 18 (87), 30 (91), 46 (97), 8 (89)]";16402;"Maquina 2: [45 (8), 47 (2), 17 (17), 38 (15), 29 (24), 11 (70), 43 (17), 33 (42), 23 (51), 27 (81), 13 (59), 1 (38), 22 (58), 5 (44), 31 (59), 3 (92), 2 (73), 36 (65), 28 (75), 40 (90), 44 (76), 26 (94), 21 (74), 14 (88), 24 (91)]";15789
LNS;50;2;32389;3.0;10;"Maquina 1: [10 (7), 38 (15), 29 (24), 47 (2), 43 (17), 39 (21), 16 (41), 32 (57), 15 (30), 48 (60), 3 (92), 23 (51), 27 (81), 13 (59), 5 (44), 8 (89), 42 (62), 28 (75), 37 (72), 18 (87), 6 (74), 12 (84), 26 (94), 4 (68), 24 (91)]";16084;"Maquina 2: [25 (4), 45 (8), 7 (15), 17 (17), 1 (38), 20 (24), 11 (70), 0 (27), 34 (61), 36 (65), 33 (42), 41 (49), 31 (59), 9 (53), 44 (76), 22 (58), 19 (80), 2 (73), 35 (84), 49 (92), 21 (74), 14 (88), 40 (90), 30 (91), 46 (97)]";16305
TABÚ;50;2;32557;8.0;10;"Maquina 1: [45 (8), 47 (2), 43 (17), 39 (21), 29 (24), 23 (51), 7 (15), 13 (59), 5 (44), 4 (68), 0 (27), 32 (57), 15 (30), 11 (70), 34 (61), 44 (76), 30 (91), 35 (84), 28 (75), 40 (90), 37 (72), 19 (80), 14 (88), 3 (92), 8 (89)]";15759;"Maquina 2: [17 (17), 10 (7), 38 (15), 1 (38), 33 (42), 25 (4), 16 (41), 22 (58), 20 (24), 2 (73), 41 (49), 31 (59), 9 (53), 48 (60), 42 (62), 36 (65), 21 (74), 18 (87), 27 (81), 6 (74), 46 (97), 12 (84), 49 (92), 26 (94), 24 (91)]";16798
VNS;50;2;32445;373.0;10;"Maquina 1: [10 (7), 38 (15), 43 (17), 47 (2), 29 (24), 20 (24), 16 (41), 32 (57), 15 (30), 48 (60), 3 (92), 23 (51), 27 (81), 13 (59), 5 (44), 4 (68), 42 (62), 28 (75), 37 (72), 18 (87), 6 (74), 12 (84), 26 (94), 8 (89), 24 (91)]";15638;"Maquina 2: [25 (4), 45 (8), 17 (17), 7 (15), 1 (38), 39 (21), 11 (70), 0 (27), 34 (61), 36 (65), 33 (42), 41 (49), 31 (59), 9 (53), 44 (76), 22 (58), 19 (80), 2 (73), 35 (84), 49 (92), 21 (74), 14 (88), 40 (90), 30 (91), 46 (97)]";16807
Multiarranque;50;2;31864;29.0;10;"Maquina 1: [47 (2), 29 (24), 25 (4), 17 (17), 38 (15), 43 (17), 33 (42), 20 (24), 31 (59), 4 (68), 44 (76), 5 (44), 41 (49), 13 (59), 28 (75), 11 (70), 35 (84), 36 (65), 21 (74), 27 (81), 46 (97), 22 (58), 12 (84), 49 (92), 30 (91), 24 (91)]";16426;"Maquina 2: [7 (15), 45 (8), 39 (21), 1 (38), 10 (7), 23 (51), 0 (27), 32 (57), 15 (30), 9 (53), 16 (41), 42 (62), 34 (61), 19 (80), 14 (88), 2 (73), 37 (72), 48 (60), 3 (92), 40 (90), 26 (94), 6 (74), 8 (89), 18 (87)]";15438
GREEDY;50;2;32517;1.0;1;"Maquina 1: [2 (29), 17 (1), 13 (5), 5 (3), 12 (35), 25 (70), 18 (12), 48 (41), 40 (18), 30 (48), 47 (43), 33 (88), 32 (53), 3 (39), 15 (72), 0 (86), 22 (79), 8 (56), 31 (90), 38 (91), 4 (61), 23 (76), 44 (96), 20 (80)]";15714;"Maquina 2: [29 (12), 42 (3), 39 (3), 16 (12), 21 (2), 34 (41), 45 (62), 10 (25), 26 (24), 11 (36), 19 (73), 46 (34), 49 (58), 6 (56), 7 (42), 36 (46), 28 (50), 41 (76), 9 (87), 24 (71), 35 (89), 14 (95), 43 (80), 1 (97), 37 (91), 27 (79)]";16803
GRASP;50;2;31960;21.0;10;"Maquina 1: [17 (1), 42 (3), 46 (34), 16 (12), 29 (12), 38 (91), 11 (36), 21 (2), 34 (41), 40 (18), 32 (53), 26 (24), 19 (73), 28 (50), 45 (62), 7 (42), 6 (56), 41 (76), 4 (61), 23 (76), 43 (80), 31 (90), 37 (91), 33 (88), 1 (97), 44 (96)]";16469;"Maquina 2: [13 (5), 39 (3), 30 (48), 5 (3), 12 (35), 48 (41), 18 (12), 10 (25), 22 (79), 8 (56), 2 (29), 47 (43), 27 (79), 3 (39), 49 (58), 15 (72), 36 (46), 24 (71), 20 (80), 25 (70), 14 (95), 9 (87), 35 (89), 0 (86)]";15491
LNS;50;2;32400;3.0;10;"Maquina 1: [2 (29), 17 (1), 13 (5), 5 (3), 12 (35), 25 (70), 18 (12), 48 (41), 40 (18), 30 (48), 47 (43), 33 (88), 32 (53), 3 (39), 15 (72), 0 (86), 22 (79), 8 (56), 31 (90), 38 (91), 4 (61), 23 (76), 44 (96), 20 (80)]";15714;"Maquina 2: [11 (36), 42 (3), 39 (3), 16 (12), 21 (2), 34 (41), 45 (62), 10 (25), 26 (24), 29 (12), 19 (73), 46 (34), 49 (58), 6 (56), 7 (42), 36 (46), 28 (50), 41 (76), 9 (87), 24 (71), 35 (89), 14 (95), 43 (80), 1 (97), 37 (91), 27 (79)]";16686
TABÚ;50;2;30731;9.0;10;"Maquina 1: [17 (1), 39 (3), 6 (56), 11 (36), 5 (3), 18 (12), 48 (41), 34 (41), 40 (18), 32 (53), 3 (39), 30 (48), 47 (43), 45 (62), 7 (42), 24 (71), 15 (72), 19 (73), 25 (70), 35 (89), 14 (95), 43 (80), 37 (91), 27 (79), 1 (97)]";15295;"Maquina 2: [21 (2), 13 (5), 16 (12), 29 (12), 42 (3), 46 (34), 10 (25), 26 (24), 12 (35), 8 (56), 31 (90), 36 (46), 28 (50), 20 (80), 49 (58), 2 (29), 38 (91), 4 (61), 0 (86), 22 (79), 23 (76), 41 (76), 33 (88), 9 (87), 44 (96)]";15436
VNS;50;2;32305;375.0;10;"Maquina 1: [2 (29), 17 (1), 13 (5), 5 (3), 12 (35), 25 (70), 18 (12), 48 (41), 40 (18), 30 (48), 47 (43), 27 (79), 32 (53), 3 (39), 15 (72), 0 (86), 22 (79), 8 (56), 31 (90), 38 (91), 4 (61), 23 (76), 44 (96), 20 (80)]";15637;"Maquina 2: [11 (36), 42 (3), 39 (3), 16 (12), 21 (2), 34 (41), 45 (62), 10 (25), 26 (24), 29 (12), 19 (73), 46 (34), 49 (58), 6 (56), 7 (42), 36 (46), 28 (50), 41 (76), 9 (87), 24 (71), 35 (89), 14 (95), 43 (80), 1 (97), 37 (91), 33 (88)]";16668
Multiarranque;50;2;31691;31.0;10;"Maquina 1: [17 (1), 39 (3), 21 (2), 13 (5), 32 (53), 29 (12), 34 (41), 47 (43), 46 (34), 48 (41), 45 (62), 7 (42), 6 (56), 44 (96), 18 (12), 28 (50), 20 (80), 26 (24), 31 (90), 0 (86), 22 (79), 23 (76), 15 (72), 9 (87), 35 (89), 14 (95)]";16474;"Maquina 2: [5 (3), 42 (3), 16 (12), 2 (29), 10 (25), 40 (18), 8 (56), 3 (39), 11 (36), 19 (73), 4 (61), 41 (76), 12 (35), 36 (46), 24 (71), 30 (48), 38 (91), 49 (58), 27 (79), 25 (70), 1 (97), 37 (91), 33 (88), 43 (80)]";15217
GREEDY;50;2;35014;0.0;1;"Maquina 1: [3 (6), 44 (10), 49 (16), 23 (46), 12 (28), 32 (57), 45 (39), 19 (29), 11 (25), 24 (47), 29 (17), 6 (59), 38 (61), 40 (21), 14 (54), 28 (36), 18 (64), 31 (70), 5 (82), 21 (94), 20 (73), 35 (83), 4 (80), 27 (87), 0 (92)]";17088;"Maquina 2: [37 (8), 1 (14), 17 (67), 41 (57), 48 (17), 36 (47), 34 (24), 22 (29), 26 (25), 43 (46), 8 (17), 33 (59), 10 (29), 39 (91), 15 (39), 46 (42), 47 (94), 2 (83), 25 (57), 9 (62), 30 (93), 16 (85), 13 (75), 7 (81), 42 (71)]";17926
GRASP;50;2;34732;22.0;10;"Maquina 1: [37 (8), 19 (29), 49 (16), 34 (24), 12 (28), 29 (17), 32 (57), 3 (6), 26 (25), 45 (39), 28 (36), 41 (57), 14 (54), 23 (46), 17 (67), 4 (80), 13 (75), 39 (91), 18 (64), 7 (81), 0 (92), 33 (59), 35 (83), 47 (94), 5 (82)]";17307;"Maquina 2: [1 (14), 44 (10), 8 (17), 11 (25), 42 (71), 40 (21), 48 (17), 10 (29), 15 (39), 46 (42), 24 (47), 6 (59), 43 (46), 36 (47), 22 (29), 25 (57), 9 (62), 2 (83), 38 (61), 31 (70), 16 (85), 20 (73), 27 (87), 21 (94), 30 (93)]";17425
LNS;50;2;34688;3.0;10;"Maquina 1: [45 (39), 44 (10), 49 (16), 23 (46), 12 (28), 32 (57), 3 (6), 19 (29), 11 (25), 24 (47), 29 (17), 6 (59), 38 (61), 40 (21), 14 (54), 28 (36), 18 (64), 31 (70), 27 (87), 21 (94), 20 (73), 35 (83), 4 (80), 5 (82), 0 (92)]";16823;"Maquina 2: [37 (8), 1 (14), 17 (67), 41 (57), 48 (17), 36 (47), 34 (24), 22 (29), 26 (25), 43 (46), 8 (17), 33 (59), 10 (29), 39 (91), 15 (39), 46 (42), 47 (94), 13 (75), 25 (57), 9 (62), 30 (93), 16 (85), 2 (83), 7 (81), 42 (71)]";17865
TABÚ;50;2;31915;9.0;10;"Maquina 1: [37 (8), 44 (10), 49 (16), 8 (17), 3 (6), 38 (61), 40 (21), 15 (39), 41 (57), 10 (29), 45 (39), 36 (47), 25 (57), 9 (62), 18 (64), 33 (59), 43 (46), 23 (46), 16 (85), 13 (75), 39 (91), 21 (94), 30 (93), 5 (82), 35 (83)]";15047;"Maquina 2: [19 (29), 1 (14), 12 (28), 29 (17), 11 (25), 22 (29), 26 (25), 28 (36), 48 (17), 34 (24), 46 (42), 14 (54), 32 (57), 6 (59), 24 (47), 17 (67), 4 (80), 20 (73), 31 (70), 27 (87), 2 (83), 7 (81), 0 (92), 42 (71), 47 (94)]";16868
VNS;50;2;34626;387.0;10;"Maquina 1: [3 (6), 44 (10), 49 (16), 23 (46), 12 (28), 32 (57), 45 (39), 19 (29), 11 (25), 24 (47), 29 (17), 6 (59), 38 (61), 40 (21), 14 (54), 28 (36), 18 (64), 31 (70), 16 (85), 21 (94), 20 (73), 35 (83), 4 (80), 27 (87), 0 (92)]";16992;"Maquina 2: [37 (8), 1 (14), 17 (67), 41 (57), 48 (17), 36 (47), 34 (24), 22 (29), 26 (25), 43 (46), 8 (17), 33 (59), 10 (29), 39 (91), 15 (39), 46 (42), 47 (94), 2 (83), 25 (57), 9 (62), 30 (93), 5 (82), 13 (75), 7 (81), 42 (71)]";17634
Multiarranque;50;2;32342;33.0;10;"Maquina 1: [1 (14), 44 (10), 8 (17), 49 (16), 12 (28), 40 (21), 34 (24), 46 (42), 41 (57), 10 (29), 14 (54), 22 (29), 28 (36), 18 (64), 33 (59), 43 (46), 5 (82), 9 (62), 17 (67), 13 (75), 39 (91), 20 (73), 38 (61), 47 (94), 30 (93), 16 (85)]";16691;"Maquina 2: [37 (8), 48 (17), 15 (39), 29 (17), 32 (57), 3 (6), 19 (29), 11 (25), 42 (71), 36 (47), 26 (25), 45 (39), 6 (59), 24 (47), 35 (83), 4 (80), 25 (57), 23 (46), 31 (70), 27 (87), 2 (83), 7 (81), 0 (92), 21 (94)]";15651
