GREEDY;40;2;16721;0.0;1;"Maquina 1: [37 (15), 36 (6), 26 (2), 9 (12), 25 (19), 23 (32), 1 (58), 38 (34), 5 (29), 22 (33), 16 (23), 21 (63), 13 (44), 27 (74), 24 (89), 15 (43), 12 (83), 20 (92), 33 (98), 7 (94)]";8022;"Maquina 2: [28 (25), 11 (7), 35 (6), 2 (34), 4 (19), 32 (21), 18 (30), 17 (13), 10 (36), 34 (32), 19 (43), 3 (61), 8 (51), 31 (86), 14 (79), 39 (91), 29 (66), 6 (94), 0 (97), 30 (99)]";8699
GRASP;40;2;17033;12.0;10;"Maquina 1: [4 (19), 35 (6), 2 (34), 18 (30), 10 (36), 25 (19), 37 (15), 23 (32), 19 (43), 5 (29), 32 (21), 38 (34), 1 (58), 24 (89), 21 (63), 12 (83), 33 (98), 27 (74), 0 (97), 30 (99)]";8690;"Maquina 2: [11 (7), 36 (6), 26 (2), 9 (12), 28 (25), 16 (23), 22 (33), 17 (13), 13 (44), 20 (92), 34 (32), 8 (51), 3 (61), 15 (43), 29 (66), 6 (94), 31 (86), 14 (79), 7 (94), 39 (91)]";8343
LNS;40;2;16687;2.0;10;"Maquina 1: [37 (15), 36 (6), 26 (2), 9 (12), 25 (19), 23 (32), 1 (58), 38 (34), 5 (29), 22 (33), 16 (23), 21 (63), 13 (44), 27 (74), 33 (98), 15 (43), 12 (83), 20 (92), 24 (89), 7 (94)]";7988;"Maquina 2: [28 (25), 11 (7), 35 (6), 2 (34), 4 (19), 32 (21), 18 (30), 17 (13), 10 (36), 34 (32), 19 (43), 3 (61), 8 (51), 31 (86), 14 (79), 39 (91), 29 (66), 6 (94), 0 (97), 30 (99)]";8699
TABÚ;40;2;16870;5.0;10;"Maquina 1: [4 (19), 35 (6), 16 (23), 18 (30), 34 (32), 25 (19), 28 (25), 2 (34), 38 (34), 1 (58), 24 (89), 8 (51), 19 (43), 29 (66), 21 (63), 6 (94), 31 (86), 20 (92), 30 (99)]";8127;"Maquina 2: [37 (15), 36 (6), 26 (2), 9 (12), 22 (33), 17 (13), 13 (44), 11 (7), 23 (32), 32 (21), 10 (36), 5 (29), 15 (43), 3 (61), 12 (83), 33 (98), 14 (79), 39 (91), 27 (74), 0 (97), 7 (94)]";8743
VNS;40;2;16398;289.0;10;"Maquina 1: [37 (15), 36 (6), 26 (2), 9 (12), 25 (19), 34 (32), 1 (58), 38 (34), 5 (29), 22 (33), 16 (23), 21 (63), 13 (44), 27 (74), 24 (89), 15 (43), 12 (83), 20 (92), 33 (98), 7 (94)]";8044;"Maquina 2: [28 (25), 11 (7), 35 (6), 2 (34), 4 (19), 32 (21), 18 (30), 17 (13), 10 (36), 23 (32), 19 (43), 3 (61), 8 (51), 31 (86), 14 (79), 39 (91), 29 (66), 6 (94), 0 (97), 30 (99)]";8354
Multiarranque;40;2;16729;16.0;10;"Maquina 1: [28 (25), 2 (34), 4 (19), 35 (6), 17 (13), 8 (51), 3 (61), 16 (23), 34 (32), 32 (21), 15 (43), 23 (32), 12 (83), 30 (99), 0 (97), 39 (91), 27 (74), 33 (98), 7 (94)]";8299;"Maquina 2: [26 (2), 9 (12), 25 (19), 37 (15), 36 (6), 5 (29), 22 (33), 10 (36), 14 (79), 38 (34), 1 (58), 18 (30), 19 (43), 13 (44), 11 (7), 20 (92), 29 (66), 21 (63), 6 (94), 31 (86), 24 (89)]";8430
GREEDY;40;2;19956;1.0;1;"Maquina 1: [2 (14), 31 (5), 20 (20), 39 (24), 25 (74), 4 (29), 10 (27), 22 (39), 8 (59), 15 (49), 19 (31), 37 (51), 17 (62), 24 (69), 18 (50), 9 (64), 13 (71), 3 (75), 36 (98), 14 (88)]";9767;"Maquina 2: [7 (17), 0 (10), 38 (16), 16 (29), 6 (28), 35 (25), 5 (61), 33 (46), 27 (50), 29 (38), 34 (63), 11 (53), 12 (50), 32 (65), 1 (74), 26 (77), 30 (74), 23 (70), 28 (99), 21 (95)]";10189
GRASP;40;2;19015;11.0;10;"Maquina 1: [6 (28), 2 (14), 10 (27), 33 (46), 22 (39), 7 (17), 8 (59), 15 (49), 34 (63), 16 (29), 27 (50), 29 (38), 1 (74), 14 (88), 23 (70), 11 (53), 17 (62), 3 (75), 25 (74), 13 (71)]";10091;"Maquina 2: [35 (25), 31 (5), 20 (20), 0 (10), 19 (31), 4 (29), 38 (16), 12 (50), 32 (65), 39 (24), 37 (51), 5 (61), 18 (50), 9 (64), 24 (69), 21 (95), 30 (74), 36 (98), 26 (77), 28 (99)]";8924
LNS;40;2;19792;2.0;10;"Maquina 1: [4 (29), 31 (5), 20 (20), 39 (24), 25 (74), 2 (14), 10 (27), 22 (39), 8 (59), 15 (49), 19 (31), 37 (51), 17 (62), 24 (69), 18 (50), 9 (64), 13 (71), 3 (75), 36 (98), 14 (88)]";9668;"Maquina 2: [7 (17), 0 (10), 38 (16), 16 (29), 6 (28), 35 (25), 5 (61), 33 (46), 27 (50), 29 (38), 1 (74), 11 (53), 12 (50), 32 (65), 26 (77), 34 (63), 30 (74), 23 (70), 28 (99), 21 (95)]";10124
TABÚ;40;2;18699;5.0;10;"Maquina 1: [2 (14), 0 (10), 8 (59), 7 (17), 4 (29), 16 (29), 19 (31), 18 (50), 6 (28), 27 (50), 29 (38), 35 (25), 5 (61), 26 (77), 34 (63), 32 (65), 25 (74), 30 (74), 23 (70), 36 (98)]";9030;"Maquina 2: [31 (5), 20 (20), 39 (24), 38 (16), 12 (50), 10 (27), 33 (46), 22 (39), 9 (64), 15 (49), 37 (51), 17 (62), 24 (69), 11 (53), 3 (75), 28 (99), 13 (71), 1 (74), 14 (88), 21 (95)]";9669
VNS;40;2;19653;220.0;10;"Maquina 1: [2 (14), 31 (5), 20 (20), 39 (24), 25 (74), 4 (29), 6 (28), 22 (39), 8 (59), 15 (49), 19 (31), 37 (51), 17 (62), 24 (69), 18 (50), 9 (64), 13 (71), 3 (75), 28 (99), 14 (88)]";9658;"Maquina 2: [7 (17), 0 (10), 38 (16), 16 (29), 10 (27), 35 (25), 5 (61), 33 (46), 27 (50), 29 (38), 34 (63), 11 (53), 12 (50), 32 (65), 1 (74), 21 (95), 30 (74), 23 (70), 36 (98), 26 (77)]";9995
Multiarranque;40;2;18753;19.0;10;"Maquina 1: [31 (5), 20 (20), 7 (17), 4 (29), 16 (29), 0 (10), 35 (25), 22 (39), 8 (59), 39 (24), 18 (50), 12 (50), 27 (50), 37 (51), 3 (75), 30 (74), 9 (64), 11 (53), 21 (95), 32 (65), 28 (99)]";9150;"Maquina 2: [29 (38), 19 (31), 38 (16), 2 (14), 10 (27), 15 (49), 34 (63), 6 (28), 33 (46), 5 (61), 26 (77), 1 (74), 14 (88), 23 (70), 17 (62), 24 (69), 36 (98), 13 (71), 25 (74)]";9603
GREEDY;40;2;21937;0.0;1;"Maquina 1: [25 (25), 19 (10), 7 (2), 13 (29), 35 (96), 30 (8), 10 (39), 39 (32), 4 (41), 29 (16), 31 (49), 2 (74), 20 (59), 6 (91), 18 (55), 15 (69), 37 (79), 27 (74), 1 (94), 14 (87)]";11222;"Maquina 2: [22 (8), 32 (18), 26 (45), 12 (27), 16 (19), 28 (16), 33 (91), 23 (39), 34 (33), 17 (10), 11 (74), 3 (31), 0 (79), 5 (88), 9 (54), 36 (94), 38 (69), 21 (56), 8 (85), 24 (63)]";10715
GRASP;40;2;21425;12.0;10;"Maquina 1: [7 (2), 15 (69), 22 (8), 32 (18), 26 (45), 17 (10), 25 (25), 3 (31), 27 (74), 4 (41), 12 (27), 16 (19), 8 (85), 9 (54), 36 (94), 31 (49), 37 (79), 35 (96), 1 (94)]";9363;"Maquina 2: [13 (29), 19 (10), 21 (56), 30 (8), 10 (39), 39 (32), 29 (16), 28 (16), 23 (39), 34 (33), 14 (87), 11 (74), 20 (59), 2 (74), 24 (63), 6 (91), 18 (55), 0 (79), 5 (88), 33 (91), 38 (69)]";12062
LNS;40;2;21937;2.0;10;"Maquina 1: [25 (25), 19 (10), 7 (2), 13 (29), 35 (96), 30 (8), 10 (39), 39 (32), 4 (41), 29 (16), 31 (49), 2 (74), 20 (59), 6 (91), 18 (55), 15 (69), 37 (79), 27 (74), 1 (94), 14 (87)]";11222;"Maquina 2: [22 (8), 32 (18), 26 (45), 12 (27), 16 (19), 28 (16), 33 (91), 23 (39), 34 (33), 17 (10), 11 (74), 3 (31), 0 (79), 5 (88), 9 (54), 36 (94), 38 (69), 21 (56), 8 (85), 24 (63)]";10715
TABÚ;40;2;22086;4.0;10;"Maquina 1: [18 (55), 19 (10), 7 (2), 38 (69), 12 (27), 22 (8), 13 (29), 10 (39), 39 (32), 25 (25), 3 (31), 15 (69), 37 (79), 6 (91), 9 (54), 2 (74), 5 (88), 27 (74), 1 (94), 8 (85)]";10750;"Maquina 2: [16 (19), 32 (18), 29 (16), 4 (41), 23 (39), 28 (16), 31 (49), 34 (33), 17 (10), 11 (74), 20 (59), 21 (56), 30 (8), 26 (45), 14 (87), 24 (63), 36 (94), 35 (96), 0 (79), 33 (91)]";11336
VNS;40;2;21418;287.0;10;"Maquina 1: [25 (25), 19 (10), 7 (2), 13 (29), 24 (63), 30 (8), 10 (39), 39 (32), 4 (41), 29 (16), 31 (49), 2 (74), 20 (59), 6 (91), 18 (55), 15 (69), 37 (79), 27 (74), 1 (94), 14 (87)]";10778;"Maquina 2: [22 (8), 32 (18), 26 (45), 12 (27), 16 (19), 28 (16), 33 (91), 23 (39), 34 (33), 17 (10), 11 (74), 3 (31), 0 (79), 5 (88), 9 (54), 36 (94), 38 (69), 21 (56), 35 (96), 8 (85)]";10640
Multiarranque;40;2;22026;17.0;10;"Maquina 1: [32 (18), 29 (16), 16 (19), 10 (39), 39 (32), 25 (25), 7 (2), 13 (29), 27 (74), 33 (91), 4 (41), 0 (79), 38 (69), 2 (74), 20 (59), 35 (96), 8 (85), 9 (54), 11 (74)]";10318;"Maquina 2: [19 (10), 21 (56), 30 (8), 23 (39), 34 (33), 12 (27), 22 (8), 28 (16), 15 (69), 26 (45), 17 (10), 18 (55), 3 (31), 31 (49), 37 (79), 6 (91), 5 (88), 1 (94), 14 (87), 24 (63), 36 (94)]";11708
GREEDY;40;2;14179;0.0;1;"Maquina 1: [13 (5), 12 (3), 30 (15), 26 (18), 35 (6), 27 (16), 0 (3), 22 (60), 1 (22), 16 (40), 10 (65), 33 (45), 24 (29), 20 (55), 21 (51), 9 (29), 36 (54), 11 (90), 34 (95), 2 (71)]";6957;"Maquina 2: [37 (4), 7 (5), 25 (10), 39 (27), 38 (16), 8 (3), 19 (14), 6 (31), 23 (29), 29 (19), 3 (52), 18 (61), 14 (55), 5 (49), 31 (69), 28 (55), 4 (42), 17 (90), 15 (81), 32 (99)]";7222
GRASP;40;2;13874;12.0;10;"Maquina 1: [12 (3), 8 (3), 35 (6), 25 (10), 0 (3), 38 (16), 24 (29), 26 (18), 29 (19), 33 (45), 20 (55), 18 (61), 16 (40), 4 (42), 22 (60), 5 (49), 36 (54), 10 (65), 2 (71), 34 (95)]";6800;"Maquina 2: [37 (4), 7 (5), 23 (29), 13 (5), 30 (15), 27 (16), 39 (27), 19 (14), 1 (22), 6 (31), 28 (55), 21 (51), 9 (29), 14 (55), 3 (52), 31 (69), 17 (90), 15 (81), 32 (99), 11 (90)]";7074
LNS;40;2;13896;2.0;10;"Maquina 1: [13 (5), 12 (3), 30 (15), 26 (18), 35 (6), 27 (16), 0 (3), 22 (60), 1 (22), 16 (40), 10 (65), 33 (45), 24 (29), 20 (55), 21 (51), 9 (29), 36 (54), 11 (90), 34 (95), 2 (71)]";6957;"Maquina 2: [37 (4), 7 (5), 25 (10), 39 (27), 19 (14), 8 (3), 38 (16), 6 (31), 23 (29), 29 (19), 3 (52), 18 (61), 14 (55), 5 (49), 31 (69), 28 (55), 4 (42), 17 (90), 15 (81), 32 (99)]";6939
TABÚ;40;2;14149;4.0;10;"Maquina 1: [26 (18), 35 (6), 8 (3), 0 (3), 19 (14), 23 (29), 29 (19), 27 (16), 28 (55), 7 (5), 6 (31), 24 (29), 20 (55), 10 (65), 33 (45), 9 (29), 14 (55), 2 (71), 34 (95), 11 (90)]";6447;"Maquina 2: [37 (4), 1 (22), 13 (5), 12 (3), 30 (15), 25 (10), 39 (27), 22 (60), 5 (49), 36 (54), 4 (42), 21 (51), 3 (52), 18 (61), 38 (16), 16 (40), 15 (81), 32 (99), 31 (69), 17 (90)]";7702
VNS;40;2;13895;293.0;10;"Maquina 1: [13 (5), 12 (3), 30 (15), 26 (18), 35 (6), 27 (16), 39 (27), 22 (60), 1 (22), 16 (40), 10 (65), 33 (45), 24 (29), 20 (55), 21 (51), 9 (29), 36 (54), 11 (90), 34 (95), 2 (71)]";7352;"Maquina 2: [37 (4), 7 (5), 25 (10), 0 (3), 38 (16), 8 (3), 19 (14), 6 (31), 23 (29), 29 (19), 3 (52), 18 (61), 14 (55), 5 (49), 31 (69), 28 (55), 4 (42), 17 (90), 15 (81), 32 (99)]";6543
Multiarranque;40;2;13315;23.0;10;"Maquina 1: [8 (3), 0 (3), 19 (14), 13 (5), 27 (16), 39 (27), 9 (29), 29 (19), 3 (52), 25 (10), 16 (40), 6 (31), 14 (55), 5 (49), 18 (61), 21 (51), 22 (60), 15 (81), 32 (99), 17 (90)]";6601;"Maquina 2: [26 (18), 35 (6), 12 (3), 7 (5), 23 (29), 30 (15), 37 (4), 1 (22), 38 (16), 4 (42), 33 (45), 24 (29), 20 (55), 28 (55), 36 (54), 11 (90), 31 (69), 34 (95), 10 (65), 2 (71)]";6714
GREEDY;40;2;22661;0.0;1;"Maquina 1: [26 (31), 9 (22), 11 (41), 38 (5), 17 (25), 22 (17), 3 (44), 13 (50), 28 (34), 6 (55), 34 (46), 12 (46), 0 (70), 1 (82), 24 (55), 30 (70), 23 (62), 35 (86), 7 (93), 19 (96)]";11082;"Maquina 2: [5 (33), 21 (48), 29 (25), 25 (17), 37 (13), 15 (47), 18 (18), 4 (23), 32 (34), 8 (51), 33 (59), 2 (68), 36 (43), 10 (76), 31 (94), 27 (70), 20 (44), 16 (82), 39 (90), 14 (98)]";11579
GRASP;40;2;20515;12.0;10;"Maquina 1: [22 (17), 21 (48), 37 (13), 12 (46), 4 (23), 38 (5), 30 (70), 27 (70), 8 (51), 33 (59), 2 (68), 36 (43), 0 (70), 1 (82), 3 (44), 32 (34), 35 (86), 34 (46), 19 (96), 31 (94)]";11072;"Maquina 2: [17 (25), 29 (25), 5 (33), 25 (17), 9 (22), 11 (41), 26 (31), 28 (34), 18 (18), 24 (55), 13 (50), 20 (44), 15 (47), 23 (62), 6 (55), 16 (82), 39 (90), 10 (76), 7 (93), 14 (98)]";9443
LNS;40;2;21419;2.0;10;"Maquina 1: [26 (31), 9 (22), 11 (41), 38 (5), 17 (25), 22 (17), 24 (55), 13 (50), 28 (34), 6 (55), 34 (46), 12 (46), 0 (70), 1 (82), 3 (44), 30 (70), 23 (62), 35 (86), 7 (93), 19 (96)]";10688;"Maquina 2: [5 (33), 21 (48), 29 (25), 25 (17), 37 (13), 15 (47), 4 (23), 18 (18), 27 (70), 8 (51), 33 (59), 2 (68), 36 (43), 10 (76), 31 (94), 32 (34), 20 (44), 16 (82), 39 (90), 14 (98)]";10731
TABÚ;40;2;22746;4.0;10;"Maquina 1: [5 (33), 25 (17), 37 (13), 26 (31), 21 (48), 11 (41), 18 (18), 3 (44), 2 (68), 34 (46), 6 (55), 23 (62), 36 (43), 0 (70), 32 (34), 7 (93), 19 (96), 14 (98), 31 (94), 1 (82)]";11626;"Maquina 2: [9 (22), 8 (51), 38 (5), 17 (25), 29 (25), 28 (34), 27 (70), 22 (17), 24 (55), 20 (44), 12 (46), 30 (70), 15 (47), 35 (86), 10 (76), 33 (59), 4 (23), 13 (50), 16 (82), 39 (90)]";11120
VNS;40;2;22018;210.0;10;"Maquina 1: [26 (31), 9 (22), 11 (41), 38 (5), 17 (25), 22 (17), 24 (55), 13 (50), 28 (34), 6 (55), 34 (46), 12 (46), 32 (34), 0 (70), 1 (82), 3 (44), 30 (70), 23 (62), 35 (86), 7 (93), 19 (96)]";11634;"Maquina 2: [5 (33), 21 (48), 29 (25), 25 (17), 37 (13), 15 (47), 18 (18), 4 (23), 8 (51), 33 (59), 2 (68), 36 (43), 10 (76), 31 (94), 27 (70), 20 (44), 16 (82), 39 (90), 14 (98)]";10384
Multiarranque;40;2;21351;18.0;10;"Maquina 1: [4 (23), 38 (5), 10 (76), 22 (17), 24 (55), 29 (25), 5 (33), 20 (44), 3 (44), 33 (59), 36 (43), 0 (70), 32 (34), 6 (55), 34 (46), 1 (82), 35 (86), 19 (96), 39 (90), 31 (94)]";11178;"Maquina 2: [18 (18), 37 (13), 17 (25), 11 (41), 26 (31), 28 (34), 13 (50), 25 (17), 9 (22), 12 (46), 8 (51), 23 (62), 2 (68), 15 (47), 16 (82), 21 (48), 30 (70), 27 (70), 7 (93), 14 (98)]";10173
GREEDY;40;2;22507;0.0;1;"Maquina 1: [18 (1), 10 (10), 34 (40), 24 (17), 16 (37), 30 (16), 8 (36), 35 (38), 3 (24), 7 (18), 4 (66), 17 (63), 37 (72), 29 (84), 12 (56), 23 (70), 20 (78), 13 (88), 11 (97), 2 (86)]";11502;"Maquina 2: [38 (23), 9 (9), 15 (13), 6 (16), 32 (17), 14 (64), 33 (31), 0 (59), 26 (36), 21 (17), 31 (39), 22 (34), 25 (67), 28 (76), 1 (86), 19 (45), 39 (93), 36 (83), 27 (70), 5 (87)]";11005
GRASP;40;2;21136;11.0;10;"Maquina 1: [3 (24), 18 (1), 6 (16), 30 (16), 22 (34), 7 (18), 8 (36), 34 (40), 24 (17), 35 (38), 25 (67), 4 (66), 17 (63), 19 (45), 2 (86), 20 (78), 28 (76), 12 (56), 27 (70), 36 (83), 11 (97)]";11791;"Maquina 2: [21 (17), 10 (10), 26 (36), 38 (23), 9 (9), 15 (13), 31 (39), 29 (84), 32 (17), 16 (37), 14 (64), 33 (31), 0 (59), 23 (70), 5 (87), 13 (88), 37 (72), 1 (86), 39 (93)]";9345
LNS;40;2;21847;2.0;10;"Maquina 1: [18 (1), 10 (10), 34 (40), 24 (17), 16 (37), 30 (16), 8 (36), 35 (38), 3 (24), 4 (66), 7 (18), 17 (63), 37 (72), 29 (84), 12 (56), 23 (70), 20 (78), 13 (88), 11 (97), 2 (86)]";11441;"Maquina 2: [31 (39), 9 (9), 15 (13), 6 (16), 32 (17), 14 (64), 33 (31), 0 (59), 36 (83), 21 (17), 38 (23), 22 (34), 25 (67), 28 (76), 1 (86), 19 (45), 26 (36), 39 (93), 27 (70), 5 (87)]";10406
TABÚ;40;2;21106;5.0;10;"Maquina 1: [10 (10), 34 (40), 24 (17), 35 (38), 16 (37), 31 (39), 32 (17), 14 (64), 33 (31), 3 (24), 39 (93), 7 (18), 19 (45), 2 (86), 12 (56), 27 (70), 36 (83), 20 (78), 13 (88), 11 (97)]";11093;"Maquina 2: [15 (13), 18 (1), 6 (16), 8 (36), 21 (17), 9 (9), 38 (23), 0 (59), 30 (16), 22 (34), 25 (67), 17 (63), 26 (36), 5 (87), 4 (66), 29 (84), 28 (76), 37 (72), 23 (70), 1 (86)]";10013
VNS;40;2;21372;253.0;10;"Maquina 1: [18 (1), 10 (10), 34 (40), 24 (17), 16 (37), 21 (17), 35 (38), 3 (24), 7 (18), 4 (66), 17 (63), 37 (72), 29 (84), 12 (56), 23 (70), 20 (78), 13 (88), 11 (97), 2 (86)]";10155;"Maquina 2: [38 (23), 9 (9), 15 (13), 6 (16), 30 (16), 32 (17), 14 (64), 33 (31), 0 (59), 26 (36), 8 (36), 31 (39), 22 (34), 25 (67), 28 (76), 1 (86), 19 (45), 39 (93), 36 (83), 27 (70), 5 (87)]";11217
Multiarranque;40;2;20317;14.0;10;"Maquina 1: [24 (17), 9 (9), 15 (13), 18 (1), 6 (16), 12 (56), 8 (36), 19 (45), 3 (24), 26 (36), 5 (87), 20 (78), 16 (37), 1 (86), 33 (31), 29 (84), 31 (39), 39 (93), 37 (72), 23 (70), 25 (67)]";10353;"Maquina 2: [21 (17), 35 (38), 30 (16), 10 (10), 38 (23), 0 (59), 7 (18), 4 (66), 32 (17), 22 (34), 17 (63), 34 (40), 13 (88), 14 (64), 11 (97), 28 (76), 2 (86), 27 (70), 36 (83)]";9964
GREEDY;40;2;22377;1.0;1;"Maquina 1: [24 (3), 35 (25), 21 (21), 17 (19), 18 (22), 16 (11), 13 (26), 36 (43), 28 (58), 37 (66), 12 (34), 29 (26), 25 (63), 39 (73), 20 (67), 10 (71), 2 (72), 26 (92), 1 (48)]";10607;"Maquina 2: [3 (5), 0 (27), 22 (26), 5 (22), 7 (24), 30 (27), 32 (11), 8 (50), 34 (89), 38 (31), 14 (71), 6 (20), 19 (37), 27 (59), 9 (80), 4 (56), 11 (44), 31 (64), 33 (69), 15 (94), 23 (72)]";11770
GRASP;40;2;20423;14.0;10;"Maquina 1: [18 (22), 22 (26), 24 (3), 21 (21), 13 (26), 36 (43), 38 (31), 17 (19), 28 (58), 5 (22), 6 (20), 32 (11), 8 (50), 31 (64), 33 (69), 37 (66), 1 (48), 15 (94), 9 (80), 2 (72), 14 (71)]";10141;"Maquina 2: [35 (25), 29 (26), 20 (67), 0 (27), 30 (27), 3 (5), 16 (11), 19 (37), 25 (63), 4 (56), 7 (24), 39 (73), 27 (59), 11 (44), 12 (34), 23 (72), 10 (71), 26 (92), 34 (89)]";10282
LNS;40;2;20670;2.0;10;"Maquina 1: [24 (3), 13 (26), 21 (21), 17 (19), 18 (22), 16 (11), 12 (34), 36 (43), 28 (58), 37 (66), 35 (25), 29 (26), 20 (67), 39 (73), 25 (63), 10 (71), 2 (72), 26 (92), 1 (48)]";9388;"Maquina 2: [3 (5), 0 (27), 22 (26), 5 (22), 7 (24), 30 (27), 32 (11), 8 (50), 34 (89), 27 (59), 14 (71), 6 (20), 38 (31), 19 (37), 9 (80), 4 (56), 11 (44), 31 (64), 33 (69), 15 (94), 23 (72)]";11282
TABÚ;40;2;19935;4.0;10;"Maquina 1: [21 (21), 3 (5), 0 (27), 22 (26), 24 (3), 38 (31), 17 (19), 18 (22), 11 (44), 28 (58), 23 (72), 7 (24), 1 (48), 10 (71), 34 (89), 32 (11), 25 (63), 9 (80), 2 (72), 39 (73)]";9525;"Maquina 2: [12 (34), 35 (25), 5 (22), 6 (20), 30 (27), 29 (26), 13 (26), 36 (43), 27 (59), 16 (11), 31 (64), 19 (37), 8 (50), 33 (69), 37 (66), 20 (67), 4 (56), 14 (71), 15 (94), 26 (92)]";10410
VNS;40;2;21909;224.0;10;"Maquina 1: [24 (3), 35 (25), 21 (21), 17 (19), 18 (22), 16 (11), 13 (26), 36 (43), 28 (58), 37 (66), 12 (34), 29 (26), 25 (63), 39 (73), 20 (67), 10 (71), 2 (72), 26 (92), 1 (48)]";10607;"Maquina 2: [3 (5), 0 (27), 22 (26), 5 (22), 7 (24), 30 (27), 32 (11), 8 (50), 34 (89), 27 (59), 14 (71), 6 (20), 19 (37), 38 (31), 9 (80), 4 (56), 11 (44), 31 (64), 33 (69), 15 (94), 23 (72)]";11302
Multiarranque;40;2;20357;19.0;10;"Maquina 1: [24 (3), 21 (21), 13 (26), 36 (43), 38 (31), 17 (19), 18 (22), 30 (27), 3 (5), 0 (27), 22 (26), 5 (22), 31 (64), 19 (37), 27 (59), 25 (63), 9 (80), 37 (66), 23 (72), 2 (72), 26 (92)]";9034;"Maquina 2: [4 (56), 7 (24), 1 (48), 16 (11), 33 (69), 29 (26), 32 (11), 8 (50), 6 (20), 12 (34), 15 (94), 34 (89), 11 (44), 28 (58), 35 (25), 20 (67), 14 (71), 39 (73), 10 (71)]";11323
GREEDY;40;2;17120;0.0;1;"Maquina 1: [7 (10), 19 (2), 18 (25), 1 (4), 6 (29), 23 (25), 17 (36), 3 (35), 28 (29), 25 (48), 33 (44), 26 (45), 22 (55), 34 (41), 13 (72), 0 (64), 29 (73), 30 (84), 12 (97), 39 (90)]";8119;"Maquina 2: [8 (3), 15 (4), 21 (28), 14 (46), 10 (25), 35 (9), 31 (35), 16 (44), 27 (28), 4 (30), 38 (67), 24 (41), 37 (44), 5 (54), 36 (72), 11 (58), 32 (85), 2 (80), 20 (92), 9 (98)]";9001
GRASP;40;2;16689;12.0;10;"Maquina 1: [7 (10), 8 (3), 15 (4), 3 (35), 6 (29), 27 (28), 19 (2), 34 (41), 14 (46), 21 (28), 25 (48), 24 (41), 37 (44), 33 (44), 36 (72), 38 (67), 0 (64), 29 (73), 20 (92), 39 (90), 32 (85)]";8803;"Maquina 2: [18 (25), 1 (4), 10 (25), 17 (36), 28 (29), 35 (9), 23 (25), 31 (35), 16 (44), 4 (30), 22 (55), 26 (45), 5 (54), 13 (72), 2 (80), 30 (84), 11 (58), 12 (97), 9 (98)]";7886
LNS;40;2;17119;3.0;10;"Maquina 1: [7 (10), 19 (2), 18 (25), 1 (4), 6 (29), 23 (25), 17 (36), 3 (35), 28 (29), 25 (48), 33 (44), 26 (45), 22 (55), 34 (41), 13 (72), 0 (64), 29 (73), 30 (84), 12 (97), 39 (90)]";8119;"Maquina 2: [8 (3), 15 (4), 21 (28), 14 (46), 10 (25), 35 (9), 31 (35), 16 (44), 27 (28), 38 (67), 4 (30), 24 (41), 37 (44), 5 (54), 36 (72), 11 (58), 32 (85), 2 (80), 20 (92), 9 (98)]";9000
TABÚ;40;2;17050;4.0;10;"Maquina 1: [8 (3), 15 (4), 29 (73), 35 (9), 31 (35), 7 (10), 24 (41), 37 (44), 27 (28), 33 (44), 16 (44), 21 (28), 34 (41), 11 (58), 38 (67), 0 (64), 39 (90), 32 (85), 12 (97)]";7873;"Maquina 2: [4 (30), 19 (2), 18 (25), 1 (4), 6 (29), 23 (25), 17 (36), 3 (35), 28 (29), 25 (48), 10 (25), 22 (55), 26 (45), 14 (46), 13 (72), 2 (80), 5 (54), 36 (72), 30 (84), 9 (98), 20 (92)]";9177
VNS;40;2;16926;267.0;10;"Maquina 1: [7 (10), 19 (2), 18 (25), 1 (4), 6 (29), 23 (25), 17 (36), 3 (35), 28 (29), 25 (48), 33 (44), 26 (45), 38 (67), 34 (41), 13 (72), 0 (64), 29 (73), 30 (84), 12 (97), 39 (90)]";8212;"Maquina 2: [8 (3), 15 (4), 21 (28), 14 (46), 10 (25), 35 (9), 31 (35), 16 (44), 27 (28), 4 (30), 22 (55), 24 (41), 37 (44), 5 (54), 36 (72), 11 (58), 32 (85), 2 (80), 20 (92), 9 (98)]";8714
Multiarranque;40;2;16861;18.0;10;"Maquina 1: [8 (3), 1 (4), 10 (25), 35 (9), 31 (35), 16 (44), 34 (41), 28 (29), 25 (48), 21 (28), 6 (29), 5 (54), 36 (72), 0 (64), 33 (44), 13 (72), 2 (80), 12 (97), 39 (90), 32 (85)]";8772;"Maquina 2: [7 (10), 15 (4), 19 (2), 18 (25), 37 (44), 23 (25), 4 (30), 17 (36), 3 (35), 24 (41), 27 (28), 38 (67), 22 (55), 26 (45), 14 (46), 11 (58), 29 (73), 30 (84), 9 (98), 20 (92)]";8089
GREEDY;40;2;19956;0.0;1;"Maquina 1: [2 (14), 31 (5), 20 (20), 39 (24), 25 (74), 4 (29), 10 (27), 22 (39), 8 (59), 15 (49), 19 (31), 37 (51), 17 (62), 24 (69), 18 (50), 9 (64), 13 (71), 3 (75), 36 (98), 14 (88)]";9767;"Maquina 2: [7 (17), 0 (10), 38 (16), 16 (29), 6 (28), 35 (25), 5 (61), 33 (46), 27 (50), 29 (38), 34 (63), 11 (53), 12 (50), 32 (65), 1 (74), 26 (77), 30 (74), 23 (70), 28 (99), 21 (95)]";10189
GRASP;40;2;19635;12.0;10;"Maquina 1: [10 (27), 35 (25), 20 (20), 22 (39), 33 (46), 4 (29), 2 (14), 16 (29), 37 (51), 29 (38), 34 (63), 11 (53), 12 (50), 9 (64), 25 (74), 30 (74), 3 (75), 28 (99), 13 (71), 14 (88)]";10019;"Maquina 2: [31 (5), 19 (31), 7 (17), 0 (10), 38 (16), 32 (65), 39 (24), 6 (28), 5 (61), 18 (50), 24 (69), 27 (50), 8 (59), 15 (49), 26 (77), 23 (70), 17 (62), 36 (98), 1 (74), 21 (95)]";9616
LNS;40;2;19792;2.0;10;"Maquina 1: [4 (29), 31 (5), 20 (20), 39 (24), 25 (74), 2 (14), 10 (27), 22 (39), 8 (59), 15 (49), 19 (31), 37 (51), 17 (62), 24 (69), 18 (50), 9 (64), 13 (71), 3 (75), 36 (98), 14 (88)]";9668;"Maquina 2: [7 (17), 0 (10), 38 (16), 16 (29), 6 (28), 35 (25), 5 (61), 33 (46), 27 (50), 29 (38), 1 (74), 11 (53), 12 (50), 32 (65), 26 (77), 34 (63), 30 (74), 23 (70), 28 (99), 21 (95)]";10124
TABÚ;40;2;19089;4.0;10;"Maquina 1: [31 (5), 7 (17), 10 (27), 39 (24), 25 (74), 4 (29), 16 (29), 27 (50), 29 (38), 22 (39), 12 (50), 11 (53), 17 (62), 3 (75), 26 (77), 34 (63), 30 (74), 36 (98), 13 (71), 14 (88)]";9975;"Maquina 2: [20 (20), 0 (10), 38 (16), 2 (14), 18 (50), 6 (28), 35 (25), 8 (59), 15 (49), 19 (31), 33 (46), 5 (61), 37 (51), 9 (64), 23 (70), 24 (69), 21 (95), 32 (65), 1 (74), 28 (99)]";9114
VNS;40;2;19724;223.0;10;"Maquina 1: [2 (14), 31 (5), 20 (20), 39 (24), 25 (74), 4 (29), 6 (28), 22 (39), 15 (49), 19 (31), 37 (51), 17 (62), 24 (69), 18 (50), 9 (64), 13 (71), 3 (75), 36 (98), 14 (88)]";8732;"Maquina 2: [7 (17), 0 (10), 38 (16), 16 (29), 8 (59), 10 (27), 35 (25), 5 (61), 33 (46), 27 (50), 29 (38), 34 (63), 11 (53), 12 (50), 32 (65), 1 (74), 26 (77), 30 (74), 23 (70), 28 (99), 21 (95)]";10992
Multiarranque;40;2;18489;17.0;10;"Maquina 1: [38 (16), 2 (14), 10 (27), 35 (25), 39 (24), 6 (28), 12 (50), 11 (53), 19 (31), 18 (50), 5 (61), 33 (46), 9 (64), 13 (71), 1 (74), 3 (75), 28 (99), 14 (88), 21 (95)]";8570;"Maquina 2: [31 (5), 20 (20), 7 (17), 16 (29), 0 (10), 27 (50), 4 (29), 29 (38), 22 (39), 8 (59), 15 (49), 26 (77), 37 (51), 17 (62), 24 (69), 30 (74), 34 (63), 32 (65), 25 (74), 36 (98), 23 (70)]";9919
GREEDY;40;2;27223;1.0;1;"Maquina 1: [10 (4), 29 (17), 35 (8), 33 (20), 32 (68), 34 (37), 8 (44), 30 (59), 14 (70), 19 (72), 7 (77), 11 (54), 21 (97), 5 (88), 28 (30), 15 (25), 20 (83), 25 (95), 26 (91), 4 (90)]";13118;"Maquina 2: [0 (38), 38 (12), 39 (30), 6 (75), 1 (30), 17 (5), 9 (81), 2 (49), 22 (20), 31 (71), 13 (35), 16 (61), 23 (55), 36 (83), 27 (61), 3 (90), 37 (99), 12 (90), 18 (97), 24 (92)]";14105
GRASP;40;2;23699;11.0;10;"Maquina 1: [10 (4), 1 (30), 17 (5), 35 (8), 11 (54), 32 (68), 15 (25), 31 (71), 5 (88), 13 (35), 0 (38), 2 (49), 14 (70), 36 (83), 27 (61), 3 (90), 6 (75), 21 (97), 24 (92), 18 (97)]";11962;"Maquina 2: [29 (17), 39 (30), 33 (20), 22 (20), 19 (72), 38 (12), 28 (30), 7 (77), 34 (37), 8 (44), 30 (59), 9 (81), 16 (61), 4 (90), 12 (90), 20 (83), 25 (95), 23 (55), 26 (91), 37 (99)]";11737
LNS;40;2;26877;2.0;10;"Maquina 1: [10 (4), 29 (17), 35 (8), 33 (20), 32 (68), 34 (37), 8 (44), 30 (59), 14 (70), 19 (72), 7 (77), 11 (54), 21 (97), 5 (88), 28 (30), 15 (25), 20 (83), 25 (95), 26 (91), 4 (90)]";13118;"Maquina 2: [0 (38), 38 (12), 39 (30), 6 (75), 1 (30), 17 (5), 18 (97), 2 (49), 22 (20), 31 (71), 13 (35), 16 (61), 23 (55), 36 (83), 27 (61), 3 (90), 37 (99), 12 (90), 9 (81), 24 (92)]";13759
TABÚ;40;2;24948;6.0;10;"Maquina 1: [15 (25), 10 (4), 29 (17), 39 (30), 33 (20), 32 (68), 34 (37), 19 (72), 27 (61), 28 (30), 7 (77), 36 (83), 37 (99), 12 (90), 8 (44), 3 (90), 26 (91), 25 (95), 9 (81), 21 (97)]";13136;"Maquina 2: [35 (8), 0 (38), 38 (12), 6 (75), 1 (30), 17 (5), 11 (54), 2 (49), 22 (20), 23 (55), 13 (35), 30 (59), 14 (70), 31 (71), 20 (83), 16 (61), 4 (90), 5 (88), 24 (92), 18 (97)]";11812
VNS;40;2;26384;286.0;10;"Maquina 1: [10 (4), 29 (17), 35 (8), 33 (20), 32 (68), 34 (37), 8 (44), 30 (59), 14 (70), 19 (72), 7 (77), 11 (54), 37 (99), 21 (97), 5 (88), 28 (30), 23 (55), 20 (83), 25 (95), 26 (91), 4 (90)]";14658;"Maquina 2: [0 (38), 38 (12), 39 (30), 6 (75), 1 (30), 17 (5), 9 (81), 2 (49), 22 (20), 31 (71), 13 (35), 16 (61), 15 (25), 36 (83), 27 (61), 3 (90), 12 (90), 18 (97), 24 (92)]";11726
Multiarranque;40;2;25090;18.0;10;"Maquina 1: [34 (37), 10 (4), 32 (68), 29 (17), 17 (5), 31 (71), 33 (20), 38 (12), 8 (44), 30 (59), 9 (81), 28 (30), 7 (77), 23 (55), 18 (97), 14 (70), 27 (61), 24 (92), 4 (90), 5 (88), 21 (97)]";12767;"Maquina 2: [15 (25), 22 (20), 35 (8), 11 (54), 1 (30), 39 (30), 6 (75), 12 (90), 13 (35), 37 (99), 0 (38), 2 (49), 16 (61), 36 (83), 25 (95), 19 (72), 20 (83), 26 (91), 3 (90)]";12323
GREEDY;40;2;17957;1.0;1;"Maquina 1: [35 (20), 28 (5), 36 (46), 15 (25), 2 (2), 24 (3), 32 (22), 39 (13), 10 (35), 9 (31), 0 (58), 6 (27), 22 (38), 3 (63), 16 (55), 1 (67), 27 (73), 12 (94), 29 (75), 26 (86)]";8491;"Maquina 2: [38 (3), 4 (6), 21 (40), 25 (14), 23 (3), 30 (25), 34 (49), 19 (29), 14 (19), 31 (31), 7 (58), 18 (35), 11 (80), 13 (48), 17 (91), 8 (63), 33 (56), 20 (84), 37 (69), 5 (97)]";9466
GRASP;40;2;17880;12.0;10;"Maquina 1: [4 (6), 28 (5), 38 (3), 2 (2), 35 (20), 14 (19), 11 (80), 6 (27), 19 (29), 10 (35), 21 (40), 16 (55), 33 (56), 36 (46), 1 (67), 0 (58), 5 (97), 17 (91), 27 (73), 26 (86)]";8811;"Maquina 2: [30 (25), 15 (25), 39 (13), 25 (14), 23 (3), 8 (63), 9 (31), 31 (31), 7 (58), 34 (49), 24 (3), 32 (22), 20 (84), 37 (69), 29 (75), 18 (35), 13 (48), 12 (94), 22 (38), 3 (63)]";9069
LNS;40;2;17878;2.0;10;"Maquina 1: [35 (20), 28 (5), 36 (46), 15 (25), 2 (2), 24 (3), 32 (22), 39 (13), 10 (35), 9 (31), 0 (58), 6 (27), 22 (38), 3 (63), 16 (55), 1 (67), 27 (73), 12 (94), 29 (75), 26 (86)]";8491;"Maquina 2: [19 (29), 4 (6), 21 (40), 25 (14), 23 (3), 30 (25), 34 (49), 38 (3), 14 (19), 31 (31), 7 (58), 18 (35), 11 (80), 13 (48), 17 (91), 8 (63), 33 (56), 20 (84), 37 (69), 5 (97)]";9387
TABÚ;40;2;17490;4.0;10;"Maquina 1: [39 (13), 25 (14), 23 (3), 30 (25), 15 (25), 2 (2), 19 (29), 6 (27), 21 (40), 22 (38), 27 (73), 13 (48), 32 (22), 37 (69), 5 (97), 11 (80), 1 (67), 3 (63), 26 (86), 17 (91)]";8732;"Maquina 2: [4 (6), 31 (31), 28 (5), 38 (3), 36 (46), 35 (20), 18 (35), 14 (19), 34 (49), 24 (3), 16 (55), 7 (58), 8 (63), 29 (75), 10 (35), 33 (56), 20 (84), 9 (31), 0 (58), 12 (94)]";8758
VNS;40;2;17702;345.0;10;"Maquina 1: [35 (20), 28 (5), 36 (46), 15 (25), 2 (2), 24 (3), 32 (22), 39 (13), 10 (35), 9 (31), 0 (58), 4 (6), 22 (38), 3 (63), 16 (55), 1 (67), 27 (73), 12 (94), 5 (97), 26 (86)]";8211;"Maquina 2: [38 (3), 6 (27), 21 (40), 25 (14), 23 (3), 30 (25), 34 (49), 19 (29), 14 (19), 31 (31), 7 (58), 18 (35), 11 (80), 13 (48), 17 (91), 8 (63), 33 (56), 20 (84), 37 (69), 29 (75)]";9491
Multiarranque;40;2;16698;17.0;10;"Maquina 1: [25 (14), 4 (6), 24 (3), 38 (3), 22 (38), 35 (20), 18 (35), 23 (3), 30 (25), 15 (25), 21 (40), 31 (31), 36 (46), 34 (49), 11 (80), 1 (67), 0 (58), 5 (97), 37 (69), 26 (86), 12 (94)]";8630;"Maquina 2: [6 (27), 28 (5), 14 (19), 39 (13), 32 (22), 2 (2), 19 (29), 10 (35), 9 (31), 13 (48), 16 (55), 33 (56), 27 (73), 7 (58), 8 (63), 29 (75), 17 (91), 3 (63), 20 (84)]";8068
GREEDY;40;2;22994;1.0;1;"Maquina 1: [12 (16), 1 (2), 5 (11), 3 (29), 4 (23), 39 (57), 2 (50), 29 (32), 22 (29), 13 (57), 0 (61), 15 (53), 18 (68), 19 (52), 31 (78), 30 (71), 23 (91), 24 (83), 7 (99), 33 (89), 9 (83)]";12041;"Maquina 2: [21 (18), 34 (34), 25 (2), 26 (32), 27 (15), 28 (25), 38 (50), 6 (81), 36 (68), 10 (53), 8 (44), 16 (68), 35 (53), 32 (57), 37 (84), 14 (77), 17 (83), 11 (91), 20 (92)]";10953
GRASP;40;2;21064;12.0;10;"Maquina 1: [29 (32), 25 (2), 39 (57), 12 (16), 8 (44), 21 (18), 26 (32), 27 (15), 14 (77), 24 (83), 19 (52), 9 (83), 15 (53), 10 (53), 16 (68), 20 (92), 13 (57), 31 (78), 17 (83), 7 (99)]";10635;"Maquina 2: [22 (29), 1 (2), 5 (11), 3 (29), 6 (81), 28 (25), 38 (50), 34 (34), 2 (50), 0 (61), 4 (23), 32 (57), 18 (68), 36 (68), 35 (53), 30 (71), 33 (89), 11 (91), 23 (91), 37 (84)]";10429
LNS;40;2;22914;2.0;10;"Maquina 1: [12 (16), 1 (2), 5 (11), 3 (29), 4 (23), 39 (57), 2 (50), 29 (32), 22 (29), 13 (57), 0 (61), 15 (53), 24 (83), 19 (52), 31 (78), 30 (71), 23 (91), 18 (68), 7 (99), 33 (89), 9 (83)]";12015;"Maquina 2: [21 (18), 34 (34), 25 (2), 26 (32), 27 (15), 28 (25), 38 (50), 6 (81), 36 (68), 10 (53), 8 (44), 16 (68), 32 (57), 35 (53), 37 (84), 11 (91), 17 (83), 14 (77), 20 (92)]";10899
TABÚ;40;2;22033;4.0;10;"Maquina 1: [28 (25), 5 (11), 16 (68), 25 (2), 12 (16), 4 (23), 32 (57), 34 (34), 21 (18), 26 (32), 13 (57), 2 (50), 15 (53), 18 (68), 11 (91), 17 (83), 30 (71), 31 (78), 37 (84), 14 (77)]";10290;"Maquina 2: [29 (32), 1 (2), 27 (15), 36 (68), 35 (53), 22 (29), 8 (44), 3 (29), 10 (53), 38 (50), 19 (52), 39 (57), 0 (61), 6 (81), 9 (83), 24 (83), 7 (99), 23 (91), 33 (89), 20 (92)]";11743
VNS;40;2;22241;263.0;10;"Maquina 1: [12 (16), 1 (2), 5 (11), 3 (29), 10 (53), 39 (57), 2 (50), 29 (32), 22 (29), 13 (57), 0 (61), 15 (53), 18 (68), 19 (52), 31 (78), 30 (71), 23 (91), 24 (83), 35 (53), 33 (89)]";10753;"Maquina 2: [21 (18), 34 (34), 25 (2), 26 (32), 27 (15), 28 (25), 38 (50), 6 (81), 9 (83), 36 (68), 4 (23), 8 (44), 16 (68), 7 (99), 32 (57), 37 (84), 14 (77), 17 (83), 11 (91), 20 (92)]";11488
Multiarranque;40;2;21233;17.0;10;"Maquina 1: [1 (2), 27 (15), 28 (25), 29 (32), 5 (11), 34 (34), 21 (18), 13 (57), 2 (50), 0 (61), 15 (53), 35 (53), 37 (84), 36 (68), 16 (68), 7 (99), 39 (57), 33 (89), 11 (91), 6 (81)]";10341;"Maquina 2: [25 (2), 12 (16), 4 (23), 8 (44), 26 (32), 22 (29), 3 (29), 10 (53), 38 (50), 30 (71), 32 (57), 18 (68), 9 (83), 24 (83), 19 (52), 31 (78), 17 (83), 23 (91), 14 (77), 20 (92)]";10892
GREEDY;40;2;14873;0.0;1;"Maquina 1: [10 (13), 3 (4), 9 (2), 31 (10), 18 (29), 12 (5), 23 (7), 33 (20), 2 (27), 26 (33), 6 (43), 16 (67), 15 (56), 11 (48), 1 (66), 27 (74), 36 (82), 37 (77), 39 (96), 29 (89)]";7357;"Maquina 2: [8 (8), 30 (2), 38 (18), 17 (6), 4 (23), 7 (4), 13 (52), 19 (9), 35 (31), 20 (20), 22 (98), 25 (56), 0 (34), 34 (67), 21 (76), 28 (46), 14 (67), 32 (80), 24 (90), 5 (85)]";7516
GRASP;40;2;15155;11.0;10;"Maquina 1: [3 (4), 23 (7), 18 (29), 30 (2), 33 (20), 20 (20), 11 (48), 2 (27), 26 (33), 28 (46), 4 (23), 34 (67), 15 (56), 25 (56), 5 (85), 27 (74), 32 (80), 29 (89), 21 (76), 22 (98)]";8311;"Maquina 2: [17 (6), 9 (2), 7 (4), 38 (18), 8 (8), 31 (10), 35 (31), 19 (9), 10 (13), 14 (67), 12 (5), 6 (43), 0 (34), 13 (52), 24 (90), 16 (67), 1 (66), 37 (77), 39 (96), 36 (82)]";6844
LNS;40;2;14721;2.0;10;"Maquina 1: [10 (13), 3 (4), 9 (2), 31 (10), 18 (29), 12 (5), 23 (7), 33 (20), 2 (27), 26 (33), 6 (43), 16 (67), 1 (66), 11 (48), 15 (56), 27 (74), 36 (82), 37 (77), 39 (96), 29 (89)]";7205;"Maquina 2: [8 (8), 30 (2), 38 (18), 17 (6), 4 (23), 7 (4), 13 (52), 19 (9), 35 (31), 20 (20), 22 (98), 25 (56), 0 (34), 34 (67), 21 (76), 28 (46), 14 (67), 32 (80), 24 (90), 5 (85)]";7516
TABÚ;40;2;14364;4.0;10;"Maquina 1: [17 (6), 31 (10), 7 (4), 10 (13), 12 (5), 23 (7), 26 (33), 6 (43), 2 (27), 14 (67), 33 (20), 19 (9), 1 (66), 11 (48), 16 (67), 15 (56), 27 (74), 32 (80), 29 (89), 37 (77), 39 (96)]";7807;"Maquina 2: [8 (8), 30 (2), 18 (29), 3 (4), 9 (2), 38 (18), 4 (23), 35 (31), 20 (20), 22 (98), 25 (56), 28 (46), 13 (52), 34 (67), 21 (76), 5 (85), 36 (82), 0 (34), 24 (90)]";6557
VNS;40;2;14721;249.0;10;"Maquina 1: [10 (13), 3 (4), 9 (2), 31 (10), 18 (29), 12 (5), 23 (7), 33 (20), 2 (27), 26 (33), 6 (43), 16 (67), 1 (66), 11 (48), 15 (56), 27 (74), 36 (82), 37 (77), 39 (96), 29 (89)]";7205;"Maquina 2: [8 (8), 30 (2), 38 (18), 17 (6), 4 (23), 7 (4), 13 (52), 19 (9), 35 (31), 20 (20), 22 (98), 25 (56), 0 (34), 34 (67), 21 (76), 28 (46), 14 (67), 32 (80), 24 (90), 5 (85)]";7516
Multiarranque;40;2;14532;17.0;10;"Maquina 1: [23 (7), 8 (8), 30 (2), 38 (18), 3 (4), 28 (46), 12 (5), 17 (6), 4 (23), 6 (43), 0 (34), 34 (67), 15 (56), 2 (27), 14 (67), 32 (80), 39 (96), 22 (98), 37 (77), 24 (90)]";7145;"Maquina 2: [19 (9), 10 (13), 33 (20), 9 (2), 7 (4), 31 (10), 18 (29), 35 (31), 20 (20), 11 (48), 13 (52), 26 (33), 16 (67), 1 (66), 25 (56), 29 (89), 21 (76), 5 (85), 27 (74), 36 (82)]";7387
GREEDY;40;2;22319;0.0;1;"Maquina 1: [22 (5), 26 (3), 33 (54), 25 (12), 39 (10), 2 (37), 31 (24), 10 (23), 28 (40), 13 (41), 18 (43), 24 (89), 5 (71), 36 (80), 0 (85), 12 (75), 15 (91), 35 (58), 23 (68), 3 (99)]";11149;"Maquina 2: [6 (7), 8 (5), 4 (32), 9 (17), 30 (49), 20 (12), 21 (23), 37 (40), 7 (34), 1 (58), 17 (42), 32 (98), 29 (70), 27 (99), 19 (76), 34 (63), 38 (79), 16 (71), 14 (84), 11 (90)]";11170
GRASP;40;2;22028;11.0;10;"Maquina 1: [31 (24), 22 (5), 26 (3), 4 (32), 25 (12), 39 (10), 17 (42), 1 (58), 37 (40), 35 (58), 18 (43), 13 (41), 12 (75), 19 (76), 0 (85), 5 (71), 36 (80), 2 (37), 15 (91), 32 (98)]";10467;"Maquina 2: [6 (7), 8 (5), 20 (12), 28 (40), 21 (23), 34 (63), 9 (17), 7 (34), 10 (23), 14 (84), 30 (49), 29 (70), 23 (68), 11 (90), 33 (54), 16 (71), 38 (79), 24 (89), 27 (99), 3 (99)]";11561
LNS;40;2;22319;2.0;10;"Maquina 1: [22 (5), 26 (3), 33 (54), 25 (12), 39 (10), 2 (37), 31 (24), 10 (23), 28 (40), 13 (41), 18 (43), 24 (89), 5 (71), 36 (80), 0 (85), 12 (75), 15 (91), 35 (58), 23 (68), 3 (99)]";11149;"Maquina 2: [6 (7), 8 (5), 4 (32), 9 (17), 30 (49), 20 (12), 21 (23), 37 (40), 7 (34), 1 (58), 17 (42), 32 (98), 29 (70), 27 (99), 19 (76), 34 (63), 38 (79), 16 (71), 14 (84), 11 (90)]";11170
TABÚ;40;2;22816;4.0;10;"Maquina 1: [26 (3), 22 (5), 4 (32), 28 (40), 21 (23), 39 (10), 37 (40), 7 (34), 18 (43), 19 (76), 13 (41), 33 (54), 16 (71), 0 (85), 11 (90), 36 (80), 3 (99), 12 (75), 15 (91), 34 (63)]";10518;"Maquina 2: [6 (7), 8 (5), 17 (42), 31 (24), 9 (17), 2 (37), 20 (12), 25 (12), 29 (70), 10 (23), 1 (58), 30 (49), 35 (58), 14 (84), 27 (99), 24 (89), 5 (71), 38 (79), 32 (98), 23 (68)]";12298
VNS;40;2;22248;394.0;10;"Maquina 1: [22 (5), 26 (3), 33 (54), 25 (12), 39 (10), 2 (37), 31 (24), 10 (23), 28 (40), 13 (41), 18 (43), 24 (89), 5 (71), 36 (80), 0 (85), 12 (75), 15 (91), 35 (58), 27 (99), 3 (99)]";11296;"Maquina 2: [6 (7), 8 (5), 4 (32), 9 (17), 30 (49), 20 (12), 21 (23), 37 (40), 7 (34), 1 (58), 17 (42), 32 (98), 29 (70), 23 (68), 19 (76), 34 (63), 38 (79), 16 (71), 14 (84), 11 (90)]";10952
Multiarranque;40;2;21574;23.0;10;"Maquina 1: [25 (12), 39 (10), 18 (43), 7 (34), 37 (40), 10 (23), 21 (23), 9 (17), 30 (49), 29 (70), 23 (68), 11 (90), 33 (54), 16 (71), 0 (85), 14 (84), 19 (76), 38 (79), 24 (89)]";10817;"Maquina 2: [22 (5), 6 (7), 26 (3), 8 (5), 13 (41), 20 (12), 4 (32), 31 (24), 12 (75), 36 (80), 28 (40), 2 (37), 1 (58), 17 (42), 15 (91), 35 (58), 34 (63), 3 (99), 32 (98), 27 (99), 5 (71)]";10757
GREEDY;40;2;20515;0.0;1;"Maquina 1: [25 (28), 28 (2), 9 (1), 2 (7), 27 (32), 26 (46), 4 (34), 38 (59), 24 (11), 22 (59), 0 (61), 37 (34), 19 (23), 30 (85), 10 (38), 6 (71), 15 (63), 5 (91), 33 (74), 13 (98), 39 (79)]";10447;"Maquina 2: [18 (37), 20 (28), 23 (2), 3 (20), 11 (33), 36 (59), 14 (81), 31 (4), 34 (42), 29 (53), 21 (34), 17 (30), 35 (79), 8 (68), 12 (63), 7 (60), 32 (88), 16 (73), 1 (98)]";10068
GRASP;40;2;19759;12.0;10;"Maquina 1: [28 (2), 9 (1), 2 (7), 4 (34), 24 (11), 3 (20), 8 (68), 10 (38), 25 (28), 27 (32), 26 (46), 15 (63), 12 (63), 33 (74), 17 (30), 22 (59), 38 (59), 32 (88), 5 (91), 39 (79), 13 (98)]";9661;"Maquina 2: [18 (37), 20 (28), 23 (2), 29 (53), 11 (33), 14 (81), 31 (4), 35 (79), 19 (23), 21 (34), 0 (61), 34 (42), 36 (59), 6 (71), 7 (60), 30 (85), 37 (34), 16 (73), 1 (98)]";10098
LNS;40;2;20470;2.0;10;"Maquina 1: [25 (28), 28 (2), 9 (1), 2 (7), 27 (32), 26 (46), 4 (34), 38 (59), 24 (11), 22 (59), 0 (61), 37 (34), 19 (23), 30 (85), 10 (38), 6 (71), 15 (63), 5 (91), 33 (74), 13 (98), 39 (79)]";10447;"Maquina 2: [18 (37), 20 (28), 23 (2), 3 (20), 11 (33), 36 (59), 14 (81), 31 (4), 34 (42), 29 (53), 21 (34), 17 (30), 35 (79), 8 (68), 7 (60), 12 (63), 16 (73), 32 (88), 1 (98)]";10023
TABÚ;40;2;20892;5.0;10;"Maquina 1: [19 (23), 24 (11), 3 (20), 2 (7), 15 (63), 28 (2), 11 (33), 14 (81), 22 (59), 37 (34), 36 (59), 21 (34), 6 (71), 8 (68), 13 (98), 12 (63), 5 (91), 26 (46), 1 (98), 30 (85)]";11272;"Maquina 2: [9 (1), 34 (42), 23 (2), 25 (28), 31 (4), 20 (28), 4 (34), 33 (74), 17 (30), 27 (32), 29 (53), 10 (38), 7 (60), 18 (37), 0 (61), 35 (79), 38 (59), 32 (88), 16 (73), 39 (79)]";9620
VNS;40;2;20482;379.0;10;"Maquina 1: [25 (28), 28 (2), 9 (1), 2 (7), 27 (32), 26 (46), 4 (34), 38 (59), 24 (11), 22 (59), 0 (61), 37 (34), 19 (23), 30 (85), 10 (38), 6 (71), 8 (68), 5 (91), 33 (74), 13 (98), 39 (79)]";10426;"Maquina 2: [18 (37), 20 (28), 23 (2), 3 (20), 11 (33), 36 (59), 14 (81), 31 (4), 34 (42), 29 (53), 21 (34), 17 (30), 35 (79), 15 (63), 12 (63), 7 (60), 32 (88), 16 (73), 1 (98)]";10056
Multiarranque;40;2;20153;18.0;10;"Maquina 1: [2 (7), 9 (1), 34 (42), 17 (30), 0 (61), 37 (34), 21 (34), 32 (88), 3 (20), 27 (32), 14 (81), 11 (33), 12 (63), 29 (53), 35 (79), 8 (68), 6 (71), 1 (98), 30 (85)]";10351;"Maquina 2: [28 (2), 25 (28), 31 (4), 20 (28), 23 (2), 26 (46), 4 (34), 38 (59), 7 (60), 18 (37), 19 (23), 22 (59), 10 (38), 24 (11), 16 (73), 39 (79), 15 (63), 5 (91), 33 (74), 13 (98), 36 (59)]";9802
GREEDY;40;2;21444;0.0;1;"Maquina 1: [28 (19), 0 (3), 9 (60), 6 (10), 3 (6), 30 (91), 32 (28), 18 (21), 8 (40), 12 (48), 22 (46), 5 (61), 11 (78), 21 (68), 14 (79), 33 (80), 39 (82), 7 (86), 38 (89)]";10384;"Maquina 2: [26 (15), 35 (5), 20 (7), 1 (50), 4 (6), 27 (31), 31 (26), 19 (82), 15 (20), 10 (17), 24 (41), 2 (76), 36 (61), 13 (78), 29 (46), 23 (60), 25 (80), 37 (87), 34 (93), 17 (83), 16 (91)]";11060
GRASP;40;2;20888;11.0;10;"Maquina 1: [32 (28), 35 (5), 20 (7), 28 (19), 3 (6), 10 (17), 26 (15), 12 (48), 5 (61), 11 (78), 8 (40), 22 (46), 23 (60), 19 (82), 21 (68), 14 (79), 16 (91), 34 (93), 38 (89), 13 (78), 30 (91)]";11089;"Maquina 2: [4 (6), 27 (31), 0 (3), 15 (20), 24 (41), 18 (21), 1 (50), 39 (82), 6 (10), 2 (76), 31 (26), 9 (60), 25 (80), 29 (46), 36 (61), 17 (83), 7 (86), 33 (80), 37 (87)]";9799
LNS;40;2;21444;2.0;10;"Maquina 1: [28 (19), 0 (3), 9 (60), 6 (10), 3 (6), 30 (91), 32 (28), 18 (21), 8 (40), 12 (48), 22 (46), 5 (61), 11 (78), 21 (68), 14 (79), 33 (80), 39 (82), 7 (86), 38 (89)]";10384;"Maquina 2: [26 (15), 35 (5), 20 (7), 1 (50), 4 (6), 27 (31), 31 (26), 19 (82), 15 (20), 10 (17), 24 (41), 2 (76), 36 (61), 13 (78), 29 (46), 23 (60), 25 (80), 37 (87), 34 (93), 17 (83), 16 (91)]";11060
TABÚ;40;2;21300;5.0;10;"Maquina 1: [0 (3), 33 (80), 3 (6), 10 (17), 35 (5), 32 (28), 25 (80), 6 (10), 15 (20), 8 (40), 12 (48), 22 (46), 28 (19), 21 (68), 14 (79), 34 (93), 17 (83), 5 (61), 16 (91), 38 (89)]";10138;"Maquina 2: [9 (60), 20 (7), 26 (15), 1 (50), 4 (6), 27 (31), 18 (21), 29 (46), 23 (60), 24 (41), 31 (26), 37 (87), 2 (76), 36 (61), 13 (78), 30 (91), 7 (86), 19 (82), 39 (82), 11 (78)]";11162
VNS;40;2;21347;310.0;10;"Maquina 1: [28 (19), 0 (3), 9 (60), 6 (10), 3 (6), 30 (91), 32 (28), 18 (21), 8 (40), 2 (76), 22 (46), 5 (61), 11 (78), 21 (68), 14 (79), 33 (80), 39 (82), 7 (86), 38 (89)]";10675;"Maquina 2: [26 (15), 35 (5), 20 (7), 1 (50), 4 (6), 27 (31), 31 (26), 19 (82), 15 (20), 10 (17), 24 (41), 12 (48), 36 (61), 13 (78), 29 (46), 23 (60), 25 (80), 37 (87), 34 (93), 17 (83), 16 (91)]";10672
Multiarranque;40;2;20508;18.0;10;"Maquina 1: [20 (7), 26 (15), 35 (5), 4 (6), 32 (28), 31 (26), 9 (60), 0 (3), 15 (20), 24 (41), 8 (40), 3 (6), 25 (80), 12 (48), 36 (61), 17 (83), 19 (82), 39 (82), 13 (78), 16 (91), 37 (87), 34 (93)]";10649;"Maquina 2: [22 (46), 10 (17), 27 (31), 18 (21), 29 (46), 23 (60), 1 (50), 5 (61), 6 (10), 2 (76), 14 (79), 7 (86), 11 (78), 28 (19), 21 (68), 33 (80), 30 (91), 38 (89)]";9859
