GREEDY;40;4;7675;16.0;1;"Maquina 1: [7 (5), 27 (16), 0 (3), 23 (29), 21 (51), 26 (18), 16 (40), 10 (65), 20 (55), 11 (90)]";1715;"Maquina 2: [8 (3), 19 (14), 1 (22), 13 (5), 24 (29), 22 (60), 36 (54), 33 (45), 2 (71), 34 (95)]";1917;"Maquina 3: [35 (6), 12 (3), 30 (15), 3 (52), 9 (29), 29 (19), 17 (90), 28 (55), 4 (42), 31 (69)]";1839;"Maquina 4: [25 (10), 37 (4), 38 (16), 6 (31), 5 (49), 39 (27), 14 (55), 15 (81), 18 (61), 32 (99)]";2204
GRASP;40;4;7251;128.0;10;"Maquina 1: [7 (5), 26 (18), 8 (3), 30 (15), 36 (54), 16 (40), 3 (52), 31 (69), 34 (95), 10 (65)]";2069;"Maquina 2: [12 (3), 27 (16), 0 (3), 38 (16), 4 (42), 24 (29), 22 (60), 5 (49), 11 (90), 17 (90)]";1661;"Maquina 3: [19 (14), 1 (22), 29 (19), 37 (4), 14 (55), 23 (29), 18 (61), 21 (51), 32 (99)]";1572;"Maquina 4: [13 (5), 25 (10), 39 (27), 9 (29), 35 (6), 6 (31), 28 (55), 33 (45), 20 (55), 15 (81), 2 (71)]";1949
LNS;40;4;7675;3.0;10;"Maquina 1: [7 (5), 27 (16), 0 (3), 23 (29), 21 (51), 26 (18), 16 (40), 10 (65), 20 (55), 11 (90)]";1715;"Maquina 2: [8 (3), 19 (14), 1 (22), 13 (5), 24 (29), 22 (60), 36 (54), 33 (45), 2 (71), 34 (95)]";1917;"Maquina 3: [35 (6), 12 (3), 30 (15), 3 (52), 9 (29), 29 (19), 17 (90), 28 (55), 4 (42), 31 (69)]";1839;"Maquina 4: [25 (10), 37 (4), 38 (16), 6 (31), 5 (49), 39 (27), 14 (55), 15 (81), 18 (61), 32 (99)]";2204
TABÚ;40;4;7624;18.0;10;"Maquina 1: [35 (6), 12 (3), 1 (22), 38 (16), 16 (40), 4 (42), 25 (10), 3 (52), 31 (69), 34 (95), 2 (71)]";1963;"Maquina 2: [8 (3), 0 (3), 19 (14), 7 (5), 5 (49), 9 (29), 14 (55), 20 (55), 10 (65), 32 (99)]";1662;"Maquina 3: [24 (29), 37 (4), 36 (54), 23 (29), 27 (16), 21 (51), 22 (60), 15 (81), 17 (90)]";2113;"Maquina 4: [26 (18), 13 (5), 30 (15), 18 (61), 6 (31), 39 (27), 29 (19), 33 (45), 28 (55), 11 (90)]";1886
VNS;40;4;7493;498.0;10;"Maquina 1: [7 (5), 27 (16), 0 (3), 23 (29), 21 (51), 26 (18), 16 (40), 10 (65), 20 (55), 11 (90)]";1715;"Maquina 2: [8 (3), 19 (14), 1 (22), 37 (4), 24 (29), 22 (60), 36 (54), 33 (45), 2 (71), 34 (95)]";1879;"Maquina 3: [35 (6), 12 (3), 30 (15), 3 (52), 9 (29), 29 (19), 17 (90), 28 (55), 4 (42), 31 (69)]";1839;"Maquina 4: [25 (10), 13 (5), 38 (16), 6 (31), 5 (49), 39 (27), 14 (55), 15 (81), 18 (61), 32 (99)]";2060
Multiarranque;40;4;7368;19.0;10;"Maquina 1: [13 (5), 12 (3), 23 (29), 9 (29), 28 (55), 38 (16), 5 (49), 31 (69), 17 (90), 32 (99)]";1949;"Maquina 2: [37 (4), 7 (5), 27 (16), 39 (27), 24 (29), 4 (42), 20 (55), 14 (55), 33 (45), 22 (60)]";1652;"Maquina 3: [30 (15), 25 (10), 0 (3), 29 (19), 36 (54), 16 (40), 10 (65), 6 (31), 15 (81), 34 (95)]";2090;"Maquina 4: [26 (18), 35 (6), 8 (3), 19 (14), 1 (22), 3 (52), 18 (61), 21 (51), 11 (90), 2 (71)]";1677
GREEDY;40;4;9548;1.0;1;"Maquina 1: [19 (2), 4 (30), 35 (9), 6 (29), 5 (54), 24 (41), 37 (44), 2 (80), 38 (67), 20 (92)]";2350;"Maquina 2: [7 (10), 8 (3), 28 (29), 23 (25), 17 (36), 33 (44), 25 (48), 29 (73), 0 (64), 32 (85), 9 (98)]";2649;"Maquina 3: [1 (4), 10 (25), 16 (44), 3 (35), 21 (28), 11 (58), 26 (45), 36 (72), 39 (90)]";2040;"Maquina 4: [15 (4), 34 (41), 27 (28), 18 (25), 14 (46), 13 (72), 31 (35), 22 (55), 12 (97), 30 (84)]";2509
GRASP;40;4;8782;14.0;10;"Maquina 1: [6 (29), 19 (2), 33 (44), 18 (25), 14 (46), 10 (25), 22 (55), 11 (58), 37 (44), 36 (72)]";2025;"Maquina 2: [8 (3), 27 (28), 28 (29), 1 (4), 4 (30), 34 (41), 24 (41), 30 (84), 12 (97), 9 (98)]";2094;"Maquina 3: [7 (10), 15 (4), 25 (48), 31 (35), 26 (45), 5 (54), 13 (72), 2 (80), 20 (92), 39 (90)]";2482;"Maquina 4: [35 (9), 21 (28), 23 (25), 29 (73), 3 (35), 17 (36), 16 (44), 38 (67), 0 (64), 32 (85)]";2181
LNS;40;4;9548;1.0;10;"Maquina 1: [19 (2), 4 (30), 35 (9), 6 (29), 5 (54), 24 (41), 37 (44), 2 (80), 38 (67), 20 (92)]";2350;"Maquina 2: [7 (10), 8 (3), 28 (29), 23 (25), 17 (36), 33 (44), 25 (48), 29 (73), 0 (64), 32 (85), 9 (98)]";2649;"Maquina 3: [1 (4), 10 (25), 16 (44), 3 (35), 21 (28), 11 (58), 26 (45), 36 (72), 39 (90)]";2040;"Maquina 4: [15 (4), 34 (41), 27 (28), 18 (25), 14 (46), 13 (72), 31 (35), 22 (55), 12 (97), 30 (84)]";2509
TABÚ;40;4;9171;8.0;10;"Maquina 1: [1 (4), 23 (25), 31 (35), 22 (55), 24 (41), 26 (45), 33 (44), 13 (72), 32 (85), 12 (97)]";2646;"Maquina 2: [7 (10), 8 (3), 27 (28), 28 (29), 34 (41), 11 (58), 10 (25), 2 (80), 38 (67), 39 (90)]";1971;"Maquina 3: [15 (4), 35 (9), 6 (29), 3 (35), 25 (48), 29 (73), 16 (44), 36 (72), 0 (64), 9 (98)]";2379;"Maquina 4: [19 (2), 18 (25), 21 (28), 4 (30), 17 (36), 37 (44), 5 (54), 30 (84), 14 (46), 20 (92)]";2175
VNS;40;4;9175;448.0;10;"Maquina 1: [19 (2), 3 (35), 4 (30), 35 (9), 6 (29), 5 (54), 24 (41), 37 (44), 2 (80), 20 (92)]";2085;"Maquina 2: [7 (10), 8 (3), 28 (29), 23 (25), 17 (36), 33 (44), 25 (48), 29 (73), 0 (64), 32 (85), 9 (98)]";2649;"Maquina 3: [1 (4), 10 (25), 16 (44), 21 (28), 11 (58), 26 (45), 36 (72), 38 (67), 39 (90)]";1932;"Maquina 4: [15 (4), 34 (41), 27 (28), 18 (25), 14 (46), 13 (72), 31 (35), 22 (55), 12 (97), 30 (84)]";2509
Multiarranque;40;4;9347;19.0;10;"Maquina 1: [10 (25), 25 (48), 8 (3), 26 (45), 16 (44), 31 (35), 32 (85), 2 (80), 30 (84)]";2221;"Maquina 2: [15 (4), 7 (10), 27 (28), 33 (44), 4 (30), 28 (29), 13 (72), 5 (54), 24 (41), 9 (98), 29 (73)]";2598;"Maquina 3: [19 (2), 18 (25), 14 (46), 21 (28), 6 (29), 38 (67), 0 (64), 37 (44), 34 (41), 20 (92)]";2183;"Maquina 4: [35 (9), 23 (25), 1 (4), 17 (36), 3 (35), 22 (55), 36 (72), 11 (58), 12 (97), 39 (90)]";2345
GREEDY;40;4;12835;0.0;1;"Maquina 1: [28 (34), 18 (18), 8 (51), 23 (62), 34 (46), 38 (5), 36 (43), 30 (70), 35 (86), 19 (96)]";3221;"Maquina 2: [37 (13), 26 (31), 9 (22), 7 (93), 32 (34), 20 (44), 21 (48), 1 (82), 0 (70), 24 (55)]";2976;"Maquina 3: [4 (23), 22 (17), 33 (59), 29 (25), 27 (70), 11 (41), 13 (50), 16 (82), 12 (46), 31 (94)]";3182;"Maquina 4: [17 (25), 25 (17), 3 (44), 6 (55), 15 (47), 10 (76), 5 (33), 39 (90), 14 (98), 2 (68)]";3456
GRASP;40;4;11198;15.0;10;"Maquina 1: [37 (13), 26 (31), 9 (22), 27 (70), 8 (51), 36 (43), 0 (70), 23 (62), 6 (55), 16 (82), 30 (70)]";3345;"Maquina 2: [38 (5), 13 (50), 25 (17), 20 (44), 15 (47), 3 (44), 39 (90), 21 (48), 12 (46), 31 (94)]";2840;"Maquina 3: [4 (23), 22 (17), 28 (34), 10 (76), 33 (59), 2 (68), 34 (46), 19 (96), 14 (98)]";2234;"Maquina 4: [17 (25), 11 (41), 5 (33), 29 (25), 24 (55), 18 (18), 1 (82), 32 (34), 7 (93), 35 (86)]";2779
LNS;40;4;12752;2.0;10;"Maquina 1: [28 (34), 18 (18), 8 (51), 23 (62), 34 (46), 36 (43), 38 (5), 30 (70), 35 (86), 19 (96)]";3200;"Maquina 2: [37 (13), 26 (31), 9 (22), 7 (93), 32 (34), 0 (70), 21 (48), 1 (82), 20 (44), 24 (55)]";2914;"Maquina 3: [4 (23), 22 (17), 33 (59), 29 (25), 27 (70), 11 (41), 13 (50), 16 (82), 12 (46), 31 (94)]";3182;"Maquina 4: [17 (25), 25 (17), 3 (44), 6 (55), 15 (47), 10 (76), 5 (33), 39 (90), 14 (98), 2 (68)]";3456
TABÚ;40;4;11156;8.0;10;"Maquina 1: [5 (33), 25 (17), 37 (13), 20 (44), 15 (47), 6 (55), 36 (43), 0 (70), 1 (82), 39 (90), 35 (86)]";3383;"Maquina 2: [9 (22), 13 (50), 28 (34), 18 (18), 23 (62), 27 (70), 3 (44), 2 (68), 7 (93), 14 (98)]";2884;"Maquina 3: [4 (23), 22 (17), 26 (31), 12 (46), 21 (48), 32 (34), 8 (51), 33 (59), 31 (94), 10 (76)]";2804;"Maquina 4: [17 (25), 11 (41), 38 (5), 30 (70), 29 (25), 24 (55), 34 (46), 16 (82), 19 (96)]";2085
VNS;40;4;12383;447.0;10;"Maquina 1: [28 (34), 18 (18), 8 (51), 23 (62), 34 (46), 36 (43), 30 (70), 35 (86), 19 (96)]";2781;"Maquina 2: [37 (13), 26 (31), 9 (22), 7 (93), 32 (34), 20 (44), 21 (48), 1 (82), 0 (70)]";2312;"Maquina 3: [4 (23), 22 (17), 33 (59), 29 (25), 24 (55), 38 (5), 27 (70), 11 (41), 13 (50), 16 (82), 12 (46), 31 (94)]";3834;"Maquina 4: [17 (25), 25 (17), 3 (44), 6 (55), 15 (47), 10 (76), 5 (33), 39 (90), 14 (98), 2 (68)]";3456
Multiarranque;40;4;11949;16.0;10;"Maquina 1: [11 (41), 26 (31), 9 (22), 29 (25), 6 (55), 32 (34), 0 (70), 3 (44), 35 (86), 14 (98)]";3100;"Maquina 2: [22 (17), 23 (62), 5 (33), 20 (44), 15 (47), 34 (46), 19 (96), 24 (55), 2 (68), 10 (76)]";3100;"Maquina 3: [28 (34), 17 (25), 25 (17), 37 (13), 21 (48), 18 (18), 27 (70), 8 (51), 33 (59), 39 (90)]";2447;"Maquina 4: [4 (23), 1 (82), 38 (5), 13 (50), 36 (43), 12 (46), 31 (94), 7 (93), 30 (70), 16 (82)]";3302
GREEDY;40;4;10904;0.0;1;"Maquina 1: [31 (31), 28 (5), 30 (25), 14 (19), 2 (2), 33 (56), 21 (40), 7 (58), 29 (75), 12 (94)]";2775;"Maquina 2: [4 (6), 16 (55), 6 (27), 23 (3), 10 (35), 35 (20), 36 (46), 8 (63), 27 (73), 26 (86)]";2567;"Maquina 3: [15 (25), 39 (13), 22 (38), 19 (29), 11 (80), 13 (48), 24 (3), 1 (67), 0 (58), 17 (91)]";2555;"Maquina 4: [34 (49), 38 (3), 9 (31), 32 (22), 3 (63), 25 (14), 37 (69), 5 (97), 18 (35), 20 (84)]";3007
GRASP;40;4;9017;16.0;10;"Maquina 1: [4 (6), 31 (31), 11 (80), 24 (3), 32 (22), 37 (69), 1 (67), 13 (48), 17 (91), 16 (55)]";2473;"Maquina 2: [15 (25), 39 (13), 38 (3), 22 (38), 3 (63), 18 (35), 36 (46), 29 (75), 33 (56), 20 (84)]";2097;"Maquina 3: [23 (3), 30 (25), 10 (35), 21 (40), 2 (2), 9 (31), 0 (58), 5 (97), 34 (49), 26 (86)]";2416;"Maquina 4: [35 (20), 28 (5), 25 (14), 7 (58), 8 (63), 6 (27), 19 (29), 14 (19), 27 (73), 12 (94)]";2031
LNS;40;4;10663;1.0;10;"Maquina 1: [31 (31), 28 (5), 30 (25), 21 (40), 2 (2), 33 (56), 7 (58), 14 (19), 29 (75), 12 (94)]";2549;"Maquina 2: [4 (6), 16 (55), 6 (27), 23 (3), 10 (35), 8 (63), 36 (46), 35 (20), 27 (73), 26 (86)]";2552;"Maquina 3: [15 (25), 39 (13), 22 (38), 19 (29), 11 (80), 13 (48), 24 (3), 1 (67), 0 (58), 17 (91)]";2555;"Maquina 4: [34 (49), 38 (3), 9 (31), 32 (22), 3 (63), 25 (14), 37 (69), 5 (97), 18 (35), 20 (84)]";3007
TABÚ;40;4;9339;7.0;10;"Maquina 1: [6 (27), 23 (3), 30 (25), 15 (25), 2 (2), 10 (35), 34 (49), 7 (58), 26 (86)]";1658;"Maquina 2: [25 (14), 39 (13), 38 (3), 35 (20), 18 (35), 32 (22), 29 (75), 27 (73), 8 (63), 5 (97), 11 (80)]";2641;"Maquina 3: [31 (31), 28 (5), 36 (46), 9 (31), 0 (58), 14 (19), 20 (84), 1 (67), 13 (48), 12 (94)]";2516;"Maquina 4: [19 (29), 4 (6), 24 (3), 22 (38), 37 (69), 21 (40), 3 (63), 16 (55), 33 (56), 17 (91)]";2524
VNS;40;4;10315;328.0;10;"Maquina 1: [31 (31), 28 (5), 30 (25), 15 (25), 2 (2), 33 (56), 21 (40), 20 (84), 29 (75), 27 (73)]";2275;"Maquina 2: [4 (6), 16 (55), 6 (27), 23 (3), 10 (35), 35 (20), 36 (46), 8 (63), 12 (94), 26 (86)]";2586;"Maquina 3: [14 (19), 39 (13), 22 (38), 19 (29), 11 (80), 13 (48), 24 (3), 1 (67), 0 (58), 17 (91)]";2504;"Maquina 4: [34 (49), 38 (3), 9 (31), 32 (22), 3 (63), 25 (14), 37 (69), 5 (97), 18 (35), 7 (58)]";2950
Multiarranque;40;4;9393;16.0;10;"Maquina 1: [4 (6), 23 (3), 34 (49), 38 (3), 22 (38), 32 (22), 37 (69), 1 (67), 0 (58), 12 (94)]";1948;"Maquina 2: [21 (40), 16 (55), 25 (14), 24 (3), 35 (20), 9 (31), 7 (58), 17 (91), 29 (75)]";2251;"Maquina 3: [28 (5), 36 (46), 15 (25), 2 (2), 33 (56), 30 (25), 3 (63), 6 (27), 20 (84), 11 (80)]";2172;"Maquina 4: [14 (19), 39 (13), 31 (31), 8 (63), 19 (29), 10 (35), 18 (35), 13 (48), 27 (73), 5 (97), 26 (86)]";3022
GREEDY;40;4;10541;1.0;1;"Maquina 1: [31 (5), 19 (31), 7 (17), 10 (27), 15 (49), 37 (51), 17 (62), 24 (69), 14 (88), 25 (74)]";2389;"Maquina 2: [20 (20), 0 (10), 6 (28), 11 (53), 12 (50), 29 (38), 34 (63), 30 (74), 23 (70), 21 (95)]";2630;"Maquina 3: [4 (29), 2 (14), 18 (50), 39 (24), 22 (39), 9 (64), 8 (59), 26 (77), 13 (71), 36 (98)]";2769;"Maquina 4: [35 (25), 5 (61), 38 (16), 16 (29), 27 (50), 32 (65), 33 (46), 1 (74), 3 (75), 28 (99)]";2753
GRASP;40;4;9915;14.0;10;"Maquina 1: [2 (14), 10 (27), 15 (49), 35 (25), 26 (77), 13 (71), 32 (65), 1 (74), 14 (88), 23 (70)]";2766;"Maquina 2: [39 (24), 38 (16), 16 (29), 19 (31), 37 (51), 27 (50), 8 (59), 3 (75), 25 (74), 9 (64)]";2297;"Maquina 3: [31 (5), 20 (20), 0 (10), 12 (50), 4 (29), 29 (38), 5 (61), 33 (46), 17 (62), 36 (98)]";1957;"Maquina 4: [22 (39), 7 (17), 18 (50), 6 (28), 11 (53), 34 (63), 30 (74), 24 (69), 21 (95), 28 (99)]";2895
LNS;40;4;10541;1.0;10;"Maquina 1: [31 (5), 19 (31), 7 (17), 10 (27), 15 (49), 37 (51), 17 (62), 24 (69), 14 (88), 25 (74)]";2389;"Maquina 2: [20 (20), 0 (10), 6 (28), 11 (53), 12 (50), 29 (38), 34 (63), 30 (74), 23 (70), 21 (95)]";2630;"Maquina 3: [4 (29), 2 (14), 18 (50), 39 (24), 22 (39), 9 (64), 8 (59), 26 (77), 13 (71), 36 (98)]";2769;"Maquina 4: [35 (25), 5 (61), 38 (16), 16 (29), 27 (50), 32 (65), 33 (46), 1 (74), 3 (75), 28 (99)]";2753
TABÚ;40;4;9884;5.0;10;"Maquina 1: [31 (5), 20 (20), 39 (24), 37 (51), 27 (50), 29 (38), 5 (61), 32 (65), 1 (74), 14 (88)]";2230;"Maquina 2: [7 (17), 4 (29), 35 (25), 22 (39), 9 (64), 23 (70), 15 (49), 26 (77), 36 (98)]";2055;"Maquina 3: [0 (10), 38 (16), 16 (29), 8 (59), 10 (27), 33 (46), 3 (75), 30 (74), 24 (69), 21 (95), 28 (99)]";2907;"Maquina 4: [19 (31), 2 (14), 18 (50), 34 (63), 6 (28), 13 (71), 12 (50), 11 (53), 17 (62), 25 (74)]";2692
VNS;40;4;10389;374.0;10;"Maquina 1: [31 (5), 19 (31), 7 (17), 10 (27), 15 (49), 34 (63), 17 (62), 24 (69), 14 (88), 25 (74)]";2487;"Maquina 2: [20 (20), 0 (10), 6 (28), 11 (53), 12 (50), 39 (24), 37 (51), 30 (74), 23 (70), 21 (95)]";2511;"Maquina 3: [4 (29), 2 (14), 18 (50), 29 (38), 22 (39), 9 (64), 8 (59), 26 (77), 13 (71), 36 (98)]";2638;"Maquina 4: [35 (25), 5 (61), 38 (16), 16 (29), 27 (50), 32 (65), 33 (46), 1 (74), 3 (75), 28 (99)]";2753
Multiarranque;40;4;10308;17.0;10;"Maquina 1: [0 (10), 38 (16), 16 (29), 19 (31), 24 (69), 6 (28), 33 (46), 26 (77), 8 (59), 14 (88)]";2196;"Maquina 2: [7 (17), 20 (20), 39 (24), 27 (50), 32 (65), 12 (50), 9 (64), 13 (71), 21 (95), 28 (99)]";2717;"Maquina 3: [2 (14), 31 (5), 29 (38), 22 (39), 37 (51), 34 (63), 11 (53), 17 (62), 3 (75), 30 (74)]";2524;"Maquina 4: [10 (27), 4 (29), 35 (25), 5 (61), 18 (50), 23 (70), 15 (49), 25 (74), 36 (98), 1 (74)]";2871
GREEDY;40;4;9049;1.0;1;"Maquina 1: [26 (2), 9 (12), 34 (32), 25 (19), 28 (25), 8 (51), 31 (86), 10 (36), 29 (66), 6 (94), 30 (99)]";2515;"Maquina 2: [35 (6), 17 (13), 32 (21), 38 (34), 23 (32), 21 (63), 13 (44), 20 (92), 33 (98), 12 (83)]";2313;"Maquina 3: [37 (15), 36 (6), 16 (23), 22 (33), 18 (30), 19 (43), 3 (61), 14 (79), 7 (94), 24 (89)]";2054;"Maquina 4: [11 (7), 2 (34), 4 (19), 5 (29), 15 (43), 1 (58), 27 (74), 0 (97), 39 (91)]";2167
GRASP;40;4;8981;13.0;10;"Maquina 1: [37 (15), 36 (6), 16 (23), 2 (34), 13 (44), 20 (92), 23 (32), 19 (43), 27 (74), 33 (98)]";2134;"Maquina 2: [11 (7), 35 (6), 4 (19), 34 (32), 15 (43), 25 (19), 1 (58), 6 (94), 31 (86), 0 (97)]";2046;"Maquina 3: [9 (12), 22 (33), 17 (13), 10 (36), 28 (25), 14 (79), 7 (94), 29 (66), 21 (63), 30 (99)]";2552;"Maquina 4: [32 (21), 26 (2), 38 (34), 5 (29), 18 (30), 8 (51), 3 (61), 39 (91), 24 (89), 12 (83)]";2249
LNS;40;4;9029;1.0;10;"Maquina 1: [26 (2), 9 (12), 34 (32), 25 (19), 28 (25), 8 (51), 31 (86), 10 (36), 29 (66), 6 (94), 30 (99)]";2515;"Maquina 2: [35 (6), 17 (13), 32 (21), 38 (34), 23 (32), 21 (63), 13 (44), 20 (92), 33 (98), 12 (83)]";2313;"Maquina 3: [37 (15), 36 (6), 16 (23), 22 (33), 18 (30), 19 (43), 3 (61), 14 (79), 7 (94), 24 (89)]";2054;"Maquina 4: [1 (58), 2 (34), 4 (19), 5 (29), 15 (43), 11 (7), 27 (74), 0 (97), 39 (91)]";2147
TABÚ;40;4;9097;8.0;10;"Maquina 1: [11 (7), 35 (6), 25 (19), 28 (25), 38 (34), 23 (32), 19 (43), 20 (92), 39 (91), 24 (89)]";1924;"Maquina 2: [32 (21), 13 (44), 10 (36), 4 (19), 34 (32), 15 (43), 31 (86), 14 (79), 33 (98)]";2072;"Maquina 3: [37 (15), 26 (2), 9 (12), 22 (33), 16 (23), 8 (51), 1 (58), 18 (30), 6 (94), 27 (74), 30 (99)]";2345;"Maquina 4: [17 (13), 36 (6), 5 (29), 2 (34), 29 (66), 21 (63), 3 (61), 12 (83), 7 (94), 0 (97)]";2756
VNS;40;4;8781;358.0;10;"Maquina 1: [26 (2), 9 (12), 34 (32), 25 (19), 28 (25), 8 (51), 31 (86), 1 (58), 6 (94), 30 (99)]";1972;"Maquina 2: [35 (6), 17 (13), 32 (21), 38 (34), 23 (32), 21 (63), 13 (44), 20 (92), 33 (98), 12 (83)]";2313;"Maquina 3: [37 (15), 36 (6), 16 (23), 22 (33), 18 (30), 19 (43), 3 (61), 14 (79), 7 (94), 24 (89)]";2054;"Maquina 4: [11 (7), 2 (34), 4 (19), 10 (36), 5 (29), 15 (43), 29 (66), 27 (74), 0 (97), 39 (91)]";2442
Multiarranque;40;4;9084;16.0;10;"Maquina 1: [36 (6), 5 (29), 28 (25), 15 (43), 34 (32), 23 (32), 21 (63), 33 (98), 27 (74), 7 (94)]";2277;"Maquina 2: [11 (7), 2 (34), 37 (15), 1 (58), 18 (30), 19 (43), 3 (61), 12 (83), 30 (99), 39 (91)]";2472;"Maquina 3: [4 (19), 9 (12), 35 (6), 16 (23), 13 (44), 29 (66), 6 (94), 14 (79), 38 (34), 20 (92)]";2278;"Maquina 4: [22 (33), 17 (13), 32 (21), 26 (2), 10 (36), 25 (19), 8 (51), 31 (86), 24 (89), 0 (97)]";2057
GREEDY;40;4;8373;0.0;1;"Maquina 1: [10 (13), 12 (5), 9 (2), 0 (34), 4 (23), 13 (52), 27 (74), 22 (98), 1 (66), 5 (85)]";2381;"Maquina 2: [30 (2), 20 (20), 17 (6), 31 (10), 18 (29), 16 (67), 15 (56), 6 (43), 29 (89), 37 (77)]";1790;"Maquina 3: [3 (4), 23 (7), 33 (20), 19 (9), 35 (31), 32 (80), 25 (56), 28 (46), 34 (67), 24 (90)]";1996;"Maquina 4: [7 (4), 2 (27), 38 (18), 8 (8), 14 (67), 11 (48), 21 (76), 26 (33), 36 (82), 39 (96)]";2206
GRASP;40;4;7463;15.0;10;"Maquina 1: [23 (7), 10 (13), 3 (4), 7 (4), 38 (18), 15 (56), 27 (74), 13 (52), 24 (90), 29 (89)]";1713;"Maquina 2: [9 (2), 17 (6), 31 (10), 14 (67), 26 (33), 33 (20), 37 (77), 6 (43), 16 (67), 36 (82)]";1778;"Maquina 3: [19 (9), 12 (5), 20 (20), 11 (48), 2 (27), 28 (46), 34 (67), 21 (76), 22 (98), 5 (85)]";2175;"Maquina 4: [30 (2), 18 (29), 8 (8), 25 (56), 0 (34), 4 (23), 35 (31), 1 (66), 32 (80), 39 (96)]";1797
LNS;40;4;8284;1.0;10;"Maquina 1: [10 (13), 12 (5), 9 (2), 0 (34), 27 (74), 13 (52), 4 (23), 22 (98), 1 (66), 5 (85)]";2361;"Maquina 2: [30 (2), 20 (20), 17 (6), 31 (10), 18 (29), 16 (67), 15 (56), 6 (43), 29 (89), 37 (77)]";1790;"Maquina 3: [3 (4), 23 (7), 33 (20), 19 (9), 35 (31), 34 (67), 28 (46), 25 (56), 32 (80), 24 (90)]";1927;"Maquina 4: [7 (4), 2 (27), 38 (18), 8 (8), 14 (67), 11 (48), 21 (76), 26 (33), 36 (82), 39 (96)]";2206
TABÚ;40;4;7723;5.0;10;"Maquina 1: [12 (5), 17 (6), 23 (7), 10 (13), 2 (27), 13 (52), 4 (23), 14 (67), 32 (80), 39 (96)]";1723;"Maquina 2: [8 (8), 30 (2), 33 (20), 9 (2), 28 (46), 27 (74), 18 (29), 34 (67), 15 (56), 24 (90), 29 (89)]";2308;"Maquina 3: [20 (20), 19 (9), 35 (31), 31 (10), 11 (48), 21 (76), 6 (43), 22 (98), 5 (85), 37 (77)]";2160;"Maquina 4: [3 (4), 7 (4), 38 (18), 25 (56), 0 (34), 26 (33), 16 (67), 1 (66), 36 (82)]";1532
VNS;40;4;8090;331.0;10;"Maquina 1: [10 (13), 3 (4), 9 (2), 0 (34), 4 (23), 13 (52), 27 (74), 22 (98), 1 (66), 5 (85)]";2166;"Maquina 2: [30 (2), 20 (20), 17 (6), 31 (10), 18 (29), 16 (67), 15 (56), 6 (43), 29 (89), 37 (77)]";1790;"Maquina 3: [12 (5), 23 (7), 33 (20), 19 (9), 35 (31), 34 (67), 28 (46), 25 (56), 32 (80), 24 (90)]";1928;"Maquina 4: [7 (4), 2 (27), 38 (18), 8 (8), 14 (67), 11 (48), 21 (76), 26 (33), 36 (82), 39 (96)]";2206
Multiarranque;40;4;7921;16.0;10;"Maquina 1: [10 (13), 33 (20), 19 (9), 7 (4), 26 (33), 28 (46), 27 (74), 11 (48), 5 (85), 29 (89)]";1946;"Maquina 2: [12 (5), 8 (8), 30 (2), 38 (18), 14 (67), 23 (7), 18 (29), 34 (67), 21 (76), 37 (77), 36 (82)]";2072;"Maquina 3: [9 (2), 17 (6), 31 (10), 20 (20), 6 (43), 2 (27), 0 (34), 13 (52), 4 (23), 16 (67), 25 (56)]";1826;"Maquina 4: [3 (4), 35 (31), 1 (66), 32 (80), 15 (56), 39 (96), 24 (90), 22 (98)]";2077
GREEDY;40;4;12039;0.0;1;"Maquina 1: [18 (1), 6 (16), 32 (17), 22 (34), 35 (38), 25 (67), 38 (23), 0 (59), 39 (93), 28 (76), 1 (86)]";3078;"Maquina 2: [34 (40), 9 (9), 3 (24), 26 (36), 17 (63), 30 (16), 20 (78), 13 (88), 23 (70)]";2779;"Maquina 3: [8 (36), 21 (17), 10 (10), 31 (39), 7 (18), 4 (66), 29 (84), 19 (45), 37 (72), 2 (86), 11 (97)]";3403;"Maquina 4: [33 (31), 24 (17), 16 (37), 12 (56), 27 (70), 15 (13), 14 (64), 5 (87), 36 (83)]";2779
GRASP;40;4;10927;15.0;10;"Maquina 1: [3 (24), 7 (18), 19 (45), 10 (10), 34 (40), 24 (17), 16 (37), 23 (70), 5 (87), 17 (63), 37 (72)]";3110;"Maquina 2: [15 (13), 6 (16), 32 (17), 14 (64), 33 (31), 0 (59), 20 (78), 35 (38), 11 (97), 13 (88)]";2564;"Maquina 3: [12 (56), 8 (36), 21 (17), 22 (34), 25 (67), 28 (76), 4 (66), 29 (84), 36 (83)]";2671;"Maquina 4: [30 (16), 18 (1), 26 (36), 38 (23), 9 (9), 39 (93), 31 (39), 27 (70), 2 (86), 1 (86)]";2582
LNS;40;4;12039;1.0;10;"Maquina 1: [18 (1), 6 (16), 32 (17), 22 (34), 35 (38), 25 (67), 38 (23), 0 (59), 39 (93), 28 (76), 1 (86)]";3078;"Maquina 2: [34 (40), 9 (9), 3 (24), 26 (36), 17 (63), 30 (16), 20 (78), 13 (88), 23 (70)]";2779;"Maquina 3: [8 (36), 21 (17), 10 (10), 31 (39), 7 (18), 4 (66), 29 (84), 19 (45), 37 (72), 2 (86), 11 (97)]";3403;"Maquina 4: [33 (31), 24 (17), 16 (37), 12 (56), 27 (70), 15 (13), 14 (64), 5 (87), 36 (83)]";2779
TABÚ;40;4;12308;5.0;10;"Maquina 1: [18 (1), 6 (16), 8 (36), 21 (17), 38 (23), 34 (40), 22 (34), 23 (70), 5 (87), 11 (97), 28 (76)]";3270;"Maquina 2: [16 (37), 9 (9), 33 (31), 30 (16), 17 (63), 25 (67), 36 (83), 14 (64), 29 (84), 20 (78)]";3499;"Maquina 3: [3 (24), 15 (13), 31 (39), 4 (66), 12 (56), 27 (70), 32 (17), 2 (86), 13 (88)]";2929;"Maquina 4: [7 (18), 10 (10), 37 (72), 24 (17), 35 (38), 19 (45), 26 (36), 0 (59), 1 (86), 39 (93)]";2610
VNS;40;4;11848;363.0;10;"Maquina 1: [18 (1), 6 (16), 32 (17), 22 (34), 35 (38), 25 (67), 38 (23), 0 (59), 39 (93), 28 (76), 1 (86)]";3078;"Maquina 2: [34 (40), 9 (9), 3 (24), 26 (36), 17 (63), 29 (84), 20 (78), 13 (88), 23 (70)]";2763;"Maquina 3: [8 (36), 21 (17), 10 (10), 31 (39), 7 (18), 4 (66), 30 (16), 19 (45), 37 (72), 2 (86), 11 (97)]";3228;"Maquina 4: [33 (31), 24 (17), 16 (37), 12 (56), 27 (70), 15 (13), 14 (64), 5 (87), 36 (83)]";2779
Multiarranque;40;4;11117;16.0;10;"Maquina 1: [15 (13), 6 (16), 35 (38), 25 (67), 33 (31), 0 (59), 31 (39), 27 (70), 36 (83), 11 (97)]";2836;"Maquina 2: [18 (1), 9 (9), 10 (10), 38 (23), 8 (36), 12 (56), 23 (70), 5 (87), 17 (63), 1 (86)]";2581;"Maquina 3: [30 (16), 32 (17), 22 (34), 7 (18), 34 (40), 19 (45), 37 (72), 4 (66), 20 (78), 13 (88)]";2563;"Maquina 4: [16 (37), 3 (24), 24 (17), 21 (17), 14 (64), 29 (84), 28 (76), 26 (36), 2 (86), 39 (93)]";3137
GREEDY;40;4;13604;0.0;1;"Maquina 1: [19 (10), 7 (2), 18 (55), 4 (41), 16 (19), 39 (32), 15 (69), 1 (94), 14 (87), 27 (74)]";3376;"Maquina 2: [3 (31), 25 (25), 22 (8), 28 (16), 23 (39), 8 (85), 9 (54), 11 (74), 24 (63), 35 (96), 6 (91)]";3701;"Maquina 3: [29 (16), 13 (29), 30 (8), 34 (33), 20 (59), 26 (45), 37 (79), 33 (91), 38 (69)]";2959;"Maquina 4: [17 (10), 32 (18), 12 (27), 31 (49), 2 (74), 0 (79), 10 (39), 21 (56), 36 (94), 5 (88)]";3568
GRASP;40;4;11211;16.0;10;"Maquina 1: [12 (27), 22 (8), 28 (16), 8 (85), 9 (54), 31 (49), 6 (91), 10 (39), 20 (59), 36 (94)]";3072;"Maquina 2: [29 (16), 17 (10), 18 (55), 25 (25), 39 (32), 16 (19), 38 (69), 2 (74), 0 (79), 5 (88)]";2530;"Maquina 3: [7 (2), 13 (29), 19 (10), 30 (8), 23 (39), 4 (41), 26 (45), 11 (74), 14 (87), 15 (69), 37 (79)]";2805;"Maquina 4: [21 (56), 32 (18), 24 (63), 34 (33), 3 (31), 27 (74), 33 (91), 1 (94), 35 (96)]";2804
LNS;40;4;13056;1.0;10;"Maquina 1: [19 (10), 7 (2), 18 (55), 4 (41), 16 (19), 39 (32), 15 (69), 1 (94), 14 (87), 27 (74)]";3376;"Maquina 2: [3 (31), 25 (25), 22 (8), 28 (16), 23 (39), 8 (85), 9 (54), 11 (74), 24 (63), 35 (96), 6 (91)]";3701;"Maquina 3: [29 (16), 13 (29), 20 (59), 34 (33), 30 (8), 26 (45), 37 (79), 33 (91), 38 (69)]";2412;"Maquina 4: [21 (56), 32 (18), 12 (27), 31 (49), 2 (74), 0 (79), 10 (39), 17 (10), 36 (94), 5 (88)]";3567
TABÚ;40;4;11600;6.0;10;"Maquina 1: [16 (19), 22 (8), 13 (29), 19 (10), 21 (56), 18 (55), 0 (79), 10 (39), 35 (96), 8 (85)]";2976;"Maquina 2: [7 (2), 12 (27), 30 (8), 39 (32), 31 (49), 6 (91), 4 (41), 26 (45), 15 (69), 1 (94), 27 (74)]";3253;"Maquina 3: [29 (16), 28 (16), 2 (74), 20 (59), 34 (33), 14 (87), 11 (74), 36 (94), 38 (69)]";2561;"Maquina 4: [3 (31), 17 (10), 25 (25), 9 (54), 32 (18), 33 (91), 23 (39), 24 (63), 37 (79), 5 (88)]";2810
VNS;40;4;12880;365.0;10;"Maquina 1: [19 (10), 7 (2), 18 (55), 4 (41), 16 (19), 39 (32), 15 (69), 1 (94), 38 (69), 27 (74)]";3272;"Maquina 2: [3 (31), 25 (25), 22 (8), 28 (16), 23 (39), 8 (85), 9 (54), 11 (74), 24 (63), 6 (91)]";2860;"Maquina 3: [29 (16), 13 (29), 20 (59), 34 (33), 30 (8), 35 (96), 26 (45), 37 (79), 33 (91), 14 (87)]";3180;"Maquina 4: [17 (10), 32 (18), 12 (27), 31 (49), 2 (74), 0 (79), 10 (39), 21 (56), 36 (94), 5 (88)]";3568
Multiarranque;40;4;12152;20.0;10;"Maquina 1: [26 (45), 17 (10), 18 (55), 0 (79), 24 (63), 15 (69), 33 (91), 9 (54), 1 (94)]";2984;"Maquina 2: [25 (25), 30 (8), 23 (39), 39 (32), 13 (29), 36 (94), 38 (69), 35 (96), 14 (87)]";2464;"Maquina 3: [4 (41), 29 (16), 12 (27), 19 (10), 10 (39), 16 (19), 28 (16), 11 (74), 7 (2), 31 (49), 8 (85), 6 (91)]";3256;"Maquina 4: [34 (33), 3 (31), 27 (74), 22 (8), 32 (18), 2 (74), 20 (59), 21 (56), 37 (79), 5 (88)]";3448
GREEDY;40;4;12217;0.0;1;"Maquina 1: [24 (3), 35 (25), 18 (22), 17 (19), 36 (43), 8 (50), 34 (89), 30 (27), 20 (67), 14 (71)]";3002;"Maquina 2: [3 (5), 2 (72), 22 (26), 1 (48), 27 (59), 6 (20), 25 (63), 38 (31), 9 (80)]";2773;"Maquina 3: [21 (21), 13 (26), 39 (73), 16 (11), 19 (37), 37 (66), 10 (71), 26 (92), 4 (56), 29 (26)]";3260;"Maquina 4: [5 (22), 7 (24), 0 (27), 32 (11), 15 (94), 12 (34), 11 (44), 31 (64), 33 (69), 28 (58), 23 (72)]";3182
GRASP;40;4;10968;19.0;10;"Maquina 1: [30 (27), 29 (26), 13 (26), 21 (21), 19 (37), 25 (63), 4 (56), 39 (73), 11 (44), 33 (69)]";2933;"Maquina 2: [35 (25), 36 (43), 5 (22), 0 (27), 10 (71), 16 (11), 31 (64), 37 (66), 1 (48), 15 (94)]";2719;"Maquina 3: [12 (34), 32 (11), 8 (50), 22 (26), 7 (24), 28 (58), 2 (72), 3 (5), 26 (92), 23 (72)]";2721;"Maquina 4: [18 (22), 24 (3), 20 (67), 38 (31), 9 (80), 6 (20), 17 (19), 14 (71), 27 (59), 34 (89)]";2595
LNS;40;4;12210;2.0;10;"Maquina 1: [24 (3), 35 (25), 18 (22), 17 (19), 36 (43), 8 (50), 34 (89), 30 (27), 20 (67), 14 (71)]";3002;"Maquina 2: [3 (5), 2 (72), 22 (26), 1 (48), 27 (59), 25 (63), 6 (20), 38 (31), 9 (80)]";2766;"Maquina 3: [21 (21), 13 (26), 39 (73), 16 (11), 19 (37), 37 (66), 10 (71), 26 (92), 4 (56), 29 (26)]";3260;"Maquina 4: [5 (22), 7 (24), 0 (27), 32 (11), 15 (94), 12 (34), 11 (44), 31 (64), 33 (69), 28 (58), 23 (72)]";3182
TABÚ;40;4;10841;8.0;10;"Maquina 1: [21 (21), 3 (5), 23 (72), 19 (37), 9 (80), 4 (56), 7 (24), 33 (69), 13 (26), 39 (73)]";3362;"Maquina 2: [22 (26), 24 (3), 28 (58), 35 (25), 5 (22), 36 (43), 38 (31), 37 (66), 1 (48), 10 (71), 15 (94)]";2824;"Maquina 3: [17 (19), 18 (22), 16 (11), 31 (64), 6 (20), 12 (34), 2 (72), 14 (71), 20 (67), 26 (92)]";2553;"Maquina 4: [0 (27), 30 (27), 32 (11), 8 (50), 29 (26), 25 (63), 34 (89), 11 (44), 27 (59)]";2102
VNS;40;4;11517;399.0;10;"Maquina 1: [24 (3), 35 (25), 18 (22), 17 (19), 36 (43), 38 (31), 8 (50), 6 (20), 30 (27), 20 (67), 14 (71)]";2880;"Maquina 2: [3 (5), 2 (72), 22 (26), 1 (48), 27 (59), 34 (89), 25 (63), 9 (80)]";2195;"Maquina 3: [21 (21), 13 (26), 39 (73), 16 (11), 19 (37), 37 (66), 10 (71), 26 (92), 4 (56), 29 (26)]";3260;"Maquina 4: [5 (22), 7 (24), 0 (27), 32 (11), 15 (94), 12 (34), 11 (44), 31 (64), 33 (69), 28 (58), 23 (72)]";3182
Multiarranque;40;4;11707;16.0;10;"Maquina 1: [18 (22), 31 (64), 2 (72), 24 (3), 38 (31), 39 (73), 0 (27), 16 (11), 34 (89)]";2517;"Maquina 2: [35 (25), 20 (67), 19 (37), 8 (50), 6 (20), 12 (34), 32 (11), 33 (69), 10 (71), 37 (66)]";2769;"Maquina 3: [30 (27), 3 (5), 5 (22), 11 (44), 28 (58), 17 (19), 7 (24), 29 (26), 25 (63), 26 (92), 15 (94)]";3441;"Maquina 4: [21 (21), 13 (26), 36 (43), 27 (59), 22 (26), 9 (80), 4 (56), 14 (71), 1 (48), 23 (72)]";2980
GREEDY;40;4;14097;0.0;1;"Maquina 1: [10 (4), 29 (17), 14 (70), 8 (44), 30 (59), 28 (30), 7 (77), 26 (91), 5 (88), 21 (97)]";3716;"Maquina 2: [17 (5), 9 (81), 2 (49), 22 (20), 13 (35), 16 (61), 3 (90), 31 (71), 37 (99), 24 (92)]";3841;"Maquina 3: [35 (8), 1 (30), 36 (83), 33 (20), 34 (37), 19 (72), 18 (97), 11 (54), 12 (90), 27 (61)]";3382;"Maquina 4: [23 (55), 0 (38), 38 (12), 39 (30), 6 (75), 32 (68), 15 (25), 20 (83), 25 (95), 4 (90)]";3158
GRASP;40;4;12589;14.0;10;"Maquina 1: [10 (4), 17 (5), 11 (54), 27 (61), 31 (71), 20 (83), 36 (83), 37 (99), 18 (97)]";2847;"Maquina 2: [39 (30), 33 (20), 38 (12), 12 (90), 13 (35), 30 (59), 26 (91), 25 (95), 32 (68), 7 (77)]";3024;"Maquina 3: [15 (25), 29 (17), 35 (8), 23 (55), 0 (38), 9 (81), 28 (30), 5 (88), 16 (61), 4 (90), 3 (90)]";3374;"Maquina 4: [1 (30), 34 (37), 22 (20), 8 (44), 2 (49), 14 (70), 19 (72), 24 (92), 6 (75), 21 (97)]";3344
LNS;40;4;14097;1.0;10;"Maquina 1: [10 (4), 29 (17), 14 (70), 8 (44), 30 (59), 28 (30), 7 (77), 26 (91), 5 (88), 21 (97)]";3716;"Maquina 2: [17 (5), 9 (81), 2 (49), 22 (20), 13 (35), 16 (61), 3 (90), 31 (71), 37 (99), 24 (92)]";3841;"Maquina 3: [35 (8), 1 (30), 36 (83), 33 (20), 34 (37), 19 (72), 18 (97), 11 (54), 12 (90), 27 (61)]";3382;"Maquina 4: [23 (55), 0 (38), 38 (12), 39 (30), 6 (75), 32 (68), 15 (25), 20 (83), 25 (95), 4 (90)]";3158
TABÚ;40;4;12592;5.0;10;"Maquina 1: [17 (5), 30 (59), 9 (81), 23 (55), 0 (38), 36 (83), 15 (25), 14 (70), 20 (83), 25 (95)]";3421;"Maquina 2: [29 (17), 35 (8), 33 (20), 22 (20), 27 (61), 39 (30), 3 (90), 6 (75), 11 (54), 31 (71), 37 (99)]";3245;"Maquina 3: [10 (4), 1 (30), 34 (37), 8 (44), 2 (49), 16 (61), 4 (90), 5 (88), 24 (92), 18 (97)]";2844;"Maquina 4: [19 (72), 38 (12), 12 (90), 13 (35), 32 (68), 28 (30), 7 (77), 26 (91), 21 (97)]";3082
VNS;40;4;13724;344.0;10;"Maquina 1: [10 (4), 29 (17), 14 (70), 15 (25), 30 (59), 28 (30), 7 (77), 4 (90), 21 (97), 5 (88), 26 (91)]";4326;"Maquina 2: [17 (5), 9 (81), 2 (49), 22 (20), 13 (35), 16 (61), 3 (90), 31 (71), 37 (99)]";2908;"Maquina 3: [35 (8), 1 (30), 36 (83), 33 (20), 34 (37), 19 (72), 18 (97), 11 (54), 12 (90), 27 (61)]";3382;"Maquina 4: [23 (55), 0 (38), 38 (12), 39 (30), 6 (75), 32 (68), 8 (44), 20 (83), 25 (95), 24 (92)]";3108
Multiarranque;40;4;13130;17.0;10;"Maquina 1: [38 (12), 39 (30), 22 (20), 6 (75), 11 (54), 7 (77), 15 (25), 14 (70), 2 (49), 26 (91)]";3066;"Maquina 2: [8 (44), 32 (68), 33 (20), 0 (38), 9 (81), 28 (30), 20 (83), 10 (4), 12 (90), 21 (97)]";3176;"Maquina 3: [35 (8), 1 (30), 23 (55), 13 (35), 30 (59), 31 (71), 5 (88), 37 (99), 18 (97), 3 (90)]";3530;"Maquina 4: [29 (17), 17 (5), 16 (61), 36 (83), 27 (61), 34 (37), 19 (72), 25 (95), 24 (92), 4 (90)]";3358
GREEDY;40;4;11756;0.0;1;"Maquina 1: [0 (3), 20 (7), 28 (19), 11 (78), 32 (28), 17 (83), 22 (46), 23 (60), 25 (80), 16 (91)]";2718;"Maquina 2: [6 (10), 35 (5), 18 (21), 29 (46), 9 (60), 27 (31), 19 (82), 21 (68), 13 (78), 34 (93), 37 (87)]";3284;"Maquina 3: [3 (6), 26 (15), 39 (82), 1 (50), 15 (20), 8 (40), 36 (61), 38 (89), 14 (79)]";2763;"Maquina 4: [10 (17), 4 (6), 24 (41), 31 (26), 12 (48), 5 (61), 2 (76), 33 (80), 30 (91), 7 (86)]";2991
GRASP;40;4;10889;14.0;10;"Maquina 1: [0 (3), 20 (7), 26 (15), 28 (19), 9 (60), 22 (46), 8 (40), 19 (82), 23 (60), 25 (80), 2 (76)]";2803;"Maquina 2: [10 (17), 35 (5), 29 (46), 13 (78), 30 (91), 31 (26), 24 (41), 36 (61), 39 (82), 11 (78)]";2987;"Maquina 3: [18 (21), 1 (50), 4 (6), 32 (28), 38 (89), 27 (31), 21 (68), 14 (79), 16 (91), 7 (86)]";2886;"Maquina 4: [6 (10), 15 (20), 37 (87), 5 (61), 3 (6), 12 (48), 34 (93), 17 (83), 33 (80)]";2213
LNS;40;4;11683;1.0;10;"Maquina 1: [0 (3), 20 (7), 28 (19), 11 (78), 32 (28), 17 (83), 22 (46), 23 (60), 25 (80), 16 (91)]";2718;"Maquina 2: [6 (10), 35 (5), 18 (21), 29 (46), 9 (60), 27 (31), 19 (82), 21 (68), 13 (78), 34 (93), 37 (87)]";3284;"Maquina 3: [3 (6), 26 (15), 39 (82), 36 (61), 15 (20), 8 (40), 1 (50), 38 (89), 14 (79)]";2690;"Maquina 4: [10 (17), 4 (6), 24 (41), 31 (26), 12 (48), 5 (61), 2 (76), 33 (80), 30 (91), 7 (86)]";2991
TABÚ;40;4;11023;5.0;10;"Maquina 1: [10 (17), 35 (5), 20 (7), 5 (61), 31 (26), 27 (31), 11 (78), 16 (91), 34 (93), 17 (83)]";2469;"Maquina 2: [28 (19), 3 (6), 24 (41), 6 (10), 36 (61), 13 (78), 30 (91), 23 (60), 19 (82), 39 (82)]";3044;"Maquina 3: [26 (15), 0 (3), 9 (60), 29 (46), 1 (50), 8 (40), 12 (48), 25 (80), 2 (76), 37 (87)]";2771;"Maquina 4: [22 (46), 4 (6), 32 (28), 18 (21), 15 (20), 21 (68), 14 (79), 7 (86), 33 (80), 38 (89)]";2739
VNS;40;4;11279;382.0;10;"Maquina 1: [0 (3), 20 (7), 28 (19), 11 (78), 32 (28), 17 (83), 22 (46), 23 (60), 25 (80), 16 (91)]";2718;"Maquina 2: [6 (10), 35 (5), 18 (21), 29 (46), 9 (60), 27 (31), 19 (82), 21 (68), 13 (78), 34 (93), 37 (87)]";3284;"Maquina 3: [3 (6), 26 (15), 39 (82), 1 (50), 4 (6), 8 (40), 36 (61), 38 (89), 14 (79)]";2318;"Maquina 4: [10 (17), 15 (20), 24 (41), 31 (26), 12 (48), 5 (61), 2 (76), 33 (80), 30 (91), 7 (86)]";2959
Multiarranque;40;4;11578;16.0;10;"Maquina 1: [20 (7), 15 (20), 10 (17), 26 (15), 9 (60), 27 (31), 31 (26), 32 (28), 25 (80), 21 (68), 30 (91)]";2912;"Maquina 2: [29 (46), 28 (19), 3 (6), 6 (10), 1 (50), 11 (78), 36 (61), 13 (78), 14 (79), 38 (89)]";2923;"Maquina 3: [22 (46), 4 (6), 0 (3), 24 (41), 12 (48), 16 (91), 34 (93), 17 (83), 33 (80), 39 (82)]";2959;"Maquina 4: [35 (5), 18 (21), 8 (40), 19 (82), 23 (60), 5 (61), 2 (76), 37 (87), 7 (86)]";2784
GREEDY;40;4;11970;1.0;1;"Maquina 1: [9 (1), 2 (7), 11 (33), 29 (53), 18 (37), 20 (28), 5 (91), 39 (79), 7 (60), 8 (68)]";3017;"Maquina 2: [4 (34), 24 (11), 35 (79), 23 (2), 25 (28), 34 (42), 0 (61), 22 (59), 6 (71), 32 (88)]";2754;"Maquina 3: [3 (20), 28 (2), 33 (74), 37 (34), 17 (30), 26 (46), 15 (63), 1 (98), 38 (59), 14 (81)]";3086;"Maquina 4: [31 (4), 27 (32), 19 (23), 21 (34), 30 (85), 36 (59), 10 (38), 16 (73), 13 (98), 12 (63)]";3113
GRASP;40;4;11134;14.0;10;"Maquina 1: [37 (34), 21 (34), 20 (28), 3 (20), 15 (63), 28 (2), 13 (98), 11 (33), 7 (60), 39 (79)]";2786;"Maquina 2: [9 (1), 26 (46), 4 (34), 33 (74), 17 (30), 0 (61), 18 (37), 22 (59), 6 (71), 30 (85)]";2908;"Maquina 3: [27 (32), 19 (23), 10 (38), 34 (42), 2 (7), 1 (98), 31 (4), 12 (63), 16 (73), 8 (68)]";2586;"Maquina 4: [24 (11), 23 (2), 29 (53), 25 (28), 35 (79), 36 (59), 14 (81), 38 (59), 32 (88), 5 (91)]";2854
LNS;40;4;11650;1.0;10;"Maquina 1: [9 (1), 2 (7), 11 (33), 7 (60), 18 (37), 20 (28), 5 (91), 29 (53), 39 (79), 8 (68)]";2882;"Maquina 2: [4 (34), 24 (11), 35 (79), 23 (2), 25 (28), 34 (42), 0 (61), 22 (59), 6 (71), 32 (88)]";2754;"Maquina 3: [3 (20), 28 (2), 33 (74), 37 (34), 17 (30), 26 (46), 15 (63), 1 (98), 38 (59), 14 (81)]";3086;"Maquina 4: [31 (4), 27 (32), 19 (23), 21 (34), 30 (85), 10 (38), 16 (73), 36 (59), 13 (98), 12 (63)]";2928
TABÚ;40;4;10726;6.0;10;"Maquina 1: [4 (34), 24 (11), 23 (2), 3 (20), 38 (59), 18 (37), 34 (42), 36 (59), 35 (79), 5 (91)]";2453;"Maquina 2: [9 (1), 2 (7), 17 (30), 33 (74), 27 (32), 29 (53), 21 (34), 32 (88), 16 (73), 1 (98)]";2737;"Maquina 3: [19 (23), 28 (2), 10 (38), 26 (46), 20 (28), 30 (85), 6 (71), 0 (61), 15 (63), 39 (79)]";2584;"Maquina 4: [37 (34), 25 (28), 11 (33), 14 (81), 22 (59), 31 (4), 8 (68), 13 (98), 12 (63), 7 (60)]";2952
VNS;40;4;11554;390.0;10;"Maquina 1: [9 (1), 2 (7), 11 (33), 29 (53), 18 (37), 20 (28), 5 (91), 39 (79), 8 (68)]";2273;"Maquina 2: [4 (34), 24 (11), 35 (79), 23 (2), 25 (28), 34 (42), 0 (61), 22 (59), 6 (71), 30 (85)]";2756;"Maquina 3: [3 (20), 28 (2), 33 (74), 37 (34), 17 (30), 26 (46), 15 (63), 7 (60), 1 (98), 38 (59), 14 (81)]";3761;"Maquina 4: [31 (4), 27 (32), 19 (23), 21 (34), 32 (88), 36 (59), 10 (38), 16 (73), 13 (98), 12 (63)]";2764
Multiarranque;40;4;11175;29.0;10;"Maquina 1: [9 (1), 23 (2), 20 (28), 4 (34), 33 (74), 21 (34), 8 (68), 22 (59), 38 (59), 1 (98)]";2615;"Maquina 2: [28 (2), 11 (33), 17 (30), 0 (61), 34 (42), 7 (60), 24 (11), 16 (73), 32 (88), 5 (91)]";3046;"Maquina 3: [3 (20), 2 (7), 26 (46), 12 (63), 29 (53), 25 (28), 35 (79), 18 (37), 39 (79), 30 (85)]";2793;"Maquina 4: [37 (34), 31 (4), 27 (32), 19 (23), 10 (38), 15 (63), 6 (71), 36 (59), 14 (81), 13 (98)]";2721
GREEDY;40;4;13101;0.0;1;"Maquina 1: [12 (16), 1 (2), 18 (68), 3 (29), 34 (34), 11 (91), 13 (57), 19 (52), 17 (83), 14 (77)]";2990;"Maquina 2: [21 (18), 8 (44), 25 (2), 26 (32), 10 (53), 16 (68), 32 (57), 31 (78), 24 (83), 23 (91)]";3269;"Maquina 3: [35 (53), 29 (32), 5 (11), 33 (89), 30 (71), 4 (23), 39 (57), 7 (99), 38 (50), 9 (83)]";3489;"Maquina 4: [27 (15), 28 (25), 0 (61), 15 (53), 22 (29), 37 (84), 2 (50), 36 (68), 6 (81), 20 (92)]";3353
GRASP;40;4;11545;22.0;10;"Maquina 1: [21 (18), 5 (11), 31 (78), 13 (57), 0 (61), 4 (23), 37 (84), 33 (89), 30 (71)]";2494;"Maquina 2: [32 (57), 1 (2), 25 (2), 35 (53), 3 (29), 9 (83), 36 (68), 16 (68), 20 (92), 18 (68), 11 (91)]";3403;"Maquina 3: [26 (32), 19 (52), 34 (34), 22 (29), 12 (16), 8 (44), 2 (50), 15 (53), 6 (81), 23 (91)]";2706;"Maquina 4: [27 (15), 28 (25), 29 (32), 39 (57), 10 (53), 38 (50), 17 (83), 14 (77), 24 (83), 7 (99)]";2942
LNS;40;4;13041;1.0;10;"Maquina 1: [12 (16), 1 (2), 18 (68), 3 (29), 34 (34), 11 (91), 13 (57), 19 (52), 17 (83), 14 (77)]";2990;"Maquina 2: [25 (2), 8 (44), 21 (18), 26 (32), 10 (53), 16 (68), 32 (57), 31 (78), 24 (83), 23 (91)]";3209;"Maquina 3: [35 (53), 29 (32), 5 (11), 33 (89), 30 (71), 4 (23), 39 (57), 7 (99), 38 (50), 9 (83)]";3489;"Maquina 4: [27 (15), 28 (25), 0 (61), 15 (53), 22 (29), 37 (84), 2 (50), 36 (68), 6 (81), 20 (92)]";3353
TABÚ;40;4;11963;17.0;10;"Maquina 1: [5 (11), 33 (89), 19 (52), 38 (50), 0 (61), 15 (53), 10 (53), 16 (68), 30 (71), 24 (83)]";3450;"Maquina 2: [1 (2), 25 (2), 12 (16), 3 (29), 6 (81), 21 (18), 13 (57), 11 (91), 36 (68), 23 (91), 14 (77)]";2668;"Maquina 3: [27 (15), 28 (25), 34 (34), 22 (29), 37 (84), 7 (99), 35 (53), 9 (83), 39 (57), 17 (83)]";3177;"Maquina 4: [8 (44), 26 (32), 18 (68), 29 (32), 2 (50), 31 (78), 4 (23), 20 (92), 32 (57)]";2668
VNS;40;4;12794;371.0;10;"Maquina 1: [21 (18), 1 (2), 18 (68), 3 (29), 34 (34), 11 (91), 13 (57), 19 (52), 17 (83), 14 (77)]";3217;"Maquina 2: [12 (16), 8 (44), 25 (2), 26 (32), 10 (53), 16 (68), 32 (57), 9 (83), 24 (83), 23 (91)]";2767;"Maquina 3: [35 (53), 29 (32), 5 (11), 33 (89), 30 (71), 4 (23), 39 (57), 7 (99), 38 (50), 31 (78)]";3464;"Maquina 4: [27 (15), 28 (25), 0 (61), 15 (53), 22 (29), 37 (84), 2 (50), 20 (92), 6 (81), 36 (68)]";3346
Multiarranque;40;4;12065;16.0;10;"Maquina 1: [29 (32), 21 (18), 5 (11), 3 (29), 31 (78), 4 (23), 38 (50), 16 (68), 7 (99), 32 (57), 14 (77)]";3283;"Maquina 2: [10 (53), 39 (57), 17 (83), 2 (50), 13 (57), 6 (81), 37 (84), 33 (89)]";2807;"Maquina 3: [27 (15), 28 (25), 34 (34), 26 (32), 19 (52), 0 (61), 15 (53), 24 (83), 22 (29), 8 (44), 23 (91)]";3331;"Maquina 4: [25 (2), 12 (16), 1 (2), 18 (68), 36 (68), 35 (53), 9 (83), 20 (92), 11 (91), 30 (71)]";2644
GREEDY;40;4;12877;0.0;1;"Maquina 1: [26 (3), 39 (10), 1 (58), 17 (42), 28 (40), 16 (71), 10 (23), 29 (70), 36 (80), 15 (91)]";2923;"Maquina 2: [31 (24), 8 (5), 13 (41), 20 (12), 7 (34), 12 (75), 34 (63), 14 (84), 27 (99), 30 (49), 11 (90)]";3727;"Maquina 3: [21 (23), 25 (12), 22 (5), 35 (58), 18 (43), 24 (89), 5 (71), 38 (79), 2 (37), 3 (99)]";3178;"Maquina 4: [4 (32), 9 (17), 33 (54), 6 (7), 37 (40), 32 (98), 23 (68), 19 (76), 0 (85)]";3049
GRASP;40;4;11146;17.0;10;"Maquina 1: [39 (10), 20 (12), 25 (12), 30 (49), 35 (58), 18 (43), 33 (54), 11 (90), 0 (85), 15 (91)]";2700;"Maquina 2: [31 (24), 22 (5), 4 (32), 16 (71), 2 (37), 21 (23), 3 (99), 14 (84), 27 (99)]";2451;"Maquina 3: [6 (7), 17 (42), 28 (40), 1 (58), 13 (41), 10 (23), 29 (70), 5 (71), 32 (98), 36 (80)]";2959;"Maquina 4: [8 (5), 26 (3), 34 (63), 9 (17), 7 (34), 37 (40), 12 (75), 23 (68), 19 (76), 38 (79), 24 (89)]";3036
LNS;40;4;12877;1.0;10;"Maquina 1: [26 (3), 39 (10), 1 (58), 17 (42), 28 (40), 16 (71), 10 (23), 29 (70), 36 (80), 15 (91)]";2923;"Maquina 2: [31 (24), 8 (5), 13 (41), 20 (12), 7 (34), 12 (75), 34 (63), 14 (84), 27 (99), 30 (49), 11 (90)]";3727;"Maquina 3: [21 (23), 25 (12), 22 (5), 35 (58), 18 (43), 24 (89), 5 (71), 38 (79), 2 (37), 3 (99)]";3178;"Maquina 4: [4 (32), 9 (17), 33 (54), 6 (7), 37 (40), 32 (98), 23 (68), 19 (76), 0 (85)]";3049
TABÚ;40;4;12132;8.0;10;"Maquina 1: [22 (5), 1 (58), 39 (10), 18 (43), 7 (34), 4 (32), 9 (17), 32 (98), 14 (84), 5 (71)]";2652;"Maquina 2: [33 (54), 25 (12), 6 (7), 17 (42), 37 (40), 12 (75), 19 (76), 34 (63), 38 (79), 11 (90)]";3097;"Maquina 3: [8 (5), 26 (3), 16 (71), 2 (37), 28 (40), 21 (23), 27 (99), 29 (70), 0 (85), 15 (91), 36 (80)]";3585;"Maquina 4: [20 (12), 13 (41), 10 (23), 30 (49), 35 (58), 24 (89), 31 (24), 23 (68), 3 (99)]";2798
VNS;40;4;12315;390.0;10;"Maquina 1: [26 (3), 39 (10), 1 (58), 17 (42), 28 (40), 16 (71), 10 (23), 29 (70), 36 (80), 15 (91)]";2923;"Maquina 2: [31 (24), 8 (5), 13 (41), 20 (12), 7 (34), 12 (75), 34 (63), 14 (84), 27 (99), 30 (49), 11 (90)]";3727;"Maquina 3: [21 (23), 25 (12), 22 (5), 6 (7), 18 (43), 24 (89), 5 (71), 38 (79), 2 (37), 3 (99)]";2545;"Maquina 4: [4 (32), 9 (17), 33 (54), 35 (58), 37 (40), 32 (98), 23 (68), 19 (76), 0 (85)]";3120
Multiarranque;40;4;12028;16.0;10;"Maquina 1: [4 (32), 25 (12), 30 (49), 19 (76), 28 (40), 29 (70), 5 (71), 38 (79), 0 (85)]";2606;"Maquina 2: [39 (10), 13 (41), 21 (23), 9 (17), 2 (37), 1 (58), 37 (40), 3 (99), 32 (98), 24 (89)]";3270;"Maquina 3: [33 (54), 7 (34), 18 (43), 31 (24), 23 (68), 17 (42), 15 (91), 11 (90), 36 (80)]";2933;"Maquina 4: [22 (5), 6 (7), 26 (3), 8 (5), 35 (58), 20 (12), 10 (23), 34 (63), 16 (71), 12 (75), 14 (84), 27 (99)]";3219
