GREEDY;60;2;33203;1.0;1;"Maquina 1: [57 (4), 24 (4), 33 (6), 46 (31), 32 (10), 18 (8), 48 (19), 56 (13), 40 (34), 45 (6), 13 (13), 49 (33), 15 (30), 8 (24), 34 (52), 21 (41), 47 (73), 31 (36), 23 (45), 17 (42), 59 (58), 54 (54), 53 (59), 11 (63), 41 (64), 37 (84), 30 (76), 51 (87), 39 (96), 20 (89)]";16073;"Maquina 2: [22 (5), 35 (6), 52 (24), 16 (18), 50 (11), 26 (9), 55 (4), 27 (33), 4 (8), 43 (13), 42 (56), 1 (43), 9 (34), 29 (22), 2 (42), 28 (35), 44 (31), 58 (39), 12 (54), 7 (63), 3 (71), 14 (51), 25 (74), 19 (64), 10 (79), 0 (86), 5 (98), 36 (59), 6 (89), 38 (89)]";17130
GRASP;60;2;31939;39.0;10;"Maquina 1: [43 (13), 48 (19), 33 (6), 4 (8), 50 (11), 40 (34), 45 (6), 1 (43), 24 (4), 56 (13), 16 (18), 54 (54), 44 (31), 58 (39), 8 (24), 21 (41), 23 (45), 18 (8), 17 (42), 14 (51), 53 (59), 7 (63), 11 (63), 41 (64), 25 (74), 30 (76), 10 (79), 0 (86), 6 (89), 5 (98)]";15902;"Maquina 2: [22 (5), 35 (6), 52 (24), 57 (4), 55 (4), 27 (33), 13 (13), 32 (10), 26 (9), 9 (34), 28 (35), 15 (30), 29 (22), 49 (33), 31 (36), 42 (56), 2 (42), 46 (31), 12 (54), 34 (52), 19 (64), 47 (73), 38 (89), 3 (71), 51 (87), 59 (58), 20 (89), 36 (59), 37 (84), 39 (96)]";16037
LNS;60;2;33203;6.0;10;"Maquina 1: [57 (4), 24 (4), 33 (6), 46 (31), 32 (10), 18 (8), 48 (19), 56 (13), 40 (34), 45 (6), 13 (13), 49 (33), 15 (30), 8 (24), 34 (52), 21 (41), 47 (73), 31 (36), 23 (45), 17 (42), 59 (58), 54 (54), 53 (59), 11 (63), 41 (64), 37 (84), 30 (76), 51 (87), 39 (96), 20 (89)]";16073;"Maquina 2: [22 (5), 35 (6), 52 (24), 16 (18), 50 (11), 26 (9), 55 (4), 27 (33), 4 (8), 43 (13), 42 (56), 1 (43), 9 (34), 29 (22), 2 (42), 28 (35), 44 (31), 58 (39), 12 (54), 7 (63), 3 (71), 14 (51), 25 (74), 19 (64), 10 (79), 0 (86), 5 (98), 36 (59), 6 (89), 38 (89)]";17130
TABÚ;60;2;32873;16.0;10;"Maquina 1: [57 (4), 31 (36), 55 (4), 23 (45), 33 (6), 26 (9), 52 (24), 21 (41), 40 (34), 45 (6), 18 (8), 16 (18), 48 (19), 58 (39), 14 (51), 15 (30), 44 (31), 1 (43), 34 (52), 11 (63), 41 (64), 59 (58), 54 (54), 25 (74), 47 (73), 6 (89), 10 (79), 20 (89), 37 (84), 39 (96)]";17607;"Maquina 2: [29 (22), 50 (11), 24 (4), 35 (6), 56 (13), 43 (13), 8 (24), 22 (5), 13 (13), 32 (10), 27 (33), 4 (8), 49 (33), 46 (31), 9 (34), 28 (35), 2 (42), 12 (54), 17 (42), 42 (56), 36 (59), 53 (59), 7 (63), 38 (89), 3 (71), 19 (64), 30 (76), 51 (87), 0 (86), 5 (98)]";15266
VNS;60;2;33093;918.0;10;"Maquina 1: [57 (4), 24 (4), 33 (6), 46 (31), 32 (10), 18 (8), 48 (19), 56 (13), 40 (34), 45 (6), 13 (13), 49 (33), 15 (30), 8 (24), 34 (52), 21 (41), 47 (73), 31 (36), 16 (18), 17 (42), 59 (58), 54 (54), 53 (59), 11 (63), 41 (64), 37 (84), 30 (76), 51 (87), 39 (96), 20 (89)]";15749;"Maquina 2: [22 (5), 35 (6), 52 (24), 23 (45), 50 (11), 26 (9), 55 (4), 27 (33), 4 (8), 43 (13), 42 (56), 1 (43), 9 (34), 29 (22), 2 (42), 28 (35), 44 (31), 58 (39), 12 (54), 7 (63), 3 (71), 14 (51), 25 (74), 19 (64), 10 (79), 0 (86), 5 (98), 36 (59), 6 (89), 38 (89)]";17344
Multiarranque;60;2;32210;62.0;10;"Maquina 1: [45 (6), 55 (4), 24 (4), 43 (13), 18 (8), 48 (19), 33 (6), 4 (8), 32 (10), 17 (42), 31 (36), 23 (45), 28 (35), 15 (30), 29 (22), 59 (58), 58 (39), 8 (24), 40 (34), 42 (56), 44 (31), 1 (43), 36 (59), 11 (63), 51 (87), 39 (96), 25 (74), 47 (73), 38 (89), 37 (84), 5 (98)]";16458;"Maquina 2: [22 (5), 35 (6), 52 (24), 57 (4), 27 (33), 56 (13), 16 (18), 13 (13), 26 (9), 9 (34), 49 (33), 50 (11), 46 (31), 34 (52), 2 (42), 12 (54), 54 (54), 21 (41), 14 (51), 53 (59), 7 (63), 30 (76), 41 (64), 3 (71), 19 (64), 6 (89), 10 (79), 20 (89), 0 (86)]";15752
GREEDY;60;2;39849;1.0;1;"Maquina 1: [36 (7), 27 (19), 4 (17), 39 (19), 16 (30), 25 (40), 43 (11), 17 (27), 42 (42), 21 (48), 23 (33), 34 (26), 5 (27), 54 (32), 58 (45), 30 (44), 32 (35), 18 (52), 14 (56), 50 (64), 12 (68), 52 (49), 41 (57), 13 (71), 29 (75), 6 (80), 0 (73), 20 (93), 9 (95), 11 (99), 55 (88)]";20107;"Maquina 2: [49 (14), 53 (24), 26 (15), 40 (48), 24 (8), 8 (18), 57 (34), 31 (44), 46 (26), 15 (36), 7 (27), 45 (31), 38 (27), 28 (46), 1 (51), 48 (42), 3 (41), 35 (57), 22 (53), 2 (62), 47 (72), 59 (64), 37 (68), 51 (73), 56 (77), 10 (94), 33 (95), 19 (93), 44 (87)]";19742
GRASP;60;2;40047;37.0;10;"Maquina 1: [27 (19), 4 (17), 49 (14), 7 (27), 24 (8), 56 (77), 8 (18), 5 (27), 40 (48), 42 (42), 39 (19), 16 (30), 48 (42), 15 (36), 54 (32), 31 (44), 21 (48), 14 (56), 1 (51), 52 (49), 51 (73), 59 (64), 37 (68), 35 (57), 12 (68), 29 (75), 20 (93), 10 (94), 6 (80), 44 (87)]";19927;"Maquina 2: [57 (34), 26 (15), 38 (27), 43 (11), 46 (26), 53 (24), 34 (26), 36 (7), 28 (46), 23 (33), 25 (40), 32 (35), 45 (31), 3 (41), 58 (45), 30 (44), 17 (27), 22 (53), 18 (52), 2 (62), 47 (72), 50 (64), 19 (93), 41 (57), 13 (71), 0 (73), 33 (95), 55 (88), 11 (99), 9 (95)]";20120
LNS;60;2;39788;6.0;10;"Maquina 1: [36 (7), 27 (19), 4 (17), 39 (19), 16 (30), 25 (40), 43 (11), 17 (27), 42 (42), 21 (48), 23 (33), 34 (26), 5 (27), 54 (32), 58 (45), 30 (44), 32 (35), 18 (52), 14 (56), 50 (64), 12 (68), 52 (49), 41 (57), 13 (71), 29 (75), 6 (80), 0 (73), 20 (93), 9 (95), 11 (99), 55 (88)]";20107;"Maquina 2: [49 (14), 53 (24), 26 (15), 40 (48), 24 (8), 8 (18), 57 (34), 31 (44), 46 (26), 15 (36), 7 (27), 45 (31), 38 (27), 28 (46), 1 (51), 48 (42), 3 (41), 35 (57), 22 (53), 2 (62), 51 (73), 59 (64), 37 (68), 47 (72), 56 (77), 10 (94), 33 (95), 19 (93), 44 (87)]";19681
TABÚ;60;2;40198;14.0;10;"Maquina 1: [43 (11), 49 (14), 53 (24), 40 (48), 5 (27), 54 (32), 31 (44), 21 (48), 15 (36), 4 (17), 7 (27), 45 (31), 38 (27), 32 (35), 58 (45), 25 (40), 1 (51), 2 (62), 22 (53), 30 (44), 35 (57), 20 (93), 37 (68), 50 (64), 29 (75), 6 (80), 13 (71), 55 (88), 19 (93), 44 (87)]";20400;"Maquina 2: [36 (7), 39 (19), 24 (8), 8 (18), 27 (19), 46 (26), 17 (27), 42 (42), 23 (33), 34 (26), 57 (34), 26 (15), 16 (30), 48 (42), 14 (56), 3 (41), 52 (49), 41 (57), 18 (52), 28 (46), 51 (73), 59 (64), 9 (95), 12 (68), 56 (77), 10 (94), 33 (95), 0 (73), 47 (72), 11 (99)]";19798
VNS;60;2;39648;786.0;10;"Maquina 1: [36 (7), 27 (19), 4 (17), 39 (19), 16 (30), 25 (40), 43 (11), 17 (27), 42 (42), 21 (48), 23 (33), 34 (26), 15 (36), 54 (32), 58 (45), 30 (44), 32 (35), 18 (52), 14 (56), 50 (64), 12 (68), 52 (49), 41 (57), 13 (71), 29 (75), 6 (80), 0 (73), 20 (93), 9 (95), 11 (99), 55 (88)]";20497;"Maquina 2: [49 (14), 53 (24), 26 (15), 40 (48), 24 (8), 8 (18), 57 (34), 31 (44), 46 (26), 5 (27), 7 (27), 45 (31), 38 (27), 28 (46), 1 (51), 48 (42), 3 (41), 35 (57), 22 (53), 2 (62), 47 (72), 59 (64), 37 (68), 51 (73), 56 (77), 10 (94), 33 (95), 19 (93), 44 (87)]";19151
Multiarranque;60;2;38785;55.0;10;"Maquina 1: [8 (18), 57 (34), 36 (7), 39 (19), 24 (8), 16 (30), 26 (15), 23 (33), 43 (11), 46 (26), 32 (35), 18 (52), 14 (56), 17 (27), 42 (42), 59 (64), 7 (27), 2 (62), 28 (46), 12 (68), 30 (44), 21 (48), 35 (57), 0 (73), 47 (72), 56 (77), 29 (75), 20 (93), 37 (68), 55 (88), 33 (95)]";19886;"Maquina 2: [27 (19), 4 (17), 49 (14), 53 (24), 34 (26), 3 (41), 5 (27), 38 (27), 54 (32), 31 (44), 15 (36), 52 (49), 45 (31), 1 (51), 40 (48), 25 (40), 48 (42), 58 (45), 41 (57), 6 (80), 50 (64), 44 (87), 13 (71), 51 (73), 22 (53), 11 (99), 9 (95), 19 (93), 10 (94)]";18899
GREEDY;60;2;47729;1.0;1;"Maquina 1: [42 (25), 32 (3), 28 (9), 57 (16), 49 (23), 30 (14), 4 (20), 14 (25), 23 (27), 40 (36), 9 (29), 7 (64), 58 (38), 56 (82), 6 (46), 36 (43), 18 (57), 41 (52), 54 (76), 3 (48), 31 (55), 47 (57), 37 (66), 52 (75), 29 (78), 2 (71), 34 (74), 59 (84), 22 (79), 5 (97), 26 (97)]";24888;"Maquina 2: [45 (25), 10 (19), 44 (47), 0 (42), 51 (10), 12 (8), 19 (28), 53 (37), 33 (55), 35 (25), 25 (76), 1 (54), 48 (14), 16 (23), 17 (59), 8 (79), 13 (36), 39 (44), 21 (49), 38 (75), 46 (65), 50 (90), 27 (57), 55 (69), 11 (71), 24 (78), 15 (83), 43 (82), 20 (97)]";22841
GRASP;60;2;47690;37.0;10;"Maquina 1: [28 (9), 57 (16), 10 (19), 36 (43), 19 (28), 14 (25), 9 (29), 47 (57), 48 (14), 23 (27), 40 (36), 4 (20), 3 (48), 44 (47), 27 (57), 46 (65), 1 (54), 56 (82), 7 (64), 58 (38), 37 (66), 39 (44), 54 (76), 29 (78), 25 (76), 8 (79), 50 (90), 5 (97), 15 (83), 59 (84)]";23425;"Maquina 2: [49 (23), 30 (14), 51 (10), 12 (8), 41 (52), 45 (25), 0 (42), 42 (25), 32 (3), 38 (75), 21 (49), 6 (46), 16 (23), 17 (59), 35 (25), 24 (78), 31 (55), 13 (36), 2 (71), 33 (55), 18 (57), 43 (82), 52 (75), 53 (37), 55 (69), 34 (74), 22 (79), 11 (71), 20 (97), 26 (97)]";24265
LNS;60;2;47296;5.0;10;"Maquina 1: [42 (25), 32 (3), 28 (9), 41 (52), 49 (23), 30 (14), 4 (20), 14 (25), 23 (27), 40 (36), 9 (29), 7 (64), 58 (38), 56 (82), 36 (43), 6 (46), 18 (57), 57 (16), 54 (76), 3 (48), 31 (55), 47 (57), 37 (66), 52 (75), 29 (78), 2 (71), 34 (74), 59 (84), 22 (79), 5 (97), 26 (97)]";24455;"Maquina 2: [45 (25), 10 (19), 44 (47), 0 (42), 51 (10), 12 (8), 19 (28), 53 (37), 33 (55), 35 (25), 25 (76), 1 (54), 48 (14), 16 (23), 17 (59), 8 (79), 13 (36), 39 (44), 21 (49), 38 (75), 46 (65), 50 (90), 27 (57), 55 (69), 11 (71), 24 (78), 15 (83), 43 (82), 20 (97)]";22841
TABÚ;60;2;47741;19.0;10;"Maquina 1: [32 (3), 48 (14), 58 (38), 57 (16), 51 (10), 49 (23), 30 (14), 4 (20), 35 (25), 14 (25), 31 (55), 9 (29), 59 (84), 44 (47), 53 (37), 47 (57), 39 (44), 21 (49), 56 (82), 25 (76), 1 (54), 34 (74), 22 (79), 11 (71), 24 (78), 15 (83), 46 (65), 17 (59), 8 (79), 5 (97), 20 (97)]";23932;"Maquina 2: [23 (27), 40 (36), 12 (8), 19 (28), 33 (55), 42 (25), 28 (9), 41 (52), 10 (19), 36 (43), 0 (42), 6 (46), 27 (57), 18 (57), 38 (75), 3 (48), 45 (25), 13 (36), 54 (76), 16 (23), 50 (90), 37 (66), 55 (69), 43 (82), 7 (64), 2 (71), 52 (75), 29 (78), 26 (97)]";23809
VNS;60;2;47370;902.0;10;"Maquina 1: [42 (25), 32 (3), 28 (9), 57 (16), 49 (23), 30 (14), 4 (20), 14 (25), 23 (27), 40 (36), 9 (29), 7 (64), 58 (38), 56 (82), 6 (46), 36 (43), 18 (57), 41 (52), 54 (76), 3 (48), 31 (55), 47 (57), 37 (66), 55 (69), 29 (78), 2 (71), 34 (74), 59 (84), 22 (79), 5 (97), 26 (97)]";24434;"Maquina 2: [45 (25), 10 (19), 44 (47), 0 (42), 51 (10), 12 (8), 19 (28), 53 (37), 33 (55), 35 (25), 25 (76), 1 (54), 48 (14), 16 (23), 17 (59), 8 (79), 13 (36), 39 (44), 21 (49), 38 (75), 46 (65), 50 (90), 27 (57), 52 (75), 11 (71), 24 (78), 15 (83), 43 (82), 20 (97)]";22936
Multiarranque;60;2;48056;57.0;10;"Maquina 1: [16 (23), 45 (25), 51 (10), 12 (8), 19 (28), 44 (47), 9 (29), 47 (57), 32 (3), 1 (54), 28 (9), 0 (42), 6 (46), 10 (19), 7 (64), 11 (71), 27 (57), 34 (74), 40 (36), 56 (82), 17 (59), 21 (49), 39 (44), 22 (79), 52 (75), 38 (75), 26 (97), 24 (78), 15 (83), 43 (82), 20 (97)]";25105;"Maquina 2: [42 (25), 49 (23), 57 (16), 35 (25), 30 (14), 13 (36), 53 (37), 55 (69), 48 (14), 23 (27), 46 (65), 4 (20), 14 (25), 31 (55), 36 (43), 18 (57), 41 (52), 54 (76), 3 (48), 25 (76), 33 (55), 37 (66), 2 (71), 58 (38), 59 (84), 50 (90), 29 (78), 8 (79), 5 (97)]";22951
GREEDY;60;2;48278;1.0;1;"Maquina 1: [16 (41), 9 (14), 8 (62), 31 (1), 52 (49), 18 (18), 49 (21), 47 (29), 57 (29), 46 (33), 20 (5), 48 (28), 43 (42), 21 (43), 32 (86), 50 (57), 11 (57), 33 (78), 54 (23), 53 (64), 42 (46), 4 (64), 5 (74), 28 (66), 19 (85), 24 (81), 51 (74), 23 (88), 14 (93)]";23337;"Maquina 2: [0 (20), 2 (18), 25 (3), 3 (31), 17 (43), 41 (10), 12 (45), 38 (14), 45 (48), 37 (5), 22 (16), 27 (76), 59 (23), 10 (27), 6 (70), 40 (64), 58 (35), 15 (74), 26 (29), 36 (58), 7 (52), 55 (65), 13 (57), 39 (62), 35 (41), 1 (83), 29 (86), 34 (94), 30 (80), 44 (87), 56 (89)]";24941
GRASP;60;2;47381;45.0;10;"Maquina 1: [2 (18), 25 (3), 10 (27), 31 (1), 18 (18), 49 (21), 47 (29), 16 (41), 39 (62), 26 (29), 14 (93), 35 (41), 9 (14), 43 (42), 54 (23), 15 (74), 8 (62), 46 (33), 50 (57), 4 (64), 53 (64), 42 (46), 34 (94), 32 (86), 23 (88), 11 (57), 19 (85), 29 (86), 40 (64), 56 (89)]";23501;"Maquina 2: [59 (23), 0 (20), 37 (5), 41 (10), 38 (14), 57 (29), 12 (45), 20 (5), 45 (48), 55 (65), 52 (49), 22 (16), 17 (43), 58 (35), 3 (31), 13 (57), 48 (28), 7 (52), 21 (43), 36 (58), 24 (81), 6 (70), 28 (66), 1 (83), 5 (74), 27 (76), 44 (87), 33 (78), 51 (74), 30 (80)]";23880
LNS;60;2;47813;7.0;10;"Maquina 1: [16 (41), 9 (14), 8 (62), 31 (1), 52 (49), 18 (18), 49 (21), 47 (29), 57 (29), 46 (33), 20 (5), 48 (28), 43 (42), 21 (43), 32 (86), 23 (88), 11 (57), 33 (78), 54 (23), 53 (64), 50 (57), 4 (64), 5 (74), 28 (66), 19 (85), 24 (81), 51 (74), 42 (46), 14 (93)]";22872;"Maquina 2: [0 (20), 2 (18), 25 (3), 3 (31), 17 (43), 41 (10), 12 (45), 38 (14), 45 (48), 37 (5), 22 (16), 27 (76), 59 (23), 10 (27), 6 (70), 40 (64), 58 (35), 15 (74), 26 (29), 36 (58), 7 (52), 55 (65), 13 (57), 39 (62), 35 (41), 1 (83), 29 (86), 34 (94), 30 (80), 44 (87), 56 (89)]";24941
TABÚ;60;2;48995;15.0;10;"Maquina 1: [41 (10), 31 (1), 18 (18), 8 (62), 38 (14), 2 (18), 47 (29), 57 (29), 30 (80), 17 (43), 6 (70), 12 (45), 42 (46), 13 (57), 58 (35), 15 (74), 49 (21), 59 (23), 51 (74), 48 (28), 29 (86), 7 (52), 21 (43), 4 (64), 55 (65), 34 (94), 23 (88), 1 (83), 56 (89)]";23372;"Maquina 2: [25 (3), 10 (27), 46 (33), 20 (5), 45 (48), 37 (5), 22 (16), 28 (66), 0 (20), 9 (14), 43 (42), 52 (49), 26 (29), 40 (64), 11 (57), 16 (41), 50 (57), 39 (62), 36 (58), 32 (86), 53 (64), 54 (23), 5 (74), 27 (76), 3 (31), 44 (87), 33 (78), 19 (85), 24 (81), 14 (93), 35 (41)]";25623
VNS;60;2;47973;770.0;10;"Maquina 1: [16 (41), 9 (14), 8 (62), 31 (1), 52 (49), 18 (18), 49 (21), 47 (29), 57 (29), 10 (27), 20 (5), 48 (28), 43 (42), 21 (43), 32 (86), 50 (57), 11 (57), 33 (78), 54 (23), 53 (64), 42 (46), 4 (64), 5 (74), 28 (66), 19 (85), 24 (81), 51 (74), 23 (88), 14 (93)]";23143;"Maquina 2: [0 (20), 2 (18), 25 (3), 3 (31), 17 (43), 41 (10), 12 (45), 38 (14), 45 (48), 37 (5), 22 (16), 27 (76), 59 (23), 46 (33), 6 (70), 40 (64), 58 (35), 15 (74), 26 (29), 36 (58), 7 (52), 55 (65), 13 (57), 39 (62), 35 (41), 1 (83), 29 (86), 34 (94), 30 (80), 44 (87), 56 (89)]";24830
Multiarranque;60;2;46018;70.0;10;"Maquina 1: [3 (31), 17 (43), 48 (28), 0 (20), 9 (14), 40 (64), 7 (52), 15 (74), 49 (21), 35 (41), 10 (27), 31 (1), 47 (29), 16 (41), 55 (65), 53 (64), 21 (43), 26 (29), 11 (57), 8 (62), 33 (78), 19 (85), 24 (81), 6 (70), 51 (74), 5 (74), 44 (87), 14 (93), 56 (89)]";23248;"Maquina 2: [12 (45), 18 (18), 2 (18), 25 (3), 41 (10), 43 (42), 38 (14), 20 (5), 45 (48), 4 (64), 54 (23), 37 (5), 28 (66), 52 (49), 22 (16), 46 (33), 29 (86), 57 (29), 39 (62), 50 (57), 27 (76), 59 (23), 32 (86), 36 (58), 58 (35), 34 (94), 13 (57), 30 (80), 23 (88), 1 (83), 42 (46)]";22770
GREEDY;60;2;54953;0.0;1;"Maquina 1: [30 (21), 9 (6), 50 (16), 35 (33), 8 (44), 18 (20), 55 (52), 3 (48), 34 (30), 42 (56), 40 (9), 51 (38), 7 (76), 20 (50), 25 (61), 37 (54), 14 (53), 13 (67), 52 (66), 28 (64), 36 (63), 57 (70), 27 (78), 4 (90), 45 (68), 2 (93), 1 (87), 22 (64), 29 (81), 41 (91)]";27117;"Maquina 2: [10 (13), 15 (22), 32 (15), 31 (22), 49 (32), 12 (38), 56 (7), 44 (45), 38 (43), 39 (17), 48 (51), 58 (52), 54 (53), 16 (56), 21 (75), 17 (57), 6 (50), 43 (69), 46 (75), 59 (63), 26 (90), 23 (64), 24 (88), 53 (64), 19 (79), 11 (67), 47 (61), 33 (98), 0 (92), 5 (82)]";27836
GRASP;60;2;52000;41.0;10;"Maquina 1: [30 (21), 10 (13), 56 (7), 44 (45), 34 (30), 40 (9), 51 (38), 22 (64), 15 (22), 18 (20), 37 (54), 25 (61), 6 (50), 58 (52), 54 (53), 16 (56), 21 (75), 36 (63), 3 (48), 52 (66), 23 (64), 11 (67), 24 (88), 13 (67), 5 (82), 0 (92), 27 (78), 4 (90), 2 (93), 1 (87)]";26709;"Maquina 2: [50 (16), 32 (15), 38 (43), 48 (51), 9 (6), 35 (33), 31 (22), 8 (44), 39 (17), 49 (32), 55 (52), 20 (50), 28 (64), 12 (38), 17 (57), 14 (53), 45 (68), 47 (61), 53 (64), 42 (56), 59 (63), 33 (98), 7 (76), 41 (91), 29 (81), 57 (70), 46 (75), 19 (79), 43 (69), 26 (90)]";25291
LNS;60;2;53947;7.0;10;"Maquina 1: [30 (21), 9 (6), 50 (16), 35 (33), 8 (44), 18 (20), 55 (52), 37 (54), 34 (30), 42 (56), 40 (9), 51 (38), 7 (76), 20 (50), 25 (61), 3 (48), 14 (53), 13 (67), 52 (66), 28 (64), 36 (63), 57 (70), 27 (78), 4 (90), 45 (68), 2 (93), 1 (87), 22 (64), 29 (81), 41 (91)]";26111;"Maquina 2: [10 (13), 15 (22), 32 (15), 31 (22), 49 (32), 12 (38), 56 (7), 44 (45), 38 (43), 39 (17), 48 (51), 58 (52), 54 (53), 16 (56), 21 (75), 17 (57), 6 (50), 43 (69), 46 (75), 59 (63), 26 (90), 23 (64), 24 (88), 53 (64), 19 (79), 11 (67), 47 (61), 33 (98), 0 (92), 5 (82)]";27836
TABÚ;60;2;53623;21.0;10;"Maquina 1: [37 (54), 34 (30), 39 (17), 52 (66), 40 (9), 36 (63), 18 (20), 58 (52), 49 (32), 12 (38), 38 (43), 8 (44), 25 (61), 35 (33), 14 (53), 16 (56), 3 (48), 46 (75), 17 (57), 45 (68), 19 (79), 43 (69), 20 (50), 28 (64), 29 (81), 4 (90), 5 (82), 7 (76), 2 (93)]";26208;"Maquina 2: [30 (21), 10 (13), 13 (67), 15 (22), 44 (45), 32 (15), 31 (22), 9 (6), 23 (64), 6 (50), 50 (16), 48 (51), 22 (64), 56 (7), 55 (52), 51 (38), 59 (63), 11 (67), 26 (90), 42 (56), 54 (53), 57 (70), 47 (61), 1 (87), 24 (88), 53 (64), 21 (75), 33 (98), 41 (91), 0 (92), 27 (78)]";27415
VNS;60;2;53947;538.0;10;"Maquina 1: [30 (21), 9 (6), 50 (16), 35 (33), 8 (44), 18 (20), 55 (52), 37 (54), 34 (30), 42 (56), 40 (9), 51 (38), 7 (76), 20 (50), 25 (61), 3 (48), 14 (53), 13 (67), 52 (66), 28 (64), 36 (63), 57 (70), 27 (78), 4 (90), 45 (68), 2 (93), 1 (87), 22 (64), 29 (81), 41 (91)]";26111;"Maquina 2: [10 (13), 15 (22), 32 (15), 31 (22), 49 (32), 12 (38), 56 (7), 44 (45), 38 (43), 39 (17), 48 (51), 58 (52), 54 (53), 16 (56), 21 (75), 17 (57), 6 (50), 43 (69), 46 (75), 59 (63), 26 (90), 23 (64), 24 (88), 53 (64), 19 (79), 11 (67), 47 (61), 33 (98), 0 (92), 5 (82)]";27836
Multiarranque;60;2;52022;64.0;10;"Maquina 1: [6 (50), 50 (16), 35 (33), 11 (67), 10 (13), 3 (48), 56 (7), 55 (52), 44 (45), 45 (68), 18 (20), 38 (43), 22 (64), 36 (63), 17 (57), 1 (87), 52 (66), 16 (56), 0 (92), 42 (56), 54 (53), 21 (75), 26 (90), 23 (64), 57 (70), 27 (78), 41 (91), 29 (81), 24 (88)]";27244;"Maquina 2: [9 (6), 31 (22), 37 (54), 34 (30), 39 (17), 48 (51), 58 (52), 49 (32), 12 (38), 40 (9), 20 (50), 43 (69), 32 (15), 51 (38), 59 (63), 30 (21), 7 (76), 8 (44), 15 (22), 25 (61), 14 (53), 13 (67), 4 (90), 5 (82), 28 (64), 53 (64), 19 (79), 2 (93), 47 (61), 33 (98), 46 (75)]";24778
GREEDY;60;2;45956;1.0;1;"Maquina 1: [10 (6), 48 (2), 40 (13), 30 (28), 9 (16), 4 (40), 56 (36), 43 (44), 34 (50), 31 (39), 15 (51), 41 (35), 28 (49), 5 (52), 33 (69), 7 (38), 55 (59), 46 (58), 35 (77), 27 (56), 50 (64), 52 (80), 36 (61), 47 (83), 29 (86), 59 (81), 26 (96), 42 (94), 44 (93), 32 (98)]";22714;"Maquina 2: [39 (26), 12 (5), 13 (34), 54 (13), 49 (10), 38 (37), 22 (40), 6 (36), 45 (39), 3 (63), 25 (51), 51 (38), 0 (51), 18 (54), 14 (57), 16 (50), 17 (46), 53 (58), 58 (80), 1 (68), 23 (60), 19 (80), 11 (82), 24 (76), 2 (84), 57 (93), 37 (97), 8 (95), 21 (93), 20 (99)]";23242
GRASP;60;2;45108;41.0;10;"Maquina 1: [12 (5), 10 (6), 9 (16), 56 (36), 36 (61), 39 (26), 41 (35), 38 (37), 51 (38), 30 (28), 13 (34), 16 (50), 31 (39), 15 (51), 14 (57), 5 (52), 2 (84), 24 (76), 34 (50), 11 (82), 1 (68), 23 (60), 37 (97), 57 (93), 19 (80), 26 (96), 52 (80), 42 (94), 21 (93), 20 (99)]";22433;"Maquina 2: [54 (13), 49 (10), 40 (13), 22 (40), 48 (2), 6 (36), 28 (49), 25 (51), 7 (38), 0 (51), 18 (54), 43 (44), 45 (39), 3 (63), 55 (59), 4 (40), 17 (46), 33 (69), 35 (77), 27 (56), 50 (64), 53 (58), 59 (81), 29 (86), 46 (58), 58 (80), 44 (93), 32 (98), 8 (95), 47 (83)]";22675
LNS;60;2;45919;6.0;10;"Maquina 1: [10 (6), 48 (2), 40 (13), 30 (28), 9 (16), 4 (40), 56 (36), 43 (44), 34 (50), 31 (39), 15 (51), 41 (35), 28 (49), 5 (52), 33 (69), 7 (38), 55 (59), 46 (58), 35 (77), 27 (56), 50 (64), 52 (80), 36 (61), 47 (83), 29 (86), 59 (81), 26 (96), 42 (94), 44 (93), 32 (98)]";22714;"Maquina 2: [39 (26), 12 (5), 13 (34), 54 (13), 49 (10), 38 (37), 22 (40), 6 (36), 45 (39), 3 (63), 25 (51), 51 (38), 0 (51), 18 (54), 14 (57), 16 (50), 17 (46), 53 (58), 58 (80), 1 (68), 23 (60), 19 (80), 11 (82), 57 (93), 2 (84), 24 (76), 37 (97), 8 (95), 21 (93), 20 (99)]";23205
TABÚ;60;2;44783;16.0;10;"Maquina 1: [48 (2), 6 (36), 10 (6), 12 (5), 41 (35), 38 (37), 9 (16), 56 (36), 43 (44), 45 (39), 16 (50), 53 (58), 28 (49), 25 (51), 14 (57), 23 (60), 58 (80), 17 (46), 36 (61), 50 (64), 24 (76), 18 (54), 52 (80), 57 (93), 44 (93), 8 (95), 29 (86), 21 (93), 20 (99), 42 (94)]";21868;"Maquina 2: [4 (40), 54 (13), 49 (10), 34 (50), 40 (13), 22 (40), 7 (38), 13 (34), 39 (26), 30 (28), 46 (58), 5 (52), 51 (38), 0 (51), 11 (82), 31 (39), 55 (59), 15 (51), 27 (56), 33 (69), 37 (97), 35 (77), 59 (81), 3 (63), 1 (68), 47 (83), 32 (98), 2 (84), 19 (80), 26 (96)]";22915
VNS;60;2;45426;1106.0;10;"Maquina 1: [10 (6), 48 (2), 40 (13), 30 (28), 9 (16), 4 (40), 56 (36), 43 (44), 34 (50), 31 (39), 15 (51), 41 (35), 28 (49), 5 (52), 33 (69), 7 (38), 13 (34), 46 (58), 35 (77), 27 (56), 50 (64), 52 (80), 36 (61), 47 (83), 29 (86), 59 (81), 26 (96), 42 (94), 44 (93), 32 (98)]";22076;"Maquina 2: [39 (26), 12 (5), 55 (59), 54 (13), 49 (10), 38 (37), 22 (40), 6 (36), 45 (39), 3 (63), 25 (51), 51 (38), 0 (51), 18 (54), 14 (57), 16 (50), 17 (46), 53 (58), 58 (80), 1 (68), 23 (60), 19 (80), 11 (82), 24 (76), 2 (84), 57 (93), 37 (97), 8 (95), 21 (93), 20 (99)]";23350
Multiarranque;60;2;45716;48.0;10;"Maquina 1: [10 (6), 49 (10), 34 (50), 31 (39), 40 (13), 22 (40), 7 (38), 56 (36), 36 (61), 41 (35), 18 (54), 43 (44), 15 (51), 1 (68), 51 (38), 11 (82), 5 (52), 47 (83), 53 (58), 57 (93), 19 (80), 46 (58), 58 (80), 3 (63), 29 (86), 32 (98), 24 (76), 26 (96), 8 (95)]";22562;"Maquina 2: [13 (34), 39 (26), 12 (5), 30 (28), 38 (37), 9 (16), 4 (40), 54 (13), 17 (46), 55 (59), 48 (2), 6 (36), 45 (39), 0 (51), 28 (49), 14 (57), 16 (50), 50 (64), 35 (77), 23 (60), 59 (81), 2 (84), 25 (51), 27 (56), 33 (69), 52 (80), 42 (94), 21 (93), 20 (99), 37 (97), 44 (93)]";23154
GREEDY;60;2;38842;1.0;1;"Maquina 1: [50 (19), 34 (15), 38 (12), 17 (3), 39 (29), 10 (10), 40 (1), 7 (27), 47 (17), 23 (29), 9 (33), 3 (40), 4 (41), 27 (39), 14 (66), 21 (53), 11 (73), 2 (51), 58 (74), 29 (70), 25 (58), 15 (72), 13 (82), 57 (67), 42 (77), 44 (98), 16 (94), 36 (85), 54 (87), 0 (98)]";19774;"Maquina 2: [45 (7), 1 (6), 52 (1), 12 (19), 5 (22), 35 (38), 56 (10), 53 (13), 19 (17), 20 (30), 8 (53), 43 (28), 31 (39), 6 (40), 22 (57), 24 (29), 37 (44), 26 (72), 59 (90), 18 (59), 28 (66), 32 (70), 48 (68), 41 (98), 33 (78), 30 (73), 49 (84), 51 (76), 55 (97), 46 (85)]";19068
GRASP;60;2;38758;39.0;10;"Maquina 1: [3 (40), 56 (10), 34 (15), 43 (28), 38 (12), 45 (7), 27 (39), 19 (17), 12 (19), 2 (51), 7 (27), 28 (66), 39 (29), 31 (39), 8 (53), 9 (33), 14 (66), 48 (68), 26 (72), 29 (70), 36 (85), 11 (73), 51 (76), 58 (74), 54 (87), 30 (73), 44 (98), 0 (98), 46 (85)]";19728;"Maquina 2: [24 (29), 1 (6), 52 (1), 17 (3), 50 (19), 47 (17), 53 (13), 35 (38), 10 (10), 37 (44), 5 (22), 40 (1), 4 (41), 20 (30), 23 (29), 21 (53), 6 (40), 22 (57), 18 (59), 49 (84), 25 (58), 15 (72), 57 (67), 32 (70), 13 (82), 55 (97), 33 (78), 42 (77), 16 (94), 41 (98), 59 (90)]";19030
LNS;60;2;38842;6.0;10;"Maquina 1: [50 (19), 34 (15), 38 (12), 17 (3), 39 (29), 10 (10), 40 (1), 7 (27), 47 (17), 23 (29), 9 (33), 3 (40), 4 (41), 27 (39), 14 (66), 21 (53), 11 (73), 2 (51), 58 (74), 29 (70), 25 (58), 15 (72), 13 (82), 57 (67), 42 (77), 44 (98), 16 (94), 36 (85), 54 (87), 0 (98)]";19774;"Maquina 2: [45 (7), 1 (6), 52 (1), 12 (19), 5 (22), 35 (38), 56 (10), 53 (13), 19 (17), 20 (30), 8 (53), 43 (28), 31 (39), 6 (40), 22 (57), 24 (29), 37 (44), 26 (72), 59 (90), 18 (59), 28 (66), 32 (70), 48 (68), 41 (98), 33 (78), 30 (73), 49 (84), 51 (76), 55 (97), 46 (85)]";19068
TABÚ;60;2;39456;15.0;10;"Maquina 1: [45 (7), 52 (1), 17 (3), 56 (10), 1 (6), 2 (51), 47 (17), 12 (19), 20 (30), 7 (27), 23 (29), 43 (28), 25 (58), 22 (57), 3 (40), 39 (29), 27 (39), 4 (41), 26 (72), 8 (53), 29 (70), 51 (76), 57 (67), 42 (77), 15 (72), 13 (82), 30 (73), 44 (98), 36 (85), 59 (90), 55 (97)]";19802;"Maquina 2: [10 (10), 40 (1), 34 (15), 38 (12), 50 (19), 31 (39), 53 (13), 19 (17), 37 (44), 6 (40), 5 (22), 35 (38), 24 (29), 9 (33), 32 (70), 48 (68), 14 (66), 21 (53), 18 (59), 0 (98), 28 (66), 41 (98), 33 (78), 11 (73), 58 (74), 54 (87), 46 (85), 49 (84), 16 (94)]";19654
VNS;60;2;38657;835.0;10;"Maquina 1: [50 (19), 34 (15), 38 (12), 45 (7), 39 (29), 10 (10), 40 (1), 7 (27), 47 (17), 23 (29), 9 (33), 3 (40), 4 (41), 27 (39), 14 (66), 21 (53), 11 (73), 2 (51), 58 (74), 29 (70), 25 (58), 15 (72), 13 (82), 57 (67), 42 (77), 44 (98), 16 (94), 36 (85), 54 (87), 0 (98)]";19622;"Maquina 2: [17 (3), 1 (6), 52 (1), 12 (19), 5 (22), 35 (38), 56 (10), 53 (13), 19 (17), 20 (30), 8 (53), 43 (28), 31 (39), 6 (40), 22 (57), 24 (29), 37 (44), 26 (72), 59 (90), 18 (59), 28 (66), 32 (70), 48 (68), 41 (98), 33 (78), 30 (73), 49 (84), 51 (76), 55 (97), 46 (85)]";19035
Multiarranque;60;2;38348;66.0;10;"Maquina 1: [10 (10), 56 (10), 1 (6), 17 (3), 19 (17), 53 (13), 35 (38), 34 (15), 9 (33), 4 (41), 38 (12), 28 (66), 2 (51), 43 (28), 25 (58), 55 (97), 7 (27), 21 (53), 37 (44), 58 (74), 15 (72), 18 (59), 41 (98), 51 (76), 13 (82), 54 (87), 32 (70), 59 (90), 33 (78), 0 (98)]";18981;"Maquina 2: [52 (1), 12 (19), 50 (19), 40 (1), 47 (17), 23 (29), 45 (7), 39 (29), 27 (39), 24 (29), 5 (22), 6 (40), 20 (30), 8 (53), 48 (68), 42 (77), 31 (39), 3 (40), 14 (66), 22 (57), 29 (70), 36 (85), 57 (67), 44 (98), 46 (85), 26 (72), 11 (73), 30 (73), 49 (84), 16 (94)]";19367
GREEDY;60;2;51312;1.0;1;"Maquina 1: [17 (35), 57 (15), 3 (15), 50 (1), 30 (69), 47 (51), 5 (5), 26 (40), 18 (27), 29 (32), 51 (49), 16 (18), 21 (50), 20 (21), 13 (39), 34 (70), 44 (50), 56 (53), 46 (61), 14 (94), 28 (81), 24 (78), 10 (72), 27 (83), 42 (80), 40 (55), 33 (89), 7 (92), 23 (88), 22 (99)]";26511;"Maquina 2: [43 (28), 58 (25), 59 (4), 9 (15), 2 (42), 19 (17), 53 (10), 36 (51), 12 (25), 35 (36), 0 (19), 49 (32), 6 (61), 32 (44), 54 (54), 25 (82), 15 (89), 55 (39), 31 (66), 39 (59), 41 (50), 38 (91), 48 (72), 37 (53), 4 (72), 45 (80), 1 (84), 52 (79), 11 (94), 8 (98)]";24801
GRASP;60;2;47104;36.0;10;"Maquina 1: [20 (21), 19 (17), 3 (15), 50 (1), 32 (44), 17 (35), 58 (25), 40 (55), 53 (10), 49 (32), 54 (54), 47 (51), 33 (89), 6 (61), 16 (18), 21 (50), 30 (69), 56 (53), 25 (82), 15 (89), 55 (39), 28 (81), 13 (39), 34 (70), 38 (91), 22 (99), 52 (79), 23 (88), 7 (92), 11 (94)]";24306;"Maquina 2: [5 (5), 18 (27), 12 (25), 59 (4), 9 (15), 57 (15), 0 (19), 35 (36), 36 (51), 26 (40), 43 (28), 29 (32), 51 (49), 44 (50), 2 (42), 41 (50), 1 (84), 39 (59), 48 (72), 37 (53), 46 (61), 24 (78), 31 (66), 4 (72), 45 (80), 14 (94), 8 (98), 10 (72), 27 (83), 42 (80)]";22798
LNS;60;2;50569;5.0;10;"Maquina 1: [17 (35), 57 (15), 3 (15), 50 (1), 30 (69), 47 (51), 5 (5), 26 (40), 18 (27), 29 (32), 51 (49), 16 (18), 21 (50), 10 (72), 13 (39), 20 (21), 44 (50), 56 (53), 46 (61), 14 (94), 28 (81), 24 (78), 34 (70), 27 (83), 42 (80), 40 (55), 33 (89), 7 (92), 23 (88), 22 (99)]";25856;"Maquina 2: [43 (28), 58 (25), 59 (4), 9 (15), 2 (42), 19 (17), 53 (10), 36 (51), 12 (25), 35 (36), 0 (19), 49 (32), 6 (61), 32 (44), 54 (54), 25 (82), 15 (89), 55 (39), 31 (66), 39 (59), 41 (50), 1 (84), 11 (94), 37 (53), 4 (72), 45 (80), 38 (91), 52 (79), 48 (72), 8 (98)]";24713
TABÚ;60;2;50161;17.0;10;"Maquina 1: [55 (39), 17 (35), 18 (27), 59 (4), 49 (32), 41 (50), 11 (94), 19 (17), 53 (10), 54 (54), 47 (51), 20 (21), 0 (19), 57 (15), 43 (28), 37 (53), 15 (89), 23 (88), 26 (40), 39 (59), 6 (61), 31 (66), 42 (80), 52 (79), 34 (70), 22 (99), 8 (98), 7 (92), 10 (72), 38 (91)]";26061;"Maquina 2: [32 (44), 3 (15), 50 (1), 2 (42), 12 (25), 35 (36), 5 (5), 58 (25), 13 (39), 25 (82), 9 (15), 40 (55), 16 (18), 21 (50), 29 (32), 45 (80), 46 (61), 51 (49), 44 (50), 30 (69), 56 (53), 36 (51), 48 (72), 27 (83), 1 (84), 14 (94), 28 (81), 24 (78), 4 (72), 33 (89)]";24100
VNS;60;2;50684;558.0;10;"Maquina 1: [17 (35), 57 (15), 19 (17), 50 (1), 30 (69), 47 (51), 5 (5), 26 (40), 18 (27), 29 (32), 51 (49), 16 (18), 21 (50), 20 (21), 13 (39), 34 (70), 44 (50), 56 (53), 46 (61), 14 (94), 28 (81), 24 (78), 10 (72), 27 (83), 42 (80), 40 (55), 33 (89), 7 (92), 23 (88), 22 (99)]";26619;"Maquina 2: [43 (28), 58 (25), 59 (4), 9 (15), 2 (42), 3 (15), 53 (10), 36 (51), 12 (25), 35 (36), 0 (19), 49 (32), 6 (61), 32 (44), 54 (54), 25 (82), 15 (89), 55 (39), 31 (66), 39 (59), 41 (50), 38 (91), 48 (72), 37 (53), 4 (72), 45 (80), 1 (84), 52 (79), 11 (94), 8 (98)]";24065
Multiarranque;60;2;49577;61.0;10;"Maquina 1: [32 (44), 17 (35), 3 (15), 0 (19), 49 (32), 5 (5), 26 (40), 39 (59), 35 (36), 36 (51), 12 (25), 51 (49), 16 (18), 7 (92), 46 (61), 45 (80), 2 (42), 47 (51), 52 (79), 53 (10), 10 (72), 27 (83), 25 (82), 48 (72), 23 (88), 4 (72), 22 (99), 30 (69), 33 (89)]";24041;"Maquina 2: [9 (15), 57 (15), 55 (39), 6 (61), 20 (21), 19 (17), 50 (1), 58 (25), 56 (53), 44 (50), 18 (27), 54 (54), 59 (4), 28 (81), 13 (39), 14 (94), 31 (66), 29 (32), 43 (28), 37 (53), 42 (80), 11 (94), 41 (50), 1 (84), 24 (78), 34 (70), 38 (91), 40 (55), 21 (50), 15 (89), 8 (98)]";25536
GREEDY;60;2;36029;1.0;1;"Maquina 1: [55 (14), 29 (3), 23 (8), 4 (1), 21 (12), 1 (23), 19 (10), 54 (38), 5 (22), 16 (28), 48 (29), 2 (36), 13 (41), 58 (21), 26 (42), 33 (37), 12 (47), 35 (43), 28 (55), 30 (64), 22 (73), 47 (66), 49 (78), 17 (65), 41 (68), 10 (98), 20 (70), 27 (81), 43 (87), 14 (93)]";17356;"Maquina 2: [38 (7), 24 (3), 6 (15), 57 (7), 3 (16), 59 (21), 11 (25), 7 (11), 25 (30), 39 (36), 42 (22), 31 (52), 53 (37), 46 (41), 50 (44), 44 (29), 52 (67), 56 (38), 18 (76), 45 (69), 8 (43), 9 (65), 0 (84), 37 (79), 40 (63), 32 (72), 36 (92), 34 (65), 51 (99), 15 (97)]";18673
GRASP;60;2;34983;38.0;10;"Maquina 1: [42 (22), 19 (10), 59 (21), 55 (14), 6 (15), 3 (16), 48 (29), 1 (23), 7 (11), 25 (30), 26 (42), 33 (37), 50 (44), 53 (37), 8 (43), 31 (52), 35 (43), 30 (64), 41 (68), 32 (72), 20 (70), 37 (79), 40 (63), 34 (65), 27 (81), 49 (78), 52 (67), 14 (93), 15 (97)]";17393;"Maquina 2: [57 (7), 24 (3), 16 (28), 21 (12), 29 (3), 23 (8), 4 (1), 38 (7), 58 (21), 44 (29), 2 (36), 54 (38), 11 (25), 5 (22), 28 (55), 39 (36), 12 (47), 13 (41), 46 (41), 47 (66), 45 (69), 56 (38), 18 (76), 17 (65), 43 (87), 9 (65), 22 (73), 0 (84), 36 (92), 51 (99), 10 (98)]";17590
LNS;60;2;35921;7.0;10;"Maquina 1: [55 (14), 29 (3), 23 (8), 4 (1), 48 (29), 1 (23), 19 (10), 2 (36), 5 (22), 16 (28), 21 (12), 54 (38), 13 (41), 58 (21), 26 (42), 33 (37), 12 (47), 35 (43), 28 (55), 30 (64), 22 (73), 47 (66), 49 (78), 17 (65), 41 (68), 10 (98), 20 (70), 27 (81), 43 (87), 14 (93)]";17248;"Maquina 2: [38 (7), 24 (3), 6 (15), 57 (7), 3 (16), 59 (21), 11 (25), 7 (11), 25 (30), 39 (36), 42 (22), 31 (52), 53 (37), 46 (41), 50 (44), 44 (29), 52 (67), 56 (38), 18 (76), 45 (69), 8 (43), 9 (65), 0 (84), 37 (79), 40 (63), 32 (72), 36 (92), 34 (65), 51 (99), 15 (97)]";18673
TABÚ;60;2;35169;16.0;10;"Maquina 1: [58 (21), 7 (11), 55 (14), 6 (15), 57 (7), 4 (1), 59 (21), 19 (10), 42 (22), 13 (41), 33 (37), 39 (36), 11 (25), 50 (44), 28 (55), 46 (41), 30 (64), 48 (29), 18 (76), 45 (69), 8 (43), 31 (52), 52 (67), 27 (81), 17 (65), 0 (84), 36 (92), 51 (99), 49 (78), 41 (68), 15 (97)]";19034;"Maquina 2: [16 (28), 21 (12), 25 (30), 24 (3), 1 (23), 23 (8), 44 (29), 29 (3), 26 (42), 56 (38), 3 (16), 5 (22), 38 (7), 47 (66), 54 (38), 2 (36), 53 (37), 12 (47), 35 (43), 40 (63), 32 (72), 20 (70), 34 (65), 9 (65), 43 (87), 37 (79), 10 (98), 22 (73), 14 (93)]";16135
VNS;60;2;35801;610.0;10;"Maquina 1: [55 (14), 29 (3), 23 (8), 4 (1), 24 (3), 1 (23), 19 (10), 54 (38), 5 (22), 16 (28), 48 (29), 2 (36), 13 (41), 58 (21), 26 (42), 39 (36), 12 (47), 35 (43), 28 (55), 30 (64), 22 (73), 47 (66), 49 (78), 17 (65), 41 (68), 10 (98), 20 (70), 27 (81), 43 (87), 14 (93)]";17283;"Maquina 2: [38 (7), 21 (12), 6 (15), 57 (7), 3 (16), 59 (21), 11 (25), 7 (11), 42 (22), 33 (37), 25 (30), 31 (52), 53 (37), 46 (41), 50 (44), 44 (29), 52 (67), 56 (38), 18 (76), 45 (69), 8 (43), 9 (65), 0 (84), 37 (79), 40 (63), 32 (72), 36 (92), 34 (65), 51 (99), 15 (97)]";18518
Multiarranque;60;2;34984;57.0;10;"Maquina 1: [57 (7), 4 (1), 38 (7), 29 (3), 11 (25), 59 (21), 55 (14), 6 (15), 3 (16), 2 (36), 53 (37), 12 (47), 42 (22), 35 (43), 44 (29), 46 (41), 33 (37), 16 (28), 26 (42), 45 (69), 56 (38), 28 (55), 9 (65), 43 (87), 41 (68), 32 (72), 49 (78), 20 (70), 27 (81), 10 (98), 15 (97)]";17495;"Maquina 2: [58 (21), 7 (11), 25 (30), 24 (3), 21 (12), 1 (23), 19 (10), 54 (38), 5 (22), 23 (8), 48 (29), 13 (41), 39 (36), 34 (65), 31 (52), 52 (67), 50 (44), 8 (43), 40 (63), 18 (76), 17 (65), 30 (64), 22 (73), 47 (66), 14 (93), 36 (92), 51 (99), 0 (84), 37 (79)]";17489
GREEDY;60;2;49793;1.0;1;"Maquina 1: [40 (2), 35 (24), 29 (10), 55 (23), 39 (19), 34 (7), 20 (62), 58 (30), 14 (22), 12 (48), 0 (42), 4 (34), 50 (24), 56 (39), 47 (40), 9 (50), 27 (52), 11 (67), 57 (68), 52 (63), 23 (94), 54 (54), 6 (65), 16 (69), 48 (89), 21 (90), 59 (76), 15 (85), 24 (91), 8 (74), 31 (98)]";25830;"Maquina 2: [13 (25), 41 (6), 7 (69), 5 (31), 3 (17), 25 (10), 22 (63), 42 (21), 18 (27), 33 (68), 49 (23), 38 (40), 30 (54), 37 (41), 1 (90), 51 (51), 2 (38), 10 (84), 44 (85), 28 (43), 43 (94), 19 (24), 32 (70), 45 (93), 17 (75), 53 (64), 26 (90), 36 (59), 46 (65)]";23963
GRASP;60;2;46953;51.0;10;"Maquina 1: [25 (10), 29 (10), 30 (54), 39 (19), 55 (23), 37 (41), 35 (24), 51 (51), 54 (54), 58 (30), 47 (40), 36 (59), 40 (2), 0 (42), 18 (27), 11 (67), 50 (24), 45 (93), 17 (75), 52 (63), 57 (68), 1 (90), 53 (64), 15 (85), 46 (65), 16 (69), 48 (89), 23 (94), 44 (85), 8 (74)]";23472;"Maquina 2: [34 (7), 13 (25), 41 (6), 5 (31), 3 (17), 19 (24), 33 (68), 42 (21), 14 (22), 49 (23), 4 (34), 2 (38), 12 (48), 56 (39), 28 (43), 26 (90), 38 (40), 6 (65), 9 (50), 27 (52), 59 (76), 7 (69), 22 (63), 32 (70), 21 (90), 24 (91), 20 (62), 10 (84), 31 (98), 43 (94)]";23481
LNS;60;2;49496;10.0;10;"Maquina 1: [40 (2), 35 (24), 29 (10), 55 (23), 39 (19), 34 (7), 20 (62), 58 (30), 14 (22), 12 (48), 0 (42), 4 (34), 50 (24), 56 (39), 47 (40), 9 (50), 27 (52), 11 (67), 57 (68), 52 (63), 23 (94), 54 (54), 6 (65), 16 (69), 48 (89), 21 (90), 59 (76), 15 (85), 24 (91), 8 (74), 31 (98)]";25830;"Maquina 2: [13 (25), 41 (6), 7 (69), 5 (31), 3 (17), 25 (10), 22 (63), 42 (21), 18 (27), 33 (68), 49 (23), 38 (40), 10 (84), 37 (41), 1 (90), 51 (51), 2 (38), 30 (54), 44 (85), 28 (43), 43 (94), 19 (24), 32 (70), 36 (59), 17 (75), 53 (64), 26 (90), 45 (93), 46 (65)]";23666
TABÚ;60;2;48302;16.0;10;"Maquina 1: [41 (6), 0 (42), 39 (19), 34 (7), 2 (38), 12 (48), 19 (24), 29 (10), 13 (25), 18 (27), 22 (63), 49 (23), 44 (85), 28 (43), 56 (39), 47 (40), 27 (52), 46 (65), 36 (59), 6 (65), 35 (24), 7 (69), 21 (90), 17 (75), 52 (63), 10 (84), 16 (69), 8 (74), 26 (90), 24 (91)]";23202;"Maquina 2: [5 (31), 42 (21), 3 (17), 25 (10), 50 (24), 45 (93), 40 (2), 58 (30), 14 (22), 55 (23), 53 (64), 38 (40), 9 (50), 4 (34), 37 (41), 1 (90), 51 (51), 54 (54), 30 (54), 20 (62), 57 (68), 48 (89), 11 (67), 32 (70), 23 (94), 59 (76), 15 (85), 33 (68), 43 (94), 31 (98)]";25100
VNS;60;2;48688;824.0;10;"Maquina 1: [40 (2), 35 (24), 29 (10), 30 (54), 39 (19), 34 (7), 20 (62), 58 (30), 14 (22), 12 (48), 0 (42), 4 (34), 50 (24), 56 (39), 47 (40), 9 (50), 27 (52), 11 (67), 57 (68), 52 (63), 23 (94), 54 (54), 6 (65), 16 (69), 48 (89), 21 (90), 59 (76), 15 (85), 24 (91), 8 (74), 31 (98)]";26023;"Maquina 2: [13 (25), 41 (6), 7 (69), 5 (31), 3 (17), 25 (10), 22 (63), 42 (21), 18 (27), 33 (68), 49 (23), 38 (40), 55 (23), 37 (41), 1 (90), 51 (51), 2 (38), 10 (84), 44 (85), 28 (43), 43 (94), 19 (24), 32 (70), 45 (93), 17 (75), 53 (64), 26 (90), 36 (59), 46 (65)]";22665
Multiarranque;60;2;46757;57.0;10;"Maquina 1: [25 (10), 50 (24), 39 (19), 34 (7), 36 (59), 19 (24), 59 (76), 40 (2), 27 (52), 58 (30), 37 (41), 32 (70), 14 (22), 51 (51), 5 (31), 54 (54), 4 (34), 52 (63), 6 (65), 22 (63), 11 (67), 57 (68), 48 (89), 20 (62), 1 (90), 31 (98), 33 (68), 15 (85), 10 (84), 43 (94)]";23916;"Maquina 2: [35 (24), 42 (21), 3 (17), 29 (10), 13 (25), 0 (42), 18 (27), 7 (69), 49 (23), 38 (40), 41 (6), 28 (43), 55 (23), 44 (85), 2 (38), 12 (48), 56 (39), 47 (40), 9 (50), 53 (64), 30 (54), 26 (90), 45 (93), 46 (65), 16 (69), 21 (90), 17 (75), 8 (74), 23 (94), 24 (91)]";22841
GREEDY;60;2;48423;0.0;1;"Maquina 1: [48 (15), 13 (1), 24 (20), 14 (15), 1 (37), 16 (34), 53 (14), 15 (30), 23 (9), 59 (39), 7 (18), 29 (29), 27 (81), 40 (55), 36 (44), 20 (41), 30 (68), 17 (46), 52 (71), 32 (57), 51 (75), 5 (52), 44 (89), 6 (59), 9 (80), 49 (86), 3 (77), 43 (92), 37 (98), 28 (95)]";24407;"Maquina 2: [45 (33), 38 (15), 12 (4), 4 (12), 8 (20), 22 (42), 31 (12), 18 (32), 41 (52), 19 (17), 35 (34), 33 (38), 0 (41), 56 (24), 39 (51), 46 (45), 55 (53), 25 (76), 42 (69), 26 (56), 54 (58), 50 (80), 58 (66), 47 (92), 11 (88), 21 (77), 34 (85), 2 (74), 10 (91), 57 (95)]";24016
GRASP;60;2;45632;37.0;10;"Maquina 1: [24 (20), 23 (9), 31 (12), 18 (32), 38 (15), 48 (15), 39 (51), 15 (30), 29 (29), 4 (12), 20 (41), 17 (46), 35 (34), 33 (38), 6 (59), 54 (58), 26 (56), 32 (57), 42 (69), 21 (77), 7 (18), 2 (74), 0 (41), 34 (85), 46 (45), 27 (81), 10 (91), 11 (88), 3 (77), 43 (92), 57 (95)]";23645;"Maquina 2: [53 (14), 8 (20), 16 (34), 14 (15), 1 (37), 13 (1), 52 (71), 12 (4), 56 (24), 45 (33), 41 (52), 19 (17), 36 (44), 49 (86), 59 (39), 44 (89), 22 (42), 55 (53), 5 (52), 25 (76), 40 (55), 58 (66), 30 (68), 51 (75), 28 (95), 9 (80), 47 (92), 37 (98), 50 (80)]";21987
LNS;60;2;46917;5.0;10;"Maquina 1: [48 (15), 13 (1), 24 (20), 5 (52), 1 (37), 16 (34), 53 (14), 23 (9), 15 (30), 59 (39), 7 (18), 29 (29), 27 (81), 40 (55), 36 (44), 20 (41), 30 (68), 17 (46), 52 (71), 32 (57), 51 (75), 14 (15), 44 (89), 6 (59), 9 (80), 49 (86), 3 (77), 43 (92), 37 (98), 28 (95)]";23922;"Maquina 2: [45 (33), 38 (15), 22 (42), 4 (12), 8 (20), 12 (4), 31 (12), 18 (32), 41 (52), 19 (17), 35 (34), 33 (38), 0 (41), 56 (24), 39 (51), 46 (45), 55 (53), 25 (76), 42 (69), 26 (56), 54 (58), 11 (88), 58 (66), 47 (92), 50 (80), 21 (77), 34 (85), 2 (74), 10 (91), 57 (95)]";22995
TABÚ;60;2;45750;16.0;10;"Maquina 1: [20 (41), 31 (12), 48 (15), 13 (1), 24 (20), 45 (33), 17 (46), 2 (74), 36 (44), 18 (32), 19 (17), 46 (45), 10 (91), 0 (41), 35 (34), 32 (57), 42 (69), 37 (98), 4 (12), 55 (53), 5 (52), 26 (56), 30 (68), 54 (58), 50 (80), 21 (77), 34 (85), 6 (59), 57 (95), 3 (77)]";23584;"Maquina 2: [14 (15), 53 (14), 38 (15), 12 (4), 16 (34), 8 (20), 15 (30), 23 (9), 56 (24), 59 (39), 22 (42), 33 (38), 7 (18), 29 (29), 39 (51), 51 (75), 27 (81), 41 (52), 11 (88), 1 (37), 25 (76), 40 (55), 58 (66), 47 (92), 28 (95), 52 (71), 44 (89), 9 (80), 43 (92), 49 (86)]";22166
VNS;60;2;47375;831.0;10;"Maquina 1: [48 (15), 13 (1), 24 (20), 14 (15), 1 (37), 16 (34), 53 (14), 15 (30), 23 (9), 59 (39), 7 (18), 29 (29), 27 (81), 40 (55), 36 (44), 20 (41), 30 (68), 17 (46), 52 (71), 22 (42), 51 (75), 5 (52), 44 (89), 6 (59), 9 (80), 49 (86), 3 (77), 43 (92), 37 (98), 28 (95)]";24146;"Maquina 2: [45 (33), 38 (15), 12 (4), 4 (12), 8 (20), 32 (57), 31 (12), 18 (32), 41 (52), 19 (17), 35 (34), 33 (38), 0 (41), 56 (24), 39 (51), 46 (45), 55 (53), 25 (76), 42 (69), 26 (56), 54 (58), 50 (80), 58 (66), 47 (92), 11 (88), 21 (77), 34 (85), 2 (74), 10 (91), 57 (95)]";23229
Multiarranque;60;2;45477;55.0;10;"Maquina 1: [18 (32), 38 (15), 32 (57), 31 (12), 33 (38), 23 (9), 48 (15), 13 (1), 36 (44), 29 (29), 41 (52), 20 (41), 17 (46), 59 (39), 7 (18), 51 (75), 55 (53), 39 (51), 46 (45), 9 (80), 16 (34), 30 (68), 49 (86), 27 (81), 50 (80), 58 (66), 47 (92), 28 (95), 43 (92), 57 (95)]";22331;"Maquina 2: [19 (17), 24 (20), 12 (4), 4 (12), 14 (15), 53 (14), 8 (20), 15 (30), 0 (41), 35 (34), 1 (37), 40 (55), 22 (42), 56 (24), 45 (33), 2 (74), 6 (59), 54 (58), 26 (56), 21 (77), 11 (88), 42 (69), 5 (52), 52 (71), 3 (77), 37 (98), 34 (85), 25 (76), 10 (91), 44 (89)]";23146
GREEDY;60;2;42741;0.0;1;"Maquina 1: [42 (11), 57 (7), 28 (15), 22 (32), 37 (6), 55 (3), 10 (36), 36 (9), 2 (17), 51 (58), 6 (39), 56 (21), 18 (42), 27 (37), 0 (34), 46 (64), 34 (77), 26 (44), 19 (49), 25 (62), 3 (48), 49 (66), 47 (94), 43 (62), 33 (69), 48 (82), 52 (91), 41 (97), 9 (90), 5 (79)]";20420;"Maquina 2: [24 (8), 32 (21), 53 (11), 39 (5), 14 (29), 45 (7), 4 (16), 54 (48), 58 (33), 29 (39), 15 (38), 30 (10), 23 (36), 8 (43), 12 (65), 20 (60), 35 (34), 7 (47), 50 (62), 13 (94), 44 (55), 40 (77), 31 (62), 21 (73), 59 (67), 11 (81), 17 (89), 16 (96), 1 (91), 38 (98)]";22321
GRASP;60;2;40824;34.0;10;"Maquina 1: [4 (16), 32 (21), 37 (6), 29 (39), 39 (5), 36 (9), 56 (21), 15 (38), 53 (11), 35 (34), 14 (29), 45 (7), 51 (58), 23 (36), 26 (44), 20 (60), 3 (48), 58 (33), 54 (48), 50 (62), 46 (64), 40 (77), 49 (66), 1 (91), 19 (49), 17 (89), 21 (73), 47 (94), 38 (98), 9 (90), 16 (96)]";20434;"Maquina 2: [42 (11), 57 (7), 10 (36), 55 (3), 24 (8), 2 (17), 28 (15), 22 (32), 27 (37), 0 (34), 30 (10), 7 (47), 43 (62), 44 (55), 18 (42), 6 (39), 34 (77), 12 (65), 52 (91), 31 (62), 33 (69), 8 (43), 59 (67), 25 (62), 5 (79), 11 (81), 48 (82), 13 (94), 41 (97)]";20390
LNS;60;2;42564;7.0;10;"Maquina 1: [42 (11), 57 (7), 28 (15), 22 (32), 37 (6), 55 (3), 10 (36), 36 (9), 2 (17), 51 (58), 6 (39), 56 (21), 18 (42), 27 (37), 0 (34), 46 (64), 34 (77), 26 (44), 19 (49), 25 (62), 3 (48), 49 (66), 47 (94), 43 (62), 33 (69), 48 (82), 52 (91), 41 (97), 9 (90), 5 (79)]";20420;"Maquina 2: [24 (8), 32 (21), 53 (11), 39 (5), 14 (29), 45 (7), 4 (16), 54 (48), 58 (33), 29 (39), 15 (38), 30 (10), 7 (47), 8 (43), 12 (65), 20 (60), 35 (34), 23 (36), 50 (62), 13 (94), 44 (55), 40 (77), 59 (67), 21 (73), 17 (89), 11 (81), 31 (62), 16 (96), 1 (91), 38 (98)]";22144
TABÚ;60;2;40906;15.0;10;"Maquina 1: [30 (10), 28 (15), 22 (32), 2 (17), 24 (8), 25 (62), 3 (48), 53 (11), 18 (42), 56 (21), 39 (5), 10 (36), 35 (34), 26 (44), 19 (49), 7 (47), 51 (58), 6 (39), 38 (98), 5 (79), 11 (81), 48 (82), 12 (65), 16 (96), 33 (69), 31 (62), 1 (91), 17 (89), 13 (94)]";20524;"Maquina 2: [36 (9), 42 (11), 57 (7), 32 (21), 37 (6), 55 (3), 45 (7), 4 (16), 14 (29), 58 (33), 50 (62), 23 (36), 27 (37), 0 (34), 15 (38), 8 (43), 43 (62), 40 (77), 20 (60), 29 (39), 44 (55), 46 (64), 54 (48), 49 (66), 47 (94), 21 (73), 9 (90), 59 (67), 34 (77), 52 (91), 41 (97)]";20382
VNS;60;2;42312;801.0;10;"Maquina 1: [42 (11), 57 (7), 28 (15), 22 (32), 37 (6), 55 (3), 10 (36), 36 (9), 2 (17), 51 (58), 6 (39), 56 (21), 18 (42), 27 (37), 0 (34), 46 (64), 34 (77), 26 (44), 19 (49), 25 (62), 40 (77), 49 (66), 47 (94), 43 (62), 33 (69), 48 (82), 52 (91), 41 (97), 9 (90), 5 (79)]";20628;"Maquina 2: [24 (8), 32 (21), 53 (11), 39 (5), 14 (29), 45 (7), 4 (16), 54 (48), 58 (33), 29 (39), 15 (38), 30 (10), 23 (36), 8 (43), 12 (65), 20 (60), 35 (34), 7 (47), 50 (62), 13 (94), 44 (55), 3 (48), 31 (62), 21 (73), 59 (67), 11 (81), 17 (89), 16 (96), 1 (91), 38 (98)]";21684
Multiarranque;60;2;40370;51.0;10;"Maquina 1: [56 (21), 30 (10), 57 (7), 58 (33), 22 (32), 37 (6), 55 (3), 15 (38), 53 (11), 29 (39), 19 (49), 44 (55), 6 (39), 10 (36), 5 (79), 50 (62), 20 (60), 3 (48), 8 (43), 26 (44), 59 (67), 31 (62), 16 (96), 33 (69), 48 (82), 41 (97), 47 (94), 9 (90), 11 (81)]";20123;"Maquina 2: [45 (7), 42 (11), 24 (8), 2 (17), 28 (15), 39 (5), 36 (9), 4 (16), 32 (21), 0 (34), 35 (34), 23 (36), 25 (62), 1 (91), 27 (37), 14 (29), 21 (73), 18 (42), 46 (64), 54 (48), 49 (66), 7 (47), 43 (62), 51 (58), 34 (77), 12 (65), 38 (98), 17 (89), 13 (94), 40 (77), 52 (91)]";20247
GREEDY;60;2;47595;1.0;1;"Maquina 1: [0 (3), 20 (23), 59 (15), 41 (46), 14 (37), 31 (22), 36 (33), 32 (51), 18 (28), 7 (35), 5 (40), 3 (31), 34 (7), 2 (43), 17 (64), 25 (42), 8 (60), 29 (65), 9 (50), 23 (69), 33 (66), 4 (65), 44 (77), 38 (70), 21 (56), 58 (93), 52 (67), 28 (83), 26 (72), 11 (96)]";23372;"Maquina 2: [1 (41), 10 (33), 24 (6), 40 (53), 55 (14), 13 (18), 15 (23), 45 (35), 6 (11), 12 (70), 37 (29), 49 (33), 56 (37), 22 (51), 48 (38), 46 (58), 27 (61), 42 (65), 57 (81), 50 (44), 35 (64), 51 (47), 53 (70), 47 (66), 19 (65), 54 (68), 39 (77), 16 (85), 43 (94), 30 (99)]";24223
GRASP;60;2;46961;38.0;10;"Maquina 1: [24 (6), 55 (14), 13 (18), 36 (33), 6 (11), 31 (22), 15 (23), 56 (37), 3 (31), 10 (33), 5 (40), 39 (77), 29 (65), 9 (50), 25 (42), 27 (61), 12 (70), 46 (58), 48 (38), 22 (51), 21 (56), 19 (65), 23 (69), 28 (83), 16 (85), 53 (70), 33 (66), 58 (93), 42 (65), 11 (96)]";24564;"Maquina 2: [0 (3), 20 (23), 37 (29), 18 (28), 7 (35), 59 (15), 4 (65), 2 (43), 49 (33), 41 (46), 14 (37), 34 (7), 45 (35), 32 (51), 1 (41), 17 (64), 35 (64), 8 (60), 51 (47), 52 (67), 57 (81), 38 (70), 50 (44), 47 (66), 26 (72), 40 (53), 54 (68), 43 (94), 44 (77), 30 (99)]";22397
LNS;60;2;46206;6.0;10;"Maquina 1: [0 (3), 20 (23), 59 (15), 41 (46), 14 (37), 31 (22), 36 (33), 32 (51), 18 (28), 7 (35), 5 (40), 3 (31), 34 (7), 2 (43), 17 (64), 25 (42), 8 (60), 29 (65), 9 (50), 23 (69), 33 (66), 4 (65), 44 (77), 38 (70), 21 (56), 58 (93), 52 (67), 28 (83), 26 (72), 11 (96)]";23372;"Maquina 2: [50 (44), 10 (33), 24 (6), 40 (53), 55 (14), 13 (18), 47 (66), 45 (35), 6 (11), 12 (70), 37 (29), 49 (33), 56 (37), 22 (51), 48 (38), 46 (58), 27 (61), 42 (65), 15 (23), 1 (41), 19 (65), 51 (47), 53 (70), 57 (81), 35 (64), 54 (68), 39 (77), 43 (94), 16 (85), 30 (99)]";22834
TABÚ;60;2;47015;14.0;10;"Maquina 1: [24 (6), 55 (14), 14 (37), 34 (7), 15 (23), 20 (23), 31 (22), 3 (31), 50 (44), 18 (28), 7 (35), 56 (37), 19 (65), 51 (47), 25 (42), 47 (66), 45 (35), 6 (11), 32 (51), 41 (46), 29 (65), 12 (70), 4 (65), 16 (85), 57 (81), 35 (64), 8 (60), 43 (94), 52 (67), 53 (70), 58 (93)]";23556;"Maquina 2: [13 (18), 0 (3), 9 (50), 48 (38), 22 (51), 21 (56), 59 (15), 10 (33), 5 (40), 36 (33), 46 (58), 37 (29), 49 (33), 2 (43), 40 (53), 1 (41), 17 (64), 23 (69), 27 (61), 42 (65), 44 (77), 38 (70), 33 (66), 26 (72), 11 (96), 54 (68), 39 (77), 28 (83), 30 (99)]";23459
VNS;60;2;46865;581.0;10;"Maquina 1: [15 (23), 20 (23), 59 (15), 41 (46), 14 (37), 31 (22), 36 (33), 32 (51), 18 (28), 7 (35), 5 (40), 3 (31), 34 (7), 2 (43), 17 (64), 25 (42), 8 (60), 29 (65), 9 (50), 23 (69), 33 (66), 4 (65), 44 (77), 38 (70), 21 (56), 58 (93), 52 (67), 28 (83), 26 (72), 11 (96)]";24378;"Maquina 2: [1 (41), 10 (33), 24 (6), 40 (53), 55 (14), 13 (18), 0 (3), 45 (35), 6 (11), 12 (70), 37 (29), 49 (33), 56 (37), 22 (51), 48 (38), 46 (58), 27 (61), 42 (65), 57 (81), 50 (44), 35 (64), 51 (47), 53 (70), 47 (66), 19 (65), 54 (68), 39 (77), 16 (85), 43 (94), 30 (99)]";22487
Multiarranque;60;2;47171;58.0;10;"Maquina 1: [49 (33), 56 (37), 6 (11), 15 (23), 59 (15), 10 (33), 51 (47), 18 (28), 20 (23), 37 (29), 22 (51), 34 (7), 5 (40), 31 (22), 3 (31), 50 (44), 48 (38), 46 (58), 0 (3), 9 (50), 33 (66), 26 (72), 40 (53), 28 (83), 29 (65), 4 (65), 1 (41), 57 (81), 8 (60), 30 (99), 11 (96), 16 (85)]";23997;"Maquina 2: [55 (14), 13 (18), 14 (37), 7 (35), 12 (70), 24 (6), 45 (35), 27 (61), 25 (42), 42 (65), 44 (77), 36 (33), 32 (51), 35 (64), 21 (56), 2 (43), 52 (67), 53 (70), 47 (66), 23 (69), 39 (77), 58 (93), 19 (65), 38 (70), 41 (46), 54 (68), 17 (64), 43 (94)]";23174
GREEDY;60;2;44151;0.0;1;"Maquina 1: [30 (3), 15 (27), 4 (2), 24 (5), 20 (17), 49 (33), 52 (23), 25 (12), 56 (19), 11 (38), 27 (8), 57 (56), 26 (27), 3 (66), 35 (10), 55 (43), 22 (42), 12 (79), 38 (44), 39 (73), 33 (49), 51 (68), 58 (64), 8 (67), 32 (86), 14 (74), 16 (87), 45 (98), 34 (76), 31 (91), 44 (94)]";22730;"Maquina 2: [28 (4), 47 (18), 6 (27), 21 (27), 19 (3), 2 (6), 0 (12), 46 (8), 41 (23), 43 (16), 23 (29), 1 (74), 53 (33), 37 (49), 36 (39), 59 (75), 40 (45), 7 (51), 10 (65), 17 (71), 9 (89), 5 (98), 18 (78), 54 (67), 50 (81), 13 (66), 29 (94), 48 (43), 42 (86)]";21421
GRASP;60;2;41149;34.0;10;"Maquina 1: [49 (33), 4 (2), 28 (4), 24 (5), 30 (3), 40 (45), 15 (27), 27 (8), 43 (16), 52 (23), 35 (10), 48 (43), 57 (56), 10 (65), 14 (74), 26 (27), 55 (43), 22 (42), 53 (33), 36 (39), 51 (68), 7 (51), 8 (67), 54 (67), 32 (86), 16 (87), 39 (73), 31 (91), 9 (89), 12 (79), 5 (98)]";21045;"Maquina 2: [2 (6), 0 (12), 46 (8), 41 (23), 20 (17), 47 (18), 6 (27), 19 (3), 25 (12), 56 (19), 23 (29), 21 (27), 34 (76), 38 (44), 11 (38), 29 (94), 59 (75), 37 (49), 50 (81), 33 (49), 13 (66), 3 (66), 44 (94), 17 (71), 58 (64), 18 (78), 42 (86), 45 (98), 1 (74)]";20104
LNS;60;2;43901;6.0;10;"Maquina 1: [30 (3), 15 (27), 4 (2), 24 (5), 20 (17), 49 (33), 52 (23), 25 (12), 56 (19), 11 (38), 27 (8), 57 (56), 26 (27), 3 (66), 35 (10), 55 (43), 22 (42), 12 (79), 38 (44), 39 (73), 33 (49), 51 (68), 58 (64), 8 (67), 32 (86), 14 (74), 16 (87), 45 (98), 34 (76), 31 (91), 44 (94)]";22730;"Maquina 2: [28 (4), 47 (18), 6 (27), 21 (27), 7 (51), 2 (6), 0 (12), 46 (8), 41 (23), 43 (16), 23 (29), 1 (74), 53 (33), 37 (49), 36 (39), 59 (75), 40 (45), 19 (3), 10 (65), 17 (71), 9 (89), 5 (98), 18 (78), 54 (67), 50 (81), 13 (66), 29 (94), 48 (43), 42 (86)]";21171
TABÚ;60;2;41250;16.0;10;"Maquina 1: [15 (27), 4 (2), 2 (6), 43 (16), 52 (23), 35 (10), 41 (23), 24 (5), 30 (3), 47 (18), 12 (79), 49 (33), 6 (27), 37 (49), 36 (39), 22 (42), 53 (33), 1 (74), 58 (64), 18 (78), 33 (49), 51 (68), 7 (51), 14 (74), 16 (87), 39 (73), 50 (81), 48 (43), 9 (89), 5 (98), 59 (75)]";20518;"Maquina 2: [26 (27), 0 (12), 21 (27), 27 (8), 11 (38), 46 (8), 10 (65), 28 (4), 19 (3), 25 (12), 20 (17), 23 (29), 56 (19), 55 (43), 54 (67), 57 (56), 17 (71), 8 (67), 31 (91), 38 (44), 32 (86), 40 (45), 13 (66), 3 (66), 44 (94), 42 (86), 45 (98), 29 (94), 34 (76)]";20732
VNS;60;2;43021;703.0;10;"Maquina 1: [30 (3), 19 (3), 15 (27), 4 (2), 24 (5), 20 (17), 49 (33), 52 (23), 25 (12), 56 (19), 11 (38), 27 (8), 57 (56), 26 (27), 3 (66), 35 (10), 55 (43), 22 (42), 12 (79), 18 (78), 39 (73), 33 (49), 51 (68), 58 (64), 8 (67), 32 (86), 14 (74), 16 (87), 45 (98), 34 (76), 31 (91), 44 (94)]";23708;"Maquina 2: [28 (4), 47 (18), 6 (27), 21 (27), 2 (6), 0 (12), 46 (8), 41 (23), 43 (16), 23 (29), 1 (74), 53 (33), 37 (49), 36 (39), 59 (75), 40 (45), 7 (51), 10 (65), 17 (71), 9 (89), 5 (98), 38 (44), 54 (67), 50 (81), 13 (66), 29 (94), 48 (43), 42 (86)]";19313
Multiarranque;60;2;42760;64.0;10;"Maquina 1: [20 (17), 28 (4), 36 (39), 21 (27), 10 (65), 14 (74), 49 (33), 6 (27), 11 (38), 27 (8), 57 (56), 26 (27), 55 (43), 43 (16), 23 (29), 59 (75), 42 (86), 39 (73), 33 (49), 13 (66), 3 (66), 51 (68), 9 (89), 17 (71), 29 (94), 1 (74), 16 (87), 45 (98)]";21467;"Maquina 2: [35 (10), 52 (23), 41 (23), 24 (5), 30 (3), 47 (18), 25 (12), 56 (19), 53 (33), 15 (27), 19 (3), 4 (2), 38 (44), 54 (67), 0 (12), 46 (8), 7 (51), 2 (6), 22 (42), 40 (45), 32 (86), 37 (49), 58 (64), 8 (67), 18 (78), 50 (81), 48 (43), 12 (79), 5 (98), 44 (94), 34 (76), 31 (91)]";21293
GREEDY;60;2;51391;0.0;1;"Maquina 1: [51 (11), 9 (51), 18 (43), 13 (7), 52 (22), 6 (35), 41 (42), 26 (44), 11 (50), 33 (2), 21 (29), 58 (48), 2 (52), 47 (52), 17 (61), 53 (45), 39 (62), 32 (40), 14 (70), 10 (65), 8 (90), 3 (83), 19 (56), 46 (78), 44 (90), 55 (83), 56 (75), 42 (74), 12 (92), 37 (98)]";25358;"Maquina 2: [49 (4), 23 (33), 29 (53), 22 (10), 4 (13), 50 (50), 15 (37), 20 (43), 48 (51), 16 (43), 1 (45), 31 (48), 43 (98), 38 (49), 25 (41), 36 (62), 27 (24), 57 (60), 7 (52), 40 (77), 24 (68), 28 (90), 34 (93), 30 (83), 45 (74), 35 (71), 5 (82), 54 (62), 0 (91), 59 (83)]";26033
GRASP;60;2;49442;37.0;10;"Maquina 1: [53 (45), 51 (11), 27 (24), 11 (50), 33 (2), 13 (7), 17 (61), 18 (43), 49 (4), 24 (68), 6 (35), 57 (60), 32 (40), 36 (62), 38 (49), 15 (37), 10 (65), 14 (70), 26 (44), 40 (77), 31 (48), 56 (75), 47 (52), 2 (52), 5 (82), 8 (90), 55 (83), 30 (83), 37 (98), 44 (90)]";24417;"Maquina 2: [29 (53), 22 (10), 4 (13), 52 (22), 25 (41), 41 (42), 7 (52), 19 (56), 16 (43), 23 (33), 21 (29), 20 (43), 58 (48), 45 (74), 50 (50), 39 (62), 59 (83), 1 (45), 48 (51), 3 (83), 9 (51), 28 (90), 35 (71), 12 (92), 54 (62), 0 (91), 42 (74), 34 (93), 46 (78), 43 (98)]";25025
LNS;60;2;51391;6.0;10;"Maquina 1: [51 (11), 9 (51), 18 (43), 13 (7), 52 (22), 6 (35), 41 (42), 26 (44), 11 (50), 33 (2), 21 (29), 58 (48), 2 (52), 47 (52), 17 (61), 53 (45), 39 (62), 32 (40), 14 (70), 10 (65), 8 (90), 3 (83), 19 (56), 46 (78), 44 (90), 55 (83), 56 (75), 42 (74), 12 (92), 37 (98)]";25358;"Maquina 2: [49 (4), 23 (33), 29 (53), 22 (10), 4 (13), 50 (50), 15 (37), 20 (43), 48 (51), 16 (43), 1 (45), 31 (48), 43 (98), 38 (49), 25 (41), 36 (62), 27 (24), 57 (60), 7 (52), 40 (77), 24 (68), 28 (90), 34 (93), 30 (83), 45 (74), 35 (71), 5 (82), 54 (62), 0 (91), 59 (83)]";26033
TABÚ;60;2;51235;15.0;10;"Maquina 1: [23 (33), 49 (4), 51 (11), 27 (24), 11 (50), 13 (7), 32 (40), 17 (61), 36 (62), 38 (49), 18 (43), 59 (83), 1 (45), 47 (52), 39 (62), 31 (48), 20 (43), 7 (52), 24 (68), 19 (56), 46 (78), 37 (98), 58 (48), 43 (98), 56 (75), 45 (74), 35 (71), 8 (90), 55 (83), 0 (91)]";26171;"Maquina 2: [29 (53), 22 (10), 4 (13), 52 (22), 6 (35), 15 (37), 16 (43), 41 (42), 33 (2), 48 (51), 21 (29), 9 (51), 53 (45), 14 (70), 26 (44), 25 (41), 50 (50), 2 (52), 5 (82), 54 (62), 28 (90), 34 (93), 42 (74), 57 (60), 10 (65), 40 (77), 3 (83), 12 (92), 44 (90), 30 (83)]";25064
VNS;60;2;51315;981.0;10;"Maquina 1: [51 (11), 9 (51), 18 (43), 13 (7), 52 (22), 6 (35), 41 (42), 26 (44), 11 (50), 33 (2), 21 (29), 58 (48), 2 (52), 47 (52), 17 (61), 53 (45), 39 (62), 32 (40), 14 (70), 10 (65), 8 (90), 57 (60), 19 (56), 46 (78), 44 (90), 55 (83), 56 (75), 42 (74), 12 (92), 37 (98)]";25145;"Maquina 2: [49 (4), 23 (33), 29 (53), 22 (10), 4 (13), 50 (50), 15 (37), 20 (43), 48 (51), 16 (43), 1 (45), 31 (48), 43 (98), 38 (49), 25 (41), 36 (62), 27 (24), 3 (83), 7 (52), 40 (77), 24 (68), 28 (90), 34 (93), 30 (83), 45 (74), 35 (71), 5 (82), 54 (62), 0 (91), 59 (83)]";26170
Multiarranque;60;2;51101;57.0;10;"Maquina 1: [22 (10), 42 (74), 52 (22), 53 (45), 51 (11), 26 (44), 4 (13), 50 (50), 59 (83), 31 (48), 20 (43), 36 (62), 21 (29), 58 (48), 13 (7), 55 (83), 2 (52), 1 (45), 3 (83), 18 (43), 10 (65), 34 (93), 56 (75), 14 (70), 28 (90), 57 (60), 35 (71), 44 (90), 43 (98), 8 (90)]";25618;"Maquina 2: [9 (51), 27 (24), 11 (50), 33 (2), 6 (35), 25 (41), 41 (42), 32 (40), 48 (51), 38 (49), 15 (37), 16 (43), 23 (33), 29 (53), 39 (62), 49 (4), 24 (68), 19 (56), 46 (78), 54 (62), 0 (91), 7 (52), 30 (83), 37 (98), 45 (74), 12 (92), 47 (52), 17 (61), 5 (82), 40 (77)]";25483
