GREEDY;40;6;8797;0.0;1;"Maquina 1: [1 (2), 30 (71), 13 (57), 19 (52), 4 (23), 7 (99), 24 (83)]";1620;"Maquina 2: [25 (2), 28 (25), 34 (34), 15 (53), 17 (83), 16 (68), 11 (91)]";1503;"Maquina 3: [5 (11), 3 (29), 32 (57), 18 (68), 8 (44), 20 (92), 6 (81)]";1470;"Maquina 4: [38 (50), 27 (15), 0 (61), 22 (29), 31 (78), 33 (89)]";1424;"Maquina 5: [12 (16), 39 (57), 26 (32), 10 (53), 37 (84), 14 (77)]";1268;"Maquina 6: [21 (18), 2 (50), 29 (32), 35 (53), 9 (83), 36 (68), 23 (91)]";1512
GRASP;40;6;8228;16.0;10;"Maquina 1: [29 (32), 25 (2), 12 (16), 4 (23), 2 (50), 20 (92), 13 (57)]";1054;"Maquina 2: [22 (29), 3 (29), 15 (53), 18 (68), 17 (83), 23 (91)]";1190;"Maquina 3: [8 (44), 30 (71), 5 (11), 28 (25), 38 (50), 6 (81), 16 (68)]";1460;"Maquina 4: [39 (57), 0 (61), 11 (91), 26 (32), 10 (53), 24 (83), 7 (99)]";2098;"Maquina 5: [21 (18), 19 (52), 34 (34), 31 (78), 37 (84), 14 (77), 33 (89)]";1605;"Maquina 6: [1 (2), 27 (15), 36 (68), 35 (53), 9 (83), 32 (57)]";821
LNS;40;6;8747;0.0;10;"Maquina 1: [1 (2), 30 (71), 13 (57), 19 (52), 4 (23), 7 (99), 24 (83)]";1620;"Maquina 2: [25 (2), 28 (25), 34 (34), 15 (53), 17 (83), 16 (68), 11 (91)]";1503;"Maquina 3: [5 (11), 3 (29), 32 (57), 18 (68), 8 (44), 20 (92), 6 (81)]";1470;"Maquina 4: [38 (50), 27 (15), 0 (61), 22 (29), 31 (78), 33 (89)]";1424;"Maquina 5: [26 (32), 39 (57), 12 (16), 10 (53), 37 (84), 14 (77)]";1218;"Maquina 6: [21 (18), 2 (50), 29 (32), 35 (53), 9 (83), 36 (68), 23 (91)]";1512
TABÚ;40;6;8482;7.0;10;"Maquina 1: [5 (11), 34 (34), 22 (29), 12 (16), 9 (83), 32 (57), 7 (99)]";1310;"Maquina 2: [1 (2), 10 (53), 2 (50), 11 (91), 28 (25), 14 (77), 20 (92)]";1526;"Maquina 3: [25 (2), 33 (89), 15 (53), 24 (83), 30 (71), 13 (57), 19 (52)]";1678;"Maquina 4: [38 (50), 27 (15), 3 (29), 31 (78), 17 (83), 37 (84)]";1307;"Maquina 5: [0 (61), 4 (23), 8 (44), 16 (68), 39 (57), 6 (81)]";1289;"Maquina 6: [35 (53), 29 (32), 21 (18), 26 (32), 18 (68), 36 (68), 23 (91)]";1372
VNS;40;6;8537;412.0;10;"Maquina 1: [1 (2), 30 (71), 13 (57), 19 (52), 4 (23), 7 (99), 24 (83)]";1620;"Maquina 2: [25 (2), 28 (25), 0 (61), 15 (53), 17 (83), 16 (68), 11 (91)]";1560;"Maquina 3: [5 (11), 3 (29), 32 (57), 18 (68), 8 (44), 20 (92), 6 (81)]";1470;"Maquina 4: [38 (50), 27 (15), 34 (34), 22 (29), 31 (78), 33 (89)]";1162;"Maquina 5: [12 (16), 39 (57), 10 (53), 26 (32), 37 (84), 14 (77)]";1213;"Maquina 6: [21 (18), 2 (50), 29 (32), 35 (53), 9 (83), 36 (68), 23 (91)]";1512
Multiarranque;40;6;8447;18.0;10;"Maquina 1: [24 (83), 22 (29), 13 (57), 6 (81), 18 (68), 11 (91)]";1676;"Maquina 2: [26 (32), 27 (15), 34 (34), 29 (32), 39 (57), 23 (91), 37 (84)]";1191;"Maquina 3: [2 (50), 30 (71), 32 (57), 19 (52), 14 (77), 7 (99)]";1573;"Maquina 4: [12 (16), 3 (29), 15 (53), 10 (53), 16 (68), 4 (23), 20 (92)]";1391;"Maquina 5: [1 (2), 25 (2), 35 (53), 9 (83), 36 (68), 33 (89), 31 (78)]";1340;"Maquina 6: [21 (18), 5 (11), 28 (25), 38 (50), 0 (61), 17 (83), 8 (44)]";1276
GREEDY;40;6;9347;0.0;1;"Maquina 1: [3 (20), 9 (1), 29 (53), 37 (34), 15 (63), 1 (98), 35 (79)]";1757;"Maquina 2: [23 (2), 38 (59), 10 (38), 19 (23), 12 (63), 13 (98), 39 (79)]";1797;"Maquina 3: [28 (2), 20 (28), 4 (34), 7 (60), 34 (42), 32 (88), 16 (73)]";1486;"Maquina 4: [25 (28), 11 (33), 31 (4), 0 (61), 33 (74), 5 (91), 26 (46)]";1641;"Maquina 5: [2 (7), 21 (34), 17 (30), 8 (68), 14 (81), 22 (59)]";1325;"Maquina 6: [27 (32), 24 (11), 36 (59), 6 (71), 18 (37), 30 (85)]";1341
GRASP;40;6;7227;15.0;10;"Maquina 1: [28 (2), 25 (28), 31 (4), 24 (11), 16 (73), 32 (88), 8 (68)]";862;"Maquina 2: [3 (20), 9 (1), 26 (46), 7 (60), 18 (37), 30 (85), 1 (98)]";1456;"Maquina 3: [20 (28), 23 (2), 29 (53), 37 (34), 12 (63), 5 (91), 33 (74)]";1209;"Maquina 4: [2 (7), 27 (32), 21 (34), 6 (71), 34 (42), 0 (61), 13 (98)]";1366;"Maquina 5: [11 (33), 14 (81), 4 (34), 38 (59), 15 (63), 39 (79)]";1280;"Maquina 6: [19 (23), 10 (38), 17 (30), 22 (59), 35 (79), 36 (59)]";1054
LNS;40;6;9283;0.0;10;"Maquina 1: [3 (20), 9 (1), 29 (53), 37 (34), 15 (63), 1 (98), 35 (79)]";1757;"Maquina 2: [23 (2), 38 (59), 10 (38), 19 (23), 12 (63), 13 (98), 39 (79)]";1797;"Maquina 3: [28 (2), 20 (28), 4 (34), 32 (88), 34 (42), 7 (60), 16 (73)]";1422;"Maquina 4: [25 (28), 11 (33), 31 (4), 0 (61), 33 (74), 5 (91), 26 (46)]";1641;"Maquina 5: [2 (7), 21 (34), 17 (30), 8 (68), 14 (81), 22 (59)]";1325;"Maquina 6: [27 (32), 24 (11), 36 (59), 6 (71), 18 (37), 30 (85)]";1341
TABÚ;40;6;7563;6.0;10;"Maquina 1: [28 (2), 10 (38), 20 (28), 37 (34), 17 (30), 13 (98), 8 (68)]";1329;"Maquina 2: [9 (1), 26 (46), 31 (4), 24 (11), 35 (79), 22 (59), 39 (79)]";1197;"Maquina 3: [3 (20), 2 (7), 4 (34), 21 (34), 6 (71), 34 (42), 30 (85)]";1178;"Maquina 4: [23 (2), 29 (53), 25 (28), 12 (63), 16 (73), 1 (98), 38 (59)]";1469;"Maquina 5: [11 (33), 0 (61), 15 (63), 32 (88), 36 (59), 14 (81)]";1329;"Maquina 6: [27 (32), 7 (60), 18 (37), 19 (23), 5 (91), 33 (74)]";1061
VNS;40;6;8534;402.0;10;"Maquina 1: [3 (20), 9 (1), 29 (53), 37 (34), 15 (63), 1 (98), 35 (79)]";1757;"Maquina 2: [23 (2), 38 (59), 18 (37), 19 (23), 12 (63), 7 (60), 39 (79)]";1486;"Maquina 3: [28 (2), 20 (28), 4 (34), 13 (98), 34 (42), 32 (88), 16 (73)]";1567;"Maquina 4: [25 (28), 11 (33), 31 (4), 0 (61), 33 (74), 5 (91)]";1134;"Maquina 5: [2 (7), 26 (46), 21 (34), 17 (30), 8 (68), 14 (81), 10 (38)]";1387;"Maquina 6: [27 (32), 24 (11), 22 (59), 6 (71), 36 (59), 30 (85)]";1203
Multiarranque;40;6;8078;17.0;10;"Maquina 1: [23 (2), 26 (46), 4 (34), 13 (98), 7 (60), 5 (91), 36 (59)]";1674;"Maquina 2: [22 (59), 31 (4), 39 (79), 21 (34), 14 (81), 38 (59)]";1253;"Maquina 3: [11 (33), 9 (1), 30 (85), 37 (34), 12 (63), 27 (32), 6 (71)]";1435;"Maquina 4: [20 (28), 3 (20), 2 (7), 24 (11), 16 (73), 10 (38), 35 (79)]";1004;"Maquina 5: [19 (23), 32 (88), 25 (28), 8 (68), 33 (74), 1 (98)]";1386;"Maquina 6: [18 (37), 28 (2), 17 (30), 0 (61), 15 (63), 34 (42), 29 (53)]";1326
GREEDY;40;6;7905;1.0;1;"Maquina 1: [2 (2), 19 (29), 39 (13), 18 (35), 17 (91), 33 (56), 37 (69)]";1375;"Maquina 2: [25 (14), 23 (3), 30 (25), 3 (63), 10 (35), 12 (94), 34 (49), 11 (80)]";1510;"Maquina 3: [14 (19), 31 (31), 24 (3), 36 (46), 7 (58), 27 (73)]";1048;"Maquina 4: [6 (27), 38 (3), 35 (20), 21 (40), 20 (84), 0 (58)]";1057;"Maquina 5: [28 (5), 16 (55), 1 (67), 26 (86), 32 (22), 9 (31)]";1355;"Maquina 6: [4 (6), 22 (38), 8 (63), 15 (25), 13 (48), 29 (75), 5 (97)]";1560
GRASP;40;6;6424;17.0;10;"Maquina 1: [32 (22), 2 (2), 33 (56), 37 (69), 18 (35), 22 (38), 20 (84)]";1205;"Maquina 2: [14 (19), 39 (13), 13 (48), 24 (3), 16 (55), 12 (94), 29 (75)]";1130;"Maquina 3: [35 (20), 28 (5), 36 (46), 9 (31), 0 (58), 10 (35), 1 (67)]";1095;"Maquina 4: [38 (3), 6 (27), 23 (3), 30 (25), 17 (91), 27 (73)]";698;"Maquina 5: [19 (29), 4 (6), 31 (31), 7 (58), 3 (63), 26 (86)]";879;"Maquina 6: [21 (40), 25 (14), 8 (63), 15 (25), 34 (49), 5 (97), 11 (80)]";1417
LNS;40;6;7631;1.0;10;"Maquina 1: [39 (13), 19 (29), 2 (2), 18 (35), 17 (91), 33 (56), 37 (69)]";1287;"Maquina 2: [25 (14), 23 (3), 30 (25), 3 (63), 10 (35), 12 (94), 34 (49), 11 (80)]";1510;"Maquina 3: [24 (3), 36 (46), 14 (19), 31 (31), 7 (58), 27 (73)]";862;"Maquina 4: [6 (27), 38 (3), 35 (20), 21 (40), 20 (84), 0 (58)]";1057;"Maquina 5: [28 (5), 16 (55), 1 (67), 26 (86), 32 (22), 9 (31)]";1355;"Maquina 6: [4 (6), 22 (38), 8 (63), 15 (25), 13 (48), 29 (75), 5 (97)]";1560
TABÚ;40;6;6732;10.0;10;"Maquina 1: [38 (3), 22 (38), 4 (6), 24 (3), 1 (67), 8 (63)]";803;"Maquina 2: [2 (2), 19 (29), 6 (27), 11 (80), 13 (48), 12 (94), 18 (35)]";1261;"Maquina 3: [35 (20), 28 (5), 25 (14), 7 (58), 9 (31), 0 (58), 5 (97)]";1030;"Maquina 4: [14 (19), 39 (13), 32 (22), 37 (69), 17 (91), 16 (55)]";829;"Maquina 5: [15 (25), 23 (3), 10 (35), 21 (40), 27 (73), 29 (75), 33 (56)]";1237;"Maquina 6: [30 (25), 3 (63), 34 (49), 36 (46), 31 (31), 20 (84), 26 (86)]";1572
VNS;40;6;7324;402.0;10;"Maquina 1: [2 (2), 19 (29), 39 (13), 18 (35), 17 (91), 33 (56), 37 (69)]";1375;"Maquina 2: [25 (14), 23 (3), 30 (25), 3 (63), 10 (35), 12 (94), 34 (49), 11 (80)]";1510;"Maquina 3: [21 (40), 31 (31), 28 (5), 36 (46), 9 (31), 7 (58)]";855;"Maquina 4: [4 (6), 6 (27), 38 (3), 35 (20), 14 (19), 20 (84), 0 (58)]";991;"Maquina 5: [24 (3), 16 (55), 1 (67), 26 (86), 32 (22), 27 (73)]";1279;"Maquina 6: [22 (38), 8 (63), 15 (25), 13 (48), 29 (75), 5 (97)]";1314
Multiarranque;40;6;6888;17.0;10;"Maquina 1: [33 (56), 30 (25), 15 (25), 9 (31), 27 (73), 11 (80)]";1222;"Maquina 2: [4 (6), 23 (3), 28 (5), 36 (46), 31 (31), 26 (86), 17 (91)]";1026;"Maquina 3: [32 (22), 2 (2), 19 (29), 21 (40), 16 (55), 8 (63), 1 (67)]";1186;"Maquina 4: [14 (19), 39 (13), 25 (14), 7 (58), 6 (27), 5 (97), 37 (69)]";1031;"Maquina 5: [10 (35), 34 (49), 38 (3), 35 (20), 18 (35), 22 (38), 20 (84)]";1077;"Maquina 6: [13 (48), 24 (3), 29 (75), 0 (58), 12 (94), 3 (63)]";1346
GREEDY;40;6;9632;0.0;1;"Maquina 1: [15 (47), 4 (23), 38 (5), 30 (70), 24 (55), 32 (34), 39 (90)]";1482;"Maquina 2: [37 (13), 17 (25), 11 (41), 31 (94), 10 (76), 33 (59), 34 (46)]";1629;"Maquina 3: [22 (17), 29 (25), 0 (70), 36 (43), 13 (50), 35 (86)]";1326;"Maquina 4: [26 (31), 25 (17), 3 (44), 2 (68), 16 (82), 21 (48), 14 (98)]";1879;"Maquina 5: [12 (46), 5 (33), 18 (18), 6 (55), 27 (70), 7 (93)]";1480;"Maquina 6: [9 (22), 8 (51), 28 (34), 23 (62), 1 (82), 20 (44), 19 (96)]";1836
GRASP;40;6;7826;20.0;10;"Maquina 1: [29 (25), 24 (55), 38 (5), 10 (76), 33 (59), 35 (86)]";1036;"Maquina 2: [37 (13), 17 (25), 26 (31), 23 (62), 15 (47), 16 (82), 8 (51)]";1372;"Maquina 3: [18 (18), 1 (82), 32 (34), 0 (70), 36 (43), 27 (70)]";1148;"Maquina 4: [9 (22), 12 (46), 4 (23), 13 (50), 21 (48), 11 (41), 7 (93)]";1287;"Maquina 5: [5 (33), 25 (17), 20 (44), 3 (44), 39 (90), 19 (96), 14 (98)]";1577;"Maquina 6: [22 (17), 28 (34), 6 (55), 34 (46), 2 (68), 30 (70), 31 (94)]";1406
LNS;40;6;9534;1.0;10;"Maquina 1: [15 (47), 4 (23), 38 (5), 30 (70), 24 (55), 32 (34), 39 (90)]";1482;"Maquina 2: [37 (13), 17 (25), 11 (41), 31 (94), 10 (76), 33 (59), 34 (46)]";1629;"Maquina 3: [22 (17), 29 (25), 0 (70), 36 (43), 13 (50), 35 (86)]";1326;"Maquina 4: [26 (31), 25 (17), 3 (44), 2 (68), 16 (82), 21 (48), 14 (98)]";1879;"Maquina 5: [12 (46), 18 (18), 6 (55), 5 (33), 27 (70), 7 (93)]";1382;"Maquina 6: [9 (22), 8 (51), 28 (34), 23 (62), 1 (82), 20 (44), 19 (96)]";1836
TABÚ;40;6;8315;8.0;10;"Maquina 1: [22 (17), 28 (34), 33 (59), 29 (25), 21 (48), 1 (82), 35 (86)]";1412;"Maquina 2: [24 (55), 26 (31), 11 (41), 25 (17), 7 (93), 15 (47)]";1379;"Maquina 3: [38 (5), 10 (76), 13 (50), 20 (44), 16 (82), 30 (70)]";1117;"Maquina 4: [9 (22), 23 (62), 36 (43), 5 (33), 2 (68), 8 (51), 14 (98)]";1640;"Maquina 5: [37 (13), 12 (46), 18 (18), 6 (55), 34 (46), 19 (96), 27 (70)]";1293;"Maquina 6: [4 (23), 17 (25), 32 (34), 0 (70), 31 (94), 3 (44), 39 (90)]";1474
VNS;40;6;9147;436.0;10;"Maquina 1: [15 (47), 4 (23), 38 (5), 30 (70), 5 (33), 27 (70), 14 (98)]";1366;"Maquina 2: [37 (13), 17 (25), 11 (41), 31 (94), 10 (76), 36 (43), 34 (46)]";1645;"Maquina 3: [22 (17), 20 (44), 29 (25), 0 (70), 33 (59), 13 (50), 35 (86)]";1821;"Maquina 4: [26 (31), 25 (17), 3 (44), 2 (68), 16 (82), 21 (48), 39 (90)]";1877;"Maquina 5: [12 (46), 24 (55), 18 (18), 6 (55), 32 (34), 7 (93)]";1136;"Maquina 6: [9 (22), 8 (51), 28 (34), 23 (62), 1 (82), 19 (96)]";1302
Multiarranque;40;6;8536;17.0;10;"Maquina 1: [8 (51), 38 (5), 13 (50), 26 (31), 21 (48), 32 (34), 6 (55)]";1346;"Maquina 2: [25 (17), 4 (23), 22 (17), 3 (44), 16 (82), 19 (96)]";1050;"Maquina 3: [37 (13), 9 (22), 12 (46), 0 (70), 33 (59), 1 (82), 31 (94)]";1496;"Maquina 4: [28 (34), 18 (18), 24 (55), 2 (68), 36 (43), 23 (62), 14 (98)]";1491;"Maquina 5: [17 (25), 29 (25), 15 (47), 34 (46), 30 (70), 7 (93), 10 (76)]";1648;"Maquina 6: [11 (41), 20 (44), 5 (33), 39 (90), 27 (70), 35 (86)]";1505
GREEDY;40;6;7350;0.0;1;"Maquina 1: [31 (35), 19 (2), 11 (58), 10 (25), 37 (44), 2 (80), 9 (98)]";1449;"Maquina 2: [33 (44), 18 (25), 8 (3), 36 (72), 3 (35), 22 (55), 20 (92)]";1236;"Maquina 3: [1 (4), 23 (25), 4 (30), 34 (41), 25 (48), 13 (72), 39 (90)]";1143;"Maquina 4: [15 (4), 21 (28), 28 (29), 16 (44), 5 (54), 29 (73), 12 (97)]";1406;"Maquina 5: [35 (9), 24 (41), 0 (64), 27 (28), 26 (45), 30 (84)]";1020;"Maquina 6: [7 (10), 14 (46), 6 (29), 17 (36), 32 (85), 38 (67)]";1096
GRASP;40;6;6191;18.0;10;"Maquina 1: [1 (4), 19 (2), 33 (44), 16 (44), 38 (67), 12 (97), 30 (84)]";1109;"Maquina 2: [15 (4), 7 (10), 27 (28), 31 (35), 26 (45), 36 (72), 5 (54)]";807;"Maquina 3: [35 (9), 21 (28), 6 (29), 11 (58), 10 (25), 22 (55), 9 (98)]";1010;"Maquina 4: [17 (36), 8 (3), 0 (64), 37 (44), 4 (30), 20 (92), 39 (90)]";1264;"Maquina 5: [3 (35), 28 (29), 34 (41), 29 (73), 13 (72), 2 (80)]";1072;"Maquina 6: [23 (25), 18 (25), 25 (48), 24 (41), 14 (46), 32 (85)]";929
LNS;40;6;7278;1.0;10;"Maquina 1: [31 (35), 19 (2), 11 (58), 10 (25), 37 (44), 2 (80), 9 (98)]";1449;"Maquina 2: [33 (44), 18 (25), 8 (3), 36 (72), 3 (35), 22 (55), 20 (92)]";1236;"Maquina 3: [1 (4), 4 (30), 23 (25), 34 (41), 13 (72), 25 (48), 39 (90)]";1115;"Maquina 4: [15 (4), 29 (73), 16 (44), 21 (28), 28 (29), 5 (54), 12 (97)]";1362;"Maquina 5: [35 (9), 24 (41), 0 (64), 27 (28), 26 (45), 30 (84)]";1020;"Maquina 6: [7 (10), 14 (46), 6 (29), 17 (36), 32 (85), 38 (67)]";1096
TABÚ;40;6;6476;7.0;10;"Maquina 1: [19 (2), 23 (25), 6 (29), 11 (58), 37 (44), 0 (64), 39 (90)]";1124;"Maquina 2: [17 (36), 8 (3), 24 (41), 21 (28), 13 (72), 2 (80), 9 (98)]";1259;"Maquina 3: [15 (4), 3 (35), 4 (30), 22 (55), 34 (41), 20 (92), 30 (84)]";1232;"Maquina 4: [10 (25), 16 (44), 27 (28), 32 (85), 26 (45), 38 (67)]";999;"Maquina 5: [33 (44), 18 (25), 1 (4), 5 (54), 36 (72), 12 (97)]";968;"Maquina 6: [31 (35), 7 (10), 28 (29), 35 (9), 14 (46), 25 (48), 29 (73)]";894
VNS;40;6;7019;387.0;10;"Maquina 1: [6 (29), 19 (2), 11 (58), 10 (25), 37 (44), 2 (80), 9 (98)]";1347;"Maquina 2: [33 (44), 18 (25), 8 (3), 36 (72), 3 (35), 22 (55), 32 (85)]";1251;"Maquina 3: [1 (4), 23 (25), 4 (30), 34 (41), 25 (48), 13 (72), 39 (90)]";1143;"Maquina 4: [15 (4), 21 (28), 31 (35), 16 (44), 5 (54), 29 (73), 30 (84)]";1298;"Maquina 5: [7 (10), 24 (41), 0 (64), 27 (28), 26 (45), 12 (97)]";1055;"Maquina 6: [35 (9), 14 (46), 28 (29), 17 (36), 20 (92), 38 (67)]";925
Multiarranque;40;6;6612;18.0;10;"Maquina 1: [35 (9), 37 (44), 8 (3), 15 (4), 4 (30), 20 (92), 25 (48), 24 (41)]";1170;"Maquina 2: [3 (35), 28 (29), 18 (25), 14 (46), 13 (72), 31 (35), 39 (90)]";1230;"Maquina 3: [16 (44), 23 (25), 29 (73), 36 (72), 32 (85), 12 (97)]";1302;"Maquina 4: [6 (29), 11 (58), 10 (25), 2 (80), 5 (54), 30 (84)]";1087;"Maquina 5: [7 (10), 19 (2), 33 (44), 22 (55), 26 (45), 9 (98)]";747;"Maquina 6: [1 (4), 17 (36), 27 (28), 21 (28), 34 (41), 38 (67), 0 (64)]";1076
GREEDY;40;6;5832;0.0;1;"Maquina 1: [35 (6), 0 (3), 5 (49), 39 (27), 14 (55), 10 (65), 32 (99)]";1162;"Maquina 2: [8 (3), 25 (10), 33 (45), 23 (29), 28 (55), 15 (81)]";848;"Maquina 3: [19 (14), 12 (3), 1 (22), 24 (29), 22 (60), 17 (90), 21 (51)]";966;"Maquina 4: [30 (15), 37 (4), 9 (29), 4 (42), 20 (55), 2 (71)]";807;"Maquina 5: [26 (18), 7 (5), 27 (16), 3 (52), 18 (61), 6 (31), 11 (90)]";918;"Maquina 6: [13 (5), 38 (16), 16 (40), 31 (69), 29 (19), 36 (54), 34 (95)]";1131
GRASP;40;6;4924;17.0;10;"Maquina 1: [8 (3), 35 (6), 25 (10), 6 (31), 14 (55), 36 (54), 11 (90)]";743;"Maquina 2: [12 (3), 33 (45), 9 (29), 38 (16), 34 (95), 10 (65), 32 (99)]";1113;"Maquina 3: [7 (5), 23 (29), 30 (15), 16 (40), 28 (55), 5 (49), 31 (69)]";904;"Maquina 4: [0 (3), 19 (14), 13 (5), 24 (29), 22 (60), 3 (52), 17 (90)]";716;"Maquina 5: [26 (18), 29 (19), 27 (16), 18 (61), 4 (42), 2 (71)]";726;"Maquina 6: [37 (4), 1 (22), 39 (27), 21 (51), 20 (55), 15 (81)]";722
LNS;40;6;5750;1.0;10;"Maquina 1: [35 (6), 0 (3), 5 (49), 39 (27), 14 (55), 10 (65), 32 (99)]";1162;"Maquina 2: [8 (3), 28 (55), 33 (45), 25 (10), 23 (29), 15 (81)]";773;"Maquina 3: [19 (14), 12 (3), 1 (22), 24 (29), 22 (60), 17 (90), 21 (51)]";966;"Maquina 4: [30 (15), 37 (4), 20 (55), 9 (29), 4 (42), 2 (71)]";800;"Maquina 5: [26 (18), 7 (5), 27 (16), 3 (52), 18 (61), 6 (31), 11 (90)]";918;"Maquina 6: [13 (5), 38 (16), 16 (40), 31 (69), 29 (19), 36 (54), 34 (95)]";1131
TABÚ;40;6;5545;7.0;10;"Maquina 1: [26 (18), 39 (27), 0 (3), 4 (42), 18 (61), 23 (29), 17 (90)]";1058;"Maquina 2: [8 (3), 19 (14), 1 (22), 36 (54), 16 (40), 21 (51), 34 (95)]";1004;"Maquina 3: [24 (29), 37 (4), 3 (52), 27 (16), 28 (55), 2 (71)]";783;"Maquina 4: [13 (5), 12 (3), 20 (55), 31 (69), 29 (19), 6 (31), 15 (81)]";961;"Maquina 5: [9 (29), 35 (6), 38 (16), 5 (49), 22 (60), 11 (90)]";740;"Maquina 6: [30 (15), 7 (5), 25 (10), 14 (55), 33 (45), 10 (65), 32 (99)]";999
VNS;40;6;5516;280.0;10;"Maquina 1: [0 (3), 5 (49), 39 (27), 36 (54), 10 (65), 32 (99)]";919;"Maquina 2: [8 (3), 35 (6), 25 (10), 33 (45), 23 (29), 28 (55), 15 (81)]";808;"Maquina 3: [19 (14), 12 (3), 1 (22), 24 (29), 22 (60), 17 (90), 21 (51)]";966;"Maquina 4: [30 (15), 37 (4), 9 (29), 4 (42), 20 (55), 2 (71)]";807;"Maquina 5: [26 (18), 7 (5), 27 (16), 3 (52), 18 (61), 6 (31), 11 (90)]";918;"Maquina 6: [13 (5), 38 (16), 16 (40), 31 (69), 29 (19), 14 (55), 34 (95)]";1098
Multiarranque;40;6;5281;18.0;10;"Maquina 1: [37 (4), 7 (5), 25 (10), 0 (3), 29 (19), 22 (60), 15 (81), 11 (90)]";834;"Maquina 2: [26 (18), 35 (6), 38 (16), 6 (31), 5 (49), 34 (95), 23 (29)]";867;"Maquina 3: [19 (14), 36 (54), 16 (40), 4 (42), 31 (69), 17 (90)]";989;"Maquina 4: [1 (22), 24 (29), 20 (55), 10 (65), 2 (71)]";754;"Maquina 5: [13 (5), 12 (3), 8 (3), 9 (29), 28 (55), 14 (55), 33 (45), 3 (52)]";1029;"Maquina 6: [30 (15), 27 (16), 39 (27), 21 (51), 32 (99), 18 (61)]";808
GREEDY;40;6;6095;0.0;1;"Maquina 1: [4 (23), 23 (7), 9 (2), 28 (46), 14 (67), 37 (77), 22 (98)]";1204;"Maquina 2: [8 (8), 30 (2), 20 (20), 15 (56), 27 (74), 26 (33), 29 (89)]";951;"Maquina 3: [18 (29), 3 (4), 19 (9), 11 (48), 16 (67), 36 (82)]";820;"Maquina 4: [33 (20), 7 (4), 31 (10), 6 (43), 1 (66), 32 (80), 39 (96)]";1161;"Maquina 5: [12 (5), 10 (13), 2 (27), 0 (34), 25 (56), 24 (90), 21 (76)]";1068;"Maquina 6: [38 (18), 17 (6), 34 (67), 35 (31), 13 (52), 5 (85)]";891
GRASP;40;6;5298;16.0;10;"Maquina 1: [9 (2), 7 (4), 10 (13), 11 (48), 35 (31), 18 (29), 32 (80), 29 (89)]";976;"Maquina 2: [3 (4), 20 (20), 31 (10), 14 (67), 27 (74), 36 (82)]";719;"Maquina 3: [8 (8), 30 (2), 33 (20), 19 (9), 1 (66), 25 (56), 24 (90)]";661;"Maquina 4: [12 (5), 28 (46), 26 (33), 16 (67), 15 (56), 39 (96)]";906;"Maquina 5: [38 (18), 17 (6), 4 (23), 13 (52), 0 (34), 34 (67), 37 (77)]";1028;"Maquina 6: [23 (7), 6 (43), 2 (27), 21 (76), 22 (98), 5 (85)]";1008
LNS;40;6;6095;1.0;10;"Maquina 1: [4 (23), 23 (7), 9 (2), 28 (46), 14 (67), 37 (77), 22 (98)]";1204;"Maquina 2: [8 (8), 30 (2), 20 (20), 15 (56), 27 (74), 26 (33), 29 (89)]";951;"Maquina 3: [18 (29), 3 (4), 19 (9), 11 (48), 16 (67), 36 (82)]";820;"Maquina 4: [33 (20), 7 (4), 31 (10), 6 (43), 1 (66), 32 (80), 39 (96)]";1161;"Maquina 5: [12 (5), 10 (13), 2 (27), 0 (34), 25 (56), 24 (90), 21 (76)]";1068;"Maquina 6: [38 (18), 17 (6), 34 (67), 35 (31), 13 (52), 5 (85)]";891
TABÚ;40;6;5780;7.0;10;"Maquina 1: [12 (5), 7 (4), 9 (2), 0 (34), 37 (77), 13 (52), 24 (90)]";927;"Maquina 2: [19 (9), 10 (13), 28 (46), 1 (66), 32 (80), 14 (67), 22 (98)]";1328;"Maquina 3: [30 (2), 4 (23), 35 (31), 11 (48), 16 (67), 5 (85)]";796;"Maquina 4: [17 (6), 31 (10), 18 (29), 3 (4), 38 (18), 27 (74), 36 (82)]";645;"Maquina 5: [23 (7), 6 (43), 20 (20), 15 (56), 2 (27), 39 (96), 34 (67)]";1151;"Maquina 6: [8 (8), 33 (20), 26 (33), 21 (76), 25 (56), 29 (89)]";933
VNS;40;6;5902;407.0;10;"Maquina 1: [4 (23), 23 (7), 9 (2), 0 (34), 14 (67), 37 (77), 22 (98)]";1210;"Maquina 2: [8 (8), 30 (2), 20 (20), 15 (56), 27 (74), 26 (33), 29 (89)]";951;"Maquina 3: [18 (29), 3 (4), 19 (9), 6 (43), 16 (67), 36 (82)]";769;"Maquina 4: [33 (20), 7 (4), 31 (10), 11 (48), 1 (66), 32 (80), 39 (96)]";1051;"Maquina 5: [12 (5), 10 (13), 2 (27), 28 (46), 25 (56), 24 (90), 21 (76)]";1030;"Maquina 6: [38 (18), 17 (6), 34 (67), 35 (31), 13 (52), 5 (85)]";891
Multiarranque;40;6;5736;17.0;10;"Maquina 1: [30 (2), 19 (9), 26 (33), 21 (76), 4 (23), 13 (52), 25 (56)]";1072;"Maquina 2: [3 (4), 28 (46), 6 (43), 0 (34), 39 (96), 22 (98)]";988;"Maquina 3: [35 (31), 20 (20), 15 (56), 27 (74), 29 (89)]";803;"Maquina 4: [12 (5), 8 (8), 23 (7), 33 (20), 37 (77), 11 (48), 5 (85), 36 (82)]";1170;"Maquina 5: [7 (4), 9 (2), 38 (18), 17 (6), 31 (10), 18 (29), 34 (67), 32 (80)]";631;"Maquina 6: [10 (13), 2 (27), 1 (66), 14 (67), 24 (90), 16 (67)]";1072
GREEDY;40;6;6965;1.0;1;"Maquina 1: [37 (15), 26 (2), 38 (34), 5 (29), 13 (44), 27 (74), 20 (92)]";1011;"Maquina 2: [4 (19), 35 (6), 18 (30), 10 (36), 3 (61), 31 (86), 0 (97)]";1260;"Maquina 3: [36 (6), 25 (19), 23 (32), 19 (43), 39 (91), 21 (63), 30 (99)]";1275;"Maquina 4: [11 (7), 32 (21), 34 (32), 8 (51), 14 (79), 7 (94)]";1047;"Maquina 5: [9 (12), 22 (33), 16 (23), 15 (43), 33 (98), 29 (66), 24 (89)]";1296;"Maquina 6: [17 (13), 1 (58), 2 (34), 28 (25), 12 (83), 6 (94)]";1076
GRASP;40;6;6251;16.0;10;"Maquina 1: [9 (12), 25 (19), 34 (32), 23 (32), 12 (83), 10 (36), 7 (94)]";1048;"Maquina 2: [17 (13), 32 (21), 15 (43), 5 (29), 1 (58), 20 (92), 30 (99)]";1255;"Maquina 3: [35 (6), 2 (34), 4 (19), 22 (33), 31 (86), 14 (79)]";706;"Maquina 4: [13 (44), 11 (7), 29 (66), 16 (23), 8 (51), 3 (61), 39 (91)]";1221;"Maquina 5: [37 (15), 36 (6), 18 (30), 19 (43), 27 (74), 24 (89), 0 (97)]";1161;"Maquina 6: [26 (2), 38 (34), 28 (25), 21 (63), 6 (94), 33 (98)]";860
LNS;40;6;6965;1.0;10;"Maquina 1: [37 (15), 26 (2), 38 (34), 5 (29), 13 (44), 27 (74), 20 (92)]";1011;"Maquina 2: [4 (19), 35 (6), 18 (30), 10 (36), 3 (61), 31 (86), 0 (97)]";1260;"Maquina 3: [36 (6), 25 (19), 23 (32), 19 (43), 39 (91), 21 (63), 30 (99)]";1275;"Maquina 4: [11 (7), 32 (21), 34 (32), 8 (51), 14 (79), 7 (94)]";1047;"Maquina 5: [9 (12), 22 (33), 16 (23), 15 (43), 33 (98), 29 (66), 24 (89)]";1296;"Maquina 6: [17 (13), 1 (58), 2 (34), 28 (25), 12 (83), 6 (94)]";1076
TABÚ;40;6;6212;7.0;10;"Maquina 1: [4 (19), 37 (15), 36 (6), 32 (21), 5 (29), 8 (51), 31 (86)]";750;"Maquina 2: [35 (6), 16 (23), 34 (32), 23 (32), 21 (63), 30 (99), 0 (97)]";1089;"Maquina 3: [26 (2), 10 (36), 25 (19), 15 (43), 29 (66), 1 (58), 33 (98)]";1058;"Maquina 4: [22 (33), 17 (13), 3 (61), 28 (25), 24 (89), 7 (94)]";985;"Maquina 5: [9 (12), 13 (44), 18 (30), 38 (34), 14 (79), 39 (91), 20 (92)]";1266;"Maquina 6: [11 (7), 2 (34), 19 (43), 27 (74), 6 (94), 12 (83)]";1064
VNS;40;6;6716;437.0;10;"Maquina 1: [37 (15), 26 (2), 38 (34), 5 (29), 16 (23), 13 (44), 27 (74), 0 (97)]";1224;"Maquina 2: [4 (19), 35 (6), 18 (30), 10 (36), 32 (21), 31 (86), 20 (92)]";1128;"Maquina 3: [36 (6), 34 (32), 25 (19), 23 (32), 19 (43), 39 (91), 21 (63), 30 (99)]";1403;"Maquina 4: [11 (7), 3 (61), 8 (51), 14 (79), 7 (94)]";817;"Maquina 5: [9 (12), 22 (33), 15 (43), 33 (98), 29 (66), 24 (89)]";1068;"Maquina 6: [17 (13), 1 (58), 2 (34), 28 (25), 12 (83), 6 (94)]";1076
Multiarranque;40;6;6436;17.0;10;"Maquina 1: [4 (19), 35 (6), 17 (13), 13 (44), 11 (7), 15 (43), 21 (63), 29 (66)]";1150;"Maquina 2: [32 (21), 26 (2), 5 (29), 22 (33), 3 (61), 8 (51), 31 (86)]";1003;"Maquina 3: [18 (30), 38 (34), 23 (32), 12 (83), 1 (58), 30 (99)]";1063;"Maquina 4: [34 (32), 25 (19), 37 (15), 36 (6), 16 (23), 7 (94), 19 (43), 20 (92)]";1124;"Maquina 5: [9 (12), 28 (25), 2 (34), 14 (79), 6 (94), 0 (97)]";935;"Maquina 6: [10 (36), 33 (98), 27 (74), 39 (91), 24 (89)]";1161
GREEDY;40;6;8237;1.0;1;"Maquina 1: [31 (5), 33 (46), 11 (53), 39 (24), 32 (65), 30 (74), 28 (99)]";1622;"Maquina 2: [0 (10), 35 (25), 37 (51), 29 (38), 34 (63), 13 (71), 14 (88)]";1388;"Maquina 3: [2 (14), 10 (27), 17 (62), 19 (31), 18 (50), 21 (95), 1 (74)]";1389;"Maquina 4: [6 (28), 38 (16), 24 (69), 8 (59), 15 (49), 3 (75)]";1188;"Maquina 5: [7 (17), 4 (29), 27 (50), 22 (39), 9 (64), 25 (74), 36 (98)]";1399;"Maquina 6: [20 (20), 16 (29), 12 (50), 5 (61), 26 (77), 23 (70)]";1251
GRASP;40;6;7036;17.0;10;"Maquina 1: [31 (5), 15 (49), 39 (24), 37 (51), 18 (50), 9 (64), 23 (70)]";1185;"Maquina 2: [2 (14), 10 (27), 35 (25), 5 (61), 14 (88), 28 (99)]";818;"Maquina 3: [4 (29), 29 (38), 22 (39), 8 (59), 38 (16), 36 (98), 26 (77)]";1293;"Maquina 4: [0 (10), 6 (28), 12 (50), 27 (50), 17 (62), 3 (75), 25 (74)]";1281;"Maquina 5: [20 (20), 33 (46), 13 (71), 16 (29), 1 (74), 11 (53), 21 (95)]";1426;"Maquina 6: [19 (31), 7 (17), 32 (65), 34 (63), 30 (74), 24 (69)]";1033
LNS;40;6;8182;1.0;10;"Maquina 1: [31 (5), 33 (46), 11 (53), 39 (24), 32 (65), 30 (74), 28 (99)]";1622;"Maquina 2: [0 (10), 35 (25), 13 (71), 29 (38), 34 (63), 37 (51), 14 (88)]";1376;"Maquina 3: [2 (14), 10 (27), 17 (62), 19 (31), 18 (50), 21 (95), 1 (74)]";1389;"Maquina 4: [6 (28), 38 (16), 24 (69), 15 (49), 8 (59), 3 (75)]";1147;"Maquina 5: [7 (17), 4 (29), 27 (50), 22 (39), 9 (64), 25 (74), 36 (98)]";1399;"Maquina 6: [12 (50), 16 (29), 20 (20), 5 (61), 26 (77), 23 (70)]";1249
TABÚ;40;6;7119;6.0;10;"Maquina 1: [31 (5), 32 (65), 39 (24), 6 (28), 33 (46), 9 (64), 36 (98)]";1202;"Maquina 2: [2 (14), 10 (27), 4 (29), 24 (69), 21 (95), 25 (74), 17 (62)]";1256;"Maquina 3: [0 (10), 38 (16), 16 (29), 19 (31), 37 (51), 30 (74), 8 (59)]";907;"Maquina 4: [7 (17), 23 (70), 15 (49), 34 (63), 13 (71), 14 (88)]";1258;"Maquina 5: [20 (20), 27 (50), 29 (38), 1 (74), 11 (53), 3 (75), 28 (99)]";1435;"Maquina 6: [35 (25), 22 (39), 12 (50), 18 (50), 5 (61), 26 (77)]";1061
VNS;40;6;7792;343.0;10;"Maquina 1: [31 (5), 12 (50), 11 (53), 39 (24), 32 (65), 28 (99)]";992;"Maquina 2: [0 (10), 35 (25), 37 (51), 34 (63), 13 (71), 14 (88)]";1047;"Maquina 3: [2 (14), 10 (27), 17 (62), 19 (31), 18 (50), 21 (95), 1 (74)]";1389;"Maquina 4: [6 (28), 38 (16), 16 (29), 8 (59), 15 (49), 3 (75), 30 (74)]";1294;"Maquina 5: [7 (17), 4 (29), 33 (46), 22 (39), 9 (64), 25 (74), 36 (98)]";1441;"Maquina 6: [20 (20), 24 (69), 27 (50), 29 (38), 5 (61), 26 (77), 23 (70)]";1629
Multiarranque;40;6;7563;16.0;10;"Maquina 1: [20 (20), 15 (49), 12 (50), 36 (98), 14 (88), 28 (99)]";1213;"Maquina 2: [2 (14), 16 (29), 0 (10), 27 (50), 9 (64), 21 (95), 3 (75)]";1153;"Maquina 3: [10 (27), 22 (39), 30 (74), 24 (69), 13 (71), 1 (74)]";1352;"Maquina 4: [29 (38), 35 (25), 31 (5), 32 (65), 25 (74), 37 (51), 17 (62)]";1287;"Maquina 5: [39 (24), 6 (28), 33 (46), 7 (17), 26 (77), 23 (70), 11 (53)]";1347;"Maquina 6: [4 (29), 38 (16), 19 (31), 5 (61), 18 (50), 34 (63), 8 (59)]";1211
GREEDY;40;6;9026;0.0;1;"Maquina 1: [26 (15), 27 (31), 0 (3), 2 (76), 19 (82), 1 (50), 16 (91)]";1528;"Maquina 2: [10 (17), 35 (5), 32 (28), 11 (78), 12 (48), 39 (82), 30 (91)]";1634;"Maquina 3: [28 (19), 3 (6), 38 (89), 9 (60), 21 (68), 33 (80), 8 (40)]";1454;"Maquina 4: [17 (83), 4 (6), 15 (20), 24 (41), 23 (60), 13 (78)]";1332;"Maquina 5: [20 (7), 18 (21), 25 (80), 37 (87), 5 (61), 22 (46), 34 (93)]";1787;"Maquina 6: [31 (26), 6 (10), 36 (61), 14 (79), 7 (86), 29 (46)]";1291
GRASP;40;6;7291;15.0;10;"Maquina 1: [0 (3), 24 (41), 16 (91), 3 (6), 19 (82), 23 (60), 7 (86)]";1451;"Maquina 2: [26 (15), 35 (5), 28 (19), 9 (60), 12 (48), 5 (61), 11 (78)]";890;"Maquina 3: [4 (6), 21 (68), 30 (91), 31 (26), 25 (80), 37 (87)]";1172;"Maquina 4: [32 (28), 1 (50), 20 (7), 33 (80), 2 (76), 14 (79)]";1184;"Maquina 5: [6 (10), 15 (20), 8 (40), 22 (46), 38 (89), 39 (82), 17 (83)]";1370;"Maquina 6: [10 (17), 27 (31), 18 (21), 29 (46), 36 (61), 13 (78), 34 (93)]";1224
LNS;40;6;8936;0.0;10;"Maquina 1: [26 (15), 27 (31), 0 (3), 2 (76), 19 (82), 1 (50), 16 (91)]";1528;"Maquina 2: [10 (17), 35 (5), 32 (28), 11 (78), 12 (48), 39 (82), 30 (91)]";1634;"Maquina 3: [28 (19), 3 (6), 38 (89), 9 (60), 21 (68), 33 (80), 8 (40)]";1454;"Maquina 4: [17 (83), 15 (20), 24 (41), 4 (6), 23 (60), 13 (78)]";1242;"Maquina 5: [20 (7), 18 (21), 25 (80), 37 (87), 5 (61), 22 (46), 34 (93)]";1787;"Maquina 6: [31 (26), 6 (10), 36 (61), 14 (79), 7 (86), 29 (46)]";1291
TABÚ;40;6;7958;6.0;10;"Maquina 1: [0 (3), 15 (20), 5 (61), 6 (10), 34 (93), 25 (80), 8 (40)]";1454;"Maquina 2: [35 (5), 29 (46), 23 (60), 36 (61), 14 (79), 7 (86), 38 (89)]";1702;"Maquina 3: [20 (7), 9 (60), 22 (46), 1 (50), 33 (80), 39 (82)]";1166;"Maquina 4: [4 (6), 32 (28), 31 (26), 19 (82), 28 (19), 37 (87), 11 (78)]";1147;"Maquina 5: [3 (6), 26 (15), 24 (41), 2 (76), 13 (78), 16 (91)]";1031;"Maquina 6: [10 (17), 27 (31), 17 (83), 12 (48), 18 (21), 21 (68), 30 (91)]";1458
VNS;40;6;8629;380.0;10;"Maquina 1: [20 (7), 26 (15), 27 (31), 0 (3), 2 (76), 19 (82), 1 (50), 16 (91)]";1591;"Maquina 2: [10 (17), 35 (5), 32 (28), 11 (78), 8 (40), 39 (82)]";1038;"Maquina 3: [28 (19), 3 (6), 38 (89), 9 (60), 21 (68), 33 (80), 12 (48)]";1427;"Maquina 4: [17 (83), 4 (6), 15 (20), 24 (41), 23 (60), 13 (78)]";1332;"Maquina 5: [18 (21), 25 (80), 37 (87), 5 (61), 22 (46), 34 (93)]";1426;"Maquina 6: [31 (26), 6 (10), 36 (61), 14 (79), 7 (86), 29 (46), 30 (91)]";1815
Multiarranque;40;6;7893;16.0;10;"Maquina 1: [21 (68), 4 (6), 31 (26), 34 (93), 38 (89), 19 (82)]";1395;"Maquina 2: [6 (10), 26 (15), 27 (31), 18 (21), 9 (60), 29 (46), 30 (91)]";1052;"Maquina 3: [32 (28), 10 (17), 22 (46), 5 (61), 14 (79), 7 (86)]";1127;"Maquina 4: [20 (7), 3 (6), 24 (41), 8 (40), 12 (48), 16 (91), 33 (80), 17 (83)]";1715;"Maquina 5: [0 (3), 15 (20), 37 (87), 23 (60), 13 (78), 11 (78), 36 (61)]";1486;"Maquina 6: [35 (5), 28 (19), 25 (80), 2 (76), 1 (50), 39 (82)]";1118
GREEDY;40;6;9622;0.0;1;"Maquina 1: [26 (3), 25 (12), 30 (49), 7 (34), 5 (71), 24 (89)]";1463;"Maquina 2: [8 (5), 37 (40), 35 (58), 9 (17), 32 (98), 36 (80), 23 (68)]";1498;"Maquina 3: [22 (5), 13 (41), 10 (23), 34 (63), 19 (76), 11 (90)]";1491;"Maquina 4: [6 (7), 27 (99), 2 (37), 1 (58), 21 (23), 0 (85), 12 (75)]";1813;"Maquina 5: [33 (54), 39 (10), 17 (42), 31 (24), 16 (71), 3 (99), 14 (84)]";1743;"Maquina 6: [20 (12), 4 (32), 28 (40), 29 (70), 18 (43), 38 (79), 15 (91)]";1614
GRASP;40;6;7658;16.0;10;"Maquina 1: [20 (12), 26 (3), 22 (5), 17 (42), 1 (58), 24 (89), 5 (71)]";941;"Maquina 2: [25 (12), 6 (7), 21 (23), 16 (71), 13 (41), 0 (85), 11 (90)]";1157;"Maquina 3: [33 (54), 39 (10), 37 (40), 35 (58), 15 (91), 34 (63), 38 (79)]";1549;"Maquina 4: [28 (40), 2 (37), 10 (23), 14 (84), 30 (49), 27 (99)]";1227;"Maquina 5: [31 (24), 8 (5), 3 (99), 12 (75), 19 (76), 29 (70), 32 (98)]";1660;"Maquina 6: [18 (43), 9 (17), 7 (34), 4 (32), 36 (80), 23 (68)]";1124
LNS;40;6;9622;1.0;10;"Maquina 1: [26 (3), 25 (12), 30 (49), 7 (34), 5 (71), 24 (89)]";1463;"Maquina 2: [8 (5), 37 (40), 35 (58), 9 (17), 32 (98), 36 (80), 23 (68)]";1498;"Maquina 3: [22 (5), 13 (41), 10 (23), 34 (63), 19 (76), 11 (90)]";1491;"Maquina 4: [6 (7), 27 (99), 2 (37), 1 (58), 21 (23), 0 (85), 12 (75)]";1813;"Maquina 5: [33 (54), 39 (10), 17 (42), 31 (24), 16 (71), 3 (99), 14 (84)]";1743;"Maquina 6: [20 (12), 4 (32), 28 (40), 29 (70), 18 (43), 38 (79), 15 (91)]";1614
TABÚ;40;6;8651;6.0;10;"Maquina 1: [18 (43), 7 (34), 28 (40), 10 (23), 29 (70), 0 (85), 24 (89)]";1772;"Maquina 2: [39 (10), 2 (37), 15 (91), 34 (63), 33 (54), 11 (90)]";1432;"Maquina 3: [6 (7), 26 (3), 8 (5), 35 (58), 27 (99), 5 (71), 36 (80)]";1310;"Maquina 4: [31 (24), 22 (5), 37 (40), 32 (98), 30 (49), 3 (99), 14 (84)]";1573;"Maquina 5: [20 (12), 4 (32), 13 (41), 12 (75), 38 (79), 1 (58), 23 (68)]";1454;"Maquina 6: [21 (23), 9 (17), 25 (12), 19 (76), 17 (42), 16 (71)]";1110
VNS;40;6;8666;403.0;10;"Maquina 1: [26 (3), 25 (12), 30 (49), 29 (70), 5 (71), 24 (89)]";1077;"Maquina 2: [22 (5), 37 (40), 35 (58), 9 (17), 32 (98), 36 (80), 23 (68)]";1474;"Maquina 3: [8 (5), 13 (41), 10 (23), 34 (63), 19 (76), 11 (90)]";1156;"Maquina 4: [6 (7), 27 (99), 2 (37), 1 (58), 21 (23), 0 (85), 12 (75)]";1813;"Maquina 5: [33 (54), 39 (10), 17 (42), 31 (24), 16 (71), 3 (99), 14 (84)]";1743;"Maquina 6: [20 (12), 4 (32), 28 (40), 7 (34), 18 (43), 38 (79), 15 (91)]";1403
Multiarranque;40;6;8487;17.0;10;"Maquina 1: [2 (37), 10 (23), 17 (42), 36 (80), 24 (89), 34 (63)]";1497;"Maquina 2: [9 (17), 30 (49), 19 (76), 38 (79), 1 (58), 15 (91)]";1293;"Maquina 3: [26 (3), 4 (32), 25 (12), 39 (10), 13 (41), 0 (85), 16 (71), 32 (98)]";1613;"Maquina 4: [20 (12), 21 (23), 11 (90), 33 (54), 35 (58), 14 (84)]";1295;"Maquina 5: [22 (5), 6 (7), 18 (43), 8 (5), 37 (40), 5 (71), 29 (70)]";991;"Maquina 6: [31 (24), 28 (40), 7 (34), 12 (75), 23 (68), 3 (99), 27 (99)]";1798
GREEDY;40;6;8436;0.0;1;"Maquina 1: [22 (26), 24 (3), 21 (21), 19 (37), 9 (80), 33 (69), 4 (56)]";1287;"Maquina 2: [3 (5), 0 (27), 5 (22), 36 (43), 27 (59), 20 (67), 39 (73)]";1337;"Maquina 3: [18 (22), 16 (11), 8 (50), 29 (26), 25 (63), 26 (92), 14 (71)]";1537;"Maquina 4: [10 (71), 7 (24), 32 (11), 12 (34), 28 (58), 34 (89)]";1572;"Maquina 5: [38 (31), 35 (25), 17 (19), 31 (64), 2 (72), 15 (94), 11 (44)]";1571;"Maquina 6: [13 (26), 6 (20), 30 (27), 23 (72), 37 (66), 1 (48)]";1132
GRASP;40;6;7979;16.0;10;"Maquina 1: [39 (73), 8 (50), 23 (72), 18 (22), 31 (64), 1 (48)]";1411;"Maquina 2: [3 (5), 16 (11), 12 (34), 33 (69), 35 (25), 5 (22), 10 (71)]";1129;"Maquina 3: [7 (24), 30 (27), 32 (11), 15 (94), 20 (67), 26 (92), 38 (31)]";1482;"Maquina 4: [0 (27), 22 (26), 27 (59), 17 (19), 13 (26), 25 (63), 34 (89)]";1351;"Maquina 5: [4 (56), 24 (3), 21 (21), 36 (43), 11 (44), 28 (58), 14 (71)]";1342;"Maquina 6: [6 (20), 19 (37), 9 (80), 37 (66), 29 (26), 2 (72)]";1264
LNS;40;6;8436;0.0;10;"Maquina 1: [22 (26), 24 (3), 21 (21), 19 (37), 9 (80), 33 (69), 4 (56)]";1287;"Maquina 2: [3 (5), 0 (27), 5 (22), 36 (43), 27 (59), 20 (67), 39 (73)]";1337;"Maquina 3: [18 (22), 16 (11), 8 (50), 29 (26), 25 (63), 26 (92), 14 (71)]";1537;"Maquina 4: [10 (71), 7 (24), 32 (11), 12 (34), 28 (58), 34 (89)]";1572;"Maquina 5: [38 (31), 35 (25), 17 (19), 31 (64), 2 (72), 15 (94), 11 (44)]";1571;"Maquina 6: [13 (26), 6 (20), 30 (27), 23 (72), 37 (66), 1 (48)]";1132
TABÚ;40;6;8231;6.0;10;"Maquina 1: [37 (66), 18 (22), 16 (11), 8 (50), 23 (72), 0 (27), 9 (80)]";1424;"Maquina 2: [24 (3), 28 (58), 17 (19), 14 (71), 29 (26), 34 (89), 19 (37)]";1313;"Maquina 3: [38 (31), 30 (27), 3 (5), 5 (22), 11 (44), 15 (94), 27 (59)]";1239;"Maquina 4: [6 (20), 22 (26), 20 (67), 4 (56), 7 (24), 2 (72), 31 (64)]";1543;"Maquina 5: [33 (69), 12 (34), 35 (25), 21 (21), 1 (48), 39 (73)]";1285;"Maquina 6: [32 (11), 25 (63), 13 (26), 36 (43), 10 (71), 26 (92)]";1427
VNS;40;6;7831;399.0;10;"Maquina 1: [24 (3), 13 (26), 21 (21), 19 (37), 9 (80), 33 (69), 4 (56)]";1239;"Maquina 2: [3 (5), 0 (27), 22 (26), 5 (22), 36 (43), 27 (59), 20 (67), 39 (73)]";1274;"Maquina 3: [18 (22), 16 (11), 12 (34), 29 (26), 25 (63), 26 (92), 14 (71)]";1357;"Maquina 4: [10 (71), 7 (24), 32 (11), 8 (50), 28 (58), 34 (89)]";1524;"Maquina 5: [38 (31), 35 (25), 17 (19), 31 (64), 2 (72), 15 (94), 11 (44)]";1571;"Maquina 6: [6 (20), 30 (27), 23 (72), 37 (66), 1 (48)]";866
Multiarranque;40;6;8420;17.0;10;"Maquina 1: [24 (3), 18 (22), 27 (59), 16 (11), 31 (64), 33 (69), 29 (26), 23 (72)]";1630;"Maquina 2: [12 (34), 3 (5), 25 (63), 4 (56), 7 (24), 37 (66)]";1078;"Maquina 3: [21 (21), 36 (43), 28 (58), 17 (19), 1 (48), 10 (71)]";1074;"Maquina 4: [32 (11), 13 (26), 20 (67), 19 (37), 39 (73), 15 (94)]";1601;"Maquina 5: [8 (50), 6 (20), 22 (26), 30 (27), 11 (44), 9 (80), 14 (71)]";1513;"Maquina 6: [35 (25), 5 (22), 0 (27), 38 (31), 2 (72), 34 (89), 26 (92)]";1524
GREEDY;40;6;10141;0.0;1;"Maquina 1: [5 (88), 31 (71), 10 (4), 23 (55), 25 (95), 33 (20)]";1488;"Maquina 2: [17 (5), 11 (54), 15 (25), 14 (70), 36 (83), 24 (92)]";1586;"Maquina 3: [35 (8), 1 (30), 34 (37), 19 (72), 30 (59), 20 (83), 26 (91)]";1457;"Maquina 4: [38 (12), 28 (30), 0 (38), 6 (75), 18 (97), 16 (61), 3 (90)]";1744;"Maquina 5: [29 (17), 39 (30), 8 (44), 32 (68), 7 (77), 12 (90), 21 (97)]";1894;"Maquina 6: [22 (20), 13 (35), 2 (49), 37 (99), 9 (81), 27 (61), 4 (90)]";1972
GRASP;40;6;8493;16.0;10;"Maquina 1: [17 (5), 30 (59), 9 (81), 28 (30), 31 (71), 20 (83)]";1010;"Maquina 2: [16 (61), 10 (4), 32 (68), 2 (49), 5 (88), 12 (90)]";1176;"Maquina 3: [15 (25), 29 (17), 14 (70), 36 (83), 37 (99), 21 (97), 6 (75)]";1817;"Maquina 4: [33 (20), 35 (8), 34 (37), 19 (72), 7 (77), 23 (55), 4 (90)]";1384;"Maquina 5: [0 (38), 38 (12), 39 (30), 3 (90), 8 (44), 26 (91), 25 (95)]";1567;"Maquina 6: [22 (20), 13 (35), 11 (54), 1 (30), 27 (61), 24 (92), 18 (97)]";1539
LNS;40;6;10141;0.0;10;"Maquina 1: [5 (88), 31 (71), 10 (4), 23 (55), 25 (95), 33 (20)]";1488;"Maquina 2: [17 (5), 11 (54), 15 (25), 14 (70), 36 (83), 24 (92)]";1586;"Maquina 3: [35 (8), 1 (30), 34 (37), 19 (72), 30 (59), 20 (83), 26 (91)]";1457;"Maquina 4: [38 (12), 28 (30), 0 (38), 6 (75), 18 (97), 16 (61), 3 (90)]";1744;"Maquina 5: [29 (17), 39 (30), 8 (44), 32 (68), 7 (77), 12 (90), 21 (97)]";1894;"Maquina 6: [22 (20), 13 (35), 2 (49), 37 (99), 9 (81), 27 (61), 4 (90)]";1972
TABÚ;40;6;9691;6.0;10;"Maquina 1: [38 (12), 28 (30), 5 (88), 34 (37), 19 (72), 24 (92), 21 (97)]";1553;"Maquina 2: [10 (4), 2 (49), 33 (20), 27 (61), 31 (71), 25 (95), 36 (83)]";1743;"Maquina 3: [35 (8), 8 (44), 32 (68), 1 (30), 23 (55), 4 (90), 9 (81)]";1556;"Maquina 4: [30 (59), 6 (75), 37 (99), 0 (38), 12 (90), 7 (77)]";2010;"Maquina 5: [17 (5), 39 (30), 22 (20), 15 (25), 18 (97), 14 (70), 26 (91)]";1476;"Maquina 6: [13 (35), 11 (54), 29 (17), 3 (90), 16 (61), 20 (83)]";1353
VNS;40;6;9734;398.0;10;"Maquina 1: [5 (88), 31 (71), 10 (4), 23 (55), 25 (95), 33 (20)]";1488;"Maquina 2: [17 (5), 11 (54), 14 (70), 36 (83), 24 (92)]";1195;"Maquina 3: [35 (8), 1 (30), 34 (37), 19 (72), 15 (25), 30 (59), 20 (83), 26 (91)]";1817;"Maquina 4: [38 (12), 28 (30), 0 (38), 6 (75), 18 (97), 16 (61), 3 (90)]";1744;"Maquina 5: [29 (17), 39 (30), 13 (35), 32 (68), 7 (77), 12 (90), 21 (97)]";1453;"Maquina 6: [22 (20), 8 (44), 2 (49), 37 (99), 9 (81), 27 (61), 4 (90)]";2037
Multiarranque;40;6;9842;17.0;10;"Maquina 1: [34 (37), 32 (68), 2 (49), 9 (81), 16 (61), 26 (91)]";1542;"Maquina 2: [15 (25), 31 (71), 10 (4), 38 (12), 39 (30), 6 (75), 12 (90), 30 (59)]";1877;"Maquina 3: [23 (55), 19 (72), 14 (70), 8 (44), 37 (99), 21 (97)]";1804;"Maquina 4: [13 (35), 0 (38), 35 (8), 1 (30), 25 (95), 27 (61), 18 (97)]";1550;"Maquina 5: [28 (30), 29 (17), 24 (92), 11 (54), 3 (90), 5 (88)]";1567;"Maquina 6: [33 (20), 22 (20), 20 (83), 17 (5), 4 (90), 7 (77), 36 (83)]";1502
GREEDY;40;6;8574;0.0;1;"Maquina 1: [21 (17), 19 (45), 18 (1), 26 (36), 5 (87), 4 (66), 28 (76)]";1378;"Maquina 2: [24 (17), 9 (9), 33 (31), 29 (84), 31 (39), 25 (67), 39 (93)]";1558;"Maquina 3: [10 (10), 37 (72), 32 (17), 11 (97), 8 (36), 0 (59), 36 (83)]";1496;"Maquina 4: [7 (18), 35 (38), 17 (63), 15 (13), 23 (70), 1 (86)]";1284;"Maquina 5: [38 (23), 6 (16), 34 (40), 22 (34), 14 (64), 20 (78), 13 (88)]";1522;"Maquina 6: [30 (16), 16 (37), 3 (24), 12 (56), 27 (70), 2 (86)]";1336
GRASP;40;6;7529;16.0;10;"Maquina 1: [34 (40), 18 (1), 16 (37), 24 (17), 22 (34), 23 (70), 1 (86)]";1137;"Maquina 2: [32 (17), 20 (78), 35 (38), 25 (67), 28 (76), 13 (88)]";1265;"Maquina 3: [7 (18), 19 (45), 3 (24), 26 (36), 0 (59), 39 (93), 17 (63)]";1365;"Maquina 4: [9 (9), 10 (10), 38 (23), 29 (84), 12 (56), 37 (72), 5 (87)]";1323;"Maquina 5: [8 (36), 33 (31), 4 (66), 30 (16), 11 (97), 2 (86)]";1182;"Maquina 6: [15 (13), 6 (16), 27 (70), 21 (17), 14 (64), 36 (83), 31 (39)]";1257
LNS;40;6;8574;0.0;10;"Maquina 1: [21 (17), 19 (45), 18 (1), 26 (36), 5 (87), 4 (66), 28 (76)]";1378;"Maquina 2: [24 (17), 9 (9), 33 (31), 29 (84), 31 (39), 25 (67), 39 (93)]";1558;"Maquina 3: [10 (10), 37 (72), 32 (17), 11 (97), 8 (36), 0 (59), 36 (83)]";1496;"Maquina 4: [7 (18), 35 (38), 17 (63), 15 (13), 23 (70), 1 (86)]";1284;"Maquina 5: [38 (23), 6 (16), 34 (40), 22 (34), 14 (64), 20 (78), 13 (88)]";1522;"Maquina 6: [30 (16), 16 (37), 3 (24), 12 (56), 27 (70), 2 (86)]";1336
TABÚ;40;6;7746;8.0;10;"Maquina 1: [34 (40), 24 (17), 22 (34), 25 (67), 28 (76), 12 (56), 23 (70)]";1355;"Maquina 2: [33 (31), 0 (59), 7 (18), 19 (45), 10 (10), 20 (78), 1 (86)]";1424;"Maquina 3: [30 (16), 8 (36), 15 (13), 29 (84), 31 (39), 11 (97), 13 (88)]";1447;"Maquina 4: [18 (1), 9 (9), 38 (23), 6 (16), 27 (70), 36 (83)]";667;"Maquina 5: [16 (37), 3 (24), 26 (36), 14 (64), 37 (72), 5 (87)]";1172;"Maquina 6: [32 (17), 39 (93), 21 (17), 35 (38), 4 (66), 2 (86), 17 (63)]";1681
VNS;40;6;8246;461.0;10;"Maquina 1: [21 (17), 35 (38), 19 (45), 18 (1), 26 (36), 5 (87), 4 (66), 28 (76)]";1585;"Maquina 2: [24 (17), 9 (9), 33 (31), 29 (84), 31 (39), 22 (34), 25 (67), 39 (93)]";1905;"Maquina 3: [10 (10), 37 (72), 32 (17), 11 (97), 8 (36), 0 (59), 36 (83)]";1496;"Maquina 4: [7 (18), 17 (63), 15 (13), 23 (70), 1 (86)]";841;"Maquina 5: [38 (23), 6 (16), 34 (40), 14 (64), 20 (78), 13 (88)]";1083;"Maquina 6: [30 (16), 16 (37), 3 (24), 12 (56), 27 (70), 2 (86)]";1336
Multiarranque;40;6;8444;19.0;10;"Maquina 1: [33 (31), 21 (17), 24 (17), 23 (70), 17 (63), 39 (93)]";1249;"Maquina 2: [18 (1), 10 (10), 30 (16), 8 (36), 19 (45), 7 (18), 5 (87), 29 (84)]";1367;"Maquina 3: [25 (67), 28 (76), 12 (56), 27 (70), 36 (83), 1 (86)]";1667;"Maquina 4: [34 (40), 9 (9), 15 (13), 22 (34), 32 (17), 20 (78), 13 (88)]";1280;"Maquina 5: [0 (59), 31 (39), 3 (24), 4 (66), 38 (23), 6 (16), 2 (86)]";1626;"Maquina 6: [26 (36), 35 (38), 16 (37), 14 (64), 11 (97), 37 (72)]";1255
GREEDY;40;6;9560;0.0;1;"Maquina 1: [29 (16), 23 (39), 7 (2), 21 (56), 2 (74), 5 (88)]";1437;"Maquina 2: [22 (8), 32 (18), 31 (49), 3 (31), 15 (69), 37 (79), 1 (94)]";1526;"Maquina 3: [30 (8), 4 (41), 20 (59), 27 (74), 33 (91), 16 (19)]";1416;"Maquina 4: [26 (45), 17 (10), 25 (25), 39 (32), 0 (79), 24 (63), 6 (91)]";1380;"Maquina 5: [12 (27), 19 (10), 38 (69), 34 (33), 9 (54), 36 (94), 8 (85)]";1834;"Maquina 6: [28 (16), 13 (29), 11 (74), 14 (87), 10 (39), 18 (55), 35 (96)]";1967
GRASP;40;6;7564;17.0;10;"Maquina 1: [22 (8), 13 (29), 32 (18), 26 (45), 18 (55), 0 (79), 5 (88)]";1277;"Maquina 2: [30 (8), 23 (39), 31 (49), 37 (79), 4 (41), 6 (91)]";962;"Maquina 3: [3 (31), 17 (10), 25 (25), 38 (69), 27 (74), 33 (91), 15 (69)]";1532;"Maquina 4: [19 (10), 7 (2), 34 (33), 9 (54), 2 (74), 20 (59), 36 (94)]";1353;"Maquina 5: [16 (19), 28 (16), 11 (74), 12 (27), 14 (87), 21 (56), 35 (96)]";1338;"Maquina 6: [10 (39), 39 (32), 29 (16), 1 (94), 8 (85), 24 (63)]";1102
LNS;40;6;9482;1.0;10;"Maquina 1: [29 (16), 23 (39), 2 (74), 21 (56), 7 (2), 5 (88)]";1421;"Maquina 2: [22 (8), 32 (18), 31 (49), 3 (31), 15 (69), 37 (79), 1 (94)]";1526;"Maquina 3: [30 (8), 4 (41), 20 (59), 27 (74), 33 (91), 16 (19)]";1416;"Maquina 4: [26 (45), 17 (10), 25 (25), 39 (32), 0 (79), 24 (63), 6 (91)]";1380;"Maquina 5: [12 (27), 19 (10), 38 (69), 34 (33), 9 (54), 36 (94), 8 (85)]";1834;"Maquina 6: [18 (55), 13 (29), 11 (74), 14 (87), 10 (39), 28 (16), 35 (96)]";1905
TABÚ;40;6;8141;6.0;10;"Maquina 1: [10 (39), 16 (19), 8 (85), 34 (33), 17 (10), 18 (55), 27 (74)]";1451;"Maquina 2: [19 (10), 0 (79), 30 (8), 23 (39), 36 (94), 11 (74), 21 (56)]";1422;"Maquina 3: [25 (25), 22 (8), 35 (96), 26 (45), 2 (74), 6 (91)]";1182;"Maquina 4: [24 (63), 28 (16), 31 (49), 12 (27), 14 (87), 33 (91)]";1248;"Maquina 5: [29 (16), 13 (29), 7 (2), 38 (69), 1 (94), 9 (54), 37 (79)]";1366;"Maquina 6: [32 (18), 39 (32), 4 (41), 20 (59), 3 (31), 15 (69), 5 (88)]";1472
VNS;40;6;8709;369.0;10;"Maquina 1: [29 (16), 13 (29), 7 (2), 0 (79), 2 (74), 20 (59), 5 (88)]";1457;"Maquina 2: [22 (8), 32 (18), 31 (49), 3 (31), 15 (69), 37 (79), 1 (94)]";1526;"Maquina 3: [4 (41), 30 (8), 10 (39), 16 (19), 27 (74), 33 (91)]";1197;"Maquina 4: [26 (45), 17 (10), 25 (25), 39 (32), 21 (56), 24 (63), 6 (91)]";1354;"Maquina 5: [12 (27), 19 (10), 38 (69), 34 (33), 9 (54), 36 (94), 8 (85)]";1834;"Maquina 6: [28 (16), 23 (39), 11 (74), 14 (87), 18 (55), 35 (96)]";1341
Multiarranque;40;6;8900;17.0;10;"Maquina 1: [3 (31), 1 (94), 9 (54), 16 (19), 36 (94), 21 (56)]";1584;"Maquina 2: [39 (32), 22 (8), 35 (96), 17 (10), 18 (55), 0 (79), 6 (91)]";1683;"Maquina 3: [37 (79), 4 (41), 20 (59), 25 (25), 32 (18), 8 (85)]";1407;"Maquina 4: [30 (8), 10 (39), 28 (16), 2 (74), 5 (88), 27 (74), 26 (45)]";1450;"Maquina 5: [23 (39), 34 (33), 31 (49), 29 (16), 12 (27), 38 (69), 33 (91)]";1421;"Maquina 6: [7 (2), 13 (29), 19 (10), 11 (74), 14 (87), 24 (63), 15 (69)]";1355
