GREEDY;50;4;15051;0.0;1;"Maquina 1: [38 (6), 16 (1), 24 (9), 19 (44), 18 (32), 45 (48), 25 (20), 5 (59), 36 (70), 21 (64), 31 (94), 40 (79), 2 (99)]";3622;"Maquina 2: [49 (6), 26 (2), 28 (80), 48 (9), 29 (42), 9 (28), 33 (61), 10 (71), 3 (48), 17 (65), 20 (95), 30 (99)]";3858;"Maquina 3: [35 (2), 1 (21), 15 (11), 6 (9), 27 (32), 14 (74), 41 (61), 13 (46), 44 (68), 34 (99), 47 (53), 37 (96), 12 (84)]";4155;"Maquina 4: [8 (3), 43 (28), 22 (9), 7 (54), 4 (15), 0 (70), 32 (33), 42 (62), 23 (47), 39 (76), 11 (90), 46 (97)]";3416
GRASP;50;4;13971;30.0;10;"Maquina 1: [32 (33), 15 (11), 6 (9), 45 (48), 7 (54), 26 (2), 35 (2), 23 (47), 47 (53), 39 (76), 11 (90), 2 (99), 30 (99)]";3537;"Maquina 2: [1 (21), 9 (28), 25 (20), 8 (3), 3 (48), 21 (64), 27 (32), 14 (74), 10 (71), 28 (80), 36 (70), 12 (84)]";3448;"Maquina 3: [16 (1), 24 (9), 19 (44), 38 (6), 48 (9), 29 (42), 0 (70), 42 (62), 5 (59), 41 (61), 34 (99), 31 (94), 46 (97)]";3634;"Maquina 4: [4 (15), 49 (6), 44 (68), 22 (9), 43 (28), 33 (61), 18 (32), 13 (46), 37 (96), 17 (65), 40 (79), 20 (95)]";3352
LNS;50;4;14957;2.0;10;"Maquina 1: [38 (6), 16 (1), 24 (9), 19 (44), 18 (32), 45 (48), 25 (20), 5 (59), 36 (70), 21 (64), 31 (94), 40 (79), 2 (99)]";3622;"Maquina 2: [49 (6), 26 (2), 28 (80), 48 (9), 29 (42), 9 (28), 33 (61), 10 (71), 3 (48), 17 (65), 20 (95), 30 (99)]";3858;"Maquina 3: [35 (2), 1 (21), 15 (11), 6 (9), 27 (32), 14 (74), 41 (61), 13 (46), 44 (68), 34 (99), 47 (53), 37 (96), 12 (84)]";4155;"Maquina 4: [22 (9), 43 (28), 8 (3), 7 (54), 4 (15), 0 (70), 32 (33), 42 (62), 23 (47), 39 (76), 11 (90), 46 (97)]";3322
TABÚ;50;4;14389;11.0;10;"Maquina 1: [35 (2), 48 (9), 6 (9), 16 (1), 33 (61), 29 (42), 0 (70), 9 (28), 47 (53), 5 (59), 10 (71), 30 (99), 37 (96)]";3316;"Maquina 2: [49 (6), 26 (2), 4 (15), 25 (20), 32 (33), 3 (48), 41 (61), 39 (76), 7 (54), 46 (97), 40 (79), 36 (70), 34 (99)]";4021;"Maquina 3: [22 (9), 38 (6), 1 (21), 45 (48), 27 (32), 14 (74), 21 (64), 19 (44), 2 (99), 12 (84), 44 (68), 11 (90)]";3741;"Maquina 4: [8 (3), 43 (28), 24 (9), 23 (47), 18 (32), 13 (46), 15 (11), 31 (94), 17 (65), 42 (62), 28 (80), 20 (95)]";3311
VNS;50;4;14625;692.0;10;"Maquina 1: [38 (6), 16 (1), 24 (9), 19 (44), 18 (32), 45 (48), 25 (20), 5 (59), 36 (70), 21 (64), 31 (94), 40 (79), 2 (99)]";3622;"Maquina 2: [49 (6), 26 (2), 28 (80), 48 (9), 29 (42), 9 (28), 33 (61), 32 (33), 3 (48), 17 (65), 20 (95), 30 (99)]";3436;"Maquina 3: [35 (2), 1 (21), 15 (11), 6 (9), 27 (32), 14 (74), 41 (61), 13 (46), 44 (68), 34 (99), 47 (53), 37 (96), 12 (84)]";4155;"Maquina 4: [22 (9), 43 (28), 8 (3), 7 (54), 4 (15), 0 (70), 10 (71), 42 (62), 23 (47), 39 (76), 11 (90), 46 (97)]";3412
Multiarranque;50;4;14364;35.0;10;"Maquina 1: [22 (9), 27 (32), 41 (61), 26 (2), 25 (20), 5 (59), 36 (70), 14 (74), 13 (46), 44 (68), 30 (99), 40 (79)]";3624;"Maquina 2: [35 (2), 48 (9), 6 (9), 23 (47), 4 (15), 33 (61), 43 (28), 19 (44), 47 (53), 20 (95), 28 (80), 0 (70), 46 (97)]";3643;"Maquina 3: [8 (3), 38 (6), 16 (1), 32 (33), 9 (28), 1 (21), 42 (62), 3 (48), 21 (64), 12 (84), 10 (71), 2 (99), 31 (94)]";3351;"Maquina 4: [24 (9), 15 (11), 49 (6), 29 (42), 11 (90), 18 (32), 45 (48), 7 (54), 17 (65), 37 (96), 39 (76), 34 (99)]";3746
GREEDY;50;4;22287;0.0;1;"Maquina 1: [48 (54), 10 (39), 3 (4), 35 (51), 41 (30), 20 (44), 11 (21), 13 (58), 39 (76), 24 (92), 26 (84), 27 (63), 0 (98)]";5977;"Maquina 2: [8 (41), 7 (30), 45 (22), 4 (45), 30 (11), 29 (55), 18 (77), 44 (84), 37 (51), 15 (58), 47 (65), 25 (93)]";5334;"Maquina 3: [28 (58), 43 (23), 23 (17), 5 (43), 38 (67), 40 (35), 6 (55), 21 (25), 19 (79), 1 (85), 9 (51), 33 (92)]";5292;"Maquina 4: [2 (43), 31 (19), 14 (60), 32 (24), 49 (50), 46 (51), 36 (62), 22 (34), 17 (56), 16 (73), 42 (80), 34 (93), 12 (86)]";5684
GRASP;50;4;18936;27.0;10;"Maquina 1: [41 (30), 30 (11), 39 (76), 29 (55), 9 (51), 35 (51), 5 (43), 27 (63), 49 (50), 46 (51), 47 (65), 34 (93)]";4332;"Maquina 2: [31 (19), 40 (35), 6 (55), 14 (60), 32 (24), 38 (67), 22 (34), 4 (45), 44 (84), 26 (84), 18 (77), 24 (92)]";4568;"Maquina 3: [45 (22), 3 (4), 48 (54), 10 (39), 11 (21), 36 (62), 37 (51), 8 (41), 43 (23), 2 (43), 21 (25), 12 (86), 42 (80), 1 (85)]";5233;"Maquina 4: [13 (58), 23 (17), 17 (56), 28 (58), 16 (73), 7 (30), 20 (44), 19 (79), 15 (58), 25 (93), 33 (92), 0 (98)]";4803
LNS;50;4;21841;1.0;10;"Maquina 1: [48 (54), 10 (39), 3 (4), 35 (51), 13 (58), 20 (44), 11 (21), 41 (30), 39 (76), 24 (92), 26 (84), 27 (63), 0 (98)]";5930;"Maquina 2: [8 (41), 7 (30), 45 (22), 37 (51), 30 (11), 29 (55), 18 (77), 15 (58), 4 (45), 44 (84), 47 (65), 25 (93)]";4935;"Maquina 3: [28 (58), 43 (23), 23 (17), 5 (43), 38 (67), 40 (35), 6 (55), 21 (25), 19 (79), 1 (85), 9 (51), 33 (92)]";5292;"Maquina 4: [2 (43), 31 (19), 14 (60), 32 (24), 49 (50), 46 (51), 36 (62), 22 (34), 17 (56), 16 (73), 42 (80), 34 (93), 12 (86)]";5684
TABÚ;50;4;19688;10.0;10;"Maquina 1: [40 (35), 30 (11), 2 (43), 35 (51), 13 (58), 42 (80), 27 (63), 49 (50), 4 (45), 0 (98), 1 (85), 39 (76)]";4890;"Maquina 2: [32 (24), 43 (23), 23 (17), 29 (55), 17 (56), 7 (30), 28 (58), 46 (51), 38 (67), 5 (43), 16 (73), 33 (92), 26 (84)]";5048;"Maquina 3: [21 (25), 31 (19), 8 (41), 19 (79), 20 (44), 9 (51), 12 (86), 22 (34), 10 (39), 47 (65), 6 (55), 44 (84)]";4814;"Maquina 4: [45 (22), 3 (4), 48 (54), 36 (62), 11 (21), 37 (51), 41 (30), 14 (60), 15 (58), 25 (93), 18 (77), 24 (92), 34 (93)]";4936
VNS;50;4;21547;685.0;10;"Maquina 1: [48 (54), 10 (39), 35 (51), 41 (30), 20 (44), 11 (21), 13 (58), 39 (76), 24 (92), 26 (84), 27 (63), 0 (98)]";5427;"Maquina 2: [8 (41), 7 (30), 3 (4), 45 (22), 4 (45), 30 (11), 29 (55), 18 (77), 44 (84), 15 (58), 47 (65), 25 (93)]";4335;"Maquina 3: [28 (58), 43 (23), 23 (17), 5 (43), 37 (51), 38 (67), 40 (35), 6 (55), 21 (25), 19 (79), 1 (85), 9 (51), 33 (92)]";6101;"Maquina 4: [2 (43), 31 (19), 14 (60), 32 (24), 49 (50), 46 (51), 36 (62), 22 (34), 17 (56), 16 (73), 42 (80), 34 (93), 12 (86)]";5684
Multiarranque;50;4;19563;32.0;10;"Maquina 1: [32 (24), 43 (23), 5 (43), 3 (4), 45 (22), 37 (51), 49 (50), 6 (55), 14 (60), 34 (93), 13 (58), 0 (98), 18 (77)]";4939;"Maquina 2: [23 (17), 31 (19), 40 (35), 11 (21), 29 (55), 4 (45), 9 (51), 46 (51), 44 (84), 16 (73), 39 (76), 24 (92), 1 (85)]";4978;"Maquina 3: [41 (30), 30 (11), 20 (44), 12 (86), 7 (30), 26 (84), 48 (54), 15 (58), 2 (43), 35 (51), 38 (67), 19 (79)]";4789;"Maquina 4: [22 (34), 17 (56), 28 (58), 10 (39), 21 (25), 47 (65), 36 (62), 8 (41), 27 (63), 42 (80), 25 (93), 33 (92)]";4857
GREEDY;50;4;16984;0.0;1;"Maquina 1: [15 (43), 2 (4), 16 (17), 24 (12), 46 (53), 39 (28), 18 (48), 29 (21), 35 (51), 25 (64), 13 (78), 28 (94), 47 (86)]";4486;"Maquina 2: [40 (14), 17 (50), 11 (10), 30 (13), 37 (27), 6 (44), 43 (31), 12 (42), 1 (53), 41 (78), 32 (55), 20 (65), 5 (91)]";4036;"Maquina 3: [23 (10), 19 (28), 10 (53), 38 (18), 34 (34), 0 (14), 48 (45), 3 (74), 22 (42), 21 (51), 44 (92), 31 (58), 4 (81)]";4347;"Maquina 4: [14 (12), 26 (37), 36 (49), 7 (14), 27 (92), 8 (23), 49 (56), 33 (52), 42 (69), 45 (43), 9 (79)]";4115
GRASP;50;4;15311;56.0;10;"Maquina 1: [0 (14), 29 (21), 11 (10), 12 (42), 10 (53), 41 (78), 8 (23), 49 (56), 20 (65), 33 (52), 27 (92), 44 (92), 13 (78)]";4372;"Maquina 2: [2 (4), 23 (10), 45 (43), 40 (14), 17 (50), 35 (51), 26 (37), 46 (53), 48 (45), 32 (55), 18 (48), 4 (81)]";3440;"Maquina 3: [6 (44), 24 (12), 16 (17), 43 (31), 19 (28), 1 (53), 3 (74), 7 (14), 31 (58), 15 (43), 28 (94), 9 (79)]";3501;"Maquina 4: [34 (34), 38 (18), 30 (13), 14 (12), 39 (28), 37 (27), 21 (51), 22 (42), 25 (64), 36 (49), 42 (69), 47 (86), 5 (91)]";3998
LNS;50;4;16960;4.0;10;"Maquina 1: [15 (43), 2 (4), 24 (12), 16 (17), 46 (53), 39 (28), 18 (48), 29 (21), 35 (51), 25 (64), 13 (78), 28 (94), 47 (86)]";4483;"Maquina 2: [40 (14), 17 (50), 11 (10), 30 (13), 37 (27), 6 (44), 43 (31), 12 (42), 1 (53), 41 (78), 20 (65), 32 (55), 5 (91)]";4015;"Maquina 3: [23 (10), 19 (28), 10 (53), 38 (18), 34 (34), 0 (14), 48 (45), 3 (74), 22 (42), 21 (51), 44 (92), 31 (58), 4 (81)]";4347;"Maquina 4: [14 (12), 26 (37), 36 (49), 7 (14), 27 (92), 8 (23), 49 (56), 33 (52), 42 (69), 45 (43), 9 (79)]";4115
TABÚ;50;4;15958;32.0;10;"Maquina 1: [2 (4), 23 (10), 30 (13), 26 (37), 20 (65), 15 (43), 40 (14), 17 (50), 44 (92), 36 (49), 47 (86), 21 (51)]";3650;"Maquina 2: [43 (31), 14 (12), 0 (14), 46 (53), 41 (78), 8 (23), 32 (55), 45 (43), 37 (27), 31 (58), 42 (69), 35 (51)]";3589;"Maquina 3: [7 (14), 24 (12), 16 (17), 33 (52), 6 (44), 34 (34), 19 (28), 22 (42), 1 (53), 3 (74), 13 (78), 28 (94), 27 (92)]";3880;"Maquina 4: [11 (10), 12 (42), 18 (48), 38 (18), 39 (28), 48 (45), 29 (21), 10 (53), 9 (79), 5 (91), 25 (64), 49 (56), 4 (81)]";4839
VNS;50;4;16526;667.0;10;"Maquina 1: [15 (43), 2 (4), 16 (17), 24 (12), 33 (52), 39 (28), 18 (48), 29 (21), 35 (51), 25 (64), 13 (78), 28 (94), 47 (86)]";4200;"Maquina 2: [40 (14), 17 (50), 11 (10), 30 (13), 37 (27), 6 (44), 43 (31), 12 (42), 1 (53), 41 (78), 32 (55), 20 (65), 5 (91)]";4036;"Maquina 3: [23 (10), 19 (28), 10 (53), 38 (18), 34 (34), 0 (14), 48 (45), 3 (74), 22 (42), 21 (51), 44 (92), 31 (58), 4 (81)]";4347;"Maquina 4: [14 (12), 26 (37), 36 (49), 7 (14), 27 (92), 8 (23), 49 (56), 46 (53), 42 (69), 45 (43), 9 (79)]";3943
Multiarranque;50;4;16668;33.0;10;"Maquina 1: [19 (28), 0 (14), 33 (52), 15 (43), 2 (4), 40 (14), 17 (50), 18 (48), 21 (51), 48 (45), 1 (53), 3 (74), 32 (55)]";4223;"Maquina 2: [23 (10), 41 (78), 11 (10), 30 (13), 45 (43), 24 (12), 16 (17), 9 (79), 5 (91), 20 (65), 42 (69), 25 (64), 27 (92)]";4319;"Maquina 3: [34 (34), 38 (18), 7 (14), 47 (86), 12 (42), 29 (21), 6 (44), 35 (51), 14 (12), 13 (78), 28 (94), 46 (53), 22 (42)]";4505;"Maquina 4: [26 (37), 31 (58), 49 (56), 39 (28), 37 (27), 36 (49), 10 (53), 4 (81), 43 (31), 8 (23), 44 (92)]";3621
GREEDY;50;4;18145;0.0;1;"Maquina 1: [39 (10), 18 (19), 1 (5), 0 (14), 24 (40), 19 (33), 37 (61), 14 (49), 35 (51), 29 (45), 31 (66), 17 (77), 36 (82), 25 (98)]";4905;"Maquina 2: [12 (7), 49 (18), 15 (48), 4 (12), 33 (59), 41 (49), 28 (33), 8 (64), 40 (44), 6 (88), 11 (71), 43 (81)]";4500;"Maquina 3: [9 (51), 27 (15), 13 (10), 30 (48), 3 (36), 32 (12), 47 (66), 20 (24), 7 (45), 48 (77), 34 (84), 10 (62)]";4179;"Maquina 4: [42 (60), 23 (10), 38 (13), 16 (15), 2 (66), 22 (36), 44 (28), 46 (46), 5 (73), 26 (82), 21 (50), 45 (89)]";4561
GRASP;50;4;16038;28.0;10;"Maquina 1: [27 (15), 1 (5), 3 (36), 23 (10), 37 (61), 46 (46), 8 (64), 40 (44), 42 (60), 17 (77), 34 (84), 43 (81)]";4012;"Maquina 2: [38 (13), 13 (10), 18 (19), 35 (51), 32 (12), 48 (77), 28 (33), 9 (51), 7 (45), 21 (50), 10 (62), 45 (89), 26 (82), 31 (66)]";4653;"Maquina 3: [16 (15), 39 (10), 41 (49), 0 (14), 24 (40), 22 (36), 2 (66), 30 (48), 5 (73), 44 (28), 36 (82), 25 (98)]";3889;"Maquina 4: [19 (33), 20 (24), 12 (7), 49 (18), 14 (49), 15 (48), 4 (12), 29 (45), 6 (88), 11 (71), 33 (59), 47 (66)]";3484
LNS;50;4;17919;2.0;10;"Maquina 1: [39 (10), 18 (19), 1 (5), 0 (14), 24 (40), 19 (33), 37 (61), 14 (49), 35 (51), 29 (45), 31 (66), 17 (77), 36 (82), 25 (98)]";4905;"Maquina 2: [49 (18), 12 (7), 15 (48), 4 (12), 33 (59), 41 (49), 28 (33), 8 (64), 40 (44), 6 (88), 11 (71), 43 (81)]";4481;"Maquina 3: [13 (10), 27 (15), 9 (51), 30 (48), 7 (45), 32 (12), 47 (66), 20 (24), 3 (36), 48 (77), 34 (84), 10 (62)]";3972;"Maquina 4: [42 (60), 23 (10), 38 (13), 16 (15), 2 (66), 22 (36), 44 (28), 46 (46), 5 (73), 26 (82), 21 (50), 45 (89)]";4561
TABÚ;50;4;16828;11.0;10;"Maquina 1: [13 (10), 27 (15), 1 (5), 49 (18), 23 (10), 17 (77), 20 (24), 36 (82), 15 (48), 42 (60), 48 (77), 2 (66), 44 (28)]";3874;"Maquina 2: [39 (10), 18 (19), 29 (45), 8 (64), 30 (48), 14 (49), 22 (36), 37 (61), 45 (89), 9 (51), 11 (71), 5 (73)]";4104;"Maquina 3: [28 (33), 32 (12), 38 (13), 21 (50), 0 (14), 24 (40), 40 (44), 26 (82), 25 (98), 33 (59), 43 (81), 31 (66)]";3964;"Maquina 4: [12 (7), 16 (15), 19 (33), 35 (51), 34 (84), 4 (12), 46 (46), 41 (49), 7 (45), 3 (36), 10 (62), 6 (88), 47 (66)]";4886
VNS;50;4;17770;653.0;10;"Maquina 1: [39 (10), 18 (19), 1 (5), 0 (14), 24 (40), 19 (33), 37 (61), 46 (46), 35 (51), 29 (45), 31 (66), 17 (77), 36 (82), 25 (98)]";4613;"Maquina 2: [12 (7), 49 (18), 15 (48), 4 (12), 33 (59), 41 (49), 28 (33), 8 (64), 40 (44), 6 (88), 11 (71), 43 (81)]";4500;"Maquina 3: [9 (51), 27 (15), 13 (10), 30 (48), 3 (36), 32 (12), 47 (66), 20 (24), 7 (45), 48 (77), 34 (84), 10 (62)]";4179;"Maquina 4: [42 (60), 23 (10), 38 (13), 16 (15), 2 (66), 22 (36), 44 (28), 14 (49), 5 (73), 26 (82), 21 (50), 45 (89)]";4478
Multiarranque;50;4;17265;31.0;10;"Maquina 1: [39 (10), 18 (19), 1 (5), 0 (14), 24 (40), 19 (33), 37 (61), 46 (46), 35 (51), 29 (45), 31 (66), 17 (77), 36 (82), 25 (98)]";4613;"Maquina 2: [49 (18), 12 (7), 15 (48), 4 (12), 33 (59), 41 (49), 28 (33), 8 (64), 40 (44), 6 (88), 11 (71), 43 (81)]";4481;"Maquina 3: [13 (10), 27 (15), 9 (51), 30 (48), 7 (45), 32 (12), 47 (66), 20 (24), 3 (36), 48 (77), 34 (84), 10 (62)]";3972;"Maquina 4: [42 (60), 23 (10), 38 (13), 16 (15), 14 (49), 22 (36), 44 (28), 2 (66), 5 (73), 26 (82), 21 (50), 45 (89)]";4199
GREEDY;50;4;15947;0.0;1;"Maquina 1: [36 (8), 48 (2), 45 (22), 7 (34), 43 (38), 5 (49), 18 (57), 27 (82), 9 (55), 16 (64), 0 (97), 30 (89), 4 (92)]";4229;"Maquina 2: [20 (9), 13 (3), 15 (36), 34 (50), 42 (24), 1 (59), 49 (55), 22 (68), 24 (42), 32 (84), 8 (90), 35 (92)]";3707;"Maquina 3: [47 (5), 29 (13), 25 (57), 31 (42), 40 (34), 41 (22), 37 (49), 19 (55), 39 (65), 46 (79), 26 (94), 11 (90), 3 (87)]";4151;"Maquina 4: [44 (7), 6 (43), 21 (27), 2 (19), 14 (53), 33 (37), 10 (90), 38 (56), 17 (61), 28 (73), 23 (93), 12 (85)]";3860
GRASP;50;4;15707;27.0;10;"Maquina 1: [33 (37), 13 (3), 6 (43), 8 (90), 15 (36), 21 (27), 5 (49), 30 (89), 17 (61), 14 (53), 16 (64), 12 (85), 0 (97)]";4855;"Maquina 2: [44 (7), 43 (38), 49 (55), 36 (8), 40 (34), 3 (87), 37 (49), 22 (68), 27 (82), 28 (73), 38 (56), 26 (94)]";3705;"Maquina 3: [2 (19), 29 (13), 47 (5), 42 (24), 25 (57), 31 (42), 34 (50), 39 (65), 9 (55), 32 (84), 4 (92), 23 (93)]";3261;"Maquina 4: [48 (2), 20 (9), 41 (22), 45 (22), 24 (42), 19 (55), 1 (59), 7 (34), 46 (79), 18 (57), 35 (92), 11 (90), 10 (90)]";3886
LNS;50;4;15947;1.0;10;"Maquina 1: [36 (8), 48 (2), 45 (22), 7 (34), 43 (38), 5 (49), 18 (57), 27 (82), 9 (55), 16 (64), 0 (97), 30 (89), 4 (92)]";4229;"Maquina 2: [20 (9), 13 (3), 15 (36), 34 (50), 42 (24), 1 (59), 49 (55), 22 (68), 24 (42), 32 (84), 8 (90), 35 (92)]";3707;"Maquina 3: [47 (5), 29 (13), 25 (57), 31 (42), 40 (34), 41 (22), 37 (49), 19 (55), 39 (65), 46 (79), 26 (94), 11 (90), 3 (87)]";4151;"Maquina 4: [44 (7), 6 (43), 21 (27), 2 (19), 14 (53), 33 (37), 10 (90), 38 (56), 17 (61), 28 (73), 23 (93), 12 (85)]";3860
TABÚ;50;4;15597;11.0;10;"Maquina 1: [36 (8), 6 (43), 41 (22), 5 (49), 46 (79), 14 (53), 9 (55), 33 (37), 12 (85), 25 (57), 3 (87), 10 (90)]";4101;"Maquina 2: [13 (3), 44 (7), 45 (22), 2 (19), 42 (24), 19 (55), 31 (42), 48 (2), 16 (64), 35 (92), 27 (82), 4 (92), 28 (73)]";3417;"Maquina 3: [29 (13), 47 (5), 34 (50), 21 (27), 43 (38), 24 (42), 38 (56), 17 (61), 37 (49), 8 (90), 26 (94), 39 (65), 11 (90)]";4003;"Maquina 4: [20 (9), 15 (36), 1 (59), 7 (34), 40 (34), 49 (55), 22 (68), 23 (93), 18 (57), 32 (84), 0 (97), 30 (89)]";4076
VNS;50;4;15803;634.0;10;"Maquina 1: [36 (8), 48 (2), 45 (22), 7 (34), 43 (38), 5 (49), 18 (57), 27 (82), 9 (55), 16 (64), 0 (97), 30 (89), 4 (92)]";4229;"Maquina 2: [20 (9), 13 (3), 15 (36), 34 (50), 42 (24), 1 (59), 49 (55), 22 (68), 24 (42), 32 (84), 8 (90), 3 (87)]";3682;"Maquina 3: [2 (19), 29 (13), 25 (57), 31 (42), 40 (34), 41 (22), 37 (49), 19 (55), 39 (65), 46 (79), 26 (94), 11 (90), 35 (92)]";4332;"Maquina 4: [44 (7), 6 (43), 21 (27), 47 (5), 14 (53), 33 (37), 10 (90), 38 (56), 17 (61), 28 (73), 23 (93), 12 (85)]";3560
Multiarranque;50;4;15508;30.0;10;"Maquina 1: [36 (8), 47 (5), 15 (36), 41 (22), 24 (42), 19 (55), 14 (53), 1 (59), 4 (92), 17 (61), 12 (85), 26 (94), 3 (87)]";4203;"Maquina 2: [29 (13), 13 (3), 49 (55), 42 (24), 33 (37), 37 (49), 30 (89), 16 (64), 38 (56), 11 (90), 32 (84), 0 (97)]";3696;"Maquina 3: [20 (9), 2 (19), 43 (38), 31 (42), 40 (34), 34 (50), 6 (43), 28 (73), 25 (57), 8 (90), 10 (90), 35 (92)]";3852;"Maquina 4: [48 (2), 44 (7), 45 (22), 7 (34), 9 (55), 21 (27), 5 (49), 18 (57), 27 (82), 39 (65), 46 (79), 22 (68), 23 (93)]";3757
GREEDY;50;4;20401;0.0;1;"Maquina 1: [34 (17), 16 (47), 19 (2), 1 (24), 31 (70), 44 (33), 13 (43), 37 (92), 27 (68), 10 (56), 46 (75), 49 (60), 23 (96)]";4921;"Maquina 2: [43 (17), 15 (40), 36 (44), 14 (97), 26 (28), 7 (10), 20 (60), 35 (88), 18 (54), 24 (94), 28 (64), 45 (69)]";5033;"Maquina 3: [48 (19), 2 (30), 6 (45), 33 (63), 0 (40), 12 (85), 39 (14), 41 (89), 8 (52), 17 (69), 30 (95), 22 (59)]";4809;"Maquina 4: [9 (37), 5 (15), 38 (21), 47 (27), 25 (43), 11 (62), 29 (47), 3 (58), 32 (73), 40 (89), 4 (69), 21 (95), 42 (97)]";5638
GRASP;50;4;19201;28.0;10;"Maquina 1: [48 (19), 12 (85), 44 (33), 39 (14), 22 (59), 25 (43), 34 (17), 29 (47), 32 (73), 40 (89), 30 (95), 14 (97)]";4349;"Maquina 2: [5 (15), 7 (10), 38 (21), 18 (54), 15 (40), 36 (44), 4 (69), 20 (60), 9 (37), 31 (70), 28 (64), 21 (95), 24 (94)]";4460;"Maquina 3: [10 (56), 47 (27), 27 (68), 26 (28), 13 (43), 8 (52), 17 (69), 49 (60), 33 (63), 0 (40), 23 (96), 37 (92)]";5195;"Maquina 4: [19 (2), 43 (17), 1 (24), 6 (45), 16 (47), 35 (88), 3 (58), 2 (30), 11 (62), 42 (97), 46 (75), 41 (89), 45 (69)]";5197
LNS;50;4;20401;2.0;10;"Maquina 1: [34 (17), 16 (47), 19 (2), 1 (24), 31 (70), 44 (33), 13 (43), 37 (92), 27 (68), 10 (56), 46 (75), 49 (60), 23 (96)]";4921;"Maquina 2: [43 (17), 15 (40), 36 (44), 14 (97), 26 (28), 7 (10), 20 (60), 35 (88), 18 (54), 24 (94), 28 (64), 45 (69)]";5033;"Maquina 3: [48 (19), 2 (30), 6 (45), 33 (63), 0 (40), 12 (85), 39 (14), 41 (89), 8 (52), 17 (69), 30 (95), 22 (59)]";4809;"Maquina 4: [9 (37), 5 (15), 38 (21), 47 (27), 25 (43), 11 (62), 29 (47), 3 (58), 32 (73), 40 (89), 4 (69), 21 (95), 42 (97)]";5638
TABÚ;50;4;19473;11.0;10;"Maquina 1: [34 (17), 7 (10), 0 (40), 47 (27), 25 (43), 8 (52), 49 (60), 11 (62), 28 (64), 21 (95), 35 (88), 4 (69)]";4702;"Maquina 2: [43 (17), 15 (40), 31 (70), 39 (14), 44 (33), 6 (45), 16 (47), 40 (89), 17 (69), 30 (95), 3 (58), 23 (96)]";4955;"Maquina 3: [19 (2), 38 (21), 18 (54), 45 (69), 48 (19), 10 (56), 36 (44), 32 (73), 20 (60), 13 (43), 37 (92), 24 (94), 12 (85)]";4694;"Maquina 4: [29 (47), 26 (28), 5 (15), 33 (63), 1 (24), 9 (37), 46 (75), 22 (59), 27 (68), 14 (97), 2 (30), 41 (89), 42 (97)]";5122
VNS;50;4;20027;530.0;10;"Maquina 1: [34 (17), 16 (47), 19 (2), 1 (24), 31 (70), 44 (33), 13 (43), 37 (92), 27 (68), 15 (40), 46 (75), 49 (60), 23 (96)]";4738;"Maquina 2: [43 (17), 10 (56), 36 (44), 14 (97), 26 (28), 7 (10), 20 (60), 35 (88), 18 (54), 24 (94), 28 (64), 45 (69)]";4842;"Maquina 3: [48 (19), 2 (30), 6 (45), 33 (63), 0 (40), 12 (85), 39 (14), 41 (89), 8 (52), 17 (69), 30 (95), 22 (59)]";4809;"Maquina 4: [9 (37), 5 (15), 38 (21), 47 (27), 25 (43), 11 (62), 29 (47), 3 (58), 32 (73), 40 (89), 4 (69), 21 (95), 42 (97)]";5638
Multiarranque;50;4;19696;31.0;10;"Maquina 1: [6 (45), 47 (27), 25 (43), 34 (17), 26 (28), 5 (15), 49 (60), 31 (70), 12 (85), 45 (69), 27 (68), 30 (95)]";4322;"Maquina 2: [7 (10), 38 (21), 18 (54), 11 (62), 36 (44), 44 (33), 3 (58), 20 (60), 9 (37), 46 (75), 41 (89), 28 (64), 42 (97)]";5009;"Maquina 3: [8 (52), 48 (19), 2 (30), 17 (69), 19 (2), 33 (63), 0 (40), 16 (47), 35 (88), 24 (94), 10 (56), 37 (92)]";4447;"Maquina 4: [29 (47), 13 (43), 43 (17), 1 (24), 15 (40), 32 (73), 39 (14), 22 (59), 23 (96), 21 (95), 4 (69), 40 (89), 14 (97)]";5918
GREEDY;50;4;16135;0.0;1;"Maquina 1: [33 (1), 3 (28), 8 (14), 48 (32), 11 (45), 10 (40), 35 (54), 24 (51), 45 (72), 34 (59), 25 (64), 16 (81), 47 (92)]";3911;"Maquina 2: [31 (7), 21 (19), 36 (40), 43 (52), 17 (35), 38 (67), 1 (29), 28 (49), 42 (60), 32 (90), 7 (56), 4 (79), 18 (99)]";4246;"Maquina 3: [40 (12), 9 (20), 13 (46), 26 (37), 27 (76), 15 (29), 29 (51), 14 (66), 5 (56), 41 (60), 19 (88), 0 (97)]";4067;"Maquina 4: [46 (30), 30 (22), 49 (13), 2 (36), 12 (44), 37 (49), 39 (53), 44 (60), 22 (72), 23 (57), 6 (81), 20 (91)]";3911
GRASP;50;4;15591;28.0;10;"Maquina 1: [31 (7), 40 (12), 9 (20), 10 (40), 37 (49), 39 (53), 15 (29), 23 (57), 38 (67), 12 (44), 16 (81), 47 (92), 18 (99)]";3969;"Maquina 2: [2 (36), 30 (22), 49 (13), 13 (46), 48 (32), 7 (56), 29 (51), 34 (59), 41 (60), 27 (76), 32 (90), 20 (91)]";3824;"Maquina 3: [33 (1), 8 (14), 3 (28), 46 (30), 44 (60), 43 (52), 17 (35), 24 (51), 28 (49), 11 (45), 14 (66), 4 (79), 6 (81)]";3612;"Maquina 4: [36 (40), 26 (37), 21 (19), 5 (56), 22 (72), 35 (54), 42 (60), 1 (29), 45 (72), 19 (88), 25 (64), 0 (97)]";4186
LNS;50;4;16050;2.0;10;"Maquina 1: [33 (1), 3 (28), 8 (14), 48 (32), 11 (45), 10 (40), 35 (54), 24 (51), 45 (72), 34 (59), 25 (64), 16 (81), 47 (92)]";3911;"Maquina 2: [31 (7), 21 (19), 36 (40), 43 (52), 17 (35), 38 (67), 1 (29), 28 (49), 42 (60), 32 (90), 4 (79), 7 (56), 18 (99)]";4244;"Maquina 3: [40 (12), 9 (20), 13 (46), 26 (37), 27 (76), 15 (29), 29 (51), 14 (66), 5 (56), 41 (60), 19 (88), 0 (97)]";4067;"Maquina 4: [2 (36), 30 (22), 49 (13), 46 (30), 12 (44), 37 (49), 39 (53), 44 (60), 22 (72), 23 (57), 6 (81), 20 (91)]";3828
TABÚ;50;4;15857;12.0;10;"Maquina 1: [33 (1), 28 (49), 40 (12), 17 (35), 30 (22), 22 (72), 39 (53), 38 (67), 41 (60), 23 (57), 19 (88), 27 (76), 47 (92)]";4254;"Maquina 2: [10 (40), 49 (13), 3 (28), 46 (30), 12 (44), 48 (32), 11 (45), 5 (56), 42 (60), 14 (66), 16 (81), 32 (90)]";3504;"Maquina 3: [31 (7), 21 (19), 43 (52), 9 (20), 36 (40), 26 (37), 35 (54), 24 (51), 45 (72), 34 (59), 4 (79), 18 (99), 20 (91)]";4308;"Maquina 4: [8 (14), 1 (29), 15 (29), 2 (36), 7 (56), 29 (51), 44 (60), 37 (49), 25 (64), 13 (46), 6 (81), 0 (97)]";3791
VNS;50;4;15886;762.0;10;"Maquina 1: [33 (1), 3 (28), 8 (14), 48 (32), 11 (45), 10 (40), 35 (54), 24 (51), 45 (72), 34 (59), 25 (64), 16 (81), 47 (92)]";3911;"Maquina 2: [31 (7), 21 (19), 36 (40), 43 (52), 17 (35), 38 (67), 28 (49), 42 (60), 32 (90), 7 (56), 4 (79), 18 (99)]";3800;"Maquina 3: [40 (12), 9 (20), 1 (29), 13 (46), 26 (37), 27 (76), 15 (29), 29 (51), 14 (66), 5 (56), 41 (60), 19 (88), 0 (97)]";4264;"Maquina 4: [46 (30), 30 (22), 49 (13), 2 (36), 12 (44), 37 (49), 39 (53), 44 (60), 22 (72), 23 (57), 6 (81), 20 (91)]";3911
Multiarranque;50;4;15812;31.0;10;"Maquina 1: [40 (12), 8 (14), 24 (51), 48 (32), 2 (36), 30 (22), 22 (72), 35 (54), 9 (20), 29 (51), 23 (57), 47 (92), 27 (76)]";3756;"Maquina 2: [33 (1), 3 (28), 21 (19), 10 (40), 49 (13), 17 (35), 6 (81), 39 (53), 34 (59), 14 (66), 42 (60), 4 (79), 0 (97)]";3823;"Maquina 3: [15 (29), 31 (7), 12 (44), 26 (37), 36 (40), 46 (30), 44 (60), 43 (52), 11 (45), 5 (56), 25 (64), 45 (72), 18 (99)]";4112;"Maquina 4: [1 (29), 13 (46), 38 (67), 7 (56), 37 (49), 28 (49), 41 (60), 19 (88), 32 (90), 20 (91), 16 (81)]";4121
GREEDY;50;4;18125;0.0;1;"Maquina 1: [17 (1), 42 (3), 7 (42), 46 (34), 29 (12), 11 (36), 32 (53), 19 (73), 45 (62), 9 (87), 37 (91), 27 (79), 1 (97)]";4989;"Maquina 2: [13 (5), 21 (2), 48 (41), 8 (56), 2 (29), 40 (18), 30 (48), 49 (58), 15 (72), 0 (86), 22 (79), 44 (96), 31 (90)]";4661;"Maquina 3: [34 (41), 5 (3), 16 (12), 26 (24), 12 (35), 36 (46), 6 (56), 23 (76), 25 (70), 20 (80), 33 (88), 38 (91)]";4117;"Maquina 4: [39 (3), 3 (39), 18 (12), 4 (61), 10 (25), 28 (50), 47 (43), 41 (76), 24 (71), 35 (89), 14 (95), 43 (80)]";4358
GRASP;50;4;16735;28.0;10;"Maquina 1: [39 (3), 16 (12), 21 (2), 4 (61), 10 (25), 32 (53), 43 (80), 36 (46), 31 (90), 15 (72), 0 (86), 37 (91)]";3714;"Maquina 2: [26 (24), 29 (12), 42 (3), 2 (29), 30 (48), 28 (50), 35 (89), 38 (91), 11 (36), 41 (76), 20 (80), 25 (70), 33 (88)]";4505;"Maquina 3: [17 (1), 13 (5), 24 (71), 12 (35), 5 (3), 7 (42), 48 (41), 27 (79), 3 (39), 45 (62), 14 (95), 44 (96), 23 (76)]";4313;"Maquina 4: [47 (43), 46 (34), 34 (41), 40 (18), 18 (12), 8 (56), 1 (97), 19 (73), 6 (56), 49 (58), 22 (79), 9 (87)]";4203
LNS;50;4;18023;2.0;10;"Maquina 1: [29 (12), 42 (3), 7 (42), 46 (34), 17 (1), 11 (36), 32 (53), 19 (73), 45 (62), 9 (87), 37 (91), 27 (79), 1 (97)]";4895;"Maquina 2: [13 (5), 21 (2), 48 (41), 8 (56), 2 (29), 40 (18), 30 (48), 49 (58), 15 (72), 22 (79), 0 (86), 44 (96), 31 (90)]";4653;"Maquina 3: [34 (41), 5 (3), 16 (12), 26 (24), 12 (35), 36 (46), 6 (56), 23 (76), 25 (70), 20 (80), 33 (88), 38 (91)]";4117;"Maquina 4: [39 (3), 3 (39), 18 (12), 4 (61), 10 (25), 28 (50), 47 (43), 41 (76), 24 (71), 35 (89), 14 (95), 43 (80)]";4358
TABÚ;50;4;16377;11.0;10;"Maquina 1: [17 (1), 16 (12), 26 (24), 10 (25), 28 (50), 20 (80), 11 (36), 41 (76), 4 (61), 46 (34), 31 (90), 37 (91), 9 (87)]";4429;"Maquina 2: [29 (12), 34 (41), 5 (3), 2 (29), 30 (48), 3 (39), 33 (88), 49 (58), 22 (79), 1 (97), 19 (73), 6 (56)]";3874;"Maquina 3: [40 (18), 18 (12), 42 (3), 12 (35), 7 (42), 36 (46), 14 (95), 32 (53), 25 (70), 23 (76), 43 (80), 27 (79), 44 (96)]";4639;"Maquina 4: [13 (5), 21 (2), 8 (56), 39 (3), 47 (43), 45 (62), 48 (41), 24 (71), 15 (72), 0 (86), 35 (89), 38 (91)]";3435
VNS;50;4;17397;655.0;10;"Maquina 1: [17 (1), 42 (3), 7 (42), 46 (34), 11 (36), 32 (53), 19 (73), 45 (62), 9 (87), 37 (91), 27 (79), 1 (97)]";4219;"Maquina 2: [39 (3), 21 (2), 48 (41), 8 (56), 2 (29), 40 (18), 30 (48), 49 (58), 15 (72), 0 (86), 22 (79), 44 (96), 31 (90)]";4671;"Maquina 3: [29 (12), 34 (41), 5 (3), 16 (12), 26 (24), 12 (35), 36 (46), 6 (56), 23 (76), 25 (70), 20 (80), 33 (88), 38 (91)]";4345;"Maquina 4: [13 (5), 3 (39), 18 (12), 4 (61), 10 (25), 28 (50), 47 (43), 41 (76), 24 (71), 35 (89), 14 (95), 43 (80)]";4162
Multiarranque;50;4;17446;30.0;10;"Maquina 1: [29 (12), 42 (3), 49 (58), 2 (29), 47 (43), 27 (79), 25 (70), 23 (76), 41 (76), 33 (88), 15 (72), 14 (95)]";4433;"Maquina 2: [26 (24), 40 (18), 30 (48), 18 (12), 36 (46), 24 (71), 7 (42), 6 (56), 1 (97), 35 (89), 19 (73), 0 (86)]";4592;"Maquina 3: [12 (35), 48 (41), 13 (5), 8 (56), 46 (34), 43 (80), 31 (90), 32 (53), 4 (61), 10 (25), 9 (87), 44 (96)]";4455;"Maquina 4: [17 (1), 39 (3), 16 (12), 21 (2), 11 (36), 5 (3), 3 (39), 45 (62), 38 (91), 34 (41), 22 (79), 28 (50), 37 (91), 20 (80)]";3966
GREEDY;50;4;19859;0.0;1;"Maquina 1: [3 (6), 6 (59), 40 (21), 22 (29), 46 (42), 49 (16), 23 (46), 20 (73), 27 (87), 14 (54), 18 (64), 5 (82), 21 (94)]";5146;"Maquina 2: [26 (25), 8 (17), 19 (29), 15 (39), 41 (57), 9 (62), 37 (8), 0 (92), 42 (71), 36 (47), 35 (83), 47 (94), 4 (80)]";5472;"Maquina 3: [29 (17), 44 (10), 24 (47), 28 (36), 34 (24), 12 (28), 33 (59), 25 (57), 17 (67), 13 (75), 2 (83), 39 (91)]";4479;"Maquina 4: [11 (25), 48 (17), 10 (29), 45 (39), 1 (14), 38 (61), 30 (93), 32 (57), 7 (81), 43 (46), 31 (70), 16 (85)]";4762
GRASP;50;4;17411;29.0;10;"Maquina 1: [22 (29), 26 (25), 15 (39), 40 (21), 38 (61), 23 (46), 29 (17), 46 (42), 2 (83), 7 (81), 39 (91), 21 (94)]";3979;"Maquina 2: [48 (17), 12 (28), 36 (47), 1 (14), 17 (67), 44 (10), 0 (92), 33 (59), 25 (57), 9 (62), 30 (93), 5 (82), 20 (73)]";4846;"Maquina 3: [8 (17), 49 (16), 11 (25), 10 (29), 45 (39), 24 (47), 13 (75), 4 (80), 6 (59), 32 (57), 35 (83), 27 (87)]";4127;"Maquina 4: [37 (8), 43 (46), 3 (6), 19 (29), 41 (57), 34 (24), 14 (54), 28 (36), 18 (64), 31 (70), 16 (85), 42 (71), 47 (94)]";4459
LNS;50;4;19795;2.0;10;"Maquina 1: [3 (6), 6 (59), 40 (21), 22 (29), 46 (42), 49 (16), 23 (46), 20 (73), 27 (87), 14 (54), 18 (64), 5 (82), 21 (94)]";5146;"Maquina 2: [26 (25), 8 (17), 19 (29), 15 (39), 41 (57), 9 (62), 37 (8), 0 (92), 42 (71), 36 (47), 35 (83), 47 (94), 4 (80)]";5472;"Maquina 3: [29 (17), 33 (59), 24 (47), 28 (36), 34 (24), 12 (28), 44 (10), 25 (57), 17 (67), 13 (75), 2 (83), 39 (91)]";4415;"Maquina 4: [11 (25), 48 (17), 10 (29), 45 (39), 1 (14), 38 (61), 30 (93), 32 (57), 7 (81), 43 (46), 31 (70), 16 (85)]";4762
TABÚ;50;4;17162;12.0;10;"Maquina 1: [37 (8), 43 (46), 3 (6), 6 (59), 34 (24), 7 (81), 46 (42), 4 (80), 22 (29), 21 (94), 18 (64), 31 (70)]";3868;"Maquina 2: [1 (14), 44 (10), 24 (47), 28 (36), 14 (54), 20 (73), 19 (29), 11 (25), 33 (59), 32 (57), 2 (83), 0 (92), 27 (87)]";4637;"Maquina 3: [40 (21), 48 (17), 36 (47), 12 (28), 26 (25), 15 (39), 23 (46), 16 (85), 5 (82), 13 (75), 35 (83), 38 (61), 47 (94)]";4585;"Maquina 4: [29 (17), 8 (17), 49 (16), 25 (57), 45 (39), 42 (71), 17 (67), 41 (57), 10 (29), 39 (91), 9 (62), 30 (93)]";4072
VNS;50;4;19127;683.0;10;"Maquina 1: [3 (6), 6 (59), 40 (21), 22 (29), 46 (42), 49 (16), 23 (46), 20 (73), 27 (87), 14 (54), 18 (64), 5 (82), 21 (94)]";5146;"Maquina 2: [29 (17), 8 (17), 19 (29), 15 (39), 41 (57), 9 (62), 37 (8), 0 (92), 42 (71), 36 (47), 35 (83), 47 (94), 4 (80)]";5128;"Maquina 3: [26 (25), 44 (10), 24 (47), 28 (36), 34 (24), 12 (28), 33 (59), 25 (57), 17 (67), 13 (75), 2 (83), 39 (91)]";4091;"Maquina 4: [11 (25), 48 (17), 10 (29), 45 (39), 1 (14), 38 (61), 30 (93), 32 (57), 7 (81), 43 (46), 31 (70), 16 (85)]";4762
Multiarranque;50;4;17867;34.0;10;"Maquina 1: [48 (17), 36 (47), 1 (14), 46 (42), 14 (54), 18 (64), 33 (59), 32 (57), 27 (87), 2 (83), 38 (61), 13 (75), 21 (94)]";5254;"Maquina 2: [40 (21), 34 (24), 12 (28), 26 (25), 25 (57), 10 (29), 31 (70), 37 (8), 4 (80), 24 (47), 30 (93), 35 (83), 47 (94)]";4413;"Maquina 3: [29 (17), 11 (25), 45 (39), 6 (59), 43 (46), 3 (6), 28 (36), 9 (62), 5 (82), 22 (29), 16 (85), 39 (91)]";4117;"Maquina 4: [44 (10), 8 (17), 49 (16), 7 (81), 19 (29), 42 (71), 15 (39), 23 (46), 17 (67), 41 (57), 0 (92), 20 (73)]";4083
GREEDY;50;4;18855;0.0;1;"Maquina 1: [4 (28), 36 (13), 25 (54), 32 (1), 20 (95), 33 (38), 14 (56), 42 (47), 23 (30), 46 (77), 37 (67), 43 (85)]";4459;"Maquina 2: [15 (48), 31 (37), 18 (4), 21 (29), 2 (47), 35 (24), 1 (18), 39 (58), 40 (64), 45 (75), 19 (85), 30 (91)]";4378;"Maquina 3: [34 (20), 28 (31), 26 (4), 49 (32), 10 (29), 6 (83), 17 (43), 8 (55), 3 (60), 44 (74), 29 (99), 11 (48), 27 (91)]";5168;"Maquina 4: [5 (44), 24 (22), 7 (5), 12 (62), 48 (24), 13 (30), 16 (70), 41 (34), 9 (59), 38 (52), 22 (79), 47 (96), 0 (89)]";4850
GRASP;50;4;18002;29.0;10;"Maquina 1: [4 (28), 36 (13), 48 (24), 33 (38), 3 (60), 30 (91), 21 (29), 37 (67), 46 (77), 10 (29), 38 (52), 47 (96)]";4387;"Maquina 2: [5 (44), 18 (4), 24 (22), 35 (24), 31 (37), 13 (30), 25 (54), 11 (48), 16 (70), 14 (56), 0 (89), 27 (91), 22 (79)]";4351;"Maquina 3: [49 (32), 7 (5), 26 (4), 6 (83), 41 (34), 12 (62), 39 (58), 40 (64), 45 (75), 19 (85), 15 (48), 2 (47)]";4607;"Maquina 4: [32 (1), 34 (20), 9 (59), 28 (31), 23 (30), 8 (55), 44 (74), 17 (43), 1 (18), 42 (47), 43 (85), 20 (95), 29 (99)]";4657
LNS;50;4;18607;2.0;10;"Maquina 1: [4 (28), 36 (13), 25 (54), 32 (1), 20 (95), 33 (38), 14 (56), 42 (47), 23 (30), 46 (77), 37 (67), 43 (85)]";4459;"Maquina 2: [15 (48), 31 (37), 18 (4), 1 (18), 2 (47), 35 (24), 21 (29), 45 (75), 40 (64), 39 (58), 19 (85), 30 (91)]";4130;"Maquina 3: [34 (20), 28 (31), 26 (4), 49 (32), 10 (29), 6 (83), 17 (43), 8 (55), 3 (60), 44 (74), 29 (99), 11 (48), 27 (91)]";5168;"Maquina 4: [5 (44), 24 (22), 7 (5), 12 (62), 48 (24), 13 (30), 16 (70), 41 (34), 9 (59), 38 (52), 22 (79), 47 (96), 0 (89)]";4850
TABÚ;50;4;18239;12.0;10;"Maquina 1: [26 (4), 4 (28), 49 (32), 7 (5), 2 (47), 47 (96), 32 (1), 40 (64), 28 (31), 44 (74), 38 (52), 45 (75), 30 (91)]";4526;"Maquina 2: [34 (20), 18 (4), 8 (55), 23 (30), 21 (29), 5 (44), 16 (70), 42 (47), 11 (48), 0 (89), 27 (91), 20 (95)]";3919;"Maquina 3: [1 (18), 48 (24), 13 (30), 33 (38), 6 (83), 36 (13), 31 (37), 41 (34), 9 (59), 3 (60), 39 (58), 22 (79), 19 (85)]";4871;"Maquina 4: [14 (56), 10 (29), 35 (24), 15 (48), 25 (54), 29 (99), 24 (22), 43 (85), 12 (62), 17 (43), 37 (67), 46 (77)]";4923
VNS;50;4;18341;511.0;10;"Maquina 1: [4 (28), 36 (13), 25 (54), 21 (29), 20 (95), 33 (38), 14 (56), 42 (47), 23 (30), 46 (77), 37 (67), 43 (85)]";4663;"Maquina 2: [15 (48), 31 (37), 18 (4), 32 (1), 2 (47), 35 (24), 1 (18), 3 (60), 44 (74), 39 (58), 40 (64), 45 (75), 19 (85), 30 (91)]";5354;"Maquina 3: [34 (20), 28 (31), 26 (4), 49 (32), 10 (29), 6 (83), 17 (43), 8 (55), 29 (99), 11 (48), 27 (91)]";3474;"Maquina 4: [5 (44), 24 (22), 7 (5), 12 (62), 48 (24), 13 (30), 16 (70), 41 (34), 9 (59), 38 (52), 22 (79), 47 (96), 0 (89)]";4850
Multiarranque;50;4;18236;33.0;10;"Maquina 1: [41 (34), 36 (13), 48 (24), 13 (30), 15 (48), 12 (62), 23 (30), 8 (55), 3 (60), 32 (1), 29 (99), 39 (58), 37 (67)]";5005;"Maquina 2: [34 (20), 33 (38), 17 (43), 1 (18), 7 (5), 26 (4), 49 (32), 6 (83), 25 (54), 20 (95), 0 (89), 45 (75), 38 (52)]";4419;"Maquina 3: [2 (47), 35 (24), 4 (28), 31 (37), 18 (4), 5 (44), 24 (22), 9 (59), 27 (91), 22 (79), 40 (64), 44 (74), 19 (85)]";4754;"Maquina 4: [46 (77), 21 (29), 14 (56), 10 (29), 28 (31), 16 (70), 42 (47), 11 (48), 47 (96), 30 (91), 43 (85)]";4058
GREEDY;50;4;13432;1.0;1;"Maquina 1: [11 (1), 28 (16), 42 (8), 31 (17), 32 (58), 20 (29), 7 (33), 21 (25), 15 (77), 25 (72), 0 (69), 5 (48), 23 (84)]";3199;"Maquina 2: [47 (8), 6 (2), 35 (12), 36 (26), 14 (23), 24 (31), 44 (43), 12 (54), 29 (70), 18 (82), 8 (68), 26 (97), 9 (77)]";3502;"Maquina 3: [30 (9), 45 (6), 1 (17), 33 (25), 41 (39), 19 (62), 10 (30), 46 (69), 38 (53), 17 (97), 43 (75), 22 (79)]";3371;"Maquina 4: [48 (9), 2 (7), 3 (14), 49 (30), 16 (24), 34 (32), 13 (50), 4 (74), 40 (60), 27 (77), 39 (90), 37 (69)]";3360
GRASP;50;4;12573;29.0;10;"Maquina 1: [45 (6), 48 (9), 33 (25), 28 (16), 38 (53), 19 (62), 21 (25), 18 (82), 8 (68), 0 (69), 37 (69), 22 (79)]";3098;"Maquina 2: [11 (1), 2 (7), 6 (2), 31 (17), 49 (30), 36 (26), 24 (31), 41 (39), 29 (70), 40 (60), 43 (75), 9 (77), 23 (84)]";2840;"Maquina 3: [14 (23), 47 (8), 42 (8), 12 (54), 16 (24), 10 (30), 5 (48), 7 (33), 32 (58), 4 (74), 17 (97), 15 (77)]";3134;"Maquina 4: [30 (9), 35 (12), 3 (14), 1 (17), 44 (43), 27 (77), 34 (32), 13 (50), 25 (72), 20 (29), 39 (90), 46 (69), 26 (97)]";3501
LNS;50;4;13155;2.0;10;"Maquina 1: [11 (1), 28 (16), 42 (8), 31 (17), 32 (58), 20 (29), 7 (33), 21 (25), 15 (77), 25 (72), 5 (48), 0 (69), 23 (84)]";3180;"Maquina 2: [47 (8), 6 (2), 35 (12), 36 (26), 14 (23), 24 (31), 44 (43), 12 (54), 29 (70), 18 (82), 8 (68), 26 (97), 9 (77)]";3502;"Maquina 3: [10 (30), 45 (6), 41 (39), 1 (17), 30 (9), 19 (62), 33 (25), 46 (69), 38 (53), 17 (97), 43 (75), 22 (79)]";3256;"Maquina 4: [16 (24), 2 (7), 48 (9), 34 (32), 3 (14), 49 (30), 13 (50), 4 (74), 40 (60), 27 (77), 39 (90), 37 (69)]";3217
TABÚ;50;4;12841;13.0;10;"Maquina 1: [47 (8), 6 (2), 1 (17), 30 (9), 32 (58), 13 (50), 21 (25), 25 (72), 5 (48), 37 (69), 22 (79), 43 (75)]";2938;"Maquina 2: [31 (17), 28 (16), 42 (8), 45 (6), 7 (33), 10 (30), 46 (69), 38 (53), 27 (77), 29 (70), 17 (97), 15 (77)]";2947;"Maquina 3: [11 (1), 2 (7), 35 (12), 33 (25), 3 (14), 20 (29), 12 (54), 16 (24), 41 (39), 0 (69), 4 (74), 8 (68), 39 (90)]";2839;"Maquina 4: [48 (9), 49 (30), 36 (26), 14 (23), 24 (31), 44 (43), 40 (60), 34 (32), 19 (62), 18 (82), 23 (84), 26 (97), 9 (77)]";4117
VNS;50;4;13138;772.0;10;"Maquina 1: [11 (1), 28 (16), 42 (8), 31 (17), 32 (58), 20 (29), 7 (33), 21 (25), 15 (77), 25 (72), 0 (69), 5 (48), 23 (84)]";3199;"Maquina 2: [47 (8), 45 (6), 6 (2), 35 (12), 36 (26), 14 (23), 24 (31), 44 (43), 12 (54), 29 (70), 18 (82), 8 (68), 26 (97), 9 (77)]";3613;"Maquina 3: [30 (9), 1 (17), 33 (25), 41 (39), 19 (62), 10 (30), 46 (69), 38 (53), 17 (97), 43 (75), 22 (79)]";2966;"Maquina 4: [48 (9), 2 (7), 3 (14), 49 (30), 16 (24), 34 (32), 13 (50), 4 (74), 40 (60), 27 (77), 39 (90), 37 (69)]";3360
Multiarranque;50;4;13338;32.0;10;"Maquina 1: [14 (23), 34 (32), 49 (30), 10 (30), 5 (48), 35 (12), 43 (75), 37 (69), 32 (58), 4 (74), 15 (77), 22 (79)]";3909;"Maquina 2: [2 (7), 11 (1), 31 (17), 30 (9), 45 (6), 20 (29), 40 (60), 44 (43), 13 (50), 41 (39), 27 (77), 29 (70), 9 (77), 0 (69)]";3427;"Maquina 3: [6 (2), 48 (9), 33 (25), 47 (8), 12 (54), 16 (24), 19 (62), 18 (82), 26 (97), 17 (97), 23 (84)]";2860;"Maquina 4: [42 (8), 21 (25), 3 (14), 36 (26), 28 (16), 1 (17), 24 (31), 7 (33), 8 (68), 46 (69), 38 (53), 25 (72), 39 (90)]";3142
GREEDY;50;4;20048;0.0;1;"Maquina 1: [6 (2), 15 (43), 38 (42), 9 (24), 21 (45), 44 (61), 30 (33), 1 (72), 35 (48), 25 (93), 3 (57), 16 (68), 24 (80)]";4658;"Maquina 2: [41 (32), 22 (2), 33 (76), 14 (25), 20 (51), 13 (43), 27 (38), 37 (56), 0 (72), 29 (60), 23 (67), 47 (88), 17 (96)]";5247;"Maquina 3: [32 (7), 4 (41), 46 (61), 36 (80), 42 (33), 48 (49), 2 (28), 12 (44), 40 (70), 5 (58), 45 (73), 11 (95)]";4736;"Maquina 4: [8 (43), 10 (31), 7 (48), 28 (16), 34 (59), 31 (36), 19 (71), 39 (96), 43 (90), 49 (62), 18 (55), 26 (76)]";5407
GRASP;50;4;18867;28.0;10;"Maquina 1: [30 (33), 22 (2), 15 (43), 7 (48), 32 (7), 35 (48), 45 (73), 8 (43), 16 (68), 44 (61), 40 (70), 19 (71), 46 (61)]";4849;"Maquina 2: [6 (2), 0 (72), 28 (16), 34 (59), 21 (45), 18 (55), 27 (38), 37 (56), 5 (58), 24 (80), 17 (96), 47 (88), 26 (76)]";4838;"Maquina 3: [2 (28), 9 (24), 3 (57), 10 (31), 38 (42), 42 (33), 31 (36), 29 (60), 23 (67), 36 (80), 33 (76), 11 (95)]";4311;"Maquina 4: [14 (25), 12 (44), 41 (32), 4 (41), 25 (93), 48 (49), 13 (43), 20 (51), 49 (62), 1 (72), 39 (96), 43 (90)]";4869
LNS;50;4;20027;2.0;10;"Maquina 1: [6 (2), 15 (43), 38 (42), 9 (24), 21 (45), 44 (61), 30 (33), 1 (72), 35 (48), 25 (93), 3 (57), 16 (68), 24 (80)]";4658;"Maquina 2: [41 (32), 22 (2), 33 (76), 14 (25), 20 (51), 13 (43), 27 (38), 37 (56), 0 (72), 29 (60), 23 (67), 47 (88), 17 (96)]";5247;"Maquina 3: [32 (7), 4 (41), 46 (61), 36 (80), 42 (33), 48 (49), 2 (28), 12 (44), 40 (70), 5 (58), 45 (73), 11 (95)]";4736;"Maquina 4: [8 (43), 10 (31), 7 (48), 28 (16), 34 (59), 31 (36), 19 (71), 39 (96), 18 (55), 49 (62), 43 (90), 26 (76)]";5386
TABÚ;50;4;19486;12.0;10;"Maquina 1: [2 (28), 6 (2), 0 (72), 28 (16), 38 (42), 19 (71), 35 (48), 5 (58), 45 (73), 3 (57), 16 (68), 17 (96), 36 (80)]";4729;"Maquina 2: [7 (48), 32 (7), 41 (32), 29 (60), 23 (67), 21 (45), 46 (61), 42 (33), 26 (76), 40 (70), 24 (80), 47 (88)]";4496;"Maquina 3: [8 (43), 14 (25), 12 (44), 9 (24), 18 (55), 20 (51), 27 (38), 33 (76), 30 (33), 39 (96), 44 (61), 13 (43), 25 (93)]";5373;"Maquina 4: [34 (59), 22 (2), 15 (43), 10 (31), 48 (49), 31 (36), 4 (41), 37 (56), 1 (72), 49 (62), 43 (90), 11 (95)]";4888
VNS;50;4;19504;861.0;10;"Maquina 1: [6 (2), 15 (43), 38 (42), 9 (24), 18 (55), 21 (45), 44 (61), 30 (33), 1 (72), 35 (48), 25 (93), 3 (57), 16 (68), 24 (80)]";5551;"Maquina 2: [22 (2), 33 (76), 14 (25), 20 (51), 13 (43), 27 (38), 37 (56), 0 (72), 29 (60), 23 (67), 47 (88), 17 (96)]";4663;"Maquina 3: [32 (7), 41 (32), 4 (41), 46 (61), 36 (80), 42 (33), 48 (49), 2 (28), 12 (44), 40 (70), 5 (58), 45 (73), 11 (95)]";4854;"Maquina 4: [8 (43), 10 (31), 7 (48), 28 (16), 34 (59), 31 (36), 19 (71), 39 (96), 43 (90), 49 (62), 26 (76)]";4436
Multiarranque;50;4;20130;30.0;10;"Maquina 1: [6 (2), 27 (38), 37 (56), 28 (16), 48 (49), 15 (43), 29 (60), 20 (51), 13 (43), 10 (31), 25 (93), 16 (68), 38 (42)]";4686;"Maquina 2: [22 (2), 42 (33), 31 (36), 2 (28), 24 (80), 7 (48), 49 (62), 1 (72), 33 (76), 19 (71), 39 (96), 45 (73)]";4620;"Maquina 3: [8 (43), 14 (25), 12 (44), 41 (32), 5 (58), 46 (61), 18 (55), 44 (61), 40 (70), 11 (95), 23 (67), 0 (72)]";5307;"Maquina 4: [9 (24), 21 (45), 30 (33), 4 (41), 17 (96), 32 (7), 35 (48), 47 (88), 3 (57), 36 (80), 26 (76), 34 (59), 43 (90)]";5517
GREEDY;50;4;17968;0.0;1;"Maquina 1: [47 (2), 7 (15), 1 (38), 20 (24), 11 (70), 41 (49), 27 (81), 34 (61), 22 (58), 21 (74), 14 (88), 30 (91), 46 (97)]";4876;"Maquina 2: [25 (4), 38 (15), 23 (51), 28 (75), 39 (21), 13 (59), 42 (62), 37 (72), 16 (41), 3 (92), 12 (84), 8 (89)]";4249;"Maquina 3: [17 (17), 10 (7), 15 (30), 48 (60), 29 (24), 26 (94), 5 (44), 32 (57), 2 (73), 4 (68), 18 (87), 19 (80), 24 (91)]";4438;"Maquina 4: [45 (8), 43 (17), 33 (42), 9 (53), 6 (74), 44 (76), 0 (27), 31 (59), 35 (84), 36 (65), 49 (92), 40 (90)]";4405
GRASP;50;4;16357;28.0;10;"Maquina 1: [47 (2), 43 (17), 11 (70), 1 (38), 48 (60), 44 (76), 9 (53), 6 (74), 19 (80), 27 (81), 49 (92), 30 (91)]";4085;"Maquina 2: [45 (8), 17 (17), 36 (65), 33 (42), 20 (24), 37 (72), 5 (44), 32 (57), 42 (62), 3 (92), 12 (84), 18 (87), 8 (89)]";4493;"Maquina 3: [25 (4), 15 (30), 7 (15), 10 (7), 23 (51), 41 (49), 4 (68), 34 (61), 13 (59), 31 (59), 28 (75), 26 (94), 24 (91)]";3896;"Maquina 4: [39 (21), 29 (24), 16 (41), 0 (27), 38 (15), 21 (74), 14 (88), 2 (73), 22 (58), 46 (97), 40 (90), 35 (84)]";3883
LNS;50;4;17968;2.0;10;"Maquina 1: [47 (2), 7 (15), 1 (38), 20 (24), 11 (70), 41 (49), 27 (81), 34 (61), 22 (58), 21 (74), 14 (88), 30 (91), 46 (97)]";4876;"Maquina 2: [25 (4), 38 (15), 23 (51), 28 (75), 39 (21), 13 (59), 42 (62), 37 (72), 16 (41), 3 (92), 12 (84), 8 (89)]";4249;"Maquina 3: [17 (17), 10 (7), 15 (30), 48 (60), 29 (24), 26 (94), 5 (44), 32 (57), 2 (73), 4 (68), 18 (87), 19 (80), 24 (91)]";4438;"Maquina 4: [45 (8), 43 (17), 33 (42), 9 (53), 6 (74), 44 (76), 0 (27), 31 (59), 35 (84), 36 (65), 49 (92), 40 (90)]";4405
TABÚ;50;4;16908;10.0;10;"Maquina 1: [47 (2), 25 (4), 16 (41), 20 (24), 31 (59), 46 (97), 41 (49), 40 (90), 28 (75), 32 (57), 24 (91), 14 (88), 27 (81)]";4538;"Maquina 2: [45 (8), 42 (62), 17 (17), 5 (44), 15 (30), 48 (60), 29 (24), 9 (53), 4 (68), 21 (74), 18 (87), 30 (91), 26 (94)]";4566;"Maquina 3: [7 (15), 10 (7), 38 (15), 23 (51), 0 (27), 11 (70), 34 (61), 44 (76), 22 (58), 12 (84), 49 (92), 8 (89)]";3669;"Maquina 4: [39 (21), 13 (59), 1 (38), 43 (17), 33 (42), 37 (72), 36 (65), 6 (74), 19 (80), 2 (73), 35 (84), 3 (92)]";4135
VNS;50;4;17593;670.0;10;"Maquina 1: [45 (8), 7 (15), 1 (38), 20 (24), 11 (70), 41 (49), 27 (81), 34 (61), 22 (58), 21 (74), 14 (88), 30 (91), 46 (97)]";4870;"Maquina 2: [25 (4), 38 (15), 23 (51), 28 (75), 39 (21), 13 (59), 42 (62), 37 (72), 16 (41), 3 (92), 12 (84), 8 (89)]";4249;"Maquina 3: [17 (17), 10 (7), 15 (30), 48 (60), 29 (24), 26 (94), 5 (44), 32 (57), 2 (73), 4 (68), 18 (87), 19 (80), 24 (91)]";4438;"Maquina 4: [47 (2), 43 (17), 33 (42), 9 (53), 6 (74), 44 (76), 0 (27), 31 (59), 35 (84), 36 (65), 49 (92), 40 (90)]";4036
Multiarranque;50;4;17116;33.0;10;"Maquina 1: [47 (2), 29 (24), 23 (51), 7 (15), 1 (38), 22 (58), 6 (74), 42 (62), 3 (92), 36 (65), 8 (89), 12 (84), 46 (97)]";4816;"Maquina 2: [25 (4), 17 (17), 5 (44), 31 (59), 20 (24), 11 (70), 0 (27), 32 (57), 27 (81), 30 (91), 21 (74), 18 (87), 24 (91)]";4488;"Maquina 3: [38 (15), 10 (7), 15 (30), 41 (49), 4 (68), 16 (41), 48 (60), 44 (76), 2 (73), 35 (84), 49 (92), 40 (90)]";3799;"Maquina 4: [45 (8), 39 (21), 43 (17), 33 (42), 9 (53), 13 (59), 28 (75), 26 (94), 34 (61), 19 (80), 14 (88), 37 (72)]";4013
GREEDY;50;4;20734;0.0;1;"Maquina 1: [3 (2), 29 (48), 47 (57), 43 (28), 39 (19), 11 (39), 33 (65), 5 (71), 48 (52), 15 (91), 44 (80), 17 (93)]";4802;"Maquina 2: [34 (9), 6 (21), 36 (35), 2 (32), 9 (87), 46 (44), 30 (54), 19 (52), 38 (69), 24 (64), 4 (75), 26 (97), 42 (91)]";5397;"Maquina 3: [40 (36), 7 (21), 49 (11), 21 (32), 45 (91), 22 (47), 35 (50), 41 (53), 14 (89), 20 (99), 31 (60), 37 (67), 28 (75)]";5413;"Maquina 4: [8 (26), 1 (35), 32 (14), 0 (96), 25 (50), 18 (60), 12 (41), 16 (66), 23 (53), 13 (71), 10 (85), 27 (91)]";5122
GRASP;50;4;19150;29.0;10;"Maquina 1: [40 (36), 3 (2), 12 (41), 24 (64), 30 (54), 6 (21), 13 (71), 16 (66), 11 (39), 4 (75), 17 (93), 26 (97), 15 (91)]";5248;"Maquina 2: [34 (9), 22 (47), 8 (26), 19 (52), 20 (99), 2 (32), 9 (87), 28 (75), 41 (53), 5 (71), 27 (91), 0 (96)]";4687;"Maquina 3: [21 (32), 39 (19), 49 (11), 44 (80), 46 (44), 29 (48), 48 (52), 18 (60), 31 (60), 45 (91), 14 (89), 23 (53)]";4342;"Maquina 4: [32 (14), 36 (35), 7 (21), 47 (57), 43 (28), 1 (35), 42 (91), 33 (65), 25 (50), 37 (67), 35 (50), 38 (69), 10 (85)]";4873
LNS;50;4;20584;2.0;10;"Maquina 1: [3 (2), 29 (48), 47 (57), 43 (28), 39 (19), 11 (39), 33 (65), 44 (80), 48 (52), 15 (91), 5 (71), 17 (93)]";4756;"Maquina 2: [34 (9), 6 (21), 36 (35), 2 (32), 9 (87), 46 (44), 30 (54), 19 (52), 38 (69), 24 (64), 4 (75), 26 (97), 42 (91)]";5397;"Maquina 3: [40 (36), 7 (21), 49 (11), 21 (32), 45 (91), 22 (47), 35 (50), 41 (53), 14 (89), 37 (67), 31 (60), 20 (99), 28 (75)]";5309;"Maquina 4: [8 (26), 1 (35), 32 (14), 0 (96), 25 (50), 18 (60), 12 (41), 16 (66), 23 (53), 13 (71), 10 (85), 27 (91)]";5122
TABÚ;50;4;19686;11.0;10;"Maquina 1: [29 (48), 49 (11), 1 (35), 21 (32), 39 (19), 41 (53), 33 (65), 14 (89), 5 (71), 48 (52), 13 (71), 27 (91), 20 (99)]";5026;"Maquina 2: [22 (47), 7 (21), 3 (2), 12 (41), 9 (87), 2 (32), 40 (36), 23 (53), 31 (60), 37 (67), 10 (85), 0 (96)]";4506;"Maquina 3: [34 (9), 43 (28), 30 (54), 6 (21), 11 (39), 38 (69), 28 (75), 25 (50), 42 (91), 16 (66), 45 (91), 24 (64)]";4711;"Maquina 4: [8 (26), 19 (52), 32 (14), 36 (35), 46 (44), 18 (60), 35 (50), 47 (57), 4 (75), 17 (93), 26 (97), 15 (91), 44 (80)]";5443
VNS;50;4;20406;729.0;10;"Maquina 1: [3 (2), 47 (57), 43 (28), 39 (19), 11 (39), 33 (65), 5 (71), 48 (52), 15 (91), 44 (80), 17 (93)]";4048;"Maquina 2: [34 (9), 6 (21), 36 (35), 2 (32), 9 (87), 46 (44), 30 (54), 19 (52), 38 (69), 24 (64), 4 (75), 26 (97), 42 (91)]";5397;"Maquina 3: [40 (36), 7 (21), 29 (48), 49 (11), 21 (32), 45 (91), 22 (47), 35 (50), 41 (53), 14 (89), 20 (99), 31 (60), 37 (67), 28 (75)]";5839;"Maquina 4: [8 (26), 1 (35), 32 (14), 0 (96), 25 (50), 18 (60), 12 (41), 16 (66), 23 (53), 13 (71), 10 (85), 27 (91)]";5122
Multiarranque;50;4;18972;32.0;10;"Maquina 1: [8 (26), 41 (53), 35 (50), 19 (52), 12 (41), 4 (75), 26 (97), 44 (80), 14 (89), 0 (96), 10 (85)]";4761;"Maquina 2: [32 (14), 7 (21), 48 (52), 23 (53), 9 (87), 28 (75), 2 (32), 47 (57), 15 (91), 5 (71), 27 (91), 42 (91)]";4962;"Maquina 3: [49 (11), 34 (9), 40 (36), 24 (64), 36 (35), 11 (39), 46 (44), 29 (48), 16 (66), 30 (54), 13 (71), 45 (91), 20 (99)]";4327;"Maquina 4: [6 (21), 43 (28), 1 (35), 21 (32), 39 (19), 3 (2), 22 (47), 18 (60), 31 (60), 33 (65), 25 (50), 37 (67), 38 (69), 17 (93)]";4922
GREEDY;50;4;20339;0.0;1;"Maquina 1: [5 (7), 12 (13), 47 (45), 31 (20), 14 (49), 17 (57), 36 (33), 4 (83), 25 (61), 24 (71), 15 (87), 38 (93)]";4633;"Maquina 2: [43 (13), 10 (9), 29 (62), 39 (33), 3 (27), 35 (38), 1 (64), 20 (89), 2 (56), 34 (47), 23 (83), 42 (94), 22 (77)]";5300;"Maquina 3: [44 (13), 21 (44), 33 (11), 27 (34), 8 (31), 28 (48), 46 (87), 13 (83), 41 (63), 49 (56), 19 (77), 11 (94)]";4874;"Maquina 4: [16 (47), 30 (31), 45 (12), 9 (58), 0 (14), 7 (81), 6 (34), 37 (50), 32 (75), 48 (60), 40 (92), 26 (96), 18 (85)]";5532
GRASP;50;4;17831;29.0;10;"Maquina 1: [35 (38), 36 (33), 4 (83), 45 (12), 27 (34), 47 (45), 14 (49), 25 (61), 49 (56), 23 (83), 22 (77), 15 (87)]";4189;"Maquina 2: [0 (14), 28 (48), 12 (13), 10 (9), 44 (13), 37 (50), 29 (62), 3 (27), 18 (85), 41 (63), 1 (64), 42 (94), 40 (92)]";4181;"Maquina 3: [33 (11), 9 (58), 5 (7), 19 (77), 7 (81), 16 (47), 30 (31), 17 (57), 6 (34), 26 (96), 24 (71), 38 (93)]";4158;"Maquina 4: [31 (20), 39 (33), 21 (44), 34 (47), 8 (31), 43 (13), 46 (87), 48 (60), 32 (75), 2 (56), 13 (83), 20 (89), 11 (94)]";5303
LNS;50;4;20000;2.0;10;"Maquina 1: [5 (7), 12 (13), 47 (45), 31 (20), 14 (49), 17 (57), 36 (33), 4 (83), 25 (61), 24 (71), 15 (87), 38 (93)]";4633;"Maquina 2: [34 (47), 10 (9), 29 (62), 39 (33), 3 (27), 35 (38), 1 (64), 20 (89), 2 (56), 43 (13), 23 (83), 42 (94), 22 (77)]";5126;"Maquina 3: [13 (83), 21 (44), 44 (13), 27 (34), 8 (31), 28 (48), 46 (87), 33 (11), 41 (63), 49 (56), 19 (77), 11 (94)]";4739;"Maquina 4: [16 (47), 30 (31), 45 (12), 9 (58), 0 (14), 7 (81), 6 (34), 37 (50), 40 (92), 48 (60), 32 (75), 26 (96), 18 (85)]";5502
TABÚ;50;4;18139;11.0;10;"Maquina 1: [12 (13), 10 (9), 34 (47), 8 (31), 7 (81), 48 (60), 46 (87), 3 (27), 41 (63), 14 (49), 23 (83), 26 (96)]";4380;"Maquina 2: [44 (13), 45 (12), 27 (34), 21 (44), 16 (47), 30 (31), 1 (64), 25 (61), 32 (75), 2 (56), 13 (83), 20 (89), 11 (94)]";4648;"Maquina 3: [0 (14), 5 (7), 39 (33), 17 (57), 33 (11), 9 (58), 37 (50), 40 (92), 47 (45), 22 (77), 18 (85), 29 (62), 19 (77)]";4652;"Maquina 4: [35 (38), 49 (56), 36 (33), 43 (13), 6 (34), 31 (20), 15 (87), 28 (48), 24 (71), 42 (94), 38 (93), 4 (83)]";4459
VNS;50;4;19759;650.0;10;"Maquina 1: [5 (7), 12 (13), 47 (45), 31 (20), 14 (49), 17 (57), 36 (33), 4 (83), 25 (61), 24 (71), 15 (87), 38 (93)]";4633;"Maquina 2: [43 (13), 10 (9), 29 (62), 39 (33), 3 (27), 35 (38), 1 (64), 20 (89), 2 (56), 23 (83), 42 (94), 22 (77)]";4499;"Maquina 3: [44 (13), 21 (44), 45 (12), 27 (34), 8 (31), 28 (48), 46 (87), 13 (83), 41 (63), 34 (47), 49 (56), 19 (77), 11 (94)]";5296;"Maquina 4: [16 (47), 30 (31), 33 (11), 9 (58), 0 (14), 7 (81), 6 (34), 37 (50), 32 (75), 48 (60), 40 (92), 26 (96), 18 (85)]";5331
Multiarranque;50;4;18218;38.0;10;"Maquina 1: [0 (14), 35 (38), 17 (57), 47 (45), 39 (33), 28 (48), 3 (27), 41 (63), 1 (64), 7 (81), 46 (87), 40 (92)]";4371;"Maquina 2: [10 (9), 44 (13), 45 (12), 43 (13), 16 (47), 36 (33), 18 (85), 21 (44), 2 (56), 49 (56), 23 (83), 13 (83), 20 (89), 42 (94)]";5099;"Maquina 3: [5 (7), 37 (50), 34 (47), 8 (31), 30 (31), 33 (11), 26 (96), 29 (62), 25 (61), 22 (77), 48 (60), 4 (83)]";4277;"Maquina 4: [12 (13), 14 (49), 15 (87), 31 (20), 6 (34), 9 (58), 27 (34), 32 (75), 19 (77), 24 (71), 38 (93), 11 (94)]";4471
